3.798113400606732779e-03 2.389930246710526262e+04 1.005959657894736665e+04 2.161758934210525695e+04 -4.500836479999999516e+06 -3.023029242105262354e+06 -1.256862084728947282e+08 -3.800470772431578040e+08
8.299341265228576958e-03 3.980329734374999680e+04 2.556801695312499942e+04 1.203746983398437442e+04 -4.006791530000000261e+06 -1.109008590000000084e+06 -5.598882781000000238e+07 -1.218939458218750060e+08
1.293222767532251419e-02 4.560598955414014199e+04 2.417356974522293604e+04 -4.362737229299364117e+03 -2.857699619872611947e+06 -3.276847838216560194e+05 -2.418790956025477871e+07 -4.986691087337578833e+07
1.764839556552980082e-02 4.669177260273972206e+04 2.186648803082191807e+04 9.304955368150684080e+03 -2.064433262465753825e+06 -3.779260975342466845e+05 -1.168596839452054538e+07 -2.617402210849314183e+07
2.256548662787912635e-02 4.451267327032136382e+04 2.111811149338374889e+04 -9.201236467982042086e+03 -1.540296173610585975e+06 -6.115713007561436825e+04 -6.252124237429111265e+06 -1.350449038034026884e+07
2.777643688250242340e-02 4.062140107317073125e+04 2.125085556097561130e+04 6.380991506097559068e+03 -1.128924259902439080e+06 -2.131302961951220059e+05 -3.178203435707317200e+06 -8.277078156487803906e+06
3.269804980233311648e-02 3.550338496000000305e+04 1.623402820000000065e+04 -2.588607150000000274e+03 -8.130478156799998833e+05 -6.441634510000000591e+04 -1.647425853439999744e+06 -4.598924744960000739e+06
3.761648458559932462e-02 3.145727611598111980e+04 1.550537850303438972e+04 2.814280975429871432e+03 -6.199087264194200980e+05 -9.576090891436279344e+04 -8.616307622926501790e+05 -2.958764258826702833e+06
4.263843696389812976e-02 2.804497901785714566e+04 1.354352214285714581e+04 1.380178492954799140e+03 -4.798343628571428708e+05 -6.648762080357142258e+04 -4.329370771428570733e+05 -1.919467994285714114e+06
4.756514582339458480e-02 2.535094335804622460e+04 1.138529667684256492e+04 -1.971617965547317908e+03 -3.787731074400349171e+05 -3.078342660270388660e+04 -1.793836970257305366e+05 -1.253361187056258088e+06
5.262096060748640974e-02 2.362800191011235438e+04 1.121168168539325779e+04 1.933610426615168308e+03 -3.151343901123594842e+05 -4.668509651685392600e+04 -2.318095460674157221e+04 -9.068423901123595424e+05
5.756031740041873956e-02 2.226035960396039445e+04 1.018021410891088999e+04 4.507369241181929169e+02 -2.645653821782178711e+05 -3.264555460396039416e+04 7.606208475247526076e+04 -6.295036071287128143e+05
6.254738279606215923e-02 2.101622620554328751e+04 9.337356154034829160e+03 5.103334418690212715e+02 -2.248178744763306167e+05 -2.609310634289918380e+04 1.368916856119696167e+05 -4.512388590041697025e+05
6.757793472572401483e-02 1.988398594024604972e+04 8.775665905096660936e+03 4.226190971001758498e+02 -1.919004383831282612e+05 -2.242050984182777393e+04 1.799207929701230023e+05 -3.098480084358523600e+05
7.255917516659465827e-02 1.863514923563324919e+04 8.186950909429050625e+03 2.359471072972847594e+02 -1.636532809224474477e+05 -1.857010770318021241e+04 1.985828793156034953e+05 -2.140740634852147778e+05
7.753384299139773339e-02 1.738489893538667457e+04 7.699434402410446637e+03 1.292512578360395310e+03 -1.405580581452962651e+05 -2.041208377636424848e+04 2.027012173819886812e+05 -1.608784245329762343e+05
8.251793356505521260e-02 1.605478344036697126e+04 7.042619334862387404e+03 -2.856968604859518450e+02 -1.200371376146788971e+05 -1.329432997706422066e+04 1.964225093577981752e+05 -1.111397475229357951e+05
8.752751931716111489e-02 1.467514596864066334e+04 6.325887697291693257e+03 7.843416410198265112e+02 -1.013288378800051723e+05 -1.395816052870286694e+04 1.840707899546455592e+05 -8.852192783724245965e+04
9.254701955136974967e-02 1.345719292616225721e+04 5.735358049225161267e+03 4.162494077597995101e+02 -8.668247073837739299e+04 -1.196182814949863132e+04 1.681356782497721142e+05 -6.778744765724703029e+04
9.754963178921903511e-02 1.240154590181094864e+04 5.344786701559718495e+03 3.797937086517324587e+02 -7.455684267559928412e+04 -1.061218894169371197e+04 1.559246611535643169e+05 -4.642388788443421072e+04
1.025319613041059119e-01 1.159521338836772884e+04 4.952458941838649480e+03 4.720601388074578608e+02 -6.554687639774860872e+04 -1.013839753846153690e+04 1.442397538461538497e+05 -3.682076818011256546e+04
1.075116003998943526e-01 1.099398205375603357e+04 4.636580785665058102e+03 1.776762227558580776e+01 -5.759970315644383663e+04 -7.717275368711236297e+03 1.396808684769124666e+05 -2.006281791867677020e+04
1.125102861506304813e-01 1.048618507536523066e+04 4.404804402875473897e+03 5.779014447116313704e+02 -5.134049090824767336e+04 -8.083076768957253989e+03 1.334783184725979809e+05 -1.467494819509932495e+04
1.175500852175193622e-01 1.013975097710140653e+04 4.195091247333239153e+03 3.134730748648841541e+02 -4.594198319442469801e+04 -6.768032120608733749e+03 1.324081783643863164e+05 -1.874596501208933205e+03
1.225369446564099490e-01 9.781285285666999698e+03 3.917979286329030401e+03 1.185669710774578363e+02 -4.109309440847402584e+04 -5.909155474346242954e+03 1.278851567560410622e+05 1.627540718967228941e+03
1.275260957852891452e-01 9.491168100897404656e+03 3.780791239388794111e+03 4.380597274436090061e+02 -3.639688444336649263e+04 -5.672912151346107748e+03 1.268583511423720483e+05 1.155898210041232232e+04
1.325302087090364789e-01 9.164013799450085571e+03 3.589351385444138941e+03 -4.757563066396386375e+01 -3.269594492789405558e+04 -4.545124165871725381e+03 1.222745402480220073e+05 1.530874253970035534e+04
1.375062694904859717e-01 8.761017444561774028e+03 3.431580857444562298e+03 5.348246390905491126e+02 -2.949894717634635526e+04 -4.820940857444562425e+03 1.155003228722280764e+05 1.599979049630411646e+04
1.425134422753508989e-01 8.355461270877327479e+03 3.201906377423690174e+03 1.314397974659244142e+02 -2.655216623536187399e+04 -4.106609237857554945e+03 1.082220253253983392e+05 1.548085445958917080e+04
1.475259222195813014e-01 7.944437916989384576e+03 3.093335947879174000e+03 2.898979734839856519e+02 -2.390110689325254134e+04 -4.042014429814569212e+03 1.008333369173994142e+05 1.799284354093580623e+04
1.525299430011916868e-01 7.547444815691578697e+03 2.918996117686844173e+03 2.700148137893135640e+02 -2.172677486641866562e+04 -3.990933128170442160e+03 9.357703964829217875e+04 1.740592611430503530e+04
1.574945685492469272e-01 7.204689390544746857e+03 2.760767070813280498e+03 4.831164920936626572e+01 -1.972781760504711565e+04 -3.190001996198487177e+03 8.742232384033646667e+04 1.793092744287621099e+04
1.625189323163163113e-01 6.910979176642336824e+03 2.667950131386861813e+03 3.361104948905109495e+02 -1.791711388029196678e+04 -3.411677080291971834e+03 8.208331790948906564e+04 1.933519341313868426e+04
1.675461007718098694e-01 6.665650318906605207e+03 2.554374624145786129e+03 1.008632606843500810e+02 -1.643818924829156458e+04 -2.982443001138952241e+03 7.804954314350795175e+04 1.934833166287015774e+04
1.725292014006662711e-01 6.454767076507235288e+03 2.475612876685236188e+03 3.955298632033491799e+02 -1.498151264528463798e+04 -2.991709919899793022e+03 7.425892393315094523e+04 1.937654236608761857e+04
1.775301965061671094e-01 6.267930600706715268e+03 2.356551721352852383e+03 2.264719640885285230e+02 -1.338781261988894767e+04 -2.606421973750631423e+03 7.159673958606761880e+04 1.989170124179706545e+04
1.825147654490652804e-01 6.124826773021361078e+03 2.240258768058140504e+03 1.727928116414074680e+02 -1.206945345268693563e+04 -2.356776110372536550e+03 6.888088061685719003e+04 1.833944490885993218e+04
1.875360723572403465e-01 5.969916692737431731e+03 2.139377662569831955e+03 2.461615530726256793e+02 -1.089415476201117235e+04 -2.181511682681563798e+03 6.587574804022346507e+04 1.707002965810055684e+04
1.925323683450522461e-01 5.828129806147584532e+03 2.045147015101210172e+03 1.473054087233586813e+02 -9.751333987362106200e+03 -1.980263819213880424e+03 6.368198175859484036e+04 1.690028691014244396e+04
1.975198663583639380e-01 5.680060349563677846e+03 2.019141779183001745e+03 3.292785435689895053e+02 -8.818831556848359469e+03 -2.013501810547615605e+03 6.114295219527001609e+04 1.732457436904008864e+04
2.025153694923672032e-01 5.525641362539808142e+03 1.898658079706648323e+03 1.326397635216636388e+02 -8.169561956962271324e+03 -1.839348462800347988e+03 5.832385599536813970e+04 1.547361096207661831e+04
2.075088499274508613e-01 5.361707785385514399e+03 1.838968663353866532e+03 1.683531447937896530e+02 -7.369117988504431196e+03 -1.632444800659506882e+03 5.535517176578350336e+04 1.522385951773569468e+04
2.125178062418619784e-01 5.209352096351894033e+03 1.815682325013091031e+03 2.471433166783034210e+02 -6.684198093908185911e+03 -1.589204360272299482e+03 5.285069394309652125e+04 1.618246267062314837e+04
2.175004174234404231e-01 5.066325878293071582e+03 1.713164319501725231e+03 1.292899757753976928e+02 -6.212690972140394479e+03 -1.335314492046124087e+03 5.019551038464775047e+04 1.513675069775271731e+04
2.225093171556767890e-01 4.927185982939658970e+03 1.672697549693662495e+03 2.605726831622703230e+02 -5.680699182443215250e+03 -1.268071005693347388e+03 4.799551161561040499e+04 1.539185715017434632e+04
2.275289586476768322e-01 4.811905831930201202e+03 1.602515150772998368e+03 1.757152716497015490e+02 -5.154197789683146766e+03 -1.218555126281953335e+03 4.618929785397215164e+04 1.478403340578600910e+04
2.325285406108919262e-01 4.701568796318191744e+03 1.566867342149782644e+03 1.774636183217215830e+02 -4.688274776344751444e+03 -1.173146896112637251e+03 4.386497379586342868e+04 1.410918501518927587e+04
2.375276552426477672e-01 4.592067914923537501e+03 1.510787374934083573e+03 2.150749404113200285e+02 -4.231518126911583749e+03 -1.137152880295306659e+03 4.210174164035857393e+04 1.314029478361750807e+04
2.424991024241769377e-01 4.501071961913123232e+03 1.462107465770769977e+03 1.327315241503891343e+02 -3.716899106916752316e+03 -7.890595796262218755e+02 4.036029693177789159e+04 1.329183437610791225e+04
2.474998551644826128e-01 4.420209081011847047e+03 1.402287123919308442e+03 2.107806993275696357e+02 -3.408588183157220101e+03 -9.512787934678193551e+02 3.895422286775535758e+04 1.171404242587255794e+04
2.525200307756395035e-01 4.341500971234148892e+03 1.372200650788741086e+03 1.408305294714661500e+02 -3.004125208784412280e+03 -8.600288289514385269e+02 3.757295292298175627e+04 1.153948276399628958e+04
2.575182250600202005e-01 4.258056450040980053e+03 1.311418358691602862e+03 1.501576391476045274e+02 -2.611031151777066043e+03 -8.493541238357796601e+02 3.609527806512182724e+04 1.079175151061768884e+04
2.625255687975799335e-01 4.178316316540195658e+03 1.272590193415872591e+03 1.792092973697723153e+02 -2.301621735607918708e+03 -8.068809539567524780e+02 3.455781902664460358e+04 1.008181881668283495e+04
2.675305520911575030e-01 4.096764878695405969e+03 1.225791537813617651e+03 1.038547985045773885e+02 -2.062615407133289409e+03 -7.132770583118156082e+02 3.301794106350367656e+04 9.248988619323123203e+03
2.725404586615198799e-01 4.023171456074470370e+03 1.194963990056592593e+03 1.935898569312952588e+02 -1.781380119532448589e+03 -6.478178875548737778e+02 3.180161279526101498e+04 9.027549906383879716e+03
2.775333197047151201e-01 3.954849320960528985e+03 1.154475126011321890e+03 1.252507590405045050e+02 -1.548825145397678398e+03 -5.194118282627238159e+02 3.058415159200765265e+04 8.299462364101636922e+03
2.825123907298719983e-01 3.879467728524670747e+03 1.117491281417896062e+03 1.512879622058914606e+02 -1.379525746680664270e+03 -6.345117836102020874e+02 2.935159856629407659e+04 7.617118571234481351e+03
2.875104651677040102e-01 3.814375161846389346e+03 1.090693235012449577e+03 1.519574942539743176e+02 -1.150145937559854701e+03 -4.872627106876076937e+02 2.822679192491859067e+04 7.630737467918021139e+03
2.924971317655564174e-01 3.749359934342091492e+03 1.053383807927498765e+03 7.716565839970408547e+01 -9.807323409125061744e+02 -4.793995612017247367e+02 2.716223771399507677e+04 7.053663177704052032e+03
2.975058823671092867e-01 3.689264214545777122e+03 1.035232260012432334e+03 1.749586621969629903e+02 -8.249805452446497611e+02 -4.495523425983482184e+02 2.602875373767870769e+04 6.422675357428292045e+03
3.025121359101998753e-01 3.631935062037957778e+03 9.933638735895551690e+02 9.415236819635985910e+01 -6.625733327569062112e+02 -4.203805447235311590e+02 2.512407396480913303e+04 6.060104746011845236e+03
3.075010376196579687e-01 3.582049934681507239e+03 9.758943867899880615e+02 1.645479076135235346e+02 -5.121781938652871986e+02 -3.716222287714898584e+02 2.433942897800073115e+04 5.941907283273239045e+03
3.125134169243361515e-01 3.528273077820230355e+03 9.421873444600845460e+02 1.108428401367384168e+02 -3.531252419062940930e+02 -3.623527013874925160e+02 2.337929713895033274e+04 5.149012423889001184e+03
3.175159688234982513e-01 3.480442880804787364e+03 9.070252041929051074e+02 1.092971564283679129e+02 -1.943679240797320062e+02 -3.148751653879026549e+02 2.254879849416942307e+04 4.917144766040218201e+03
3.225221380836135188e-01 3.428004355673022928e+03 8.859343417028507019e+02 1.423313469888616112e+02 -7.276175267840288541e+01 -3.172323904096658680e+02 2.156185435680574301e+04 4.375750343213139786e+03
3.275181733526948968e-01 3.384563109959274243e+03 8.519610425768233881e+02 8.350737865605331933e+01 4.760574032765642016e+01 -3.156493772676786307e+02 2.092402645538689467e+04 3.872520340614586075e+03
3.325123842131759710e-01 3.341809100047146330e+03 8.389614040581051313e+02 1.733049015718263490e+02 1.562166379640090099e+02 -2.760174204968998879e+02 2.017704604250246848e+04 3.526442322424543818e+03
3.374959366892091861e-01 3.294914210839785028e+03 8.092136944259539177e+02 9.189529377824685241e+01 2.474056073292927636e+02 -2.842283212171111018e+02 1.928145218092001596e+04 3.290657705216691284e+03
3.424919221947719805e-01 3.252637038395186664e+03 7.828892101775996935e+02 1.168883494320312479e+02 3.445898200668393656e+02 -2.260409317312420683e+02 1.869319292401803978e+04 2.779731032677995245e+03
3.475179778446125245e-01 3.212488207272846466e+03 7.714790472767668916e+02 1.397188724801516173e+02 4.159684189891200958e+02 -2.414720379324991200e+02 1.803253327408762561e+04 2.479918261835527574e+03
3.525052850529177828e-01 3.174852588216510412e+03 7.456923263611686252e+02 7.949416377933897593e+01 4.665727721539199706e+02 -2.071986491298100077e+02 1.753095913396136166e+04 2.310037765926871998e+03
3.575133254796376558e-01 3.136045629143640781e+03 7.259791493895195345e+02 1.372636260931547838e+02 5.663680713721823849e+02 -2.179641490446153398e+02 1.677454512834269917e+04 1.975755929210322847e+03
3.625250227669692404e-01 3.097111196506549732e+03 6.992067194699592392e+02 8.751828941424486175e+01 6.223891100737839679e+02 -1.771247463484415050e+02 1.627092039391658000e+04 1.651695501279927612e+03
3.675230446100045678e-01 3.060155859122687616e+03 6.873887995100932358e+02 1.158832675021323979e+02 6.927042349218846766e+02 -1.862395236533035643e+02 1.555124028082147015e+04 1.438789314786868545e+03
3.725177060730277545e-01 3.029922332894962892e+03 6.711479833037909657e+02 1.086115252444393775e+02 7.316493064211790625e+02 -1.698300014294700020e+02 1.512887674766996679e+04 1.237285223854994911e+03
3.775163034622419089e-01 2.994681966335909692e+03 6.420146952510325491e+02 8.385343957082079669e+01 7.783919956420105564e+02 -1.494098768799001391e+02 1.455775950352017935e+04 8.578360331262369982e+02
3.825226892977953153e-01 2.964116825945945948e+03 6.251944972972972892e+02 1.202579005405405468e+02 8.572994421621623360e+02 -1.652199116891892174e+02 1.407289482378378307e+04 5.656842032432432461e+02
3.875130067694269043e-01 2.932890090621707714e+03 6.053449926238146190e+02 7.617646206533194686e+01 8.831938693361432797e+02 -1.378223330973393104e+02 1.361672268071654435e+04 2.359195447839833264e+02
3.924957861003909865e-01 2.903827575065169185e+03 5.988372011714350265e+02 1.153620240079812049e+02 9.206602506356002777e+02 -1.131538137450519770e+02 1.314255955408232330e+04 3.039973677469183713e+02
3.975064703251052212e-01 2.874582771327674891e+03 5.757983014683105694e+02 1.002247657518121571e+02 9.821258558949260760e+02 -1.497818502377486141e+02 1.267251926398612341e+04 -2.700401115172527966e+01
