3.798113400606732779e-03 1.966260124999999607e+04 8.154786755756578714e+03 1.831636798108552466e+04 -4.325625225263157859e+06 -2.959885852631579153e+06 -1.440268018621052504e+08 -4.347973196505262852e+08
8.299341265228576958e-03 3.134499296875000073e+04 2.424055703124999854e+04 1.008777859374999935e+04 -3.848161649999999907e+06 -1.173124165000000037e+06 -6.422792314750000089e+07 -1.393997546649999917e+08
1.293222767532251419e-02 3.620299210191082966e+04 2.234543321656051194e+04 -3.002276433121019636e+03 -2.734745208662420511e+06 -3.817568361783439759e+05 -2.762019845299363136e+07 -5.666603890343949199e+07
1.764839556552980082e-02 3.693067150684931403e+04 2.153165684931506257e+04 7.857961582298801659e+03 -1.972425718356163939e+06 -4.118365627397260396e+05 -1.328335452054794133e+07 -2.929230402191780880e+07
2.256548662787912635e-02 3.529470442344045296e+04 1.954703856332703435e+04 -7.207792751654064887e+03 -1.458503462230623700e+06 -8.757907699905481422e+04 -7.068453093383742496e+06 -1.498246416937617958e+07
2.777643688250242340e-02 3.196270965853659436e+04 1.957381468292682985e+04 5.413991466463414326e+03 -1.060957873951219721e+06 -2.245510261463414936e+05 -3.574287178926830180e+06 -9.040879768975608051e+06
3.269804980233311648e-02 2.788527823999999964e+04 1.515050043999999980e+04 -1.528791947500000333e+03 -7.600165913600001950e+05 -7.777073272000001452e+04 -1.864190955519999610e+06 -4.941335656960001215e+06
3.761648458559932462e-02 2.462918084962913417e+04 1.454141685772083474e+04 2.416043791301416150e+03 -5.760160763857046841e+05 -1.016914509507754701e+05 -9.834535737828725250e+05 -3.125214535293323919e+06
4.263843696389812976e-02 2.197972616071428638e+04 1.242512892857142651e+04 1.057292239118303542e+03 -4.418758042857144028e+05 -6.967420607142856170e+04 -5.008011428571428987e+05 -1.995244342857142445e+06
4.756514582339458480e-02 1.973728614042738627e+04 1.038282389882250391e+04 -1.478499346652856730e+03 -3.452139301177495508e+05 -3.482112830353249592e+04 -2.181918925425207708e+05 -1.272749832150022034e+06
5.262096060748640974e-02 1.830930629213483189e+04 1.017414191011235744e+04 1.496962384348665410e+03 -2.844818220224718680e+05 -4.760676005617978080e+04 -5.021076674157302477e+04 -8.890263343820224982e+05
5.756031740041873956e-02 1.715668331683168071e+04 9.038411113861386184e+03 4.926363244508044659e+02 -2.358834780198019289e+05 -3.301548366336634354e+04 5.853330376237621385e+04 -5.991094558415842475e+05
6.254738279606215923e-02 1.613745428501348397e+04 8.266886848172676764e+03 5.149653210847436640e+02 -1.984397971057149407e+05 -2.617437288202109266e+04 1.247614763012018666e+05 -4.094032096541572828e+05
6.757793472572401483e-02 1.518269391915641063e+04 7.670482548330403915e+03 3.438111037044156433e+02 -1.670916667838312278e+05 -2.176618384885764681e+04 1.711675332161686965e+05 -2.638962795079086209e+05
7.255917516659465827e-02 1.420568793007253043e+04 7.069233773479636511e+03 2.343056501941138663e+02 -1.411794984563883045e+05 -1.820910312813837299e+04 1.910583742012273869e+05 -1.758848652259624505e+05
7.753384299139773339e-02 1.319016168731168545e+04 6.646284137931035730e+03 1.053973971794442832e+03 -1.196634178506863391e+05 -1.871146370271174965e+04 1.953219809574824467e+05 -1.134879170806829497e+05
8.251793356505521260e-02 1.214064077981651280e+04 5.985419105504588515e+03 -1.270168160478784216e+02 -1.013725258715596574e+05 -1.249361456422018455e+04 1.878766150458715856e+05 -7.370230018348625163e+04
8.752751931716111489e-02 1.108394598937411320e+04 5.322804841259557179e+03 6.832311983283659629e+02 -8.480464196967733733e+04 -1.289003594142801558e+04 1.762263136866658460e+05 -5.485661151224568312e+04
9.254701955136974967e-02 1.017027350957155613e+04 4.776280692798542077e+03 3.318528691886965021e+02 -7.188825407474931853e+04 -1.038143369188696488e+04 1.610262717958066787e+05 -3.409041560619873053e+04
9.754963178921903511e-02 9.366351596357166272e+03 4.492201854914686010e+03 3.130034637025018469e+02 -6.164440875117763790e+04 -9.582583079660840667e+03 1.482761920569454669e+05 -1.772817123835444363e+04
1.025319613041059119e-01 8.754522746716696929e+03 4.086715902439024831e+03 3.579528290337711383e+02 -5.360855558724202274e+04 -8.506856915572232538e+03 1.377528401651031454e+05 -1.068456345215760484e+04
1.075116003998943526e-01 8.255984645072363492e+03 3.821210599586492208e+03 -2.249109703437285290e+01 -4.645761235010337987e+04 -6.317578759476223240e+03 1.315229230048242607e+05 5.125444190213645015e+03
1.125102861506304813e-01 7.845649705495862690e+03 3.586882708510473549e+03 4.447494198809616250e+02 -4.096778537218830024e+04 -6.868661111540543061e+03 1.251060934436113457e+05 7.779576618999771199e+03
1.175500852175193622e-01 7.546432223012372560e+03 3.427250723936851045e+03 3.039593537770231819e+02 -3.604582148769734340e+04 -5.576100435215475954e+03 1.220993347176788520e+05 1.965096961456407371e+04
1.225369446564099490e-01 7.232983642502484145e+03 3.162032651439920755e+03 1.378084957795431933e+02 -3.172249761006289555e+04 -4.844296548162861654e+03 1.174645382058921241e+05 2.097026957431314440e+04
1.275260957852891452e-01 6.953106960950763096e+03 2.941945340771282190e+03 3.055957274265552996e+02 -2.760899585738539827e+04 -4.255377608537472952e+03 1.128598150861023605e+05 2.327371005578462064e+04
1.325302087090364789e-01 6.663943527299252310e+03 2.772996496268448027e+03 2.278747460860781260e+01 -2.453758204365635902e+04 -3.544258266090566849e+03 1.075071774468323565e+05 2.418859748835642313e+04
1.375062694904859717e-01 6.368573955649419077e+03 2.656152912354804357e+03 4.631172402323125539e+02 -2.170711011615628013e+04 -3.708558040126716605e+03 1.010774058711721154e+05 2.496918193875395809e+04
1.425134422753508989e-01 6.058000076790170169e+03 2.466119646765214384e+03 9.372355743964770625e+01 -1.928987705893646125e+04 -3.131241889038202316e+03 9.417378746016509831e+04 2.418802337492800871e+04
1.475259222195813014e-01 5.759963172809693788e+03 2.332645758804500929e+03 2.358076105972937455e+02 -1.719153210806870266e+04 -2.915995772016949104e+03 8.730096884231624426e+04 2.432880423527267703e+04
1.525299430011916868e-01 5.487312018938112487e+03 2.192143828204260899e+03 2.689654640471762264e+02 -1.538504165032126912e+04 -2.690417335136963629e+03 8.128642662157592713e+04 2.391022144064929307e+04
1.574945685492469272e-01 5.236452745581752424e+03 2.055764849759372282e+03 8.519771241962226327e+01 -1.375027723864601467e+04 -2.232610500262870573e+03 7.596404399401463161e+04 2.364991578112994466e+04
1.625189323163163113e-01 5.021541605839415752e+03 1.992755871532847550e+03 2.517820058394160867e+02 -1.231715517664233630e+04 -2.184450849635036775e+03 7.083693257810220530e+04 2.361327416058394010e+04
1.675461007718098694e-01 4.832299043280182559e+03 1.860876509111617452e+03 7.730585719497436514e+01 -1.112541148063781475e+04 -1.890880199316628705e+03 6.671867371298404760e+04 2.222129949886104441e+04
1.725292014006662711e-01 4.659089370735408011e+03 1.783842695058839126e+03 2.986334967201766517e+02 -9.950942524310248700e+03 -1.837416525035435370e+03 6.292025128918481641e+04 2.159434866730395152e+04
1.775301965061671094e-01 4.506832670368501567e+03 1.700461362948005899e+03 1.751441970595658404e+02 -8.681756143361937575e+03 -1.663600451792023932e+03 5.956825490156487649e+04 2.093867808177687402e+04
1.825147654490652804e-01 4.383680538863776746e+03 1.598647073768796872e+03 1.338559527607905579e+02 -7.826694886111848973e+03 -1.480741450559839222e+03 5.656262286744069570e+04 1.868769120269432096e+04
1.875360723572403465e-01 4.251450440223464284e+03 1.515331906145251651e+03 1.833686431564245822e+02 -6.873558757541901286e+03 -1.253255901675977611e+03 5.333606342793296062e+04 1.684295179441340588e+04
1.925323683450522461e-01 4.131740867516333310e+03 1.433677249651922693e+03 1.086301685833244335e+02 -6.091978357074005544e+03 -1.154090463746385012e+03 5.083047687265716377e+04 1.560761111277712007e+04
1.975198663583639380e-01 4.006348359681295278e+03 1.401950008852915289e+03 2.484693066902744363e+02 -5.333682377640066079e+03 -1.175467600859997674e+03 4.779838596484127629e+04 1.541021232629315455e+04
2.025153694923672032e-01 3.891691533339766465e+03 1.320907069381453312e+03 8.364191052678398819e+01 -4.798197973559779712e+03 -1.023591973366785737e+03 4.518054277718808589e+04 1.399213293447843535e+04
2.075088499274508613e-01 3.778411098032929658e+03 1.264192645583823833e+03 1.187329064382055890e+02 -4.296483059378506368e+03 -9.474041796239897621e+02 4.293504858824337862e+04 1.291860815498408374e+04
2.125178062418619784e-01 3.664531764705882324e+03 1.210109963344388461e+03 1.654509562096352226e+02 -3.741346608483156160e+03 -8.126964348053763842e+02 4.032636224122883868e+04 1.248259887589456957e+04
2.175004174234404231e-01 3.563407753556097305e+03 1.158263715175490006e+03 7.350656063252249339e+01 -3.384320107735039983e+03 -7.338643430687651517e+02 3.814213187442134949e+04 1.167304769632185526e+04
2.225093171556767890e-01 3.468537335355882988e+03 1.110436301885305738e+03 1.714834684107878218e+02 -3.001273677035519086e+03 -6.835896834183724877e+02 3.608097961190677597e+04 1.088583099623727139e+04
2.275289586476768322e-01 3.379359534670135417e+03 1.058287436093678480e+03 9.915515183730674664e+01 -2.668183933874177910e+03 -6.218363653757845668e+02 3.413979714067044551e+04 9.647864858411143359e+03
2.325285406108919262e-01 3.296632153238861974e+03 1.020719166136103127e+03 1.266332848853073187e+02 -2.340253078420315433e+03 -5.773026482091207754e+02 3.244048168519091269e+04 9.199121640077857592e+03
2.375276552426477672e-01 3.216488184215151705e+03 9.662157117243800712e+02 1.460503350325189160e+02 -2.016029637546141885e+03 -5.040000344524521552e+02 3.061996263385480415e+04 7.852710361750747325e+03
2.424991024241769377e-01 3.142725288943663600e+03 9.283045410497527428e+02 7.279922604375938988e+01 -1.730019495889115888e+03 -4.308231511150879669e+02 2.871520860601354070e+04 6.992074715108132295e+03
2.474998551644826128e-01 3.079199641370476911e+03 8.871639833493436527e+02 1.421138999359590400e+02 -1.496389707332692751e+03 -4.534992993916105775e+02 2.759518235542747061e+04 6.399155478706374197e+03
2.525200307756395035e-01 3.015182629137024833e+03 8.615878874110735524e+02 8.873358664553046538e+01 -1.238046262913702776e+03 -3.521718376121249321e+02 2.625855109186514164e+04 6.255574666254254225e+03
2.575182250600202005e-01 2.949552058415915326e+03 8.213676596378808199e+02 9.752796475672452914e+01 -9.967011316593398078e+02 -3.361514751508829022e+02 2.479353098815289195e+04 5.164588939721332281e+03
2.625255687975799335e-01 2.889417671021852129e+03 7.855548741941005346e+02 1.181765176584697770e+02 -8.535458777885550035e+02 -3.647358572488161030e+02 2.345596925429337716e+04 4.575029246305699417e+03
2.675305520911575030e-01 2.831227070601068135e+03 7.481167948523219593e+02 5.257376139603843512e+01 -6.868440413692161428e+02 -3.050748175253033878e+02 2.233262542080335697e+04 4.006089707681474010e+03
2.725404586615198799e-01 2.775042936478552292e+03 7.264218585708996443e+02 1.262137316866768941e+02 -5.576391653884804782e+02 -2.757023638070555762e+02 2.104055781245040635e+04 3.267346400803934557e+03
2.775333197047151201e-01 2.724570027140900493e+03 6.975917429627522779e+02 7.183084421123372465e+01 -3.959307307364230155e+02 -2.424161051516013003e+02 2.026901462920360427e+04 2.990180184558120800e+03
2.825123907298719983e-01 2.669815186315074243e+03 6.599530760205027491e+02 1.086774649539924980e+02 -2.840729045884024231e+02 -2.264059796208238708e+02 1.901795438918050786e+04 2.276060571357994377e+03
2.875104651677040102e-01 2.624041654855391698e+03 6.462639053821106927e+02 9.262883200057460442e+01 -1.829511784140969155e+02 -2.322962891148726783e+02 1.814122070101513236e+04 2.141250580348592393e+03
2.924971317655564174e-01 2.577535137384549671e+03 6.187941564461500548e+02 4.971060061669882657e+01 -7.888681562034008721e+01 -1.462122780866730807e+02 1.721426124541954778e+04 1.372599386422221642e+03
2.975058823671092867e-01 2.533056801349790931e+03 6.007764727821685256e+02 1.131006122902051203e+02 1.370120555127347650e+01 -1.827437243722804112e+02 1.641288542047775991e+04 1.560315424917858081e+03
3.025121359101998753e-01 2.495171999481215153e+03 5.709081146513337899e+02 5.638823658844597730e+01 1.031241864813453759e+02 -1.978457222990791706e+02 1.565358023777614289e+04 9.168190774285590123e+02
3.075010376196579687e-01 2.454301182421486828e+03 5.549380655275122081e+02 1.109842230234624196e+02 1.803905346710560877e+02 -1.073491381616763505e+02 1.487803091226420293e+04 5.739896970267021743e+02
3.125134169243361515e-01 2.413957849185601390e+03 5.308254574703398703e+02 5.132203309119244494e+01 2.499490158857832398e+02 -1.495650028214860470e+02 1.415655249386688229e+04 4.520887930826463048e+02
3.175159688234982513e-01 2.379070187344657370e+03 5.097813755636548763e+02 6.214169538564313200e+01 3.053119698205146619e+02 -1.629708582782368183e+02 1.340327161654762858e+04 -1.217514129932902875e+02
3.225221380836135188e-01 2.340618620351141999e+03 4.905353520860865046e+02 8.240685340758921029e+01 3.679346097791203647e+02 -1.169446294482726074e+02 1.274503766509345041e+04 -4.777014491221445383e+02
3.275181733526948968e-01 2.310673202517586560e+03 4.762035275823766938e+02 4.018855613661607862e+01 4.160373935579414706e+02 -1.284446751897445438e+02 1.222785146834505758e+04 -4.666638904109590840e+02
3.325123842131759710e-01 2.278429552825640258e+03 4.622665497211276033e+02 8.950334291076971738e+01 4.685629781972477872e+02 -8.622946209203234957e+01 1.172013485504861455e+04 -8.370550532392788909e+02
3.374959366892091861e-01 2.246547090354903503e+03 4.355950614861787358e+02 4.645665102871106455e+01 5.087818267175840674e+02 -1.088116331718810272e+02 1.113174047857618461e+04 -1.061696791507550188e+03
3.424919221947719805e-01 2.215165787530524085e+03 4.278265200976755978e+02 6.845842368883815254e+01 5.345539687804716777e+02 -1.402304281225779334e+02 1.061288691730075334e+04 -1.163387102484394518e+03
3.475179778446125245e-01 2.185333765478484565e+03 4.169374143169864055e+02 8.102317623419477854e+01 5.439514032737608886e+02 -1.047958424747606472e+02 1.009997459927467571e+04 -1.233461521874081200e+03
3.525052850529177828e-01 2.160041007823726886e+03 3.975728947788600181e+02 3.004499283490340389e+01 6.080063458406515338e+02 -1.158868751995848640e+02 9.626654574485070043e+03 -1.508157148970142089e+03
3.575133254796376558e-01 2.134614376528117646e+03 3.909757932414099741e+02 7.534895999877366535e+01 6.248956252347265945e+02 -1.060746043649067758e+02 9.235279966276029882e+03 -1.433424066344244920e+03
3.625250227669692404e-01 2.107063471163980921e+03 3.677816581840083927e+02 3.717957541691762913e+01 6.543198506249058255e+02 -1.119159931862671158e+02 8.772588725794308630e+03 -1.875203421171510172e+03
3.675230446100045678e-01 2.081434110622662502e+03 3.607615598276578908e+02 5.861704175141613860e+01 6.576172050536199549e+02 -1.079292558814309331e+02 8.376215038674919924e+03 -1.801972137727912241e+03
3.725177060730277545e-01 2.058986517239407476e+03 3.484782057293156186e+02 5.601197802904682277e+01 6.889249974269540644e+02 -8.804874643525928946e+01 8.068490136657325820e+03 -1.956527412659385391e+03
3.775163034622419089e-01 2.033156312534046037e+03 3.283687465953207152e+02 4.091647154550030763e+01 6.994233850269961295e+02 -1.058325814192427288e+02 7.667049193702979210e+03 -2.003749395742685920e+03
3.825226892977953153e-01 2.011371165405405009e+03 3.230010681081081430e+02 7.174459445945946356e+01 7.130384951351351219e+02 -8.987843624155406985e+01 7.343957932972972230e+03 -2.131287269189188919e+03
3.875130067694269043e-01 1.989853648050580205e+03 3.047803024236038141e+02 3.694970007903055631e+01 7.013374878819811329e+02 -1.118368107218124692e+02 7.005947414120128087e+03 -2.348908423603793835e+03
3.924957861003909865e-01 1.967346332056769370e+03 3.018595838187493428e+02 6.322883815531168494e+01 7.185570145142086176e+02 -1.070666605091237074e+02 6.717866433237859383e+03 -2.211567416599620628e+03
3.975064703251052212e-01 1.948907603742023866e+03 2.874908687194101731e+02 5.271269890341365993e+01 7.363774358466018839e+02 -8.528368389504987590e+01 6.478427323214176795e+03 -2.405604574189951109e+03
