3.798113400606732779e-03 1.896637171052631311e+04 0.000000000000000000e+00 2.331868626644736651e+03 0.000000000000000000e+00 -1.972109210526315655e+04
8.299341265228576958e-03 2.582806250000000000e+04 0.000000000000000000e+00 1.010118750000000000e+04 0.000000000000000000e+00 -1.171455273437500000e+04
1.293222767532251419e-02 3.548819426751592255e+04 0.000000000000000000e+00 1.829780732484076361e+04 0.000000000000000000e+00 -1.677584076433120936e+04
1.764839556552980082e-02 3.837669863013698341e+04 0.000000000000000000e+00 1.917919349315068393e+04 0.000000000000000000e+00 6.386106592465753238e+03
2.256548662787912635e-02 3.594119092627599457e+04 0.000000000000000000e+00 2.577247258979206163e+04 0.000000000000000000e+00 -7.483796668241966472e+02
2.777643688250242340e-02 3.239445853658536726e+04 0.000000000000000000e+00 2.225619756097560821e+04 0.000000000000000000e+00 1.108691951219512157e+04
3.269804980233311648e-02 2.700317200000000230e+04 0.000000000000000000e+00 1.509866899999999987e+04 0.000000000000000000e+00 8.047538749999999936e+02
3.761648458559932462e-02 2.532846662171274511e+04 0.000000000000000000e+00 1.361451247471341776e+04 0.000000000000000000e+00 8.771747302764665619e+02
4.263843696389812976e-02 2.236771205357142753e+04 0.000000000000000000e+00 1.252178348214285688e+04 0.000000000000000000e+00 -2.998415527343750000e+02
4.756514582339458480e-02 1.939816484954208499e+04 0.000000000000000000e+00 1.034612036633231583e+04 0.000000000000000000e+00 -2.365531181857828415e+03
5.262096060748640974e-02 1.792183146067415510e+04 0.000000000000000000e+00 8.582139044943820409e+03 0.000000000000000000e+00 9.129732268258426302e+02
5.756031740041873956e-02 1.693035643564356360e+04 0.000000000000000000e+00 9.025349009900990495e+03 0.000000000000000000e+00 2.632906868811880940e+02
6.254738279606215923e-02 1.630486141770909853e+04 0.000000000000000000e+00 8.979688987000245106e+03 0.000000000000000000e+00 1.300118346823644742e+03
6.757793472572401483e-02 1.518826186291739759e+04 0.000000000000000000e+00 8.127760105448153809e+03 0.000000000000000000e+00 3.943067607644990744e+02
7.255917516659465827e-02 1.387059698716756611e+04 0.000000000000000000e+00 6.026219453226706719e+03 0.000000000000000000e+00 7.189831109354659588e+01
7.753384299139773339e-02 1.316367458988952239e+04 0.000000000000000000e+00 6.740150652828925558e+03 0.000000000000000000e+00 1.161248326079678691e+03
8.251793356505521260e-02 1.201417087155963418e+04 0.000000000000000000e+00 6.226077981651376831e+03 0.000000000000000000e+00 2.559431981077981675e+02
8.752751931716111489e-02 1.125953194246468956e+04 0.000000000000000000e+00 5.946280679020344905e+03 0.000000000000000000e+00 8.928862900090709900e+02
9.254701955136974967e-02 9.993680948040109797e+03 0.000000000000000000e+00 4.703912488605286853e+03 0.000000000000000000e+00 6.555499658158614693e+02
9.754963178921903511e-02 9.479533549670260982e+03 0.000000000000000000e+00 4.589101643462786342e+03 0.000000000000000000e+00 -2.807342457866638483e+02
1.025319613041059119e-01 8.679584240150094047e+03 0.000000000000000000e+00 4.042229643527204644e+03 0.000000000000000000e+00 4.365723264540337709e+02
1.075116003998943526e-01 8.353282563749138717e+03 0.000000000000000000e+00 3.889327705031013011e+03 0.000000000000000000e+00 -2.625104453824948223e+02
1.125102861506304813e-01 7.821577181726830531e+03 0.000000000000000000e+00 3.798491149416402550e+03 0.000000000000000000e+00 6.965563886527015711e+02
1.175500852175193622e-01 7.537166832598492874e+03 0.000000000000000000e+00 3.149733181624235840e+03 0.000000000000000000e+00 3.091712060873275618e+02
1.225369446564099490e-01 7.255198146309169715e+03 0.000000000000000000e+00 3.451263555114200699e+03 0.000000000000000000e+00 2.193432969215491823e+02
1.275260957852891452e-01 6.978070822216832312e+03 0.000000000000000000e+00 3.085703371331554536e+03 0.000000000000000000e+00 2.415347441183604076e+02
1.325302087090364789e-01 6.667601593625498026e+03 0.000000000000000000e+00 2.708365187138768761e+03 0.000000000000000000e+00 1.101887380057235788e+02
1.375062694904859717e-01 6.365297148891235338e+03 0.000000000000000000e+00 2.671791974656810908e+03 0.000000000000000000e+00 4.615396515311509802e+02
1.425134422753508989e-01 6.107313879823382194e+03 0.000000000000000000e+00 2.399628143597619328e+03 0.000000000000000000e+00 6.987137646381262357e+01
1.475259222195813014e-01 5.824886054034352128e+03 0.000000000000000000e+00 2.620032074354184715e+03 0.000000000000000000e+00 2.754107932024238039e+02
1.525299430011916868e-01 5.485424754819073314e+03 0.000000000000000000e+00 2.244417483936421831e+03 0.000000000000000000e+00 -3.693695574061548914e+00
1.574945685492469272e-01 5.267946455291786151e+03 0.000000000000000000e+00 2.014339305212924955e+03 0.000000000000000000e+00 1.068502547822218496e+01
1.625189323163163113e-01 5.014028029197080286e+03 0.000000000000000000e+00 1.980294452554744794e+03 0.000000000000000000e+00 2.459460948905109774e+02
1.675461007718098694e-01 4.847259111617311646e+03 0.000000000000000000e+00 1.926456007972665020e+03 0.000000000000000000e+00 -5.926476188781320786e+01
1.725292014006662711e-01 4.639263737350430347e+03 0.000000000000000000e+00 1.751991825163991280e+03 0.000000000000000000e+00 1.955560042192702213e+02
1.775301965061671094e-01 4.496460373548712596e+03 0.000000000000000000e+00 1.759757319535588067e+03 0.000000000000000000e+00 2.383107489904088823e+02
1.825147654490652804e-01 4.383706933735117673e+03 0.000000000000000000e+00 1.674137965671068514e+03 0.000000000000000000e+00 2.649350350084197316e+02
1.875360723572403465e-01 4.225466815642457732e+03 0.000000000000000000e+00 1.519455642458100556e+03 0.000000000000000000e+00 1.503905586592178736e+02
1.925323683450522461e-01 4.099952447252864658e+03 0.000000000000000000e+00 1.436336831958873290e+03 0.000000000000000000e+00 6.023067500267751484e+01
1.975198663583639380e-01 4.028354824838750119e+03 0.000000000000000000e+00 1.400314657898064979e+03 0.000000000000000000e+00 1.123916403187049440e+02
2.025153694923672032e-01 3.876225417350188309e+03 0.000000000000000000e+00 1.340707227636784864e+03 0.000000000000000000e+00 6.025774389655505558e+01
2.075088499274508613e-01 3.783544390757745987e+03 0.000000000000000000e+00 1.303419725663514100e+03 0.000000000000000000e+00 9.887510591037120378e+01
2.125178062418619784e-01 3.661495548961424447e+03 0.000000000000000000e+00 1.228308867167044809e+03 0.000000000000000000e+00 1.508061289055681584e+02
2.175004174234404231e-01 3.551383553572931760e+03 0.000000000000000000e+00 1.138915579496675491e+03 0.000000000000000000e+00 -3.736744329181045288e+01
2.225093171556767890e-01 3.466590807903705809e+03 0.000000000000000000e+00 1.194699316404326282e+03 0.000000000000000000e+00 2.608194283012549022e+02
2.275289586476768322e-01 3.353435481402112600e+03 0.000000000000000000e+00 1.003473442522577670e+03 0.000000000000000000e+00 1.107490911526098358e+02
2.325285406108919262e-01 3.259845524166409177e+03 0.000000000000000000e+00 9.840836046786605493e+02 0.000000000000000000e+00 1.795195459589253062e+02
2.375276552426477672e-01 3.189053963789770023e+03 0.000000000000000000e+00 9.770399718755493268e+02 0.000000000000000000e+00 1.457639831253295881e+02
2.424991024241769377e-01 3.125972616615737934e+03 0.000000000000000000e+00 9.300088126551078176e+02 0.000000000000000000e+00 1.007496243647966594e+02
2.474998551644826128e-01 3.046554210694844642e+03 0.000000000000000000e+00 8.863984630163304246e+02 0.000000000000000000e+00 1.054875680435478671e+02
2.525200307756395035e-01 2.977414908753479722e+03 0.000000000000000000e+00 8.077201979585524896e+02 0.000000000000000000e+00 7.133410145375812306e+01
2.575182250600202005e-01 2.921423560092392563e+03 0.000000000000000000e+00 7.679762759853960006e+02 0.000000000000000000e+00 8.278414425154608125e+00
2.625255687975799335e-01 2.842126775831573923e+03 0.000000000000000000e+00 7.004531294574085223e+02 0.000000000000000000e+00 1.038620556855137806e+02
2.675305520911575030e-01 2.786328606343463889e+03 0.000000000000000000e+00 6.836758951132958373e+02 0.000000000000000000e+00 -1.439265630825313025e+01
2.725404586615198799e-01 2.708244777066694951e+03 0.000000000000000000e+00 7.069793198286348570e+02 0.000000000000000000e+00 1.212642804252393205e+02
2.775333197047151201e-01 2.661051619407036014e+03 0.000000000000000000e+00 7.102313955592317143e+02 0.000000000000000000e+00 5.040816359500607291e+01
2.825123907298719983e-01 2.632952213919595124e+03 0.000000000000000000e+00 7.221807941703204961e+02 0.000000000000000000e+00 4.262569937627370109e+01
2.875104651677040102e-01 2.580383068377705513e+03 0.000000000000000000e+00 5.956039072974525652e+02 0.000000000000000000e+00 5.784336094617889046e+01
2.924971317655564174e-01 2.537916933498248454e+03 0.000000000000000000e+00 6.336758949935843930e+02 0.000000000000000000e+00 3.079492307158792386e+01
2.975058823671092867e-01 2.470229286919456626e+03 0.000000000000000000e+00 5.467618772755528198e+02 0.000000000000000000e+00 1.525732755749933389e+01
3.025121359101998753e-01 2.439268514115256494e+03 0.000000000000000000e+00 5.318466560027668493e+02 0.000000000000000000e+00 -1.041884132765552629e+01
3.075010376196579687e-01 2.406590959920572914e+03 0.000000000000000000e+00 5.429052411558760696e+02 0.000000000000000000e+00 3.998500809949312895e+01
3.125134169243361515e-01 2.367860365976272078e+03 0.000000000000000000e+00 4.991628795495676627e+02 0.000000000000000000e+00 6.664057787050070125e+00
3.175159688234982513e-01 2.320527669440323734e+03 0.000000000000000000e+00 4.510216030886817293e+02 0.000000000000000000e+00 -3.172030434910748653e+01
3.225221380836135188e-01 2.265312289975458043e+03 0.000000000000000000e+00 4.736960166131772780e+02 0.000000000000000000e+00 4.250676326222390600e+01
3.275181733526948968e-01 2.235362754535357453e+03 0.000000000000000000e+00 4.159697519437245319e+02 0.000000000000000000e+00 -3.261806969640873888e+01
3.325123842131759710e-01 2.225630643052207688e+03 0.000000000000000000e+00 4.209265858366617294e+02 0.000000000000000000e+00 6.233557202202513992e+01
3.374959366892091861e-01 2.172330448796552901e+03 0.000000000000000000e+00 3.898143152436674654e+02 0.000000000000000000e+00 8.296096569211366401e+00
3.424919221947719805e-01 2.142718949237013476e+03 0.000000000000000000e+00 3.749233013026194499e+02 0.000000000000000000e+00 -2.771054638341848175e+01
3.475179778446125245e-01 2.110012742183160753e+03 0.000000000000000000e+00 3.450977880876923223e+02 0.000000000000000000e+00 4.548095104877968531e+00
3.525052850529177828e-01 2.084469040395976208e+03 0.000000000000000000e+00 3.613081909627973687e+02 0.000000000000000000e+00 -6.305217547501197828e+01
3.575133254796376558e-01 2.051108123644334682e+03 0.000000000000000000e+00 3.491154662721984323e+02 0.000000000000000000e+00 1.826796567819668837e+01
3.625250227669692404e-01 2.024909983436229368e+03 0.000000000000000000e+00 3.157409125131757150e+02 0.000000000000000000e+00 -2.305662927269989382e+01
3.675230446100045678e-01 1.997695922548097542e+03 0.000000000000000000e+00 3.110142087497903844e+02 0.000000000000000000e+00 1.124703832498596690e+01
3.725177060730277545e-01 1.979922465549774188e+03 0.000000000000000000e+00 3.085107782034421575e+02 0.000000000000000000e+00 4.303142332323174557e+00
3.775163034622419089e-01 1.948931313395990855e+03 0.000000000000000000e+00 2.879125092228022140e+02 0.000000000000000000e+00 2.261189758724598597e+00
3.825226892977953153e-01 1.929203243243243151e+03 0.000000000000000000e+00 2.766329459459459486e+02 0.000000000000000000e+00 5.103266554054054183e+01
3.875130067694269043e-01 1.912423182297155108e+03 0.000000000000000000e+00 2.810722866174921251e+02 0.000000000000000000e+00 4.423035761327713544e+01
3.924957861003909865e-01 1.897781971486499742e+03 0.000000000000000000e+00 2.501185723940398589e+02 0.000000000000000000e+00 4.184741415376694107e+01
3.975064703251052212e-01 1.884627519980174839e+03 0.000000000000000000e+00 2.695775478594882770e+02 0.000000000000000000e+00 7.111646738120315092e+01
