3.798113400606732779e-03 2.220661184210526335e+04 0.000000000000000000e+00 1.446297697368420995e+04 0.000000000000000000e+00 -1.814092105263157691e+03
8.299341265228576958e-03 2.982831640625000000e+04 0.000000000000000000e+00 2.533562695312500000e+04 0.000000000000000000e+00 1.728494726562500000e+04
1.293222767532251419e-02 3.185515605095541468e+04 0.000000000000000000e+00 4.664683121019108512e+03 0.000000000000000000e+00 -2.568115047770700585e+03
1.764839556552980082e-02 3.867959589041095751e+04 0.000000000000000000e+00 2.741420890410958600e+04 0.000000000000000000e+00 1.423291952054794456e+04
2.256548662787912635e-02 3.329210207939508837e+04 0.000000000000000000e+00 1.822486389413988582e+04 0.000000000000000000e+00 -5.458665406427221569e+03
2.777643688250242340e-02 3.092550731707317027e+04 0.000000000000000000e+00 1.596411585365853716e+04 0.000000000000000000e+00 5.230955487804878430e+03
3.269804980233311648e-02 2.667337399999999980e+04 0.000000000000000000e+00 9.005390999999999622e+03 0.000000000000000000e+00 8.116837499999999750e+01
3.761648458559932462e-02 2.448925691166554316e+04 0.000000000000000000e+00 1.179470262980445113e+04 0.000000000000000000e+00 1.185636547538772675e+03
4.263843696389812976e-02 2.207699107142856883e+04 0.000000000000000000e+00 1.068223214285714312e+04 0.000000000000000000e+00 4.777436523437500000e+02
4.756514582339458480e-02 2.031648844308765911e+04 0.000000000000000000e+00 1.141014391626689940e+04 0.000000000000000000e+00 -1.738561164413432152e+03
5.262096060748640974e-02 1.806679634831460498e+04 0.000000000000000000e+00 8.820832865168538774e+03 0.000000000000000000e+00 2.607247015449438095e+03
5.756031740041873956e-02 1.716972896039603802e+04 0.000000000000000000e+00 8.240847772277227705e+03 0.000000000000000000e+00 -4.117788521039603893e+02
6.254738279606215923e-02 1.606553151827323927e+04 0.000000000000000000e+00 7.499355898945302215e+03 0.000000000000000000e+00 -7.094155629139072516e+02
6.757793472572401483e-02 1.502387697715289869e+04 0.000000000000000000e+00 7.708356766256590163e+03 0.000000000000000000e+00 8.069383787346221197e+02
7.255917516659465827e-02 1.400877366561279632e+04 0.000000000000000000e+00 7.294460107866840190e+03 0.000000000000000000e+00 2.632350753208108927e+02
7.753384299139773339e-02 1.349080950786742687e+04 0.000000000000000000e+00 5.889271509876130040e+03 0.000000000000000000e+00 8.507353531971879192e+02
8.251793356505521260e-02 1.215465481651376285e+04 0.000000000000000000e+00 5.461393922018349258e+03 0.000000000000000000e+00 -2.638109231651376376e+02
8.752751931716111489e-02 1.117338447583257766e+04 0.000000000000000000e+00 5.178407153038746401e+03 0.000000000000000000e+00 2.994830244913827073e+02
9.254701955136974967e-02 1.023173655423883247e+04 0.000000000000000000e+00 4.463792160437556959e+03 0.000000000000000000e+00 6.390569735642661726e+02
9.754963178921903511e-02 9.277526222129174130e+03 0.000000000000000000e+00 4.241389720506646881e+03 0.000000000000000000e+00 3.542401078195331365e+02
1.025319613041059119e-01 8.724421013133207452e+03 0.000000000000000000e+00 3.940571106941838480e+03 0.000000000000000000e+00 4.434079737335835034e+02
1.075116003998943526e-01 8.168596140592694610e+03 0.000000000000000000e+00 3.945453824948311649e+03 0.000000000000000000e+00 -4.169193928756030232e+01
1.125102861506304813e-01 7.758655638865270703e+03 0.000000000000000000e+00 3.609166885676741458e+03 0.000000000000000000e+00 1.777080273633763738e+02
1.175500852175193622e-01 7.482721092305504499e+03 0.000000000000000000e+00 3.308073104821504785e+03 0.000000000000000000e+00 -5.494273574171526064e+01
1.225369446564099490e-01 7.201644488579941026e+03 0.000000000000000000e+00 3.011041112214498753e+03 0.000000000000000000e+00 1.638562562065541215e+02
1.275260957852891452e-01 6.934916323065728648e+03 0.000000000000000000e+00 2.971824157167111025e+03 0.000000000000000000e+00 1.349689698035411141e+02
1.325302087090364789e-01 6.697855339206554163e+03 0.000000000000000000e+00 2.626384153526737919e+03 0.000000000000000000e+00 8.947055440210986887e+01
1.375062694904859717e-01 6.353834002111932023e+03 0.000000000000000000e+00 2.400164097148890960e+03 0.000000000000000000e+00 4.355762671594508788e+02
1.425134422753508989e-01 6.071585333077366158e+03 0.000000000000000000e+00 2.369549241697062826e+03 0.000000000000000000e+00 1.424949726435016260e+02
1.475259222195813014e-01 5.727433960544899492e+03 0.000000000000000000e+00 2.312618524761948265e+03 0.000000000000000000e+00 3.253873297188937954e+02
1.525299430011916868e-01 5.497619885018600144e+03 0.000000000000000000e+00 2.281249915454852726e+03 0.000000000000000000e+00 3.209078669259384355e+02
1.574945685492469272e-01 5.260504549682533252e+03 0.000000000000000000e+00 2.171227079710437920e+03 0.000000000000000000e+00 4.333641869211792397e+01
1.625189323163163113e-01 5.005069781021898052e+03 0.000000000000000000e+00 1.927952700729927074e+03 0.000000000000000000e+00 2.127245437956204626e+02
1.675461007718098694e-01 4.783755694760820006e+03 0.000000000000000000e+00 1.739788439635535269e+03 0.000000000000000000e+00 3.949069707431662835e+01
1.725292014006662711e-01 4.611692916240894192e+03 0.000000000000000000e+00 1.672297722253354095e+03 0.000000000000000000e+00 3.406119919570161869e+02
1.775301965061671094e-01 4.501394245330640842e+03 0.000000000000000000e+00 1.676371781928319024e+03 0.000000000000000000e+00 2.923946239273094534e+02
1.825147654490652804e-01 4.351480989098644386e+03 0.000000000000000000e+00 1.564794233212207246e+03 0.000000000000000000e+00 6.068779727613814146e+01
1.875360723572403465e-01 4.228610502793296291e+03 0.000000000000000000e+00 1.512730837988826806e+03 0.000000000000000000e+00 1.290078910614525114e+02
1.925323683450522461e-01 4.119615293991645558e+03 0.000000000000000000e+00 1.435587661989932485e+03 0.000000000000000000e+00 5.295936529399164527e+01
1.975198663583639380e-01 3.954356595421777911e+03 0.000000000000000000e+00 1.376314354369545981e+03 0.000000000000000000e+00 3.160460857468066251e+02
2.025153694923672032e-01 3.895526005982823790e+03 0.000000000000000000e+00 1.322276078355688696e+03 0.000000000000000000e+00 3.763596448904757352e+01
2.075088499274508613e-01 3.742781378094300635e+03 0.000000000000000000e+00 1.214404268474203718e+03 0.000000000000000000e+00 9.735593899562618958e+01
2.125178062418619784e-01 3.670225519287833777e+03 0.000000000000000000e+00 1.155255280153604417e+03 0.000000000000000000e+00 1.790322700296736116e+02
2.175004174234404231e-01 3.543113542631091605e+03 0.000000000000000000e+00 1.134921387088628990e+03 0.000000000000000000e+00 -6.608230841259153721e+00
2.225093171556767890e-01 3.462488761056717067e+03 0.000000000000000000e+00 1.066996788873347668e+03 0.000000000000000000e+00 8.472447351313016384e+01
2.275289586476768322e-01 3.354354201744987222e+03 0.000000000000000000e+00 1.010792667993265013e+03 0.000000000000000000e+00 9.415008418796877265e+01
2.325285406108919262e-01 3.276463136448802288e+03 0.000000000000000000e+00 9.662747894420898547e+02 0.000000000000000000e+00 1.176476065523075043e+01
2.375276552426477672e-01 3.195594023554227533e+03 0.000000000000000000e+00 9.372647565477236640e+02 0.000000000000000000e+00 1.747810863069080654e+02
2.424991024241769377e-01 3.110666013877399564e+03 0.000000000000000000e+00 8.221910759205172781e+02 0.000000000000000000e+00 7.602194405989904702e+00
2.474998551644826128e-01 3.055957220621197393e+03 0.000000000000000000e+00 8.765199487672109626e+02 0.000000000000000000e+00 1.528886487351905146e+02
2.525200307756395035e-01 3.000272193009588591e+03 0.000000000000000000e+00 8.552772656974946131e+02 0.000000000000000000e+00 9.099931951747603875e+01
2.575182250600202005e-01 2.927757275910885710e+03 0.000000000000000000e+00 8.248255122569107698e+02 0.000000000000000000e+00 -2.637192273303032408e+01
2.625255687975799335e-01 2.836994351571860534e+03 0.000000000000000000e+00 7.908208478347692107e+02 0.000000000000000000e+00 2.872075048496605376e+01
2.675305520911575030e-01 2.798450836083456124e+03 0.000000000000000000e+00 7.415695447453086899e+02 0.000000000000000000e+00 2.044148321964623261e+00
2.725404586615198799e-01 2.714309832337229636e+03 0.000000000000000000e+00 6.815723277093139814e+02 0.000000000000000000e+00 8.939889987835192642e+01
2.775333197047151201e-01 2.675619200248145262e+03 0.000000000000000000e+00 6.633303693747253647e+02 0.000000000000000000e+00 6.445316256106701758e+01
2.825123907298719983e-01 2.625957191378990956e+03 0.000000000000000000e+00 6.261377138269623401e+02 0.000000000000000000e+00 2.150215834002346682e+01
2.875104651677040102e-01 2.567227351082168298e+03 0.000000000000000000e+00 5.884374162037923952e+02 0.000000000000000000e+00 -7.787196538019536263e+00
2.924971317655564174e-01 2.537000682009964294e+03 0.000000000000000000e+00 6.040998740015489830e+02 0.000000000000000000e+00 -3.892853055751424307e+01
2.975058823671092867e-01 2.478129295799662486e+03 0.000000000000000000e+00 5.913175561673031098e+02 0.000000000000000000e+00 7.863477377675161506e+01
3.025121359101998753e-01 2.429535082789330318e+03 0.000000000000000000e+00 5.300177683628031673e+02 0.000000000000000000e+00 1.446559271108036882e+01
3.075010376196579687e-01 2.396621915660762170e+03 0.000000000000000000e+00 5.166829492605946825e+02 0.000000000000000000e+00 1.291223023462402786e+01
3.125134169243361515e-01 2.357058033380253619e+03 0.000000000000000000e+00 4.945866478986527568e+02 0.000000000000000000e+00 -1.483212472350693822e+01
3.175159688234982513e-01 2.302023558074879020e+03 0.000000000000000000e+00 4.516071951351298139e+02 0.000000000000000000e+00 -1.154949479816486679e+01
3.225221380836135188e-01 2.278912592033226701e+03 0.000000000000000000e+00 4.393582027562771941e+02 0.000000000000000000e+00 2.298990230319048678e+01
3.275181733526948968e-01 2.242922028878193487e+03 0.000000000000000000e+00 4.388218437615697667e+02 0.000000000000000000e+00 -4.026702147352832384e+01
3.325123842131759710e-01 2.203836216942277588e+03 0.000000000000000000e+00 3.903422436108418196e+02 0.000000000000000000e+00 3.267948575393401711e+01
3.374959366892091861e-01 2.173287040605402581e+03 0.000000000000000000e+00 4.154387765826998020e+02 0.000000000000000000e+00 1.346894488140700119e+01
3.424919221947719805e-01 2.142482260873913674e+03 0.000000000000000000e+00 3.824225554009117900e+02 0.000000000000000000e+00 -2.132401511805248973e+01
3.475179778446125245e-01 2.109797758682654148e+03 0.000000000000000000e+00 3.740054889404384539e+02 0.000000000000000000e+00 2.946919822262880828e+01
3.525052850529177828e-01 2.080194028420884479e+03 0.000000000000000000e+00 3.534017563467986633e+02 0.000000000000000000e+00 -4.822587418170206064e+01
3.575133254796376558e-01 2.055028443102298752e+03 0.000000000000000000e+00 3.440873144223620557e+02 0.000000000000000000e+00 2.362368265744878215e+01
3.625250227669692404e-01 2.025656617979219845e+03 0.000000000000000000e+00 3.182765547357325318e+02 0.000000000000000000e+00 -1.266320960698689824e+01
3.675230446100045678e-01 2.000010614643250392e+03 0.000000000000000000e+00 3.042566177489082975e+02 0.000000000000000000e+00 6.891095108953189552e+00
3.725177060730277545e-01 1.963245697295443051e+03 0.000000000000000000e+00 2.845482017267997321e+02 0.000000000000000000e+00 -1.485366516095831813e+01
3.775163034622419089e-01 1.956867929472283322e+03 0.000000000000000000e+00 2.916285779300928880e+02 0.000000000000000000e+00 1.689993173402472593e+01
3.825226892977953153e-01 1.936563891891891899e+03 0.000000000000000000e+00 2.883744594594594446e+02 0.000000000000000000e+00 3.676960472972972838e+01
3.875130067694269043e-01 1.912224236037934816e+03 0.000000000000000000e+00 2.809804004214963129e+02 0.000000000000000000e+00 2.070319085879873811e+01
3.924957861003909865e-01 1.891060663598622796e+03 0.000000000000000000e+00 2.696555852347697737e+02 0.000000000000000000e+00 4.329255302030701813e+01
3.975064703251052212e-01 1.871197075769778849e+03 0.000000000000000000e+00 2.478983210457840585e+02 0.000000000000000000e+00 6.235124837370671713e+01
