3.798113400606732779e-03 1.771563157894736651e+04 0.000000000000000000e+00 8.535909539473683253e+03 0.000000000000000000e+00 -9.318445723684209952e+03
8.299341265228576958e-03 3.189153906250000000e+04 0.000000000000000000e+00 2.281541210937500000e+04 0.000000000000000000e+00 2.632110156250000000e+04
1.293222767532251419e-02 4.176663057324841066e+04 0.000000000000000000e+00 3.599668471337579831e+04 0.000000000000000000e+00 -5.531528662420382148e+01
1.764839556552980082e-02 4.050595890410958964e+04 0.000000000000000000e+00 2.491304280821917564e+04 0.000000000000000000e+00 4.619472923801369575e+02
2.256548662787912635e-02 3.954251039697542728e+04 0.000000000000000000e+00 2.496956710775047395e+04 0.000000000000000000e+00 -7.833394139886579069e+03
2.777643688250242340e-02 3.357330975609755842e+04 0.000000000000000000e+00 2.258131707317073233e+04 0.000000000000000000e+00 1.250055731707317136e+04
3.269804980233311648e-02 2.928098800000000119e+04 0.000000000000000000e+00 1.792006400000000212e+04 0.000000000000000000e+00 1.051568749999999994e+02
3.761648458559932462e-02 2.524613890761969014e+04 0.000000000000000000e+00 1.333566284558327607e+04 0.000000000000000000e+00 2.692548213081591257e+03
4.263843696389812976e-02 2.271153794642856883e+04 0.000000000000000000e+00 1.062144419642857065e+04 0.000000000000000000e+00 1.735979352678571388e+02
4.756514582339458480e-02 1.978140776275621465e+04 0.000000000000000000e+00 8.355239424334931755e+03 0.000000000000000000e+00 -2.039663977322285291e+03
5.262096060748640974e-02 1.883949719101123628e+04 0.000000000000000000e+00 1.085794592696629115e+04 0.000000000000000000e+00 3.566258075842696599e+03
5.756031740041873956e-02 1.816338737623762427e+04 0.000000000000000000e+00 1.029853341584158443e+04 0.000000000000000000e+00 4.443617342202970235e+02
6.254738279606215923e-02 1.677514054451802804e+04 0.000000000000000000e+00 8.419472160902623727e+03 0.000000000000000000e+00 -3.279367181751287603e+02
6.757793472572401483e-02 1.575238488576449890e+04 0.000000000000000000e+00 7.579742530755711414e+03 0.000000000000000000e+00 -3.716906030316343958e+02
7.255917516659465827e-02 1.500075878742793429e+04 0.000000000000000000e+00 7.935771619862376610e+03 0.000000000000000000e+00 1.245224474614097062e+03
7.753384299139773339e-02 1.374542484097757006e+04 0.000000000000000000e+00 7.121600937395380242e+03 0.000000000000000000e+00 1.157702042182792184e+03
8.251793356505521260e-02 1.254304357798165256e+04 0.000000000000000000e+00 6.209023509174312494e+03 0.000000000000000000e+00 4.866416284403670147e+02
8.752751931716111489e-02 1.139157807438123746e+04 0.000000000000000000e+00 5.839028119735648943e+03 0.000000000000000000e+00 8.453744978618634605e+02
9.254701955136974967e-02 1.062005469462169458e+04 0.000000000000000000e+00 5.293142206016408636e+03 0.000000000000000000e+00 5.868147789425706833e+02
9.754963178921903511e-02 9.684698838061342030e+03 0.000000000000000000e+00 5.195281063540249306e+03 0.000000000000000000e+00 1.428639484978540850e+03
1.025319613041059119e-01 9.180803001876172857e+03 0.000000000000000000e+00 4.554933583489681041e+03 0.000000000000000000e+00 4.870470450281425769e+02
1.075116003998943526e-01 8.659204686423156090e+03 0.000000000000000000e+00 4.106197450034458598e+03 0.000000000000000000e+00 -3.354335372157132724e+02
1.125102861506304813e-01 8.193200896653012023e+03 0.000000000000000000e+00 4.054805287160856551e+03 0.000000000000000000e+00 8.573157609955941325e+02
1.175500852175193622e-01 7.769966718816669527e+03 0.000000000000000000e+00 3.479388991608590459e+03 0.000000000000000000e+00 3.452034916797042001e+02
1.225369446564099490e-01 7.674774710360808058e+03 0.000000000000000000e+00 3.604706785832505830e+03 0.000000000000000000e+00 1.974447699437272661e+02
1.275260957852891452e-01 7.218997332039776666e+03 0.000000000000000000e+00 3.033426146010186585e+03 0.000000000000000000e+00 7.394528862478777000e+02
1.325302087090364789e-01 6.915649177936142223e+03 0.000000000000000000e+00 3.210007968127490130e+03 0.000000000000000000e+00 -1.093190547668480974e+02
1.375062694904859717e-01 6.659096092925025914e+03 0.000000000000000000e+00 2.859673072861668516e+03 0.000000000000000000e+00 5.926365892291446471e+02
1.425134422753508989e-01 6.385104626607793762e+03 0.000000000000000000e+00 2.791101938951814191e+03 0.000000000000000000e+00 -4.490047873872143924e+01
1.475259222195813014e-01 5.993069752608319504e+03 0.000000000000000000e+00 2.529945418925691229e+03 0.000000000000000000e+00 4.793646065879994467e+01
1.525299430011916868e-01 5.657926952992897895e+03 0.000000000000000000e+00 2.419767500845451195e+03 0.000000000000000000e+00 2.849354920527561603e+02
1.574945685492469272e-01 5.415499818012698597e+03 0.000000000000000000e+00 2.151212844259311623e+03 0.000000000000000000e+00 2.096634498726088580e+01
1.625189323163163113e-01 5.240419270072992731e+03 0.000000000000000000e+00 2.080974890510949081e+03 0.000000000000000000e+00 1.861934671532847005e+02
1.675461007718098694e-01 5.081941913439634845e+03 0.000000000000000000e+00 2.049219248291571603e+03 0.000000000000000000e+00 9.740557374715261574e+01
1.725292014006662711e-01 4.892390941754293635e+03 0.000000000000000000e+00 1.923137422948874473e+03 0.000000000000000000e+00 3.241731548933645399e+02
1.775301965061671094e-01 4.735476022211004420e+03 0.000000000000000000e+00 1.788713528520949012e+03 0.000000000000000000e+00 1.128895207597173140e+02
1.825147654490652804e-01 4.585398918727289129e+03 0.000000000000000000e+00 1.765629826582764736e+03 0.000000000000000000e+00 4.383234733670123262e+01
1.875360723572403465e-01 4.463120446927374360e+03 0.000000000000000000e+00 1.772063128491620091e+03 0.000000000000000000e+00 3.370571508379888428e+02
1.925323683450522461e-01 4.291515904466102256e+03 0.000000000000000000e+00 1.631859483774231421e+03 0.000000000000000000e+00 5.773531380529077950e+01
1.975198663583639380e-01 4.146891615024661405e+03 0.000000000000000000e+00 1.538246111040849883e+03 0.000000000000000000e+00 1.959377513595548237e+02
2.025153694923672032e-01 4.027010325195406949e+03 0.000000000000000000e+00 1.446193862781047983e+03 0.000000000000000000e+00 1.629864783363890979e+02
2.075088499274508613e-01 3.956262245528865151e+03 0.000000000000000000e+00 1.377925210103276868e+03 0.000000000000000000e+00 1.812589365453754340e+02
2.125178062418619784e-01 3.838668528539012186e+03 0.000000000000000000e+00 1.354921539535695729e+03 0.000000000000000000e+00 2.967887938558212682e+02
2.175004174234404231e-01 3.690345257133238192e+03 0.000000000000000000e+00 1.258090143927278859e+03 0.000000000000000000e+00 2.465361501557107999e+02
2.225093171556767890e-01 3.613053170741317444e+03 0.000000000000000000e+00 1.295926715391737844e+03 0.000000000000000000e+00 2.038573117156872456e+02
2.275289586476768322e-01 3.513096586560538981e+03 0.000000000000000000e+00 1.209962727690188331e+03 0.000000000000000000e+00 7.831890019898975197e+01
2.325285406108919262e-01 3.405813908646062828e+03 0.000000000000000000e+00 1.178251723573390564e+03 0.000000000000000000e+00 2.393253597220453912e+02
2.375276552426477672e-01 3.311674318860959829e+03 0.000000000000000000e+00 1.089361434346985334e+03 0.000000000000000000e+00 1.168372561082791350e+02
2.424991024241769377e-01 3.242030894940320650e+03 0.000000000000000000e+00 1.006046156703189126e+03 0.000000000000000000e+00 -4.944901385207570499e+00
2.474998551644826128e-01 3.171619852705731773e+03 0.000000000000000000e+00 1.033181043868075676e+03 0.000000000000000000e+00 1.289575888568683979e+02
2.525200307756395035e-01 3.105889019486545294e+03 0.000000000000000000e+00 9.369651716671822896e+02 0.000000000000000000e+00 6.812550262913703136e+01
2.575182250600202005e-01 3.032642455852767853e+03 0.000000000000000000e+00 9.598104463154757013e+02 0.000000000000000000e+00 1.114320020862826937e+02
2.625255687975799335e-01 2.966178581616934025e+03 0.000000000000000000e+00 7.893013636104295756e+02 0.000000000000000000e+00 2.483044552690135021e+01
2.675305520911575030e-01 2.911267173886027194e+03 0.000000000000000000e+00 8.486617969925849820e+02 0.000000000000000000e+00 -6.461761350298946383e+00
2.725404586615198799e-01 2.857184746390225882e+03 0.000000000000000000e+00 7.696009943407203764e+02 0.000000000000000000e+00 1.172909339133654072e+01
2.775333197047151201e-01 2.788020575387080953e+03 0.000000000000000000e+00 7.438108925478842366e+02 0.000000000000000000e+00 3.314380153539948992e+01
2.825123907298719983e-01 2.736435348607422839e+03 0.000000000000000000e+00 7.113194096214414230e+02 0.000000000000000000e+00 4.614454702649292983e+01
2.875104651677040102e-01 2.703439762497605898e+03 0.000000000000000000e+00 7.199261635701972182e+02 0.000000000000000000e+00 6.503450009576708624e+01
2.924971317655564174e-01 2.626281751031684507e+03 0.000000000000000000e+00 6.824367869239038100e+02 0.000000000000000000e+00 1.474830653458021601e+01
2.975058823671092867e-01 2.595857916703667343e+03 0.000000000000000000e+00 6.156545155847614978e+02 0.000000000000000000e+00 6.134699405026196217e+01
3.025121359101998753e-01 2.543733517789978578e+03 0.000000000000000000e+00 6.159649820587090971e+02 0.000000000000000000e+00 -1.750784661277074150e+01
3.075010376196579687e-01 2.497968793436798023e+03 0.000000000000000000e+00 5.448723206354183048e+02 0.000000000000000000e+00 4.398266708470502806e+01
3.125134169243361515e-01 2.437433340036195659e+03 0.000000000000000000e+00 4.998069575708827870e+02 0.000000000000000000e+00 4.606565689096119298e-01
3.175159688234982513e-01 2.409302826379542239e+03 0.000000000000000000e+00 5.567160161507401881e+02 0.000000000000000000e+00 6.965594330540028523e+00
3.225221380836135188e-01 2.367374136303568321e+03 0.000000000000000000e+00 5.371918066830281759e+02 0.000000000000000000e+00 4.873078157447611858e+01
3.275181733526948968e-01 2.340536838208071003e+03 0.000000000000000000e+00 5.135671603109959733e+02 0.000000000000000000e+00 -6.805087004813032081e+01
3.325123842131759710e-01 2.294282039193360561e+03 0.000000000000000000e+00 4.627983667950576887e+02 0.000000000000000000e+00 2.027593024186733572e+01
3.374959366892091861e-01 2.261640472269908514e+03 0.000000000000000000e+00 4.326470938583890984e+02 0.000000000000000000e+00 -2.174469659811512656e+01
3.424919221947719805e-01 2.221534440657060259e+03 0.000000000000000000e+00 4.465519339272767070e+02 0.000000000000000000e+00 -2.346116727366675292e+01
3.475179778446125245e-01 2.187117456790930191e+03 0.000000000000000000e+00 3.872379847747247368e+02 0.000000000000000000e+00 8.631455835266441667e+00
3.525052850529177828e-01 2.170977997764649444e+03 0.000000000000000000e+00 3.696509021235829664e+02 0.000000000000000000e+00 -3.612530336899249761e+01
3.575133254796376558e-01 2.144439760559817842e+03 0.000000000000000000e+00 3.650171455725793521e+02 0.000000000000000000e+00 4.535932122847222558e+01
3.625250227669692404e-01 2.110752958891733215e+03 0.000000000000000000e+00 3.875940370426140476e+02 0.000000000000000000e+00 -1.047186700045173779e+01
3.675230446100045678e-01 2.078680284904023665e+03 0.000000000000000000e+00 3.826547397735640175e+02 0.000000000000000000e+00 2.689262333326043120e+01
3.725177060730277545e-01 2.049950025730459402e+03 0.000000000000000000e+00 3.500999199496826577e+02 0.000000000000000000e+00 2.369554791583281173e+01
3.775163034622419089e-01 2.032437674543686853e+03 0.000000000000000000e+00 3.447477261913791722e+02 0.000000000000000000e+00 6.803774108577378854e+00
3.825226892977953153e-01 2.009064000000000078e+03 0.000000000000000000e+00 3.399442972972972825e+02 0.000000000000000000e+00 2.129449324324324166e+01
3.875130067694269043e-01 1.987556375131717687e+03 0.000000000000000000e+00 3.149813224446786535e+02 0.000000000000000000e+00 1.396986301369863170e+01
3.924957861003909865e-01 1.963000675827889381e+03 0.000000000000000000e+00 3.123246033533936270e+02 0.000000000000000000e+00 6.512646348920284822e+01
3.975064703251052212e-01 1.953182182020940672e+03 0.000000000000000000e+00 3.043577721330772761e+02 0.000000000000000000e+00 6.589434359705099098e+01
