3.798113400606732779e-03 8.548576842105262913e+05 0.000000000000000000e+00 -2.813765789473684272e+05 0.000000000000000000e+00 -1.875380000000000000e+06 5.360323705263157934e+07 0.000000000000000000e+00 1.160128134736842066e+08 0.000000000000000000e+00 -3.050345094736842066e+07
8.299341265228576958e-03 7.030062500000000000e+05 0.000000000000000000e+00 1.104198250000000000e+06 0.000000000000000000e+00 1.447780750000000000e+06 3.186291000000000000e+07 0.000000000000000000e+00 8.115569600000000000e+07 0.000000000000000000e+00 3.814567200000000000e+07
1.293222767532251419e-02 6.320119235668790061e+05 0.000000000000000000e+00 2.858175286624204018e+05 0.000000000000000000e+00 5.507053503184713918e+04 1.011173666242038272e+07 0.000000000000000000e+00 1.657357533757961914e+07 0.000000000000000000e+00 -3.023863031847133767e+06
1.764839556552980082e-02 9.176746301369862631e+05 0.000000000000000000e+00 5.972197260273972061e+05 0.000000000000000000e+00 2.717106849315068393e+04 7.430763835616437718e+06 0.000000000000000000e+00 1.609840219178082049e+07 0.000000000000000000e+00 4.347911890410958789e+06
2.256548662787912635e-02 7.946272060491493903e+05 0.000000000000000000e+00 5.680226238185255788e+05 0.000000000000000000e+00 3.139601512287334845e+04 3.709468310018903576e+06 0.000000000000000000e+00 6.873630971644612961e+06 0.000000000000000000e+00 -1.104188007561436621e+06
2.777643688250242340e-02 6.993565658536584815e+05 0.000000000000000000e+00 4.678435121951219626e+05 0.000000000000000000e+00 2.333399609756097489e+05 2.210937600000000093e+06 0.000000000000000000e+00 4.257654321951219812e+06 0.000000000000000000e+00 1.780734829268292815e+05
3.269804980233311648e-02 6.250236160000000382e+05 0.000000000000000000e+00 3.443280640000000130e+05 0.000000000000000000e+00 8.440625600000000850e+04 1.323567232000000076e+06 0.000000000000000000e+00 2.310860032000000123e+06 0.000000000000000000e+00 -2.590573280000000086e+05
3.761648458559932462e-02 5.124436412677005865e+05 0.000000000000000000e+00 2.887866001348617719e+05 0.000000000000000000e+00 2.996567093728927830e+03 9.680241240728253033e+05 0.000000000000000000e+00 1.782763803101820638e+06 0.000000000000000000e+00 -7.500819959541469871e+03
4.263843696389812976e-02 4.743240714285714203e+05 0.000000000000000000e+00 3.009598571428571013e+05 0.000000000000000000e+00 -4.737714285714285325e+03 6.793056428571428405e+05 0.000000000000000000e+00 1.185932642857142724e+06 0.000000000000000000e+00 2.433984151785714130e+04
4.756514582339458480e-02 4.212477767117313924e+05 0.000000000000000000e+00 2.529097461840383767e+05 0.000000000000000000e+00 -2.926884605320540868e+04 5.332635743567378959e+05 0.000000000000000000e+00 9.208954696903619915e+05 0.000000000000000000e+00 -8.521021543829045550e+04
5.262096060748640974e-02 3.743233483146067592e+05 0.000000000000000000e+00 2.176372584269662912e+05 0.000000000000000000e+00 1.184213623595505669e+04 3.869604494382022531e+05 0.000000000000000000e+00 6.595194606741572497e+05 0.000000000000000000e+00 7.079295505617978051e+04
5.756031740041873956e-02 3.600262970297029824e+05 0.000000000000000000e+00 1.887476237623762281e+05 0.000000000000000000e+00 -1.256308292079207968e+04 3.078573861386138597e+05 0.000000000000000000e+00 4.754466138613861403e+05 0.000000000000000000e+00 -4.874318811881187867e+04
6.254738279606215923e-02 3.316036065734608565e+05 0.000000000000000000e+00 1.671243757664949517e+05 0.000000000000000000e+00 -3.052770370370370074e+04 2.616943988226637011e+05 0.000000000000000000e+00 3.875667951925435336e+05 0.000000000000000000e+00 -2.573218346823644606e+04
6.757793472572401483e-02 3.053859824253075640e+05 0.000000000000000000e+00 1.546798875219683687e+05 0.000000000000000000e+00 -1.716930931458699342e+04 2.235233321616871690e+05 0.000000000000000000e+00 3.388199367311071837e+05 0.000000000000000000e+00 9.022159050966607538e+03
7.255917516659465827e-02 2.800815919657801860e+05 0.000000000000000000e+00 1.609335644411381800e+05 0.000000000000000000e+00 1.557742384229124036e+04 1.870209380695555301e+05 0.000000000000000000e+00 2.635930161800260539e+05 0.000000000000000000e+00 9.197516273014692842e+02
7.753384299139773339e-02 2.671760883829930099e+05 0.000000000000000000e+00 1.361455159022430598e+05 0.000000000000000000e+00 -5.363257448945430639e+01 1.649180261131570151e+05 0.000000000000000000e+00 2.237643762972882541e+05 0.000000000000000000e+00 7.293861734181452903e+02
8.251793356505521260e-02 2.379624587155963527e+05 0.000000000000000000e+00 1.167694128440367058e+05 0.000000000000000000e+00 -7.995221330275229775e+03 1.439787798165137647e+05 0.000000000000000000e+00 1.808253027522935881e+05 0.000000000000000000e+00 -7.213862385321101101e+03
8.752751931716111489e-02 2.198104009330050612e+05 0.000000000000000000e+00 1.082797232085007126e+05 0.000000000000000000e+00 -1.773971750680316291e+02 1.249796096928858460e+05 0.000000000000000000e+00 1.491812880653103639e+05 0.000000000000000000e+00 2.083302319554230962e+03
9.254701955136974967e-02 1.944493564266180329e+05 0.000000000000000000e+00 8.958459070191430510e+04 0.000000000000000000e+00 4.857057885141294719e+03 1.100496554238833196e+05 0.000000000000000000e+00 1.269601312670920597e+05 0.000000000000000000e+00 8.941307201458523195e+03
9.754963178921903511e-02 1.759794728357584099e+05 0.000000000000000000e+00 8.845659541505285597e+04 0.000000000000000000e+00 1.191543850099445262e+04 9.937160682508112222e+04 0.000000000000000000e+00 1.039081436198052979e+05 0.000000000000000000e+00 -8.896991520988171033e+03
1.025319613041059119e-01 1.640532893058161426e+05 0.000000000000000000e+00 7.836212232645403128e+04 0.000000000000000000e+00 2.757845778611632340e+03 9.156873245778611454e+04 0.000000000000000000e+00 9.112190919324578135e+04 0.000000000000000000e+00 -1.001539165103189504e+02
1.075116003998943526e-01 1.545516857339765702e+05 0.000000000000000000e+00 7.075088077188146417e+04 0.000000000000000000e+00 1.680873363197794561e+03 8.551414472777394985e+04 0.000000000000000000e+00 8.225623707787731837e+04 0.000000000000000000e+00 -2.035450206753962675e+03
1.125102861506304813e-01 1.437200562727061915e+05 0.000000000000000000e+00 6.202569622014377819e+04 0.000000000000000000e+00 -1.235869444229728742e+03 8.013624673417329905e+04 0.000000000000000000e+00 7.604655422431784973e+04 0.000000000000000000e+00 5.578657803200124363e+03
1.175500852175193622e-01 1.410261345470061351e+05 0.000000000000000000e+00 6.458302716541032714e+04 0.000000000000000000e+00 2.735700184895463281e+03 7.442627904992178082e+04 0.000000000000000000e+00 6.191903968141089717e+04 0.000000000000000000e+00 3.474068269094012521e+03
1.225369446564099490e-01 1.355440259516716469e+05 0.000000000000000000e+00 6.483305501489573362e+04 0.000000000000000000e+00 1.600871234690499932e+03 7.138668043694141670e+04 0.000000000000000000e+00 5.927095716650116083e+04 0.000000000000000000e+00 2.355071036080767954e+03
1.275260957852891452e-01 1.282039602231384924e+05 0.000000000000000000e+00 5.520034537957797875e+04 0.000000000000000000e+00 5.954889643463497123e+03 6.735791996119329997e+04 0.000000000000000000e+00 5.029905214649526897e+04 0.000000000000000000e+00 2.109186272131942587e+03
1.325302087090364789e-01 1.259604466640480241e+05 0.000000000000000000e+00 4.578520352393243957e+04 0.000000000000000000e+00 -3.892577071993714981e+03 6.390604522754054051e+04 0.000000000000000000e+00 4.598396588294708636e+04 0.000000000000000000e+00 1.589749733460524112e+03
1.375062694904859717e-01 1.180228257655755006e+05 0.000000000000000000e+00 4.870027961985216098e+04 0.000000000000000000e+00 8.062862935586061212e+03 6.109096008447729400e+04 0.000000000000000000e+00 4.127371151003168052e+04 0.000000000000000000e+00 7.783218585005279238e+03
1.425134422753508989e-01 1.123635922441927396e+05 0.000000000000000000e+00 5.027333922057976451e+04 0.000000000000000000e+00 1.688806680744864707e+03 5.811945171818006929e+04 0.000000000000000000e+00 3.934425801497408247e+04 0.000000000000000000e+00 3.458749472067575425e+03
1.475259222195813014e-01 1.051901772290309309e+05 0.000000000000000000e+00 4.230089461934484279e+04 0.000000000000000000e+00 6.103726639026835073e+03 5.618809859219098871e+04 0.000000000000000000e+00 3.403232147250444541e+04 0.000000000000000000e+00 2.333177092350448675e+03
1.525299430011916868e-01 1.000941602975989081e+05 0.000000000000000000e+00 4.117116537030774634e+04 0.000000000000000000e+00 4.326926614812309708e+03 5.421739871491376107e+04 0.000000000000000000e+00 3.241717686844775017e+04 0.000000000000000000e+00 3.928311126141359182e+03
1.574945685492469272e-01 9.593477575120312395e+04 0.000000000000000000e+00 4.135039042342378525e+04 0.000000000000000000e+00 1.868354268613256636e+03 5.189613944271444052e+04 0.000000000000000000e+00 2.935037359970881880e+04 0.000000000000000000e+00 2.213504428357665347e+03
1.625189323163163113e-01 9.070805021897811093e+04 0.000000000000000000e+00 3.364642335766423639e+04 0.000000000000000000e+00 -1.199839562043795695e+03 4.977077722627737967e+04 0.000000000000000000e+00 2.741751824817518354e+04 0.000000000000000000e+00 2.018754452554744603e+03
1.675461007718098694e-01 8.700877448747152812e+04 0.000000000000000000e+00 3.334915717539862817e+04 0.000000000000000000e+00 -5.065349658314350563e+03 4.802690660592255153e+04 0.000000000000000000e+00 2.499350797266514564e+04 0.000000000000000000e+00 1.969504271070615005e+03
1.725292014006662711e-01 8.345687760820121912e+04 0.000000000000000000e+00 3.394700121963279526e+04 0.000000000000000000e+00 6.894194152355210463e+03 4.727674536045093555e+04 0.000000000000000000e+00 2.367054883475623865e+04 0.000000000000000000e+00 1.322303721528166989e+03
1.775301965061671094e-01 8.013223220595659222e+04 0.000000000000000000e+00 3.149084098939929390e+04 0.000000000000000000e+00 3.589510853104492526e+03 4.580188995456839621e+04 0.000000000000000000e+00 2.255320141342756324e+04 0.000000000000000000e+00 9.968626956082786137e+02
1.825147654490652804e-01 7.958173960826022085e+04 0.000000000000000000e+00 2.838393855062187868e+04 0.000000000000000000e+00 -7.916653963189459091e+02 4.425919631303731148e+04 0.000000000000000000e+00 1.975353410735915531e+04 0.000000000000000000e+00 -4.655238707199622183e+01
1.875360723572403465e-01 7.635255776536313351e+04 0.000000000000000000e+00 2.833517050279329487e+04 0.000000000000000000e+00 5.437750614525140008e+03 4.353572469273742900e+04 0.000000000000000000e+00 1.937482368715083794e+04 0.000000000000000000e+00 2.122777430167597686e+03
1.925323683450522461e-01 7.444047895469637297e+04 0.000000000000000000e+00 2.597723979865052752e+04 0.000000000000000000e+00 1.258433115561743534e+03 4.254140387704830209e+04 0.000000000000000000e+00 1.886352190210988556e+04 0.000000000000000000e+00 3.226416407839777207e+02
1.975198663583639380e-01 7.154100822056405013e+04 0.000000000000000000e+00 2.560958178828885502e+04 0.000000000000000000e+00 4.814176400657644990e+03 4.098215515366131149e+04 0.000000000000000000e+00 1.714404674339192934e+04 0.000000000000000000e+00 2.907228531680788819e+03
2.025153694923672032e-01 6.951114542121007980e+04 0.000000000000000000e+00 2.421446144938724319e+04 0.000000000000000000e+00 1.844524558525523616e+03 4.050269613046415179e+04 0.000000000000000000e+00 1.635044678181993731e+04 0.000000000000000000e+00 1.388549647785390334e+03
2.075088499274508613e-01 6.676393707206485851e+04 0.000000000000000000e+00 2.442856360347157170e+04 0.000000000000000000e+00 2.145132336440037761e+03 3.968680317845611717e+04 0.000000000000000000e+00 1.584001538849069220e+04 0.000000000000000000e+00 6.203637820879800984e+02
2.125178062418619784e-01 6.446880083784255839e+04 0.000000000000000000e+00 2.069971722813754604e+04 0.000000000000000000e+00 3.368155699074882250e+03 3.868900261825798952e+04 0.000000000000000000e+00 1.396847058823529551e+04 0.000000000000000000e+00 1.197235032291848484e+03
2.175004174234404231e-01 6.193827455601380643e+04 0.000000000000000000e+00 1.998238801447689548e+04 0.000000000000000000e+00 2.270330780237353792e+03 3.757144752125241939e+04 0.000000000000000000e+00 1.390427607103779155e+04 0.000000000000000000e+00 1.828657520410739835e+03
2.225093171556767890e-01 6.120565063730029215e+04 0.000000000000000000e+00 2.077729280353026843e+04 0.000000000000000000e+00 3.839770847698036050e+03 3.737881160733634169e+04 0.000000000000000000e+00 1.313132459959417611e+04 0.000000000000000000e+00 1.380524103150056135e+03
2.275289586476768322e-01 5.922977131486300641e+04 0.000000000000000000e+00 1.853979121383744132e+04 0.000000000000000000e+00 2.022814174192560870e+02 3.639703903260370862e+04 0.000000000000000000e+00 1.236067717740701119e+04 0.000000000000000000e+00 1.489839181846012650e+02
2.325285406108919262e-01 5.720781096174485720e+04 0.000000000000000000e+00 1.890338078693176794e+04 0.000000000000000000e+00 1.069039783166281723e+03 3.582469532315864490e+04 0.000000000000000000e+00 1.169090455314427163e+04 0.000000000000000000e+00 1.164139995998035374e+03
2.375276552426477672e-01 5.584846320970293891e+04 0.000000000000000000e+00 1.754823076111794580e+04 0.000000000000000000e+00 1.754936473896994357e+03 3.520577113728247787e+04 0.000000000000000000e+00 1.165275753207945127e+04 0.000000000000000000e+00 9.787405167867815408e+02
2.424991024241769377e-01 5.471607245960866567e+04 0.000000000000000000e+00 1.685160204615670227e+04 0.000000000000000000e+00 8.941178734826870595e+02 3.446838404267891019e+04 0.000000000000000000e+00 1.039964938463356521e+04 0.000000000000000000e+00 1.011785862610369236e+03
2.474998551644826128e-01 5.316289618956131744e+04 0.000000000000000000e+00 1.698043266090297766e+04 0.000000000000000000e+00 3.870834197886647416e+03 3.423490746077489894e+04 0.000000000000000000e+00 1.028815062439961548e+04 0.000000000000000000e+00 7.799266730707653323e+02
2.525200307756395035e-01 5.157789099907207128e+04 0.000000000000000000e+00 1.452457036807918485e+04 0.000000000000000000e+00 2.674622022888957531e+02 3.370073318898856087e+04 0.000000000000000000e+00 9.903140859882461882e+03 0.000000000000000000e+00 5.294723785957315840e+02
2.575182250600202005e-01 5.040990018627524114e+04 0.000000000000000000e+00 1.430111163102600403e+04 0.000000000000000000e+00 9.417283361895537155e+02 3.300066415319275984e+04 0.000000000000000000e+00 9.614385097980775754e+03 0.000000000000000000e+00 -1.275870054392370179e+02
2.625255687975799335e-01 4.961052364922690322e+04 0.000000000000000000e+00 1.280091744166143690e+04 0.000000000000000000e+00 1.204357619672505280e+03 3.262852695840703018e+04 0.000000000000000000e+00 8.785733553945341555e+03 0.000000000000000000e+00 3.054098818965025544e+02
2.675305520911575030e-01 4.878637257149169454e+04 0.000000000000000000e+00 1.319310321591803404e+04 0.000000000000000000e+00 5.566628464119522732e+02 3.224540594578920354e+04 0.000000000000000000e+00 8.661705085541485460e+03 0.000000000000000000e+00 -6.746278565609421776e+02
2.725404586615198799e-01 4.703043063415666256e+04 0.000000000000000000e+00 1.213471835828000076e+04 0.000000000000000000e+00 1.143621542285925727e+02 3.184829830221610973e+04 0.000000000000000000e+00 8.744524250277674582e+03 0.000000000000000000e+00 -2.768136404506267354e+02
2.775333197047151201e-01 4.597172259415307053e+04 0.000000000000000000e+00 1.218520495256804497e+04 0.000000000000000000e+00 6.299701191614753952e+02 3.130684395274898270e+04 0.000000000000000000e+00 7.805362214697443051e+03 0.000000000000000000e+00 -1.709838317781166666e+02
2.825123907298719983e-01 4.478522462792565057e+04 0.000000000000000000e+00 1.153297153090841675e+04 0.000000000000000000e+00 7.886378064595813839e+02 3.076001650095720470e+04 0.000000000000000000e+00 8.187826344716852873e+03 0.000000000000000000e+00 2.024593713332921823e+02
2.875104651677040102e-01 4.405333537636468100e+04 0.000000000000000000e+00 1.049577628806741996e+04 0.000000000000000000e+00 1.032564738555832264e+03 3.016140662708293166e+04 0.000000000000000000e+00 7.484923194790269918e+03 0.000000000000000000e+00 5.766784140969162991e+02
2.924971317655564174e-01 4.339777493671178672e+04 0.000000000000000000e+00 1.054410005895340328e+04 0.000000000000000000e+00 -3.879272214451675609e+02 3.011010276387427803e+04 0.000000000000000000e+00 7.009416361303447957e+03 0.000000000000000000e+00 -1.304514813487613992e+03
2.975058823671092867e-01 4.212411118017938134e+04 0.000000000000000000e+00 1.029504093774975627e+04 0.000000000000000000e+00 9.537316401740520178e+02 2.969408755883136473e+04 0.000000000000000000e+00 7.117339490276173819e+03 0.000000000000000000e+00 9.578868439747802199e+01
3.025121359101998753e-01 4.106266672430936887e+04 0.000000000000000000e+00 8.952005879555574211e+03 0.000000000000000000e+00 -3.497739181185422126e+02 2.940726540140936413e+04 0.000000000000000000e+00 6.711723660887985716e+03 0.000000000000000000e+00 -4.628122000778176357e+02
3.075010376196579687e-01 4.047234655379631295e+04 0.000000000000000000e+00 9.120568866593510393e+03 0.000000000000000000e+00 7.810218111511732104e+02 2.896485693682395504e+04 0.000000000000000000e+00 6.120707571719705811e+03 0.000000000000000000e+00 -3.938162094372158890e+02
3.125134169243361515e-01 3.951795503720088891e+04 0.000000000000000000e+00 8.514438769354514079e+03 0.000000000000000000e+00 1.921160024130303782e+03 2.859837619143374468e+04 0.000000000000000000e+00 6.134217253167102172e+03 0.000000000000000000e+00 -3.475784033782425126e+02
3.175159688234982513e-01 3.938145950034875568e+04 0.000000000000000000e+00 8.469110550048628284e+03 0.000000000000000000e+00 5.764585081195783687e+02 2.837560978868465827e+04 0.000000000000000000e+00 6.207695690188719709e+03 0.000000000000000000e+00 -2.863732942991030654e+02
3.225221380836135188e-01 3.812181446101567417e+04 0.000000000000000000e+00 7.727632093637908838e+03 0.000000000000000000e+00 4.489703983386822870e+02 2.806271565036813627e+04 0.000000000000000000e+00 5.910932829903719721e+03 0.000000000000000000e+00 -7.945394562960166240e+01
3.275181733526948968e-01 3.770992787856349605e+04 0.000000000000000000e+00 7.501910699740837117e+03 0.000000000000000000e+00 -1.587358756016290329e+02 2.774591218067382579e+04 0.000000000000000000e+00 5.496499370603480202e+03 0.000000000000000000e+00 -2.639962051092188062e+02
3.325123842131759710e-01 3.687738331391159591e+04 0.000000000000000000e+00 6.791888913598477302e+03 0.000000000000000000e+00 7.856894241974079023e+02 2.766616095430406494e+04 0.000000000000000000e+00 5.599321668430931823e+03 0.000000000000000000e+00 -8.385921168506543211e+01
3.374959366892091861e-01 3.626533552885121026e+04 0.000000000000000000e+00 6.516918894299828935e+03 0.000000000000000000e+00 -5.822297235749571200e+02 2.724717205619591550e+04 0.000000000000000000e+00 5.515532915250674705e+03 0.000000000000000000e+00 -5.534198927933293817e+02
3.424919221947719805e-01 3.569674206802290428e+04 0.000000000000000000e+00 6.174224637258415896e+03 0.000000000000000000e+00 7.718806890631641409e+02 2.694577456266824447e+04 0.000000000000000000e+00 5.144406503929527389e+03 0.000000000000000000e+00 -8.445702856095142579e+02
3.475179778446125245e-01 3.495118476165582979e+04 0.000000000000000000e+00 5.628808573202208208e+03 0.000000000000000000e+00 1.071146731139935355e+03 2.685428666644885016e+04 0.000000000000000000e+00 4.987282647760315740e+03 0.000000000000000000e+00 1.079544711993988315e+01
3.525052850529177828e-01 3.449531943158230570e+04 0.000000000000000000e+00 5.577325115759221262e+03 0.000000000000000000e+00 -1.036027941880887795e+02 2.656064582468465596e+04 0.000000000000000000e+00 4.924604311033051090e+03 0.000000000000000000e+00 -7.403771355580392992e+02
3.575133254796376558e-01 3.402638722781308024e+04 0.000000000000000000e+00 5.212894206375362955e+03 0.000000000000000000e+00 5.163815407255252694e+02 2.626142342742831897e+04 0.000000000000000000e+00 4.650134604624782696e+03 0.000000000000000000e+00 -5.460074959186332535e+02
3.625250227669692404e-01 3.330116693269085954e+04 0.000000000000000000e+00 4.995549826833307634e+03 0.000000000000000000e+00 6.900148772775183943e+02 2.603583412136726110e+04 0.000000000000000000e+00 4.646184128896250513e+03 0.000000000000000000e+00 -5.066310495407317944e+02
3.675230446100045678e-01 3.286164401577616081e+04 0.000000000000000000e+00 4.699699319817160358e+03 0.000000000000000000e+00 2.828677616662657215e+02 2.585276941583010921e+04 0.000000000000000000e+00 4.408421844585875988e+03 0.000000000000000000e+00 -2.532308320393091776e+02
3.725177060730277545e-01 3.271819863914460802e+04 0.000000000000000000e+00 4.892637886671622255e+03 0.000000000000000000e+00 5.529646063239750902e+02 2.558730722168220018e+04 0.000000000000000000e+00 4.412284750414546579e+03 0.000000000000000000e+00 -1.742974155183258063e+02
3.775163034622419089e-01 3.214107794043621107e+04 0.000000000000000000e+00 4.506647506223236633e+03 0.000000000000000000e+00 6.654834265382254443e+02 2.538398670537370344e+04 0.000000000000000000e+00 4.284664979554685488e+03 0.000000000000000000e+00 -2.606880658663228019e+02
3.825226892977953153e-01 3.159740194594594504e+04 0.000000000000000000e+00 4.692821621621621489e+03 0.000000000000000000e+00 1.473647027027026979e+03 2.527061794594594539e+04 0.000000000000000000e+00 4.184642162162162094e+03 0.000000000000000000e+00 1.611011351351351379e+02
3.875130067694269043e-01 3.124834731296101381e+04 0.000000000000000000e+00 4.217576396206532991e+03 0.000000000000000000e+00 1.241520337197049685e+03 2.504363498419388998e+04 0.000000000000000000e+00 4.197761433087460318e+03 0.000000000000000000e+00 -3.009825605900948631e+02
3.924957861003909865e-01 3.080853268110578574e+04 0.000000000000000000e+00 3.580653866700994513e+03 0.000000000000000000e+00 1.815263514948669354e+03 2.481761199755414782e+04 0.000000000000000000e+00 3.967997116467673095e+03 0.000000000000000000e+00 1.049431596562932469e+02
3.975064703251052212e-01 3.037938883588377576e+04 0.000000000000000000e+00 3.444339557648225309e+03 0.000000000000000000e+00 1.908076079548974803e+03 2.469851235982900835e+04 0.000000000000000000e+00 3.928062747041695275e+03 0.000000000000000000e+00 4.993162753237098173e+02
