3.798113400606732779e-03 8.994654605263157395e-05 -2.994452631578947417e+06 -3.276624177631578833e-04 -3.975460631578946952e+06 4.320646587171052375e-04
8.299341265228576958e-03 -7.057189941406250000e-05 -1.995956000000000000e+06 1.802444458007812500e-04 7.676243750000000000e+04 -1.971721649169921875e-04
1.293222767532251419e-02 -4.898362858280255045e-05 -1.285333910828025546e+06 1.205152766719745226e-04 3.136150573248408036e+05 -1.836886071855095743e-04
1.764839556552980082e-02 6.061710723458903943e-05 -9.639114520547944121e+05 -1.247876311001712370e-04 -3.705038904109589057e+05 1.778275999304366312e-04
2.256548662787912635e-02 -7.384215500945179784e-06 -6.875166124763705302e+05 1.476843100189035957e-05 -3.135852173913043589e+04 -2.584475425330812797e-05
2.777643688250242340e-02 2.739138719512195183e-05 -5.231798634146341356e+05 -9.051067073170731615e-05 -1.011033268292682915e+05 6.431021341463414925e-05
3.269804980233311648e-02 -1.574707031250000043e-05 -3.892549440000000177e+05 6.280517578124999480e-05 -4.626846399999999994e+04 -8.244323730468750716e-05
3.761648458559932462e-02 1.605105255394470568e-05 -2.920330788941335049e+05 -1.378744257838840229e-05 -4.727838165879972803e+04 2.816136592317093845e-05
4.263843696389812976e-02 -1.158033098493303523e-05 -2.125406964285714203e+05 2.132143293108258977e-05 -2.581189508928571377e+04 -4.099096570696149263e-05
4.756514582339458480e-02 -3.194164304404710071e-07 -1.712304788486698817e+05 -1.650318223942433457e-06 -1.510279459223724371e+04 5.456697353358046569e-07
5.262096060748640974e-02 -5.250566461113061493e-06 -1.344109662921348354e+05 2.752796987469276739e-05 -8.790829353932584127e+03 -2.166394437297006515e-05
5.756031740041873956e-02 -9.517858524133663350e-06 -1.175182178217821784e+05 2.077310392172029854e-05 -1.382221782178217836e+04 -2.275599111424814514e-05
6.254738279606215923e-02 -3.473180340936963168e-06 -1.042870110375275835e+05 1.209624877360804441e-05 -2.775170370370370074e+04 -1.682695992764287175e-05
6.757793472572401483e-02 3.834809904986818412e-06 -7.971084007029877102e+04 4.035936298605008461e-06 -2.171991871704744881e+03 -7.465141309795144271e-06
7.255917516659465827e-02 5.902600195276176787e-07 -7.051476436674725846e+04 2.065910068346661875e-06 -9.490982332155477707e+03 1.532405819927468912e-07
7.753384299139773339e-02 -1.430351837127552878e-07 -5.963136792768664600e+04 -2.962871662621359496e-07 -9.215033143622364150e+03 -2.526103512355624536e-06
8.251793356505521260e-02 3.499722262041284598e-08 -4.967600000000000000e+04 5.249583393061926897e-08 -3.349145068807339612e+03 -6.426365003673309240e-06
8.752751931716111489e-02 -3.147854371841389313e-06 -4.137230944667616859e+04 7.236901382499676854e-06 -5.426899572372683906e+03 -8.757441591008488112e-06
9.254701955136974967e-02 1.641328267433910634e-06 -3.684881312670920306e+04 1.571780459491795674e-06 -5.645871011850501418e+03 1.004965824763559780e-06
9.754963178921903511e-02 -1.405603933319376009e-06 -3.084810049199204514e+04 6.529669181147283192e-06 -6.135316235737464922e+03 -7.162190951141002724e-06
1.025319613041059119e-01 9.619049015009381913e-07 -2.592751369606003573e+04 4.557597033302063733e-06 -3.212836022514071374e+03 1.322619239563789854e-06
1.075116003998943526e-01 2.250434775585803035e-06 -2.342070296347346448e+04 -1.524827301214679474e-06 -3.658008614748449418e+03 7.755587135488455673e-07
1.125102861506304813e-01 -6.274774508193553704e-07 -2.063299497565123238e+04 2.399039727380768451e-06 -3.531829017546572231e+03 -4.023758126823742352e-06
1.175500852175193622e-01 -9.462141987270658531e-07 -1.778365410325700577e+04 1.171916668148200866e-07 -2.857303086331958639e+03 4.980645839629854078e-07
1.225369446564099490e-01 -2.060769923038728975e-06 -1.573257596822244341e+04 3.341679855594174554e-06 -2.430042502482621785e+03 -8.991624061258689319e-06
1.275260957852891452e-01 2.918155511952765047e-06 -1.344203735144312304e+04 -6.762459935593772725e-06 -1.937078704826582452e+03 8.057541792872111391e-06
1.325302087090364789e-01 6.952548520705908326e-07 -1.240285775209023086e+04 -5.736708754769653367e-07 -1.588704225352112644e+03 2.212913996522712050e-06
1.375062694904859717e-01 -1.063442532338965193e-06 -1.084153664202745495e+04 2.478143355662618921e-06 -2.047109609292502682e+03 -3.685795140493004180e-06
1.425134422753508989e-01 -5.858625095987713777e-08 -9.526503359569975146e+03 1.458797648900940723e-06 -1.684005567287387066e+03 9.271274214400556715e-07
1.475259222195813014e-01 1.890924700441933561e-07 -8.553763724998860198e+03 -2.280232727003508063e-07 -1.292324843956444511e+03 1.477980115124834919e-06
1.525299430011916868e-01 6.656691880495434570e-07 -7.898442340209671784e+03 -1.148150343728863640e-06 -1.484826513358133298e+03 1.013339432583171170e-06
1.574945685492469272e-01 4.443049348889876861e-07 -7.013100173898976209e+03 1.629118094592954814e-07 -1.224467019856836487e+03 -2.258550085685687572e-07
1.625189323163163113e-01 8.147302335196169029e-07 -5.968620145985401905e+03 -2.428876222485173360e-06 -8.808581021897811070e+02 6.071007164725422866e-06
1.675461007718098694e-01 -6.690926866813780988e-07 -5.396350797266514746e+03 2.172378852861617259e-06 -9.789482488610477731e+02 -1.898659117401053539e-06
1.725292014006662711e-01 -9.777857381250617882e-07 -5.007399281405544571e+03 1.060273835374295487e-06 -8.207832679566206480e+02 -1.867550640770758699e-06
1.775301965061671094e-01 -2.070065401588528444e-07 -4.373362443210499805e+03 1.303178381883755111e-06 -8.729501514386673762e+02 2.834304663221502811e-07
1.825147654490652804e-01 -8.546977477178056073e-07 -4.032641909657596898e+03 1.339747735346686673e-06 -6.117738781057047390e+02 -1.399702798873305056e-06
1.875360723572403465e-01 2.727828212290503093e-07 -3.374934748603352091e+03 2.049280944483240264e-06 -6.909091620111731800e+02 1.099655748079608890e-07
1.925323683450522461e-01 -2.619872144781012197e-08 -2.980811395523187002e+03 1.095877707968486338e-06 -4.723555745956945202e+02 -1.165581372561234594e-06
1.975198663583639380e-01 2.825201364297458004e-07 -2.865260452763373905e+03 -1.478213282139243528e-06 -6.468318199064119653e+02 7.481766181271341204e-07
2.025153694923672032e-01 -3.408674773684020125e-07 -2.256514715815883392e+03 1.938085602963970709e-06 -5.590716973849272335e+02 -1.304480694302672422e-06
2.075088499274508613e-01 3.735291741925049712e-07 -2.143296159747188995e+03 -6.654689543962823064e-07 -6.781981268176509730e+02 1.747052553616230988e-06
2.125178062418619784e-01 1.025420455413248438e-07 -2.012629603770291624e+03 -1.006110589694427435e-06 -4.470619654389946049e+02 2.502458718543403119e-06
2.175004174234404231e-01 5.182157551316177474e-07 -1.739056645063546966e+03 -2.629607828084231189e-07 -3.160071542799427675e+02 6.919978353453649628e-07
2.225093171556767890e-01 -3.486967418392072652e-08 -1.432896909044345193e+03 4.959910552023206472e-07 -3.398339276215992868e+02 2.153803582136138100e-07
2.275289586476768322e-01 1.938587926201591979e-07 -1.375228685136996774e+03 -1.039363406216516158e-07 -2.703833231287310923e+02 1.828520509307314894e-06
2.325285406108919262e-01 -5.340423509040801772e-07 -1.173418441780510420e+03 1.392840185466047063e-06 -2.139235260946282722e+02 -1.397142501702540398e-06
2.375276552426477672e-01 -3.454617738178942169e-07 -1.075741958164879634e+03 1.995524531991562804e-07 -4.037180523817894482e+02 -1.204288326430392113e-06
2.424991024241769377e-01 1.447746940577887428e-07 -8.475809768203534986e+02 7.921391178428832512e-07 -1.764598450188239553e+02 -1.506287953433105214e-06
2.474998551644826128e-01 1.270038899114183150e-07 -7.182279859109830795e+02 -2.315171895560033505e-07 -1.992938840858149092e+02 1.608886437808478650e-07
2.525200307756395035e-01 -6.654776547517786269e-08 -6.537491493968450413e+02 4.986362710959248362e-07 -8.710973553974636729e+01 -2.699078253979952760e-07
2.575182250600202005e-01 -3.310751341181730089e-07 -5.443589598390582296e+02 -7.822104817077713990e-08 -2.600194322330675618e+02 5.771076170274196697e-07
2.625255687975799335e-01 -1.654116461388143919e-08 -5.021306555599931585e+02 -7.613288660441746917e-07 -1.668727392023734808e+02 -3.362644648479845640e-08
2.675305520911575030e-01 -2.393502488918959767e-07 -3.552996782701150096e+02 5.242107563759130596e-07 -1.445590091271868687e+02 -2.397716401751563573e-07
2.725404586615198799e-01 -2.969923507166657515e-07 -2.421891627439572403e+02 7.235153326562251875e-07 -1.459788438144602480e+02 -1.177276064152000466e-07
2.775333197047151201e-01 4.212367647724041494e-07 -1.747590275803241298e+02 -9.458106385058287615e-07 -4.410406919637087242e+01 6.912148223442306183e-07
2.825123907298719983e-01 -9.800000385969246514e-08 -1.324050886185388833e+02 4.153692471283888217e-07 -1.524753288457975771e+02 -1.058588503230562607e-06
2.875104651677040102e-01 -5.187579120079965243e-08 -7.170081761156866662e+01 -1.625685005940552459e-07 -1.392805137904615833e+02 -9.617114108176414663e-08
2.924971317655564174e-01 8.536977547133824045e-08 -6.555343374677778456e+01 -2.825669014567848075e-07 -1.540294998208278798e+02 1.953450957324526899e-07
2.975058823671092867e-01 2.659210863613910641e-07 -5.432540404937394385e+01 -7.176481801994993270e-07 -4.861810118994760188e+01 1.006223371848047235e-06
3.025121359101998753e-01 -4.477499060210053573e-07 6.048012947991872323e+01 9.979957850040935773e-07 -7.187019043707579158e+01 -6.496290418250433265e-07
3.075010376196579687e-01 -4.497025150885719335e-07 -3.964343157234676340e+01 2.535556734010033197e-07 -2.178416052672832848e+02 -8.341024841031118573e-07
3.125134169243361515e-01 1.864008517086014443e-07 1.035226623768349157e+02 3.045314326268097488e-08 -1.349668409410818413e+02 3.162869595915600435e-07
3.175159688234982513e-01 -3.495740890034482539e-07 1.077853444803568124e+02 7.516142719825426810e-07 -5.380371054415419962e+01 -7.043198358416387570e-07
3.225221380836135188e-01 -1.414397853442986591e-07 1.540891636775533300e+02 3.089494292907542404e-07 -1.363055408721918127e+02 -2.347367516953877284e-07
3.275181733526948968e-01 -6.030639512854035036e-07 1.673722695298037877e+02 7.664702725119168962e-07 -8.345861717882266362e+01 -1.194723355951065628e-06
3.325123842131759710e-01 -7.275332856685377294e-08 2.105373742405508040e+02 -4.370629066889349663e-07 -1.220054795982814113e+02 7.268546165587722723e-07
3.374959366892091861e-01 -9.809717944745647918e-08 2.148414147076341010e+02 -7.123405537533283449e-08 -7.175502750236485383e+01 1.094237951942847265e-07
3.424919221947719805e-01 -1.917696947741043148e-07 2.138959071248197858e+02 -1.197924751175107808e-07 -1.256116894048621191e+02 -3.860191700840806379e-07
3.475179778446125245e-01 8.864650015276836003e-09 2.472285914986767636e+02 -4.214214110953223060e-09 -9.039889567745940724e+01 1.131742389362507237e-07
3.525052850529177828e-01 3.008878251985869154e-08 2.402382404598435244e+02 -2.184786698354921738e-07 -8.841399489062749240e+01 -4.702590438060708570e-07
3.575133254796376558e-01 -2.418558590127307828e-07 2.234338665297269131e+02 7.038145839161576143e-07 -1.071232917659863091e+02 -1.053441320143700528e-06
3.625250227669692404e-01 -3.014535649751543044e-07 2.496519650655021678e+02 9.153894838879685909e-07 -1.136547583195301883e+02 -1.142398723366209810e-06
3.675230446100045678e-01 -2.723174742470966513e-07 2.200417878675210943e+02 2.714275478606682568e-07 -1.636930793400841253e+02 -4.153731408654652327e-07
3.725177060730277545e-01 -1.452677899769140708e-07 2.431728515066613454e+02 1.328349611050160204e-07 -1.875474155183258063e+02 -2.861186539072327513e-07
3.775163034622419089e-01 9.859564494713803785e-08 2.613524661945511411e+02 -1.825166963039647097e-07 -2.090802711331462262e+02 2.830975050154205947e-07
3.825226892977953153e-01 1.783628721494932479e-07 2.648949999999999818e+02 -4.063168087521114868e-07 -1.699587162162162031e+02 3.652572631835937568e-07
3.875130067694269043e-01 -9.345807315677688047e-08 2.469575605900948574e+02 9.375955081212131566e-08 -1.997115911485774689e+02 -1.783491562741825413e-07
3.924957861003909865e-01 -1.979964519035818890e-07 2.416175329063817685e+02 1.461402383097866305e-07 -1.706418176551990484e+02 -7.334511422698162638e-07
3.975064703251052212e-01 2.258307398654339293e-07 2.353628647543522732e+02 -3.883648255479785925e-07 -1.726844557338455104e+02 6.525189037120931477e-07
