3.798113400606732779e-03 6.171987894736841554e+05 0.000000000000000000e+00 -9.869349473684210097e+05 0.000000000000000000e+00 -3.535778947368420777e+05 8.497487494736841321e+07 0.000000000000000000e+00 2.182852715789473653e+08 0.000000000000000000e+00 6.776340210526315868e+07
8.299341265228576958e-03 6.312524375000000000e+05 0.000000000000000000e+00 3.974566562500000000e+05 0.000000000000000000e+00 3.328028125000000000e+04 2.714812400000000000e+07 0.000000000000000000e+00 5.798276800000000000e+07 0.000000000000000000e+00 1.616120700000000000e+07
1.293222767532251419e-02 7.924144713375796564e+05 0.000000000000000000e+00 2.905216305732484325e+05 0.000000000000000000e+00 -3.213961783439490682e+04 1.077278736305732466e+07 0.000000000000000000e+00 1.958193895541401207e+07 0.000000000000000000e+00 -6.918567133757962147e+05
1.764839556552980082e-02 9.293595616438356228e+05 0.000000000000000000e+00 3.334673698630136787e+05 0.000000000000000000e+00 4.065057534246575233e+04 6.678445589041095227e+06 0.000000000000000000e+00 1.309386871232876554e+07 0.000000000000000000e+00 -4.507504657534246217e+05
2.256548662787912635e-02 8.626726956521739485e+05 0.000000000000000000e+00 6.398919017013232224e+05 0.000000000000000000e+00 2.272887712665406434e+04 3.806269217391304672e+06 0.000000000000000000e+00 6.880743803402646445e+06 0.000000000000000000e+00 -1.154300370510397013e+06
2.777643688250242340e-02 6.706730146341463551e+05 0.000000000000000000e+00 4.832277463414634112e+05 0.000000000000000000e+00 2.072492195121951227e+04 2.194717346341463272e+06 0.000000000000000000e+00 4.326320390243902802e+06 0.000000000000000000e+00 -5.022457560975609522e+04
3.269804980233311648e-02 6.320177280000000028e+05 0.000000000000000000e+00 4.230993280000000377e+05 0.000000000000000000e+00 -1.269068320000000094e+05 1.538178688000000082e+06 0.000000000000000000e+00 2.842395648000000045e+06 0.000000000000000000e+00 -4.055795840000000317e+05
3.761648458559932462e-02 5.387899339177343063e+05 0.000000000000000000e+00 3.388679379635872901e+05 0.000000000000000000e+00 -1.460003776129467224e+04 9.759289656102494337e+05 0.000000000000000000e+00 1.889195932569116587e+06 0.000000000000000000e+00 5.669284962913014169e+04
4.263843696389812976e-02 4.380871071428571013e+05 0.000000000000000000e+00 2.975190000000000000e+05 0.000000000000000000e+00 3.198750837053571104e+03 6.652385714285713620e+05 0.000000000000000000e+00 1.150929142857142724e+06 0.000000000000000000e+00 -2.231917678571428405e+05
4.756514582339458480e-02 4.204366262538159499e+05 0.000000000000000000e+00 3.009957679895333713e+05 0.000000000000000000e+00 1.244906846925425270e+04 5.055148713475795812e+05 0.000000000000000000e+00 8.561980846053205896e+05 0.000000000000000000e+00 -8.930290798081117100e+04
5.262096060748640974e-02 3.859557303370786249e+05 0.000000000000000000e+00 2.320604943820224726e+05 0.000000000000000000e+00 3.756717977528089978e+04 3.870493483146067592e+05 0.000000000000000000e+00 6.649476404494381277e+05 0.000000000000000000e+00 2.863429775280898684e+04
5.756031740041873956e-02 3.572742574257425731e+05 0.000000000000000000e+00 2.312657029702970467e+05 0.000000000000000000e+00 -7.975967821782178362e+03 3.252404158415841521e+05 0.000000000000000000e+00 5.526107722772277193e+05 0.000000000000000000e+00 3.246753217821782164e+04
6.254738279606215923e-02 3.340951640912435250e+05 0.000000000000000000e+00 1.883186735344615881e+05 0.000000000000000000e+00 2.759968800588668091e+04 2.632320941869021044e+05 0.000000000000000000e+00 4.079197998528329190e+05 0.000000000000000000e+00 2.238079175864606077e+04
6.757793472572401483e-02 3.112110228471001610e+05 0.000000000000000000e+00 1.736979121265377617e+05 0.000000000000000000e+00 5.604220738137081935e+04 2.258880281195078860e+05 0.000000000000000000e+00 3.328856239015816827e+05 0.000000000000000000e+00 -3.038910588752196873e+03
7.255917516659465827e-02 2.886826825367305428e+05 0.000000000000000000e+00 1.797358527059698827e+05 0.000000000000000000e+00 1.171656313929700627e+04 1.890757106193044456e+05 0.000000000000000000e+00 2.660395372884508106e+05 0.000000000000000000e+00 -1.825712032732006628e+04
7.753384299139773339e-02 2.665225684633411583e+05 0.000000000000000000e+00 1.314834790759960015e+05 0.000000000000000000e+00 -2.794834281888182431e+03 1.614899872782055754e+05 0.000000000000000000e+00 2.178851396049548057e+05 0.000000000000000000e+00 1.089848275862069022e+04
8.251793356505521260e-02 2.436224770642202056e+05 0.000000000000000000e+00 1.264448899082568823e+05 0.000000000000000000e+00 -5.425712155963303303e+03 1.447246330275229411e+05 0.000000000000000000e+00 1.882601284403669706e+05 0.000000000000000000e+00 5.280383027522935663e+03
8.752751931716111489e-02 2.186489298950369412e+05 0.000000000000000000e+00 1.136262236620448384e+05 0.000000000000000000e+00 1.822224595049889831e+04 1.282129739536089182e+05 0.000000000000000000e+00 1.570411714396786410e+05 0.000000000000000000e+00 1.387180717895555426e+04
9.254701955136974967e-02 1.965257538742023753e+05 0.000000000000000000e+00 9.454593983591612778e+04 0.000000000000000000e+00 6.961964448495898239e+01 1.123918249772105773e+05 0.000000000000000000e+00 1.270349389243391051e+05 0.000000000000000000e+00 5.559419325432999358e+03
9.754963178921903511e-02 1.812187635297812230e+05 0.000000000000000000e+00 9.235366816706793907e+04 0.000000000000000000e+00 -5.534656128964722939e+02 1.002374190306709934e+05 0.000000000000000000e+00 1.117762043337171635e+05 0.000000000000000000e+00 1.769007850936878413e+03
1.025319613041059119e-01 1.658169876172607765e+05 0.000000000000000000e+00 7.217189943714821129e+04 0.000000000000000000e+00 -1.180497279549718542e+03 9.281140112570355996e+04 0.000000000000000000e+00 9.592024015009381401e+04 0.000000000000000000e+00 8.424099061913695550e+03
1.075116003998943526e-01 1.538327332873879932e+05 0.000000000000000000e+00 7.127810889042039344e+04 0.000000000000000000e+00 9.806110268780152182e+03 8.688041902136457793e+04 0.000000000000000000e+00 8.639810337698139483e+04 0.000000000000000000e+00 1.819941764300482419e+03
1.125102861506304813e-01 1.469149014454665012e+05 0.000000000000000000e+00 6.324274499497565557e+04 0.000000000000000000e+00 1.551508510473834758e+04 8.116162201437736803e+04 0.000000000000000000e+00 7.530233469892556604e+04 0.000000000000000000e+00 8.541147406663059883e+03
1.175500852175193622e-01 1.406351437917792646e+05 0.000000000000000000e+00 6.910005632200256514e+04 0.000000000000000000e+00 1.238752154743279789e+04 7.545667813966718677e+04 0.000000000000000000e+00 6.198510140805006813e+04 0.000000000000000000e+00 3.785196415872564558e+03
1.225369446564099490e-01 1.377284491228070401e+05 0.000000000000000000e+00 6.813053584905661410e+04 0.000000000000000000e+00 -3.543045084409136507e+03 7.197528553459119576e+04 0.000000000000000000e+00 5.561139437272426585e+04 0.000000000000000000e+00 6.247614035087719913e+02
1.275260957852891452e-01 1.296315110356536461e+05 0.000000000000000000e+00 5.587577589134125446e+04 0.000000000000000000e+00 2.686999272374484462e+03 6.787251224836283654e+04 0.000000000000000000e+00 5.322968712102837890e+04 0.000000000000000000e+00 2.801301964588891678e+03
1.325302087090364789e-01 1.249665989562875184e+05 0.000000000000000000e+00 5.318704539588126499e+04 0.000000000000000000e+00 4.193852196846417428e+03 6.506038673475113319e+04 0.000000000000000000e+00 4.812640547668480576e+04 0.000000000000000000e+00 2.381440098759890134e+03
1.375062694904859717e-01 1.196431138331573311e+05 0.000000000000000000e+00 5.449678057022175199e+04 0.000000000000000000e+00 7.417246040126715343e+03 6.155739640971488552e+04 0.000000000000000000e+00 4.347669355860612268e+04 0.000000000000000000e+00 5.118342133051742167e+03
1.425134422753508989e-01 1.142841574198502640e+05 0.000000000000000000e+00 5.443835208293338655e+04 0.000000000000000000e+00 -1.260135150700710255e+03 5.848200575926281454e+04 0.000000000000000000e+00 4.056199040122864244e+04 0.000000000000000000e+00 3.849558072566711417e+03
1.475259222195813014e-01 1.061748832293042942e+05 0.000000000000000000e+00 4.995704296323294693e+04 0.000000000000000000e+00 8.359192673925919735e+03 5.606326520570413413e+04 0.000000000000000000e+00 3.560135514146430069e+04 0.000000000000000000e+00 2.977886372955487786e+03
1.525299430011916868e-01 1.022656151504903537e+05 0.000000000000000000e+00 4.622244166384849086e+04 0.000000000000000000e+00 8.460453838349678335e+03 5.515235170781196939e+04 0.000000000000000000e+00 3.591385593506932491e+04 0.000000000000000000e+00 5.894197497463645050e+03
1.574945685492469272e-01 9.531506256319003296e+04 0.000000000000000000e+00 4.407949981801269314e+04 0.000000000000000000e+00 2.089682695029724528e+03 5.155648675536861992e+04 0.000000000000000000e+00 2.962067893395882857e+04 0.000000000000000000e+00 1.575873660371253891e+03
1.625189323163163113e-01 9.056762394160585245e+04 0.000000000000000000e+00 3.555612963503650099e+04 0.000000000000000000e+00 6.825229197080292579e+03 5.091117781021898554e+04 0.000000000000000000e+00 3.048364145985401774e+04 0.000000000000000000e+00 4.901131094890511122e+03
1.675461007718098694e-01 8.731035990888382366e+04 0.000000000000000000e+00 3.721211845102505322e+04 0.000000000000000000e+00 -9.898120728929384313e+02 4.832055580865603406e+04 0.000000000000000000e+00 2.551989293849658134e+04 0.000000000000000000e+00 -1.901338268792710551e+03
1.725292014006662711e-01 8.479489257342519704e+04 0.000000000000000000e+00 3.669617008932986209e+04 0.000000000000000000e+00 5.600190921976464779e+03 4.701138701915153797e+04 0.000000000000000000e+00 2.481284873257079016e+04 0.000000000000000000e+00 4.168192240498401588e+03
1.775301965061671094e-01 8.166165774861180398e+04 0.000000000000000000e+00 3.176793134780414039e+04 0.000000000000000000e+00 4.329545179202423242e+03 4.591920848056537216e+04 0.000000000000000000e+00 2.256852700656234083e+04 0.000000000000000000e+00 8.038833922261484304e+02
1.825147654490652804e-01 7.935187733758751710e+04 0.000000000000000000e+00 3.101158013530680546e+04 0.000000000000000000e+00 1.706020384649472589e+03 4.455265585393955553e+04 0.000000000000000000e+00 2.082650831634612405e+04 0.000000000000000000e+00 1.599842831398268800e+03
1.875360723572403465e-01 7.674419486033519206e+04 0.000000000000000000e+00 3.105582837988826941e+04 0.000000000000000000e+00 5.023275977653631344e+03 4.348673787709497265e+04 0.000000000000000000e+00 2.129026502793296095e+04 0.000000000000000000e+00 2.997644022346368729e+03
1.925323683450522461e-01 7.438733640355574607e+04 0.000000000000000000e+00 2.925777444575345362e+04 0.000000000000000000e+00 1.966836885509264221e+03 4.287095555317553954e+04 0.000000000000000000e+00 1.939938738352789733e+04 0.000000000000000000e+00 2.366477455285423275e+03
1.975198663583639380e-01 7.117795897306184634e+04 0.000000000000000000e+00 2.441756944479575031e+04 0.000000000000000000e+00 1.961650183381813349e+03 4.135047203743518185e+04 0.000000000000000000e+00 1.766645898570886493e+04 0.000000000000000000e+00 1.403204249399266473e+03
2.025153694923672032e-01 6.913664382900705095e+04 0.000000000000000000e+00 2.696518614300878471e+04 0.000000000000000000e+00 3.977393804882756285e+03 4.091790253787513211e+04 0.000000000000000000e+00 1.703520602142236748e+04 0.000000000000000000e+00 1.436857763195985854e+03
2.075088499274508613e-01 6.721223751402596827e+04 0.000000000000000000e+00 2.278205225674964095e+04 0.000000000000000000e+00 1.675234147793629518e+03 3.985284059630401316e+04 0.000000000000000000e+00 1.538628500767134574e+04 0.000000000000000000e+00 1.378284091689757133e+03
2.125178062418619784e-01 6.550914993890731421e+04 0.000000000000000000e+00 2.480069820212951890e+04 0.000000000000000000e+00 3.171339151684412627e+03 3.873273799965089711e+04 0.000000000000000000e+00 1.451553848839239072e+04 0.000000000000000000e+00 5.896754669226741044e+02
2.175004174234404231e-01 6.295765810958673683e+04 0.000000000000000000e+00 2.110162578907499483e+04 0.000000000000000000e+00 2.212897904216816642e+03 3.784479824930561881e+04 0.000000000000000000e+00 1.410462284319501850e+04 0.000000000000000000e+00 1.661742698426058382e+02
2.225093171556767890e-01 6.087635720336478698e+04 0.000000000000000000e+00 2.203814739662339343e+04 0.000000000000000000e+00 7.805603514509170964e+02 3.717469395795985474e+04 0.000000000000000000e+00 1.385349792163275015e+04 0.000000000000000000e+00 1.898968263036583267e+03
2.275289586476768322e-01 5.887224613500689156e+04 0.000000000000000000e+00 2.079540058166233212e+04 0.000000000000000000e+00 2.716188887188121953e+03 3.650385427827950480e+04 0.000000000000000000e+00 1.280689055564059527e+04 0.000000000000000000e+00 6.803695086484004833e+02
2.325285406108919262e-01 5.770320470048933203e+04 0.000000000000000000e+00 1.864731209866661811e+04 0.000000000000000000e+00 1.336646280901533601e+03 3.584248674803994800e+04 0.000000000000000000e+00 1.176258250413839596e+04 0.000000000000000000e+00 2.158845396831171911e+03
2.375276552426477672e-01 5.591885983476885303e+04 0.000000000000000000e+00 1.658543069080682108e+04 0.000000000000000000e+00 1.295661944102654388e+03 3.531204781156618265e+04 0.000000000000000000e+00 1.133372501318333707e+04 0.000000000000000000e+00 3.538369836526630365e+02
2.424991024241769377e-01 5.489210406361318746e+04 0.000000000000000000e+00 1.719270379686998785e+04 0.000000000000000000e+00 6.660271132645654006e+02 3.479859132578123535e+04 0.000000000000000000e+00 1.145194604359056575e+04 0.000000000000000000e+00 5.916529637195482110e+02
2.474998551644826128e-01 5.292768440601984912e+04 0.000000000000000000e+00 1.519447505603586251e+04 0.000000000000000000e+00 3.324560742875440155e+03 3.393955862952289317e+04 0.000000000000000000e+00 9.836405507524816130e+03 0.000000000000000000e+00 7.302934357989113323e+02
2.525200307756395035e-01 5.146936616145994776e+04 0.000000000000000000e+00 1.524155347974017968e+04 0.000000000000000000e+00 1.924355830497989700e+03 3.385786081039282726e+04 0.000000000000000000e+00 1.069984583977729744e+04 0.000000000000000000e+00 -5.705074621094958331e+00
2.575182250600202005e-01 5.073810511884360312e+04 0.000000000000000000e+00 1.466246437672304637e+04 0.000000000000000000e+00 1.015737128380895570e+03 3.316414097310185753e+04 0.000000000000000000e+00 9.605487757991208127e+03 0.000000000000000000e+00 6.473515386334848642e+01
2.625255687975799335e-01 4.925784994579791237e+04 0.000000000000000000e+00 1.418067210589376373e+04 0.000000000000000000e+00 4.394149312489302019e+02 3.257295098990129554e+04 0.000000000000000000e+00 8.652020767958007127e+03 0.000000000000000000e+00 8.042553774176983552e+02
2.675305520911575030e-01 4.838136650971403287e+04 0.000000000000000000e+00 1.417000704215627957e+04 0.000000000000000000e+00 1.122857182308998745e+03 3.219640181715248036e+04 0.000000000000000000e+00 8.934444539567251923e+03 0.000000000000000000e+00 -5.622472487261982224e+02
2.725404586615198799e-01 4.709012831226529670e+04 0.000000000000000000e+00 1.188181393134817699e+04 0.000000000000000000e+00 9.545392711694081527e+02 3.170463256994763651e+04 0.000000000000000000e+00 8.227183582800020304e+03 0.000000000000000000e+00 4.937247051356640100e+02
2.775333197047151201e-01 4.627911846356657043e+04 0.000000000000000000e+00 1.233462237961072242e+04 0.000000000000000000e+00 2.036597513376586448e+03 3.150121125959624624e+04 0.000000000000000000e+00 8.565100628117972519e+03 0.000000000000000000e+00 7.100431152583554422e+02
2.825123907298719983e-01 4.525601294386463269e+04 0.000000000000000000e+00 1.187173005619712239e+04 0.000000000000000000e+00 2.184477144445130762e+03 3.092387041314148155e+04 0.000000000000000000e+00 8.228864916939419345e+03 0.000000000000000000e+00 -1.074587537824986185e+02
2.875104651677040102e-01 4.395994330588010052e+04 0.000000000000000000e+00 1.144639800804443621e+04 0.000000000000000000e+00 8.879892740854241993e+02 3.054462516759241407e+04 0.000000000000000000e+00 8.076691821490136135e+03 0.000000000000000000e+00 -3.207061326853093419e+01
2.924971317655564174e-01 4.315213519980580168e+04 0.000000000000000000e+00 1.057935262227051498e+04 0.000000000000000000e+00 4.935636292177692326e+02 3.021891363904333411e+04 0.000000000000000000e+00 7.386178085517113686e+03 0.000000000000000000e+00 -8.159098359708237922e+02
2.975058823671092867e-01 4.237111162418968161e+04 0.000000000000000000e+00 1.100684486280081728e+04 0.000000000000000000e+00 1.116931267205399081e+03 2.981000195364532192e+04 0.000000000000000000e+00 7.266424651451913633e+03 0.000000000000000000e+00 2.866683243051238605e+02
3.025121359101998753e-01 4.130614672949720989e+04 0.000000000000000000e+00 1.001733638839652485e+04 0.000000000000000000e+00 1.023717003155937959e+03 2.957750689550819152e+04 0.000000000000000000e+00 6.903743028835761834e+03 0.000000000000000000e+00 4.358361073883532555e+01
3.075010376196579687e-01 4.079485545278779318e+04 0.000000000000000000e+00 8.524048868683701585e+03 0.000000000000000000e+00 1.304557579557924555e+03 2.925629321210221315e+04 0.000000000000000000e+00 6.974594053404400256e+03 0.000000000000000000e+00 1.223474212258974916e+02
3.125134169243361515e-01 3.989744041825860040e+04 0.000000000000000000e+00 8.861158415443394915e+03 0.000000000000000000e+00 7.464742409008647428e+02 2.888207134526443042e+04 0.000000000000000000e+00 6.095374542529660175e+03 0.000000000000000000e+00 -8.785284536497084673e+02
3.175159688234982513e-01 3.954603829415174550e+04 0.000000000000000000e+00 8.944285290448075102e+03 0.000000000000000000e+00 5.722834435264414878e+02 2.859372950457309707e+04 0.000000000000000000e+00 6.239904745999155239e+03 0.000000000000000000e+00 -2.518253873132202330e+02
3.225221380836135188e-01 3.859800249197659286e+04 0.000000000000000000e+00 7.616364281668869808e+03 0.000000000000000000e+00 1.845222201245988458e+02 2.839201419671512485e+04 0.000000000000000000e+00 5.746919690390787764e+03 0.000000000000000000e+00 1.290424768737020997e+02
3.275181733526948968e-01 3.782116371714179695e+04 0.000000000000000000e+00 7.334591336542021054e+03 0.000000000000000000e+00 -9.114125138837467830e+02 2.817169107737874947e+04 0.000000000000000000e+00 5.852415549796372034e+03 0.000000000000000000e+00 -6.044961865975565161e+02
3.325123842131759710e-01 3.712746477845877234e+04 0.000000000000000000e+00 6.583604970778441384e+03 0.000000000000000000e+00 6.935174573240702784e+02 2.784339365042653662e+04 0.000000000000000000e+00 5.630913189286317902e+03 0.000000000000000000e+00 -1.806844872216835540e+02
3.374959366892091861e-01 3.646136930245594704e+04 0.000000000000000000e+00 7.078535542865151001e+03 0.000000000000000000e+00 7.125385558630838432e+02 2.759593763794976257e+04 0.000000000000000000e+00 5.447012016956872685e+03 0.000000000000000000e+00 -9.075272396034054054e+02
3.424919221947719805e-01 3.596535762444890861e+04 0.000000000000000000e+00 6.830115160556384581e+03 0.000000000000000000e+00 6.540456208485778689e+02 2.723899184091875213e+04 0.000000000000000000e+00 5.264472976689529787e+03 0.000000000000000000e+00 -6.395787613864604282e+02
3.475179778446125245e-01 3.547520397294736176e+04 0.000000000000000000e+00 6.220713954324173756e+03 0.000000000000000000e+00 8.412663116280589293e+02 2.703056425000816671e+04 0.000000000000000000e+00 5.021619890874636440e+03 0.000000000000000000e+00 -3.204654817525402564e+02
3.525052850529177828e-01 3.464708823247644614e+04 0.000000000000000000e+00 5.618390675395177823e+03 0.000000000000000000e+00 -4.861319495449465080e+02 2.688631314066741106e+04 0.000000000000000000e+00 5.086601053808079087e+03 0.000000000000000000e+00 -1.100763467986588012e+03
3.575133254796376558e-01 3.399961211303661548e+04 0.000000000000000000e+00 4.966856389542504076e+03 0.000000000000000000e+00 7.897145246836461574e+00 2.664824986395444284e+04 0.000000000000000000e+00 4.920295238022242302e+03 0.000000000000000000e+00 -2.290911696852174089e+02
3.625250227669692404e-01 3.358804421020930749e+04 0.000000000000000000e+00 5.252102996536666069e+03 0.000000000000000000e+00 2.368883300707724686e+02 2.610971407920493584e+04 0.000000000000000000e+00 4.587424303568739560e+03 0.000000000000000000e+00 -6.817493148622195349e+02
3.675230446100045678e-01 3.349206144245420001e+04 0.000000000000000000e+00 4.715848508044820846e+03 0.000000000000000000e+00 8.781160757897192752e+02 2.625037015652224727e+04 0.000000000000000000e+00 4.506199739008085089e+03 0.000000000000000000e+00 -7.741906699035496331e+02
3.725177060730277545e-01 3.292377517296586302e+04 0.000000000000000000e+00 4.539069357882097393e+03 0.000000000000000000e+00 8.816828863857282386e+02 2.591970541483218040e+04 0.000000000000000000e+00 4.363857510435131189e+03 0.000000000000000000e+00 -1.451131425467436884e+02
3.775163034622419089e-01 3.212847750325814923e+04 0.000000000000000000e+00 4.342516132146378368e+03 0.000000000000000000e+00 7.982649133573758036e+02 2.582289958006081724e+04 0.000000000000000000e+00 4.126327193992594403e+03 0.000000000000000000e+00 -1.500360775335985863e+02
3.825226892977953153e-01 3.186167697297297127e+04 0.000000000000000000e+00 4.057215567567567632e+03 0.000000000000000000e+00 1.513755459459459416e+03 2.549820367567567519e+04 0.000000000000000000e+00 4.209465945945946260e+03 0.000000000000000000e+00 3.565196486486486265e+02
3.875130067694269043e-01 3.152495005268703972e+04 0.000000000000000000e+00 4.182683245521601748e+03 0.000000000000000000e+00 6.412324552160168878e+02 2.544535637513171969e+04 0.000000000000000000e+00 4.307406954689146914e+03 0.000000000000000000e+00 -5.945132244467861256e+02
3.924957861003909865e-01 3.116678932835580781e+04 0.000000000000000000e+00 4.226287876934959968e+03 0.000000000000000000e+00 1.979828352589064480e+03 2.511225133073729739e+04 0.000000000000000000e+00 3.972300994432465814e+03 0.000000000000000000e+00 -5.160742767032472500e+01
3.975064703251052212e-01 3.068384501579828066e+04 0.000000000000000000e+00 3.551176457468558510e+03 0.000000000000000000e+00 1.468674803295954462e+03 2.509218075707825119e+04 0.000000000000000000e+00 3.739630109658633501e+03 0.000000000000000000e+00 -8.095857134006567435e+01
