3.798113400606732779e-03 -2.631578947368420907e-02 7.135021136842104793e+07 3.947368421052631360e-02 -4.608575663157894462e+07 -8.223684210526314986e-02 2.442791612631578743e+08 0.000000000000000000e+00 -1.548280724210526347e+08 0.000000000000000000e+00 5.696053894736842066e+07
8.299341265228576958e-03 -6.103515625000000000e-03 6.299682000000000000e+07 1.440429687500000000e-02 1.264386700000000000e+07 -1.995849609375000000e-02 1.330531120000000000e+08 0.000000000000000000e+00 1.119530720000000000e+08 0.000000000000000000e+00 8.504553600000000000e+07
1.293222767532251419e-02 -4.478503184713375886e-04 3.158961080254777148e+07 1.020103503184713366e-03 -2.377772840764331166e+06 -1.238430533439490583e-02 1.132264454522293061e+08 0.000000000000000000e+00 7.285116901910828054e+07 0.000000000000000000e+00 4.471419923566879332e+07
1.764839556552980082e-02 1.140437714041095786e-03 2.544308953424657509e+07 -1.673868257705479366e-03 1.078728767123287544e+07 2.216913928724314944e-03 8.631753293150684237e+07 0.000000000000000000e+00 8.068384964383561909e+07 0.000000000000000000e+00 5.738154432876712084e+07
2.256548662787912635e-02 -1.181474480151228738e-03 1.759130374291115254e+07 2.983223062381852846e-03 1.715652960302457446e+06 -4.275460775047259035e-03 6.121051172778828442e+07 0.000000000000000000e+00 4.471475829111531377e+07 0.000000000000000000e+00 -1.729706344045368582e+07
2.777643688250242340e-02 -4.763719512195121845e-04 1.323860792195121944e+07 6.955030487804877721e-04 3.855654087804878131e+06 -2.453315548780487815e-04 5.314966602926829457e+07 0.000000000000000000e+00 5.039425685853658617e+07 0.000000000000000000e+00 1.825833209756097570e+07
3.269804980233311648e-02 2.578125000000000121e-04 8.122210816000000574e+06 -7.695312500000000330e-04 1.038755200000000070e+06 8.388671874999999861e-04 3.918265548799999803e+07 0.000000000000000000e+00 2.810250240000000224e+07 0.000000000000000000e+00 4.783993344000000507e+06
3.761648458559932462e-02 -7.243551921780175176e-04 6.095360345246122219e+06 1.926784811193526592e-03 1.568600383007417433e+06 -3.353435287424140140e-03 3.177981721375589818e+07 0.000000000000000000e+00 2.820338224679703265e+07 0.000000000000000000e+00 1.247805246662171185e+07
4.263843696389812976e-02 2.899169921875000000e-04 3.924214285714285448e+06 -8.119855608258927642e-04 4.527915000000000000e+05 9.741101946149552642e-04 2.439438171428571269e+07 0.000000000000000000e+00 1.642626400000000000e+07 0.000000000000000000e+00 2.616876285714285448e+06
4.756514582339458480e-02 -2.512742586131705446e-04 2.947359148713476025e+06 8.257979448320977274e-04 5.378070998691670829e+05 -9.690029778129088250e-04 1.962340010815525427e+07 0.000000000000000000e+00 1.523842221718273126e+07 0.000000000000000000e+00 3.460618717836895026e+06
5.262096060748640974e-02 2.194522471910112299e-04 2.085519460674157133e+06 -4.032435042134831552e-04 -1.211230477528089796e+04 4.752512728230336896e-04 1.706511244943820313e+07 0.000000000000000000e+00 1.202919838202247210e+07 0.000000000000000000e+00 2.965338786516854074e+06
5.756031740041873956e-02 -9.668935643564356553e-06 1.815283643564356491e+06 9.668935643564356892e-05 2.508396237623762281e+05 -1.051496751237623748e-04 1.525113790099009871e+07 0.000000000000000000e+00 1.095523992079207860e+07 0.000000000000000000e+00 7.253983366336633917e+05
6.254738279606215923e-02 4.982217316654402291e-05 1.534328873191071674e+06 -3.525876870247730810e-04 4.814322374294824549e+05 2.797706647044395341e-04 1.336324671670345776e+07 0.000000000000000000e+00 9.451857063527101651e+06 0.000000000000000000e+00 1.524629631591856712e+06
6.757793472572401483e-02 -2.145348198594024369e-05 1.158559831282952568e+06 -3.290964136643233576e-04 3.131114938488576081e+04 1.133816522956941885e-04 1.149817836203866452e+07 0.000000000000000000e+00 6.881760056239015423e+06 0.000000000000000000e+00 8.358350509666079888e+05
7.255917516659465827e-02 0.000000000000000000e+00 9.452811188395016361e+05 5.521201413427561766e-05 6.520330593267621589e+04 2.252068997582295091e-05 1.021211261595685408e+07 0.000000000000000000e+00 5.720249108424772508e+06 0.000000000000000000e+00 7.721074502510693856e+04
7.753384299139773339e-02 1.275056494810847004e-05 7.527893833277536323e+05 -1.417274334616672421e-04 1.051329199866086419e+05 3.387890494224975326e-05 9.135354600602611899e+06 0.000000000000000000e+00 4.952447957147640176e+06 0.000000000000000000e+00 1.625110797455641208e+06
8.251793356505521260e-02 2.519800028669724911e-06 5.815084770642202348e+05 -6.453487851204128714e-05 3.893277064220183820e+04 2.134480607618979343e-04 8.113664000000000000e+06 0.000000000000000000e+00 3.702858862385321409e+06 0.000000000000000000e+00 -2.167059816513761471e+05
8.752751931716111489e-02 -3.492694700012958370e-05 4.543667601399507839e+05 1.308495043410651878e-04 3.286114293119087961e+04 -1.717874295386808423e-04 7.096606353764416650e+06 0.000000000000000000e+00 3.045967815472334158e+06 0.000000000000000000e+00 7.922755143190359231e+05
9.254701955136974967e-02 -1.346445561759343620e-05 4.172630227894256823e+05 -1.947338622379215906e-06 3.938705560619872267e+04 -6.502720042587739136e-05 6.454888080218777992e+06 0.000000000000000000e+00 2.955566206016408280e+06 0.000000000000000000e+00 1.619515186873290804e+05
9.754963178921903511e-02 -6.133544436302731754e-06 3.119450174814194324e+05 3.005436773788338839e-05 5.463651795247566042e+04 -4.753496938134617257e-06 5.787526659269339405e+06 0.000000000000000000e+00 2.390324925782476552e+06 0.000000000000000000e+00 2.092279451481210126e+05
1.025319613041059119e-01 4.104127579737335831e-05 2.493191924953095731e+05 -1.495075046904315128e-04 8.161981238273921008e+03 4.470567542213883843e-05 5.220790802251406945e+06 0.000000000000000000e+00 1.923767282551594777e+06 0.000000000000000000e+00 2.313575744840525440e+05
1.075116003998943526e-01 -1.615265334252239730e-05 2.187212350103376957e+05 5.855336836664369317e-05 3.660112474155754899e+04 -4.189594460716746725e-05 4.835348113025499508e+06 0.000000000000000000e+00 1.606965105444520945e+06 0.000000000000000000e+00 2.286225499655410022e+04
1.125102861506304813e-01 -1.894698828940249164e-05 1.781386200819355436e+05 -3.234575490840225836e-05 2.837468717631599429e+04 2.724101354158614896e-05 4.426087512097085826e+06 0.000000000000000000e+00 1.440399543634536676e+06 0.000000000000000000e+00 2.112573066398701631e+05
1.175500852175193622e-01 3.916805930877542187e-05 1.562151978381453664e+05 -1.054204149480870436e-04 2.657258654529938940e+04 1.442065162316882507e-04 4.213264384582563303e+06 0.000000000000000000e+00 1.262702395676290849e+06 0.000000000000000000e+00 7.304608277627649659e+04
1.225369446564099490e-01 4.913522012578616616e-05 1.193248285998014035e+05 -4.577333664349553396e-05 1.811144707050645593e+04 1.225147922873220929e-04 3.927625249387620483e+06 0.000000000000000000e+00 1.227508017742469441e+06 0.000000000000000000e+00 5.112498801721284690e+04
1.275260957852891452e-01 -4.589109492481202753e-06 9.609870094591316592e+04 1.575100806451612860e-05 1.677458937666747443e+04 3.413705319245694474e-05 3.772539933058452327e+06 0.000000000000000000e+00 1.037139139461557032e+06 0.000000000000000000e+00 -4.909043414989085250e+03
1.325302087090364789e-01 -3.507098367095000208e-06 8.713884608046685753e+04 -1.972742831490937733e-05 1.033438123562089640e+04 -8.877342741709218614e-06 3.522686182818023488e+06 0.000000000000000000e+00 8.039176863251220202e+05 0.000000000000000000e+00 -6.565841198585937491e+03
1.375062694904859717e-01 1.773693241816261934e-05 7.561465512143610977e+04 -1.154963041182682170e-05 2.275180232312565931e+04 8.290984688489967994e-05 3.303240177402323112e+06 0.000000000000000000e+00 7.974586525871171616e+05 0.000000000000000000e+00 7.994373136219641310e+04
1.425134422753508989e-01 -1.912255231330389828e-05 6.637966596275677148e+04 3.580791658667690347e-05 3.009610443463236516e+04 -5.478986189767709664e-05 3.120241821462852880e+06 0.000000000000000000e+00 7.516437181800729595e+05 0.000000000000000000e+00 7.374776886158571870e+04
1.475259222195813014e-01 1.103410178140234187e-05 5.132448348444120347e+04 -1.299176500068340222e-05 1.920044612510820662e+04 -1.428204303157319285e-05 2.985252098227709532e+06 0.000000000000000000e+00 6.716879223654835951e+05 0.000000000000000000e+00 8.251952216501890507e+04
1.525299430011916868e-01 5.282007603779167635e-05 4.646910246871829440e+04 -8.350278140323808224e-05 1.926422996280013467e+04 1.596909420773271024e-04 2.766069697666553780e+06 0.000000000000000000e+00 5.384645735542780021e+05 0.000000000000000000e+00 2.036929969563746999e+05
1.574945685492469272e-01 -6.950903870263274437e-06 4.306310931370565959e+04 3.744009584664536585e-05 2.144536417681077364e+04 7.713133669672826850e-05 2.646947774982811883e+06 0.000000000000000000e+00 4.592805027702511288e+05 0.000000000000000000e+00 3.458709394588910800e+04
1.625189323163163113e-01 1.411382299270073072e-05 2.892374890510949263e+04 -5.581375456204379766e-05 1.372936525547445308e+04 -2.022624885948905214e-05 2.514668940145985689e+06 0.000000000000000000e+00 3.389868286131386994e+05 0.000000000000000000e+00 1.340497751824817678e+05
1.675461007718098694e-01 -1.116602730370871326e-05 2.275971981776765097e+04 2.235377839594604162e-05 1.691260250569475829e+04 -4.081356769813763476e-05 2.387252191343963612e+06 0.000000000000000000e+00 4.260592255125284428e+05 0.000000000000000000e+00 7.931976309794987901e+04
1.725292014006662711e-01 -2.679857208194613940e-05 2.139672505521310813e+04 7.266195415252002954e-05 1.465209084616145446e+04 -8.696860926323466930e-05 2.299683180274912156e+06 0.000000000000000000e+00 2.921023710979991592e+05 0.000000000000000000e+00 1.196808987045522081e+05
1.775301965061671094e-01 7.425276454442200547e-06 1.546955779909136800e+04 -3.235078953180211707e-07 2.064740837960625868e+04 -1.066805797655855555e-06 2.198088625946491491e+06 0.000000000000000000e+00 2.645454538112064474e+05 0.000000000000000000e+00 1.443736456335184339e+05
1.825147654490652804e-01 -1.154022275399568629e-06 1.661738662885166559e+04 1.038620047859611893e-06 1.357771656474341944e+04 1.272309558628024432e-05 2.099049647552364971e+06 0.000000000000000000e+00 2.424660108127271233e+05 0.000000000000000000e+00 1.180457150285089738e+05
1.875360723572403465e-01 2.564158519553072632e-06 6.688356648044692520e+03 3.417968750000000325e-05 1.386165988826815737e+04 9.387138835544693171e-05 2.024900619441340910e+06 0.000000000000000000e+00 1.861623562011173344e+05 0.000000000000000000e+00 1.242028621229050332e+05
1.925323683450522461e-01 8.635262012022061807e-06 3.316037913676769676e+03 2.729161158228017438e-06 1.260995266145442838e+04 -6.717495174189380602e-06 1.967788677305344259e+06 0.000000000000000000e+00 1.171020413409017783e+05 0.000000000000000000e+00 1.912687672700010808e+04
1.975198663583639380e-01 -2.766535980776526955e-06 4.779169040091058378e+03 1.333865562160111189e-05 1.515229098267357949e+04 -2.956735329454913337e-05 1.893871254938661819e+06 0.000000000000000000e+00 1.226471620589351078e+05 0.000000000000000000e+00 1.204162096370304789e+05
2.025153694923672032e-01 2.261652031265077731e-06 -1.221802759818585400e+03 -2.223957830743993180e-05 1.276860137025957738e+04 5.286611623082119679e-05 1.804353019009939395e+06 0.000000000000000000e+00 1.128092050564508390e+05 0.000000000000000000e+00 1.064116753835761920e+05
2.075088499274508613e-01 4.025309716274703279e-07 -1.241797247475325776e+03 4.405477856145091381e-06 1.763584785545810519e+04 1.639754638588014277e-05 1.744521001534269191e+06 0.000000000000000000e+00 7.307723391879822884e+04 0.000000000000000000e+00 5.759223833840939915e+04
2.125178062418619784e-01 -4.836788433845348068e-06 -1.597515447722115596e+03 1.763190497359923330e-05 1.120153395007854851e+04 -2.213043782864592394e-05 1.701039879909233889e+06 0.000000000000000000e+00 4.295925990574271418e+04 0.000000000000000000e+00 7.780637737825101067e+04
2.175004174234404231e-01 3.739886688830906674e-06 -2.593166568470667698e+03 1.654180650829054761e-05 1.141204679740762549e+04 -6.385548288759364122e-06 1.639378406531436834e+06 0.000000000000000000e+00 6.942659237437926640e+04 0.000000000000000000e+00 7.362112684117499157e+04
2.225093171556767890e-01 9.292166968735841428e-06 -4.896708890683792561e+03 -3.344602955517030719e-05 1.157664317093831960e+04 3.792618148652509045e-05 1.592084641988928663e+06 0.000000000000000000e+00 3.830312688875317690e+04 0.000000000000000000e+00 1.025837454738874367e+05
2.275289586476768322e-01 -1.896546260332159799e-05 -1.793422470534211016e+03 3.429665675704117803e-05 1.292952946578907176e+04 -2.485363147314595359e-05 1.530516827185060596e+06 0.000000000000000000e+00 2.331474054798714496e+04 0.000000000000000000e+00 7.798801653145569435e+04
2.325285406108919262e-01 1.468227868680988885e-05 -3.685081767413093985e+03 -3.368574828779582851e-05 1.016068018845615188e+04 1.561379954420806724e-05 1.492234799192330800e+06 0.000000000000000000e+00 1.845909519218525475e+03 0.000000000000000000e+00 8.302969501391593076e+04
2.375276552426477672e-01 -5.390061961680435799e-06 -4.239794410265424631e+03 6.402844304798734826e-06 1.575858871506415926e+04 -1.062134025092283346e-05 1.447873433222007472e+06 0.000000000000000000e+00 -6.021199085955352530e+03 0.000000000000000000e+00 6.230340263666725514e+04
2.424991024241769377e-01 4.814144986747252170e-06 -6.508702108621882871e+03 8.144478162510763295e-06 9.755999527290530750e+03 8.367049934158324621e-06 1.401412035588270053e+06 0.000000000000000000e+00 -1.460563456181520451e+04 0.000000000000000000e+00 4.352783563216450420e+04
2.474998551644826128e-01 -2.095090858149215591e-06 -6.178529362792187385e+03 7.113927913864873700e-06 1.159980019212295883e+04 -1.348128427193403785e-05 1.379586180467499187e+06 0.000000000000000000e+00 -2.724282856227985758e+04 0.000000000000000000e+00 1.110815969260326674e+05
2.525200307756395035e-01 -8.155641045468605543e-07 -5.218656603773585630e+03 7.098428317352305354e-07 8.608302876585215927e+03 -9.609308546628519547e-06 1.341939172285802662e+06 0.000000000000000000e+00 -3.367206483142592333e+04 0.000000000000000000e+00 8.005317166718219232e+04
2.575182250600202005e-01 -9.080917964384174442e-06 -6.417408896505476150e+03 -1.926784516802026605e-05 1.125432632441695750e+04 -9.240998249012741088e-06 1.308132326592653291e+06 0.000000000000000000e+00 -7.221826188808583538e+04 0.000000000000000000e+00 6.215041001415691426e+04
2.625255687975799335e-01 1.257215569416115066e-05 -4.723631882238831167e+03 -3.627303282301948428e-06 1.002097883265818382e+04 1.609052670160457878e-05 1.274770922120157396e+06 0.000000000000000000e+00 -6.951101089747247170e+04 0.000000000000000000e+00 1.038400091287727555e+05
2.675305520911575030e-01 -2.993563676281741337e-06 -6.097584733709834836e+03 -3.519459997790695919e-06 9.580265613565125022e+03 -7.783939784385743491e-06 1.244346033995664213e+06 0.000000000000000000e+00 -6.344664890018088045e+04 0.000000000000000000e+00 5.505382140539345710e+04
2.725404586615198799e-01 1.284814734622097510e-05 -7.522231554450731892e+03 -1.486898660218437510e-05 9.280851324906119771e+03 5.438995240271459944e-05 1.217347036335748620e+06 0.000000000000000000e+00 -6.232835669328819495e+04 0.000000000000000000e+00 9.273315322367376939e+04
2.775333197047151201e-01 -3.275234171039367097e-06 -6.877073952490500233e+03 2.735672472342130165e-06 8.611464109390750309e+03 5.252838233369736672e-06 1.193133238555587130e+06 0.000000000000000000e+00 -7.294279525421975995e+04 0.000000000000000000e+00 1.143840980174218712e+05
2.825123907298719983e-01 5.307077132094114709e-06 -6.243310467485950539e+03 -2.021513925770394558e-05 9.254161279565245422e+03 2.495532405977891698e-05 1.162637294040634995e+06 0.000000000000000000e+00 -8.730079021799543989e+04 0.000000000000000000e+00 6.625586068054097996e+04
2.875104651677040102e-01 -3.857805317467918211e-06 -6.219749856349358197e+03 1.174877073956138624e-05 8.596930856157823655e+03 -1.922765241183441978e-05 1.137689889293238753e+06 0.000000000000000000e+00 -8.521253093277149310e+04 0.000000000000000000e+00 6.969204673434207507e+04
2.924971317655564174e-01 -7.676224439075703265e-06 -5.828829092926746853e+03 2.194497104347524483e-05 8.712584725288697882e+03 -2.937284704481614355e-05 1.125285672473384300e+06 0.000000000000000000e+00 -8.449801579026458785e+04 0.000000000000000000e+00 3.750443944560681120e+04
2.975058823671092867e-01 2.653113310041292706e-06 -5.423387976201047422e+03 -7.499990894319997593e-06 6.752189681200603445e+03 1.467782770822001811e-05 1.101174372435840545e+06 0.000000000000000000e+00 -9.386605097238255257e+04 0.000000000000000000e+00 8.916507166326258448e+04
3.025121359101998753e-01 7.652153090009078565e-07 -5.544806190826164311e+03 -5.343313795609787816e-06 8.673917426829795659e+03 6.094676068844299858e-06 1.082310405257014325e+06 0.000000000000000000e+00 -1.093503817387921008e+05 0.000000000000000000e+00 5.865091591370887181e+04
3.075010376196579687e-01 3.281871546284684162e-06 -2.890733552803470047e+03 -1.432828758181141293e-05 9.235451157443696502e+03 1.108141947597422588e-05 1.059255179725139868e+06 0.000000000000000000e+00 -9.123671446935256245e+04 0.000000000000000000e+00 7.748983686053195561e+04
3.125134169243361515e-01 -3.073236099939674469e-06 -4.455230725919967881e+03 3.598533644178564293e-06 8.220397828272672996e+03 -1.771038215739996033e-06 1.048435403338025324e+06 0.000000000000000000e+00 -1.172510886788658827e+05 0.000000000000000000e+00 6.554878713050473016e+04
3.175159688234982513e-01 1.074505604621233703e-06 -3.823952372999577619e+03 8.442544036309693380e-07 6.470229548781326230e+03 4.355585218732501194e-06 1.017570481948305853e+06 0.000000000000000000e+00 -1.096616268235895113e+05 0.000000000000000000e+00 6.394518399465571565e+04
3.225221380836135188e-01 2.286081744383613460e-06 -5.470516292240891744e+03 -1.991103454785727748e-05 7.437991315839154595e+03 2.046411884085331542e-05 1.009150472795922309e+06 0.000000000000000000e+00 -1.084133370587124809e+05 0.000000000000000000e+00 6.761268340570134751e+04
3.275181733526948968e-01 6.553200782117734696e-07 -3.712156682710107361e+03 -2.643877556923361531e-07 6.452083820807108168e+03 2.121316287659663142e-06 9.896798116253239568e+05 0.000000000000000000e+00 -1.104340780451684550e+05 0.000000000000000000e+00 6.530496497593483946e+04
3.325123842131759710e-01 -4.773487050446107210e-06 -3.800972166131457016e+03 7.242756739416636252e-06 6.819013636727541780e+03 -8.969290954659882547e-06 9.785405467144649010e+05 0.000000000000000000e+00 -1.095185748774651584e+05 0.000000000000000000e+00 6.494807696344859141e+04
3.374959366892091861e-01 4.353697163052236847e-06 -3.303779700802298521e+03 -2.891487870274673573e-05 5.735031075920541298e+03 3.495680961345601763e-05 9.603199932733069872e+05 0.000000000000000000e+00 -1.158632788424482424e+05 0.000000000000000000e+00 5.583718936341660446e+04
3.424919221947719805e-01 8.106211819416780218e-06 -3.004818908399936845e+03 -3.465486940469542971e-05 6.345646217569944383e+03 1.768960982881764141e-05 9.453674096125478391e+05 0.000000000000000000e+00 -1.025717576111143571e+05 0.000000000000000000e+00 5.984953100700897630e+04
3.475179778446125245e-01 4.898646104751363484e-06 -3.589368445126931420e+03 -1.207112946614540706e-05 6.386645669291337981e+03 9.262235021234419655e-06 9.357681157905054279e+05 0.000000000000000000e+00 -1.110064996896134835e+05 0.000000000000000000e+00 6.106545561472865666e+04
3.525052850529177828e-01 -8.186097916334024820e-07 -1.603006865719303960e+03 3.001569235989142505e-07 5.845697972217786628e+03 -6.021654645836660175e-06 9.203556348076001741e+05 0.000000000000000000e+00 -1.155058593006546434e+05 0.000000000000000000e+00 4.882770199584863440e+04
3.575133254796376558e-01 1.467040568402173661e-06 -1.923677016348460711e+03 -2.290379662913597710e-06 5.871892941726514437e+03 7.451218805328387309e-06 9.062238399644366000e+05 0.000000000000000000e+00 -1.037955159997240844e+05 0.000000000000000000e+00 4.967341426064029656e+04
3.625250227669692404e-01 5.154120708477638986e-06 -2.421375094112332135e+03 -1.312425886538171967e-05 4.430739948802890467e+03 2.185722159219243837e-05 8.958281974401444895e+05 0.000000000000000000e+00 -1.023150547206745978e+05 0.000000000000000000e+00 4.106408842041860771e+04
3.675230446100045678e-01 4.470990165416384302e-06 -2.174083298704517802e+03 -1.077878839242102817e-05 5.302293317003112861e+03 2.979829512316923125e-05 8.804877388914404437e+05 0.000000000000000000e+00 -1.082270556175229140e+05 0.000000000000000000e+00 5.129692872296218411e+04
3.725177060730277545e-01 2.135829128309223084e-06 -1.749494653782377554e+03 -1.402946584281548401e-06 4.793862656526959654e+03 6.182387746404883128e-06 8.788794858482475393e+05 0.000000000000000000e+00 -1.060261787409228709e+05 0.000000000000000000e+00 5.794663342672537692e+04
3.775163034622419089e-01 -2.693575413216016993e-08 -1.804635521752022214e+03 -6.195223450396839315e-07 5.173744712834693019e+03 -3.602657115176422786e-06 8.624976582425993402e+05 0.000000000000000000e+00 -1.113680301749401842e+05 0.000000000000000000e+00 6.158492091490198072e+04
3.825226892977953153e-01 -1.027700063344594643e-06 -1.622770702702702692e+03 2.674824482685810680e-06 4.036937945945946012e+03 1.097601813239020198e-06 8.592217392432432389e+05 0.000000000000000000e+00 -1.017076307027027069e+05 0.000000000000000000e+00 6.964054486486485985e+04
3.875130067694269043e-01 3.014776553444415202e-06 -9.470755532139094157e+02 -1.610292649746443737e-06 4.154140358271865807e+03 4.996690659678774140e-06 8.467409601685985690e+05 0.000000000000000000e+00 -1.078477555321390973e+05 0.000000000000000000e+00 5.872057997892519052e+04
3.924957861003909865e-01 -8.758985896115598814e-06 -4.194636887329836554e+02 2.498526654973771740e-07 3.800901361310462562e+03 -9.579649761247708144e-06 8.397402938370933989e+05 0.000000000000000000e+00 -1.089166710134200111e+05 0.000000000000000000e+00 6.356628048788337765e+04
3.975064703251052212e-01 -2.329326327365095107e-06 -1.167086153274270600e+03 1.429359337246762987e-05 2.872162071742767239e+03 -6.857143444876402548e-06 8.310847694690540666e+05 0.000000000000000000e+00 -1.043870269252214930e+05 0.000000000000000000e+00 6.985831281828883220e+04
