3.798113400606732779e-03 3.539165789473684272e+05 0.000000000000000000e+00 1.462256631578947185e+06 0.000000000000000000e+00 -5.065429052631578408e+06 3.777304926315788925e+07 0.000000000000000000e+00 7.137388463157893717e+07 0.000000000000000000e+00 -5.626856421052630991e+07
8.299341265228576958e-03 6.722833125000000000e+05 0.000000000000000000e+00 7.829798125000000000e+05 0.000000000000000000e+00 -7.167166250000000000e+05 2.890844600000000000e+07 0.000000000000000000e+00 4.524471200000000000e+07 0.000000000000000000e+00 -2.325734800000000000e+07
1.293222767532251419e-02 8.228556433121019509e+05 0.000000000000000000e+00 2.785542165605095797e+05 0.000000000000000000e+00 -7.604094777070063865e+05 1.542123780891719833e+07 0.000000000000000000e+00 2.718933768152866513e+07 0.000000000000000000e+00 -1.081981554140127450e+07
1.764839556552980082e-02 1.047853150684931432e+06 0.000000000000000000e+00 9.615377534246575087e+05 0.000000000000000000e+00 2.613891780821917637e+05 8.450040986301369965e+06 0.000000000000000000e+00 1.665329095890410803e+07 0.000000000000000000e+00 1.079679780821917811e+06
2.256548662787912635e-02 9.739630094517958350e+05 0.000000000000000000e+00 9.729238260869565420e+05 0.000000000000000000e+00 -6.690443289224953332e+03 5.074406835538752377e+06 0.000000000000000000e+00 1.034897082797731645e+07 0.000000000000000000e+00 9.730337240075613954e+04
2.777643688250242340e-02 8.479642536585365888e+05 0.000000000000000000e+00 8.570655219512195326e+05 0.000000000000000000e+00 3.309450146341463551e+05 2.846358790243902244e+06 0.000000000000000000e+00 5.923744468292683363e+06 0.000000000000000000e+00 9.357878634146341356e+05
3.269804980233311648e-02 7.031070080000000307e+05 0.000000000000000000e+00 6.000144000000000233e+05 0.000000000000000000e+00 1.102551520000000019e+05 1.721341952000000048e+06 0.000000000000000000e+00 3.249673984000000171e+06 0.000000000000000000e+00 -1.912037440000000061e+05
3.761648458559932462e-02 6.567593256911665667e+05 0.000000000000000000e+00 4.938323290627106908e+05 0.000000000000000000e+00 4.942885502360080864e+04 1.167597184086311609e+06 0.000000000000000000e+00 2.174882783546864521e+06 0.000000000000000000e+00 -6.816811328388401307e+04
4.263843696389812976e-02 5.333391428571428405e+05 0.000000000000000000e+00 3.492880357142856810e+05 0.000000000000000000e+00 -2.635493750000000000e+04 8.156545000000000000e+05 0.000000000000000000e+00 1.448265000000000000e+06 0.000000000000000000e+00 -1.610543392857142899e+05
4.756514582339458480e-02 4.511550074138683267e+05 0.000000000000000000e+00 3.578157104230265832e+05 0.000000000000000000e+00 -2.337233493240296593e+04 5.783820392498909496e+05 0.000000000000000000e+00 9.918040645442651585e+05 0.000000000000000000e+00 -1.031300828608809388e+05
5.262096060748640974e-02 4.171390112359550549e+05 0.000000000000000000e+00 2.646650112359550549e+05 0.000000000000000000e+00 5.365577528089887346e+04 4.400055730337078567e+05 0.000000000000000000e+00 7.422848089887640672e+05 0.000000000000000000e+00 -6.686780898876404535e+03
5.756031740041873956e-02 3.895991287128712866e+05 0.000000000000000000e+00 2.825338811881188303e+05 0.000000000000000000e+00 2.127541584158415935e+04 3.460594851485148538e+05 0.000000000000000000e+00 5.579550099009900587e+05 0.000000000000000000e+00 -3.288509900990099413e+04
6.254738279606215923e-02 3.662679656610252568e+05 0.000000000000000000e+00 2.545567270051508385e+05 0.000000000000000000e+00 2.961254451802796029e+04 2.843747147412312916e+05 0.000000000000000000e+00 4.738675221976943430e+05 0.000000000000000000e+00 3.928589453029188007e+04
6.757793472572401483e-02 3.372423760984182591e+05 0.000000000000000000e+00 2.238772161687170446e+05 0.000000000000000000e+00 -9.843835676625658380e+03 2.346200913884007023e+05 0.000000000000000000e+00 3.500092513181018876e+05 0.000000000000000000e+00 1.600172407732864667e+04
7.255917516659465827e-02 3.000428075134833343e+05 0.000000000000000000e+00 1.756434353728845017e+05 0.000000000000000000e+00 9.052700390552353156e+02 1.969101461781662656e+05 0.000000000000000000e+00 2.825466572438162402e+05 0.000000000000000000e+00 -5.731404872605542550e+03
7.753384299139773339e-02 2.804329373953799950e+05 0.000000000000000000e+00 1.741883307666555047e+05 0.000000000000000000e+00 1.950972748577168022e+04 1.697798727820555796e+05 0.000000000000000000e+00 2.353729735520589456e+05 0.000000000000000000e+00 8.838696350853699187e+03
8.251793356505521260e-02 2.549609908256880881e+05 0.000000000000000000e+00 1.676700917431192647e+05 0.000000000000000000e+00 1.560241513761468013e+04 1.461158256880734116e+05 0.000000000000000000e+00 1.886539266055045882e+05 0.000000000000000000e+00 3.453729931192660842e+03
8.752751931716111489e-02 2.331209247116755287e+05 0.000000000000000000e+00 1.559321477258001978e+05 0.000000000000000000e+00 1.361914733704807622e+04 1.290896337955164054e+05 0.000000000000000000e+00 1.608599403913437854e+05 0.000000000000000000e+00 1.010942386937929223e+04
9.254701955136974967e-02 2.031952597994530515e+05 0.000000000000000000e+00 1.162584649042844103e+05 0.000000000000000000e+00 1.077231267092069174e+04 1.122541257976298948e+05 0.000000000000000000e+00 1.331429134001823259e+05 0.000000000000000000e+00 7.084871923427529509e+03
9.754963178921903511e-02 1.907963337171569001e+05 0.000000000000000000e+00 1.111900680414529488e+05 0.000000000000000000e+00 -1.076306751805715430e+04 1.020531217418611923e+05 0.000000000000000000e+00 1.107289705851564941e+05 0.000000000000000000e+00 4.374378310478383355e+03
1.025319613041059119e-01 1.697876893058161368e+05 0.000000000000000000e+00 9.466211782363976818e+04 0.000000000000000000e+00 5.120040150093808734e+03 9.273575384615384974e+04 0.000000000000000000e+00 9.748171407129455474e+04 0.000000000000000000e+00 7.717426641651031787e+03
1.075116003998943526e-01 1.610806891798759461e+05 0.000000000000000000e+00 9.035772294968986535e+04 0.000000000000000000e+00 -9.031260509993107917e+03 8.438400000000000000e+04 0.000000000000000000e+00 8.131858855961405789e+04 0.000000000000000000e+00 -2.838263266712611767e+03
1.125102861506304813e-01 1.493500081935533672e+05 0.000000000000000000e+00 8.836826343047074624e+04 0.000000000000000000e+00 1.617134482492077041e+04 8.022532828321868146e+04 0.000000000000000000e+00 7.171767674113009707e+04 0.000000000000000000e+00 4.483760377212645835e+03
1.175500852175193622e-01 1.416697209500782192e+05 0.000000000000000000e+00 7.061821533210070629e+04 0.000000000000000000e+00 4.325883373631062568e+03 7.329253420566064597e+04 0.000000000000000000e+00 6.194505020622955635e+04 0.000000000000000000e+00 1.654109515004977993e+03
1.225369446564099490e-01 1.370005396888447576e+05 0.000000000000000000e+00 8.006246196623635478e+04 0.000000000000000000e+00 9.661496987752399946e+03 6.742440039721946232e+04 0.000000000000000000e+00 5.416495200264813320e+04 0.000000000000000000e+00 2.807471168487255909e+03
1.275260957852891452e-01 1.291299189910259447e+05 0.000000000000000000e+00 6.722943875818578817e+04 0.000000000000000000e+00 -2.186117390249818072e+03 6.416773417414503638e+04 0.000000000000000000e+00 4.870937860780984920e+04 0.000000000000000000e+00 2.118709677419354648e+03
1.325302087090364789e-01 1.232851238426575292e+05 0.000000000000000000e+00 5.612703394871218916e+04 0.000000000000000000e+00 4.196776836316705158e+03 6.079264508164524887e+04 0.000000000000000000e+00 4.255363268054542277e+04 0.000000000000000000e+00 2.491728634756747397e+03
1.375062694904859717e-01 1.168792870116156264e+05 0.000000000000000000e+00 5.595386187961984979e+04 0.000000000000000000e+00 8.933560295670538835e+03 5.810383611404435214e+04 0.000000000000000000e+00 3.752060823653642728e+04 0.000000000000000000e+00 7.356718901795142301e+03
1.425134422753508989e-01 1.095846481090420421e+05 0.000000000000000000e+00 4.731848109042042779e+04 0.000000000000000000e+00 3.741476291034747646e+03 5.548080015358034143e+04 0.000000000000000000e+00 3.324317757727010758e+04 0.000000000000000000e+00 -1.093148636974467252e+02
1.475259222195813014e-01 1.046225078135678195e+05 0.000000000000000000e+00 5.131564262608774879e+04 0.000000000000000000e+00 2.116190076996674179e+03 5.291450836028976482e+04 0.000000000000000000e+00 3.163803216547450938e+04 0.000000000000000000e+00 3.778486855893207121e+03
1.525299430011916868e-01 9.711281433885694423e+04 0.000000000000000000e+00 4.511417517754480650e+04 0.000000000000000000e+00 -1.422379100439634612e+03 5.029631653703077609e+04 0.000000000000000000e+00 2.967207304700709938e+04 0.000000000000000000e+00 2.601228102806898733e+03
1.574945685492469272e-01 9.248134848546123249e+04 0.000000000000000000e+00 3.951757350264892011e+04 0.000000000000000000e+00 1.224522343996441123e+03 4.885571108504872973e+04 0.000000000000000000e+00 2.517794993327132033e+04 0.000000000000000000e+00 -1.029353439559995138e+02
1.625189323163163113e-01 8.760183591240877286e+04 0.000000000000000000e+00 3.684214890510949044e+04 0.000000000000000000e+00 2.893774014598540361e+03 4.685770277372263081e+04 0.000000000000000000e+00 2.265027503649635401e+04 0.000000000000000000e+00 1.582130802919708231e+03
1.675461007718098694e-01 8.287403189066058258e+04 0.000000000000000000e+00 3.650600227790432837e+04 0.000000000000000000e+00 1.646377420273348434e+03 4.535662870159453450e+04 0.000000000000000000e+00 2.214685421412300639e+04 0.000000000000000000e+00 -1.445552569760820063e+02
1.725292014006662711e-01 7.962498704552197887e+04 0.000000000000000000e+00 3.366685855555922171e+04 0.000000000000000000e+00 2.262143521112832786e+03 4.366243412334773166e+04 0.000000000000000000e+00 2.032155796552065294e+04 0.000000000000000000e+00 3.959420905165310160e+03
1.775301965061671094e-01 7.665391620393740595e+04 0.000000000000000000e+00 3.217380514891468920e+04 0.000000000000000000e+00 3.606689550731953659e+03 4.265278950025239465e+04 0.000000000000000000e+00 1.785534376577486182e+04 0.000000000000000000e+00 7.126547198384654394e+02
1.825147654490652804e-01 7.370078832461815909e+04 0.000000000000000000e+00 2.971859635439747217e+04 0.000000000000000000e+00 5.944757954444739880e+03 4.103954385653933423e+04 0.000000000000000000e+00 1.681589269993205016e+04 0.000000000000000000e+00 4.958461402109368237e+02
1.875360723572403465e-01 7.122966167597765161e+04 0.000000000000000000e+00 2.591320491620111716e+04 0.000000000000000000e+00 3.059970949720670433e+03 4.051516424581005413e+04 0.000000000000000000e+00 1.569401027932960824e+04 0.000000000000000000e+00 1.250405251396648055e+03
1.925323683450522461e-01 6.836869058584127924e+04 0.000000000000000000e+00 2.526810067473492381e+04 0.000000000000000000e+00 3.082972475099068106e+03 3.907357995073364145e+04 0.000000000000000000e+00 1.423431766091892496e+04 0.000000000000000000e+00 -2.526373567527042674e+00
1.975198663583639380e-01 6.623654705956747057e+04 0.000000000000000000e+00 2.319292819021120522e+04 0.000000000000000000e+00 1.941440849879853204e+03 3.869683308460857370e+04 0.000000000000000000e+00 1.350995887188567031e+04 0.000000000000000000e+00 1.088747894270899224e+03
2.025153694923672032e-01 6.385416423815497546e+04 0.000000000000000000e+00 2.228047322203995282e+04 0.000000000000000000e+00 1.500837788285245779e+03 3.783146965164528228e+04 0.000000000000000000e+00 1.371562366110199764e+04 0.000000000000000000e+00 -7.393490784521857222e+02
2.075088499274508613e-01 6.131459992214156955e+04 0.000000000000000000e+00 2.014958565572832231e+04 0.000000000000000000e+00 2.695073942613753388e+03 3.655648519544757437e+04 0.000000000000000000e+00 1.162100638897158206e+04 0.000000000000000000e+00 1.192203422336211105e+01
2.125178062418619784e-01 5.926331296910456149e+04 0.000000000000000000e+00 1.941707662768371665e+04 0.000000000000000000e+00 3.173400244370745440e+03 3.582668947460289928e+04 0.000000000000000000e+00 1.164487205445976724e+04 0.000000000000000000e+00 4.085052801536044740e+02
2.175004174234404231e-01 5.674616749431865901e+04 0.000000000000000000e+00 1.932378082652975354e+04 0.000000000000000000e+00 3.672827203097382380e+02 3.515562663075498858e+04 0.000000000000000000e+00 1.075539163370086681e+04 0.000000000000000000e+00 -2.234228600286171229e+02
2.225093171556767890e-01 5.516212210161344410e+04 0.000000000000000000e+00 1.860698662358897491e+04 0.000000000000000000e+00 4.702640846319024604e+03 3.434147633025354298e+04 0.000000000000000000e+00 9.304413703433738192e+03 0.000000000000000000e+00 6.712546246133842942e+02
2.275289586476768322e-01 5.301562406245216698e+04 0.000000000000000000e+00 1.472669585182917581e+04 0.000000000000000000e+00 2.014983468544313610e+03 3.392095759987754718e+04 0.000000000000000000e+00 1.007425746211541446e+04 0.000000000000000000e+00 -1.583767985611510767e+02
2.325285406108919262e-01 5.159420078947847651e+04 0.000000000000000000e+00 1.406836374220071775e+04 0.000000000000000000e+00 2.582336201407963927e+03 3.289928306623251410e+04 0.000000000000000000e+00 8.593660451494370136e+03 0.000000000000000000e+00 -2.715960016735488693e+02
2.375276552426477672e-01 5.001782808929512976e+04 0.000000000000000000e+00 1.335262520653893444e+04 0.000000000000000000e+00 2.230189488486553273e+03 3.240698330110740062e+04 0.000000000000000000e+00 8.324604535067674078e+03 0.000000000000000000e+00 1.426369133415363137e+02
2.424991024241769377e-01 4.880893069741529325e+04 0.000000000000000000e+00 1.382295517701281460e+04 0.000000000000000000e+00 1.590250299664038721e+03 3.213842229838097046e+04 0.000000000000000000e+00 7.364553677848496591e+03 0.000000000000000000e+00 -9.812062870359428643e+02
2.474998551644826128e-01 4.714789625360230275e+04 0.000000000000000000e+00 1.225887211015049616e+04 0.000000000000000000e+00 2.392756195965417646e+03 3.158508818443804194e+04 0.000000000000000000e+00 7.953185526737112014e+03 0.000000000000000000e+00 -4.487290666026256503e+01
2.525200307756395035e-01 4.608072056913084089e+04 0.000000000000000000e+00 1.026254450974327301e+04 0.000000000000000000e+00 1.245648623569440133e+03 3.090060352613671785e+04 0.000000000000000000e+00 7.663406619239097381e+03 0.000000000000000000e+00 1.001634704608722615e+02
2.575182250600202005e-01 4.466746597123910033e+04 0.000000000000000000e+00 1.003349091721928380e+04 0.000000000000000000e+00 1.163759362193577317e+03 3.051120768944191877e+04 0.000000000000000000e+00 7.060834215036137721e+03 0.000000000000000000e+00 -5.519379479919529103e+02
2.625255687975799335e-01 4.334695498373937153e+04 0.000000000000000000e+00 7.780599075711758815e+03 0.000000000000000000e+00 1.488707023449534972e+03 3.004254829691333362e+04 0.000000000000000000e+00 6.250520910595081659e+03 0.000000000000000000e+00 -5.428898271238659845e+02
2.675305520911575030e-01 4.205825735629168048e+04 0.000000000000000000e+00 8.704822744783970847e+03 0.000000000000000000e+00 6.334076027671530937e+02 2.965824741442398954e+04 0.000000000000000000e+00 5.877866806589248881e+03 0.000000000000000000e+00 -1.156613689399483519e+03
2.725404586615198799e-01 4.060901380441106448e+04 0.000000000000000000e+00 8.856695192256835071e+03 0.000000000000000000e+00 2.383624689268524889e+03 2.916480710847834052e+04 0.000000000000000000e+00 5.684242661448141007e+03 0.000000000000000000e+00 -3.529952134130215882e+02
2.775333197047151201e-01 3.970665412153953366e+04 0.000000000000000000e+00 8.572966836404993956e+03 0.000000000000000000e+00 3.945069403158683485e+02 2.884393496523379872e+04 0.000000000000000000e+00 5.782106030449504942e+03 0.000000000000000000e+00 -8.290898234549073322e+02
2.825123907298719983e-01 3.935758196751683136e+04 0.000000000000000000e+00 7.825345964305564848e+03 0.000000000000000000e+00 1.287008164021490757e+03 2.815264551349348767e+04 0.000000000000000000e+00 5.390793552769715461e+03 0.000000000000000000e+00 -4.319950595936516038e+02
2.875104651677040102e-01 3.821828768435165694e+04 0.000000000000000000e+00 6.230622869182148861e+03 0.000000000000000000e+00 1.295211741045776535e+03 2.803995249952116501e+04 0.000000000000000000e+00 4.955761348400689712e+03 0.000000000000000000e+00 -9.871922045585137084e+02
2.924971317655564174e-01 3.721709824411332374e+04 0.000000000000000000e+00 6.547058918725218973e+03 0.000000000000000000e+00 5.613795558843588651e+02 2.763156443838213090e+04 0.000000000000000000e+00 4.930505357824041312e+03 0.000000000000000000e+00 -1.034760406431700630e+03
2.975058823671092867e-01 3.638163573394902778e+04 0.000000000000000000e+00 5.562874345084806009e+03 0.000000000000000000e+00 1.513893304324660392e+02 2.717351851522955258e+04 0.000000000000000000e+00 4.767203978332297083e+03 0.000000000000000000e+00 -4.896378207974424868e+02
3.025121359101998753e-01 3.549217655959534750e+04 0.000000000000000000e+00 4.921118498984047619e+03 0.000000000000000000e+00 7.327144524663871152e+02 2.689083498335567128e+04 0.000000000000000000e+00 4.450820803251048346e+03 0.000000000000000000e+00 -1.239341576239678261e+03
3.075010376196579687e-01 3.503210643256518961e+04 0.000000000000000000e+00 4.638772973820347943e+03 0.000000000000000000e+00 7.174381773527721862e+02 2.661631344515859382e+04 0.000000000000000000e+00 4.706671432303914116e+03 0.000000000000000000e+00 -7.605724617233631761e+02
3.125134169243361515e-01 3.424862513573296019e+04 0.000000000000000000e+00 4.523750492660366035e+03 0.000000000000000000e+00 2.068583350090488580e+02 2.620780309672230214e+04 0.000000000000000000e+00 3.965213754273074755e+03 0.000000000000000000e+00 -1.038063704001608812e+03
3.175159688234982513e-01 3.354494067255454866e+04 0.000000000000000000e+00 3.837888379129785335e+03 0.000000000000000000e+00 -9.969148549478833843e+01 2.600785562574294454e+04 0.000000000000000000e+00 4.112798970439429468e+03 0.000000000000000000e+00 -7.190744171881600550e+02
3.225221380836135188e-01 3.263590409665848711e+04 0.000000000000000000e+00 3.688674494997168495e+03 0.000000000000000000e+00 5.484237870492731872e+02 2.567512055880687331e+04 0.000000000000000000e+00 3.735057881819898284e+03 0.000000000000000000e+00 -3.522816688691712557e+02
3.275181733526948968e-01 3.185729492780451619e+04 0.000000000000000000e+00 2.797215845982969313e+03 0.000000000000000000e+00 -3.803506108848574740e+02 2.537577252869307631e+04 0.000000000000000000e+00 3.712983339503887237e+03 0.000000000000000000e+00 -1.276124694557571274e+03
3.325123842131759710e-01 3.149498200450110016e+04 0.000000000000000000e+00 2.547762135620057506e+03 0.000000000000000000e+00 1.186056628445875731e+03 2.512565636869868467e+04 0.000000000000000000e+00 3.281067027228978077e+03 0.000000000000000000e+00 -4.778008308351940059e+02
3.374959366892091861e-01 3.110739025330203731e+04 0.000000000000000000e+00 3.070881967557720145e+03 0.000000000000000000e+00 1.164047437200013974e+03 2.485596272290929483e+04 0.000000000000000000e+00 3.067933433766597773e+03 0.000000000000000000e+00 -9.456504922397786004e+02
3.424919221947719805e-01 3.009400341697989279e+04 0.000000000000000000e+00 2.673319987665536246e+03 0.000000000000000000e+00 1.011934093958612948e+03 2.443984885281150855e+04 0.000000000000000000e+00 2.906876063639167114e+03 0.000000000000000000e+00 -7.208649459533791060e+02
3.475179778446125245e-01 2.976184846603717961e+04 0.000000000000000000e+00 2.082155716012676749e+03 0.000000000000000000e+00 7.318420622733361824e+02 2.429075910739373285e+04 0.000000000000000000e+00 2.891670010128401827e+03 0.000000000000000000e+00 -9.929438363772992489e+02
3.525052850529177828e-01 2.940874290276225292e+04 0.000000000000000000e+00 2.003575411144818872e+03 0.000000000000000000e+00 -7.181586300494970487e+00 2.406109174517004794e+04 0.000000000000000000e+00 3.088667539517803107e+03 0.000000000000000000e+00 -1.020738432061312437e+03
3.575133254796376558e-01 2.880828898375884455e+04 0.000000000000000000e+00 2.292210345594040064e+03 0.000000000000000000e+00 6.668882433644258754e+02 2.398433981497804052e+04 0.000000000000000000e+00 2.663923048033662781e+03 0.000000000000000000e+00 -6.089169853837250912e+02
3.625250227669692404e-01 2.840020478843547608e+04 0.000000000000000000e+00 1.522167143502484578e+03 0.000000000000000000e+00 8.428087336244541348e+02 2.369170329769612727e+04 0.000000000000000000e+00 2.498079445866586411e+03 0.000000000000000000e+00 -5.617888872157807327e+02
3.675230446100045678e-01 2.787079459644671806e+04 0.000000000000000000e+00 1.512071211425321962e+03 0.000000000000000000e+00 5.241754040636003538e+02 2.330009095349532436e+04 0.000000000000000000e+00 2.576603868220953700e+03 0.000000000000000000e+00 -4.736709606397947141e+02
3.725177060730277545e-01 2.732174235233575382e+04 0.000000000000000000e+00 1.685870775916290313e+03 0.000000000000000000e+00 8.614867631082395292e+02 2.315969489393333060e+04 0.000000000000000000e+00 2.427696952370061354e+03 0.000000000000000000e+00 -7.022149922808622478e+02
3.775163034622419089e-01 2.694241611904482852e+04 0.000000000000000000e+00 9.665302542390412555e+02 0.000000000000000000e+00 1.367072630860358231e+02 2.302269867122692449e+04 0.000000000000000000e+00 2.315728177298460196e+03 0.000000000000000000e+00 -9.806000510270926043e+02
3.825226892977953153e-01 2.670219935135135165e+04 0.000000000000000000e+00 7.105589729729729243e+02 0.000000000000000000e+00 1.087730270270270239e+03 2.273835416216216254e+04 0.000000000000000000e+00 2.240985297297297166e+03 0.000000000000000000e+00 -2.752776756756756527e+02
3.875130067694269043e-01 2.645028619599578815e+04 0.000000000000000000e+00 7.757971022128556342e+02 0.000000000000000000e+00 1.428192307692307850e+03 2.260036417281348986e+04 0.000000000000000000e+00 2.017651844046364658e+03 0.000000000000000000e+00 -6.372072708113804538e+02
3.924957861003909865e-01 2.604184613008077940e+04 0.000000000000000000e+00 4.682984713416793170e+02 0.000000000000000000e+00 1.092770289318701089e+03 2.243807333698065850e+04 0.000000000000000000e+00 2.208725208380265940e+03 0.000000000000000000e+00 -1.608732468702732490e+02
3.975064703251052212e-01 2.573238376804411382e+04 0.000000000000000000e+00 9.078680131342543973e+02 0.000000000000000000e+00 1.435031485038101891e+03 2.230185688619044959e+04 0.000000000000000000e+00 1.903619750944799080e+03 0.000000000000000000e+00 -3.970120314726473225e+02
