3.798113400606732779e-03 3.461657072368420907e-02 1.561699166315789521e+08 -9.312037417763156799e-02 2.236150703157894611e+08 1.349230314555920907e-01 1.310772143157894611e+08 0.000000000000000000e+00 1.666821389473684132e+07 0.000000000000000000e+00 9.340715115789473057e+07
8.299341265228576958e-03 4.638671875000000000e-03 1.230427900000000000e+07 -1.745605468750000000e-02 5.338715000000000000e+06 1.907348632812500000e-02 1.072244960000000000e+08 0.000000000000000000e+00 2.527276800000000000e+07 0.000000000000000000e+00 9.105173600000000000e+07
1.293222767532251419e-02 -1.617237261146496998e-04 3.199540504458598793e+07 1.057424363057324877e-04 1.198046410191082954e+07 -8.195038813694268407e-04 9.388191143949045241e+07 0.000000000000000000e+00 6.780533401273885369e+07 0.000000000000000000e+00 7.917542726114650257e+06
1.764839556552980082e-02 1.203981164383561685e-03 1.982205720547945052e+07 -2.809289383561643788e-03 5.929519780821917579e+06 1.772527825342465682e-03 6.465713446575342119e+07 0.000000000000000000e+00 6.549304109589041024e+07 0.000000000000000000e+00 2.165314454794520512e+07
2.256548662787912635e-02 2.362948960302457531e-04 1.281519546313799731e+07 -1.299621928166351656e-03 7.226754177693761885e+05 2.274338374291115343e-03 4.994901268809074163e+07 0.000000000000000000e+00 3.667165060113421828e+07 0.000000000000000000e+00 -7.276663047258979641e+06
2.777643688250242340e-02 4.001524390243902198e-04 9.208378068292682990e+06 8.574695121951218997e-05 1.670440273170731729e+06 1.260003810975609791e-03 3.800084479999999702e+07 0.000000000000000000e+00 3.664672718048780411e+07 0.000000000000000000e+00 8.168040897560975514e+06
3.269804980233311648e-02 5.546875000000000590e-04 6.191530496000000276e+06 -6.992187499999999705e-04 1.119621503999999957e+06 6.376953125000000243e-04 3.051295539200000092e+07 0.000000000000000000e+00 2.553892659200000018e+07 0.000000000000000000e+00 1.147619712000000058e+06
3.761648458559932462e-02 3.582265677680377802e-04 4.825335886716116220e+06 -8.218138907619689740e-04 1.228799568442346528e+06 6.374325691166554458e-04 2.479327581389076263e+07 0.000000000000000000e+00 2.197082523533378169e+07 0.000000000000000000e+00 7.371620639244774356e+06
4.263843696389812976e-02 -6.702968052455356368e-05 3.311644857142856810e+06 2.024514334542410637e-04 7.697047142857142026e+05 -8.278574262346540024e-04 1.937895771428571269e+07 0.000000000000000000e+00 1.547881828571428545e+07 0.000000000000000000e+00 2.691842000000000000e+06
4.756514582339458480e-02 9.050132195813344555e-05 2.169830545137374662e+06 -1.853680017989533385e-04 1.096042075883122598e+05 1.384936406318142295e-04 1.669006212298299186e+07 0.000000000000000000e+00 1.225389852245965973e+07 0.000000000000000000e+00 -6.595073563017881243e+05
5.262096060748640974e-02 -1.412723841292134758e-04 1.703754067415730329e+06 -1.735044329353932621e-04 3.206682471910112072e+05 -1.915063750877808821e-04 1.386856844943820126e+07 0.000000000000000000e+00 1.115110543820224702e+07 0.000000000000000000e+00 2.520101752808988560e+06
5.756031740041873956e-02 -3.021542388613861529e-06 1.509932514851485146e+06 -3.112188660272277281e-05 3.509642376237623976e+05 -2.325832253635519767e-04 1.227515310891089216e+07 0.000000000000000000e+00 9.596731564356435090e+06 0.000000000000000000e+00 1.236830336633663392e+06
6.254738279606215923e-02 -1.916237429482462368e-05 1.068351481972038280e+06 -1.006024650478292760e-04 4.138230267353446106e+04 1.434782775324993666e-04 1.091033546627422050e+07 0.000000000000000000e+00 7.292620071621289477e+06 0.000000000000000000e+00 2.416210978660779947e+05
6.757793472572401483e-02 -8.366857974516694871e-06 9.614836977152898908e+05 3.464737340729349805e-05 6.343372934973637894e+04 3.354788245551405991e-05 9.695063732864674181e+06 0.000000000000000000e+00 6.259685005272407085e+06 0.000000000000000000e+00 1.926682038664323336e+05
7.255917516659465827e-02 -7.264738701878370388e-05 8.020004374186350033e+05 1.816184675469592732e-04 1.698031645899200230e+05 -1.783493351311140045e-04 8.768327843779059127e+06 0.000000000000000000e+00 5.965230967453970574e+06 0.000000000000000000e+00 1.468372198623767821e+06
7.753384299139773339e-02 2.092400401740877257e-05 6.229979832607968710e+05 -3.138600602611316224e-05 6.039332574489454419e+04 -4.446350853699364085e-05 7.758826402410445735e+06 0.000000000000000000e+00 4.756184832942752168e+06 0.000000000000000000e+00 5.124982443923669634e+05
8.251793356505521260e-02 6.831457855504586858e-05 4.637593761467889999e+05 -2.715784475344037085e-04 -2.741105963302752571e+04 3.173548147219037085e-04 6.816556036697247997e+06 0.000000000000000000e+00 3.450595522935780231e+06 0.000000000000000000e+00 -2.087010091743119410e+05
8.752751931716111489e-02 -8.503952313075030371e-05 3.777977804846442887e+05 1.842523001166256535e-04 3.925702112219774426e+04 -3.325652779577556060e-04 6.195318097706362605e+06 0.000000000000000000e+00 3.434388517817805056e+06 0.000000000000000000e+00 7.898230628482571337e+05
9.254701955136974967e-02 -8.034162773473108011e-05 2.980039234275296330e+05 1.634651677871467603e-04 2.969116499544211547e+04 -2.858414906420920620e-04 5.579340076572470367e+06 0.000000000000000000e+00 3.093832809480401222e+06 0.000000000000000000e+00 4.283643974475843133e+05
9.754963178921903511e-02 -1.717392442164764857e-05 2.333583770543284772e+05 5.315738511462367576e-06 3.024961373390557856e+04 -9.987454857112949347e-05 4.940338969538364559e+06 0.000000000000000000e+00 2.460783800690882374e+06 0.000000000000000000e+00 1.368577661467601720e+05
1.025319613041059119e-01 -3.501791891416510406e-05 2.023826731707316940e+05 1.403121518820356426e-04 1.961915947467166916e+04 -1.346752746467518816e-04 4.664089455909944139e+06 0.000000000000000000e+00 2.222772208630394191e+06 0.000000000000000000e+00 3.875827992495309445e+05
1.075116003998943526e-01 -1.690980896795313515e-05 1.705919448656099266e+05 4.362057686509303962e-05 1.631209924190213678e+04 2.167357977795485697e-05 4.298414665747759864e+06 0.000000000000000000e+00 2.076744689179875888e+06 0.000000000000000000e+00 1.801822963473466516e+05
1.125102861506304813e-01 -8.031711370487748742e-05 1.463228779469738074e+05 -1.253067751410682714e-04 2.756297503285151106e+04 2.423100892788127050e-05 4.037507967534977477e+06 0.000000000000000000e+00 1.948123550127541181e+06 0.000000000000000000e+00 6.284960482337481808e+05
1.175500852175193622e-01 -1.555610866164130473e-05 1.297208545014933916e+05 7.000248897738586959e-05 1.918708348741288501e+04 -7.805833096287868877e-05 3.845841649836438708e+06 0.000000000000000000e+00 1.662135507324704900e+06 0.000000000000000000e+00 5.952967145498506579e+04
1.225369446564099490e-01 -4.267005958291956785e-05 9.899462376696459251e+04 1.475349635882158383e-04 1.692070916914928966e+04 -2.217226808176100679e-04 3.631086780801059678e+06 0.000000000000000000e+00 1.511492876795763150e+06 0.000000000000000000e+00 8.366410486593843962e+04
1.275260957852891452e-01 2.261986872422993016e-05 8.834424642250787292e+04 1.243500636672325853e-06 2.034914576764491721e+04 9.742235345167353164e-05 3.451207590589376632e+06 0.000000000000000000e+00 1.471230820276497630e+06 0.000000000000000000e+00 1.715878961920931179e+05
1.325302087090364789e-01 1.885065372313562580e-05 7.650495572639020975e+04 2.104259020257000294e-05 7.762811065596767548e+03 5.479841198585938111e-05 3.277096265304977074e+06 0.000000000000000000e+00 1.118375554233769188e+06 0.000000000000000000e+00 -3.005193603052578328e+04
1.375062694904859717e-01 5.156085005279830748e-05 6.329813558606124570e+04 -7.280392027455121243e-05 1.829504371700105548e+04 8.079585203273494901e-05 3.137448846462513320e+06 0.000000000000000000e+00 1.297092041393875377e+06 0.000000000000000000e+00 3.093460477296726312e+05
1.425134422753508989e-01 1.305008740131263153e-06 5.899606373584180983e+04 -2.629058011824486515e-07 1.406470186216164257e+04 4.864874122284222477e-05 2.948312634286811110e+06 0.000000000000000000e+00 1.114040837012862321e+06 0.000000000000000000e+00 1.080731103858706047e+05
1.475259222195813014e-01 -2.345858937195316262e-05 5.059433705407991511e+04 -4.244013643844822005e-05 1.005784536880951237e+04 1.119663788249179867e-04 2.829178244111348875e+06 0.000000000000000000e+00 9.919347899220921099e+05 0.000000000000000000e+00 -4.476496022597840783e+04
1.525299430011916868e-01 1.341658828626986689e-05 3.804428542441663740e+04 -6.499821002071356514e-05 1.907029015894487748e+04 1.006605337308716619e-04 2.689237838349678554e+06 0.000000000000000000e+00 9.304755901251267642e+05 0.000000000000000000e+00 1.656215569834291528e+05
1.574945685492469272e-01 -3.001526671250050410e-05 3.485177239454846858e+04 -3.349071864763213878e-05 1.705741448618918366e+04 -8.372679661908035711e-05 2.559068721963845193e+06 0.000000000000000000e+00 8.392773903829820920e+05 0.000000000000000000e+00 5.562537210336878343e+04
1.625189323163163113e-01 -7.974666400547445808e-07 3.214629839416058530e+04 1.138283388458029315e-06 1.906952992700730101e+04 1.705364589273494731e-05 2.424046285547445528e+06 0.000000000000000000e+00 8.233772472992701223e+05 0.000000000000000000e+00 8.004877080291970924e+04
1.675461007718098694e-01 -4.866128630410022152e-06 2.343371981776765097e+04 1.418128915148063720e-05 1.991517995444191183e+04 2.711128808371298238e-06 2.353661230068337172e+06 0.000000000000000000e+00 7.403245193621867802e+05 0.000000000000000000e+00 1.423664009111617270e+04
1.725292014006662711e-01 -8.498285921482019007e-06 1.770899007812242780e+04 2.098819098790256240e-05 7.682139169990441587e+03 -4.728781067673138837e-05 2.256485684411774389e+06 0.000000000000000000e+00 6.951722909977915697e+05 0.000000000000000000e+00 4.181753713287405117e+04
1.775301965061671094e-01 5.515039358278647129e-06 1.174653205451792019e+04 2.480227197438162380e-06 1.402956486622917691e+04 -1.034840136570860624e-05 2.152239943462897558e+06 0.000000000000000000e+00 6.494195335689046187e+05 0.000000000000000000e+00 3.656710348308934772e+04
1.825147654490652804e-01 2.769653460958965049e-06 1.519885042394162338e+04 -6.000915832077757041e-06 1.091282153091671898e+04 9.116775975656593145e-06 2.097510183698188979e+06 0.000000000000000000e+00 5.835732104345770786e+05 0.000000000000000000e+00 -4.662286838606753736e+04
1.875360723572403465e-01 1.118409567039106151e-05 1.230164469273743089e+04 -1.988586766759776404e-05 1.171062167597765438e+04 4.107427330656424958e-05 2.036028238659217954e+06 0.000000000000000000e+00 5.903867423463687301e+05 0.000000000000000000e+00 9.905247106145251018e+04
1.925323683450522461e-01 -9.517745260790402668e-06 5.179236585627074419e+03 -1.469498032023133708e-05 9.584962193424011275e+03 4.569302154733854358e-05 1.969659009960372699e+06 0.000000000000000000e+00 5.574099637999357656e+05 0.000000000000000000e+00 3.323817757309628360e+04
1.975198663583639380e-01 -1.778487416213481614e-06 4.065342405463512932e+03 1.748845959276590275e-05 1.356418849121031963e+04 6.150602314404956878e-06 1.921426710307322443e+06 0.000000000000000000e+00 4.995710462122170138e+05 0.000000000000000000e+00 7.086403116226127895e+04
2.025153694923672032e-01 2.638594036475924091e-06 4.188624529576377427e+03 -2.327616882176976098e-05 8.486899932451993664e+03 5.826109868040143234e-05 1.851871638714658096e+06 0.000000000000000000e+00 4.981185895976069150e+05 0.000000000000000000e+00 5.230127800829875923e+04
2.075088499274508613e-01 6.662027348133115054e-06 3.774389704366942169e+03 -2.631581168939207550e-05 6.456122558336577640e+03 1.040841315112515431e-05 1.811951315944949631e+06 0.000000000000000000e+00 4.405650433946278063e+05 0.000000000000000000e+00 -1.845311594036959832e+03
2.125178062418619784e-01 4.202892152317158293e-06 3.084233897713388160e+03 -1.033677087651640771e-05 1.160101867690696599e+04 -5.545926605933081725e-06 1.751056801536044804e+06 0.000000000000000000e+00 4.000458244021644350e+05 0.000000000000000000e+00 7.955607191481934569e+04
2.175004174234404231e-01 3.924826140476391288e-06 1.040575709115394375e+03 1.780555942786802637e-05 1.112408517801531889e+04 -4.141359415111312025e-05 1.716995038128103828e+06 0.000000000000000000e+00 4.146875502062116284e+05 0.000000000000000000e+00 6.225274387677804953e+02
2.225093171556767890e-01 -3.539873130946986989e-06 1.750516971690865148e+03 9.773127991962332842e-06 8.414415161245839045e+03 -1.558313715253836569e-06 1.653443223892358365e+06 0.000000000000000000e+00 4.021050567167707486e+05 0.000000000000000000e+00 9.289727152735367417e+04
2.275289586476768322e-01 -2.756064762551660740e-07 -1.407931118934639699e+03 -5.927874887589928472e-06 7.793910913822133807e+03 1.019743962144114622e-05 1.615724505127812736e+06 0.000000000000000000e+00 3.518214700750038610e+05 0.000000000000000000e+00 5.288390632175111386e+04
2.325285406108919262e-01 -4.583215851417968850e-06 -7.812705146162662686e+02 7.620928683171739454e-06 8.105664089644007618e+03 -2.232541287313772433e-05 1.565039926945955493e+06 0.000000000000000000e+00 3.492981668819238548e+05 0.000000000000000000e+00 -1.087754817819657001e+04
2.375276552426477672e-01 2.518223215855159298e-05 -9.745049745122165632e+02 -2.773135381877307016e-05 6.719205203023378999e+03 -2.538393033705396490e-06 1.540350299033222022e+06 0.000000000000000000e+00 3.128080064686236437e+05 0.000000000000000000e+00 2.827621023026894181e+04
2.424991024241769377e-01 5.523077296439485076e-06 -1.593701213850387376e+03 2.520007058987388756e-05 1.071050421217902112e+04 4.453496282688704352e-06 1.505339089223912451e+06 0.000000000000000000e+00 2.781527540391336079e+05 0.000000000000000000e+00 1.469224898283051698e+04
2.474998551644826128e-01 -1.188260486711495331e-06 -4.328846878001921141e+03 -2.814301152737752295e-07 8.941908677553634334e+03 -1.220312249839897558e-05 1.474755684662183747e+06 0.000000000000000000e+00 2.518013376881204022e+05 0.000000000000000000e+00 6.856872289465257199e+04
2.525200307756395035e-01 -9.182647695638726241e-06 -4.543364058150325036e+03 1.655293071450665083e-05 7.755339560779461863e+03 -2.522207508506031767e-05 1.430810716486235848e+06 0.000000000000000000e+00 2.581343416022270394e+05 0.000000000000000000e+00 3.533012211568203202e+04
2.575182250600202005e-01 3.638188287012889858e-08 -2.935980806199239851e+03 1.271546806311005111e-05 7.317521853811191249e+03 -1.134478062597794498e-05 1.398724456776693230e+06 0.000000000000000000e+00 2.275019449519409973e+05 0.000000000000000000e+00 4.290305545041352889e+04
2.625255687975799335e-01 6.085407402685856303e-07 -5.857514919837964044e+03 3.075350736765062435e-06 6.563385405374564471e+03 -2.570050804846406501e-05 1.383513447366919601e+06 0.000000000000000000e+00 2.170721086323957425e+05 0.000000000000000000e+00 3.446991727049694600e+04
2.675305520911575030e-01 5.178056088703552743e-06 -4.437609201750872671e+03 -6.148941605335468829e-06 7.222287899918531366e+03 1.267544980047223826e-06 1.360690509990196209e+06 0.000000000000000000e+00 2.216385863768796262e+05 0.000000000000000000e+00 2.493954007815412479e+04
2.725404586615198799e-01 -1.962732056910139119e-06 -5.384308880308880362e+03 1.244785330829851336e-05 6.142403977362881051e+03 -1.961440785820066561e-05 1.324711110170836095e+06 0.000000000000000000e+00 1.907401339186544647e+05 0.000000000000000000e+00 3.819816660496112308e+04
2.775333197047151201e-01 4.594162767854835104e-06 -5.032319487166231738e+03 -5.730082133533228288e-06 7.715445912063483775e+03 1.310724734730012618e-05 1.304391723938273732e+06 0.000000000000000000e+00 1.736641745289115061e+05 0.000000000000000000e+00 5.358235438260914088e+04
2.825123907298719983e-01 -4.728123263138393213e-06 -6.632873365034274684e+03 1.601772370777496452e-05 5.622204557524856682e+03 -2.282043166800469444e-05 1.287379199604767608e+06 0.000000000000000000e+00 1.761548631630951713e+05 0.000000000000000000e+00 1.975546450935589382e+04
2.875104651677040102e-01 -7.306449464901359639e-07 -5.945353763646810876e+03 1.230113831910792855e-05 5.826064355487454122e+03 -2.004816668674284051e-05 1.260395921087914146e+06 0.000000000000000000e+00 1.500266401072591543e+05 0.000000000000000000e+00 3.384601264125646412e+04
2.924971317655564174e-01 -5.158874365672935420e-06 -4.654652255834652351e+03 9.081650825347651582e-06 6.115211134101653442e+03 1.310743544385555240e-05 1.236466630200325977e+06 0.000000000000000000e+00 1.665528678865782567e+05 0.000000000000000000e+00 2.304905968165161903e+04
2.975058823671092867e-01 -1.636854381271645537e-06 -5.274722315957729734e+03 7.967470001554036070e-07 5.513235414261610458e+03 -8.429529061167968115e-06 1.211636610602966044e+06 0.000000000000000000e+00 1.551378982328389829e+05 0.000000000000000000e+00 2.564572524642571807e+04
3.025121359101998753e-01 4.026615729432363209e-06 -4.223499891919934271e+03 -1.276854096639790682e-05 6.934587177381004039e+03 1.688289258901744366e-05 1.201449004712290829e+06 0.000000000000000000e+00 1.362489417664606008e+05 0.000000000000000000e+00 2.385885746400933931e+04
3.075010376196579687e-01 9.062940899827559132e-06 -4.979776224068558804e+03 -1.841165020640644055e-05 7.601331870199091099e+03 5.108110270679835549e-05 1.180352605319538154e+06 0.000000000000000000e+00 1.442310501332497224e+05 0.000000000000000000e+00 3.801131663270105491e+04
3.125134169243361515e-01 -7.599631761512165631e-06 -3.339785562034989198e+03 5.213700859642067484e-06 5.878206314096119058e+03 -2.732774560753066704e-05 1.151809778564247070e+06 0.000000000000000000e+00 1.255613644882364752e+05 0.000000000000000000e+00 7.971986326161270881e+03
3.175159688234982513e-01 -3.971833217082060056e-06 -4.044539890560069125e+03 9.430705440559577509e-06 4.895845644506881399e+03 -2.178032454367282141e-05 1.141107750901356805e+06 0.000000000000000000e+00 1.275718939395427878e+05 0.000000000000000000e+00 -1.777456002986511521e+03
3.225221380836135188e-01 3.023527468378327739e-06 -5.744183047007740242e+03 -4.830269492165377277e-06 4.803309646969983078e+03 2.479661246932225805e-06 1.121462607211629394e+06 0.000000000000000000e+00 1.052541027751557558e+05 0.000000000000000000e+00 3.710985327543893072e+04
3.275181733526948968e-01 1.730383965140225825e-06 -5.019877082562014039e+03 -3.675159283454045005e-06 3.128302110329507741e+03 1.815102445509909505e-05 1.103184657534246566e+06 0.000000000000000000e+00 1.099329682339874125e+05 0.000000000000000000e+00 1.118828522769344636e+04
3.325123842131759710e-01 -1.164053257069660367e-06 -4.858773174875685982e+03 6.454414701513116734e-06 5.356021242338792035e+03 -4.397775831279966995e-06 1.082704584537925897e+06 0.000000000000000000e+00 1.105165688463488623e+05 0.000000000000000000e+00 4.635008925696291408e+04
3.374959366892091861e-01 -1.325782043758539872e-06 -4.257617489401955027e+03 -2.570306478383491812e-06 4.660101881371965646e+03 -6.022685687493431650e-06 1.071418701608100208e+06 0.000000000000000000e+00 9.207220320218618144e+04 0.000000000000000000e+00 2.734050492239778760e+04
3.424919221947719805e-01 -6.145786345519173181e-06 -4.075199426614106414e+03 7.844245260242605977e-06 5.360497245580845629e+03 1.322168114433927330e-06 1.052993940977923106e+06 0.000000000000000000e+00 8.773996816374834452e+04 0.000000000000000000e+00 2.088262677412096309e+04
3.475179778446125245e-01 -1.268283705524879919e-06 -3.281056751723461730e+03 7.458146318652595576e-07 4.357996013983729426e+03 8.131174228424053779e-06 1.039237917600548826e+06 0.000000000000000000e+00 6.758146149573626462e+04 0.000000000000000000e+00 2.807432443558662999e+04
3.525052850529177828e-01 -6.161013217507584441e-06 -2.937976049816381874e+03 1.795971410715711339e-05 5.812371068178189489e+03 -1.357406087525447055e-05 1.025990513428069651e+06 0.000000000000000000e+00 8.321863081590292859e+04 0.000000000000000000e+00 1.539182730320932387e+04
3.575133254796376558e-01 8.020071270627189626e-06 -3.148510979451372350e+03 -1.439159312701673286e-05 5.243864828199370095e+03 2.321301659588146112e-05 1.019999971303967992e+06 0.000000000000000000e+00 6.924080784235577448e+04 0.000000000000000000e+00 3.092616210498884902e+04
3.625250227669692404e-01 3.111956618920343214e-06 -4.126897033579280105e+03 -7.221099573200571713e-06 6.022572504140942328e+03 1.728923506378463311e-05 1.012481549646137631e+06 0.000000000000000000e+00 8.268476193344374769e+04 0.000000000000000000e+00 1.816956048787833060e+04
3.675230446100045678e-01 1.366926929554053729e-06 -2.956356377898796381e+03 1.993435105599661865e-07 3.283870612164556405e+03 -3.417317323885134323e-07 9.907440119560542516e+05 0.000000000000000000e+00 6.281656852495826752e+04 0.000000000000000000e+00 7.244938666899955933e+03
3.725177060730277545e-01 4.397295264166047251e-06 -3.021537880953742388e+03 1.117558631720295631e-05 5.628876207902109854e+03 1.111211345401484571e-05 9.767831134999142960e+05 0.000000000000000000e+00 5.797640299616902485e+04 0.000000000000000000e+00 2.648548093087083544e+04
3.775163034622419089e-01 1.811429465387771452e-06 -2.207448135097675731e+03 -2.925896292605898665e-06 3.822718530419732360e+03 1.136267953218844232e-05 9.760477565042304341e+05 0.000000000000000000e+00 6.015068824515070446e+04 0.000000000000000000e+00 3.039727134690837920e+04
3.825226892977953153e-01 1.088735219594594539e-07 -2.300462918918919058e+03 -7.868586359797296760e-07 4.389096216216215907e+03 -4.314113307643580723e-06 9.613619753513513133e+05 0.000000000000000000e+00 5.439767178378378594e+04 0.000000000000000000e+00 4.291644194594594592e+04
3.875130067694269043e-01 4.437751086670179150e-07 -2.896254583772392380e+03 6.299677086077450262e-06 3.234717175974710244e+03 -2.047234264892320850e-05 9.527482672286618035e+05 0.000000000000000000e+00 4.184702381454162241e+04 0.000000000000000000e+00 2.257209694415174090e+04
3.924957861003909865e-01 8.036141706626331215e-06 -2.208162095710102221e+03 -2.119662015656679412e-05 4.578176449007177325e+03 2.905794356736556103e-05 9.481954876323497156e+05 0.000000000000000000e+00 4.545335405013999844e+04 0.000000000000000000e+00 5.145461425675023929e+04
3.975064703251052212e-01 2.178071371042686508e-07 -2.511326534911096132e+03 2.069167802490552262e-06 4.504190025401152525e+03 -1.079960388141998636e-06 9.348934118084382499e+05 0.000000000000000000e+00 4.340520047085062834e+04 0.000000000000000000e+00 3.716246418437519606e+04
