3.798113400606732779e-03 4.604609868421052670e+04 0.000000000000000000e+00 3.891187631578947185e+05 0.000000000000000000e+00 8.845294736842104467e+05 3.737325136842104793e+07 0.000000000000000000e+00 1.481863949473684132e+08 0.000000000000000000e+00 2.059753903157894611e+08
8.299341265228576958e-03 5.721032500000000000e+05 0.000000000000000000e+00 1.245512625000000000e+06 0.000000000000000000e+00 7.893154375000000000e+05 2.760965200000000000e+07 0.000000000000000000e+00 6.493100000000000000e+07 0.000000000000000000e+00 3.163274200000000000e+07
1.293222767532251419e-02 7.443316687898089876e+05 0.000000000000000000e+00 7.272885095541401533e+05 0.000000000000000000e+00 2.333295286624204018e+05 1.201488876433121040e+07 0.000000000000000000e+00 2.137450476433121040e+07 0.000000000000000000e+00 -2.794968458598726429e+06
1.764839556552980082e-02 9.542276164383561118e+05 0.000000000000000000e+00 6.027197260273972061e+05 0.000000000000000000e+00 5.792385753424657742e+05 6.515735671232876368e+06 0.000000000000000000e+00 1.206172931506849267e+07 0.000000000000000000e+00 1.240784931506849243e+05
2.256548662787912635e-02 8.701338979206049116e+05 0.000000000000000000e+00 5.615396899810964242e+05 0.000000000000000000e+00 -2.728972703213610803e+05 4.067079258979205973e+06 0.000000000000000000e+00 6.682764340264650062e+06 0.000000000000000000e+00 -2.646738510396975558e+06
2.777643688250242340e-02 7.451648000000000466e+05 0.000000000000000000e+00 6.770491317073170794e+05 0.000000000000000000e+00 1.235292292682926782e+05 2.580419902439024299e+06 0.000000000000000000e+00 5.523171902439024299e+06 0.000000000000000000e+00 4.804857756097561214e+05
3.269804980233311648e-02 6.513822079999999842e+05 0.000000000000000000e+00 5.363661119999999646e+05 0.000000000000000000e+00 -1.062286000000000058e+05 1.615400576000000117e+06 0.000000000000000000e+00 2.928898816000000108e+06 0.000000000000000000e+00 -4.768028479999999981e+05
3.761648458559932462e-02 5.442166419420094462e+05 0.000000000000000000e+00 4.538656453135536285e+05 0.000000000000000000e+00 1.609095077545515960e+05 9.948492299393122084e+05 0.000000000000000000e+00 1.856185397167902905e+06 0.000000000000000000e+00 -4.541440863115307002e+04
4.263843696389812976e-02 4.720163214285714203e+05 0.000000000000000000e+00 3.123696785714285797e+05 0.000000000000000000e+00 -2.466037276785714130e+04 7.527870714285713620e+05 0.000000000000000000e+00 1.383485285714285681e+06 0.000000000000000000e+00 -9.654682142857142026e+04
4.756514582339458480e-02 4.256515795900567318e+05 0.000000000000000000e+00 3.088008931530746049e+05 0.000000000000000000e+00 -3.439004971652856329e+04 5.226116633231574669e+05 0.000000000000000000e+00 9.263900357610117644e+05 0.000000000000000000e+00 -8.091818927169646486e+04
5.262096060748640974e-02 3.692058202247190638e+05 0.000000000000000000e+00 2.569820000000000000e+05 0.000000000000000000e+00 3.379051685393258231e+04 3.928853483146067592e+05 0.000000000000000000e+00 6.871386067415729631e+05 0.000000000000000000e+00 -2.210425983146067301e+04
5.756031740041873956e-02 3.448746534653465496e+05 0.000000000000000000e+00 2.122029306930692983e+05 0.000000000000000000e+00 -1.907666955445544590e+04 3.317105346534653218e+05 0.000000000000000000e+00 5.630531485148514621e+05 0.000000000000000000e+00 -2.654053217821782164e+04
6.254738279606215923e-02 3.164821819965660688e+05 0.000000000000000000e+00 1.911906519499631831e+05 0.000000000000000000e+00 -1.405233652195241484e+04 2.506781103752759227e+05 0.000000000000000000e+00 3.784832847682118881e+05 0.000000000000000000e+00 -4.961378660779984784e+04
6.757793472572401483e-02 2.869499050966607756e+05 0.000000000000000000e+00 1.917385729349736357e+05 0.000000000000000000e+00 2.321390158172231895e+04 2.074598523725834675e+05 0.000000000000000000e+00 3.151903268892794149e+05 0.000000000000000000e+00 -1.784117750439367228e+04
7.255917516659465827e-02 2.700555045564441243e+05 0.000000000000000000e+00 1.645933360610005620e+05 0.000000000000000000e+00 1.631397879858657325e+04 1.764119471824437496e+05 0.000000000000000000e+00 2.613627167565557174e+05 0.000000000000000000e+00 1.081189064534126919e+04
7.753384299139773339e-02 2.504241365918982483e+05 0.000000000000000000e+00 1.595496002678272489e+05 0.000000000000000000e+00 1.818066956812855642e+04 1.513431804486106557e+05 0.000000000000000000e+00 2.175047820555741782e+05 0.000000000000000000e+00 2.034883829929695639e+04
8.251793356505521260e-02 2.233240000000000000e+05 0.000000000000000000e+00 1.358820825688073528e+05 0.000000000000000000e+00 -1.951096043577981845e+03 1.280885412844036764e+05 0.000000000000000000e+00 1.705235045871559705e+05 0.000000000000000000e+00 -5.083899082568807898e+03
8.752751931716111489e-02 2.003779043669819948e+05 0.000000000000000000e+00 1.305102397304652113e+05 0.000000000000000000e+00 2.849160243617986271e+04 1.133689298950369412e+05 0.000000000000000000e+00 1.419324276273163268e+05 0.000000000000000000e+00 7.846308150835817287e+03
9.254701955136974967e-02 1.811634056517775753e+05 0.000000000000000000e+00 1.083511759343664453e+05 0.000000000000000000e+00 9.902536007292615977e+03 1.001034238833181444e+05 0.000000000000000000e+00 1.210193473108477629e+05 0.000000000000000000e+00 1.022696718322698325e+04
9.754963178921903511e-02 1.633595410865696613e+05 0.000000000000000000e+00 8.420724463519312849e+04 0.000000000000000000e+00 3.370627237517010144e+03 8.914824829896367737e+04 0.000000000000000000e+00 1.004546157228095835e+05 0.000000000000000000e+00 1.108246959070449157e+04
1.025319613041059119e-01 1.516437853658536624e+05 0.000000000000000000e+00 7.979898236397748406e+04 0.000000000000000000e+00 6.835150469043152043e+03 7.884598273921200598e+04 0.000000000000000000e+00 7.984409455909943790e+04 0.000000000000000000e+00 1.989151969981238381e+03
1.075116003998943526e-01 1.360199586492074304e+05 0.000000000000000000e+00 6.437126395589248568e+04 0.000000000000000000e+00 -8.429773949000689754e+03 7.321011164713990001e+04 0.000000000000000000e+00 6.724252515506546479e+04 0.000000000000000000e+00 3.642809097174362250e+03
1.125102861506304813e-01 1.298674029527711245e+05 0.000000000000000000e+00 6.519930864960965118e+04 0.000000000000000000e+00 3.137769498338100220e+03 6.828047058823530097e+04 0.000000000000000000e+00 6.256350993275102519e+04 0.000000000000000000e+00 6.386685630362526354e+03
1.175500852175193622e-01 1.255904468781112228e+05 0.000000000000000000e+00 6.011522457687385031e+04 0.000000000000000000e+00 4.554065993457545119e+03 6.152396188308917772e+04 0.000000000000000000e+00 5.148244744702034222e+04 0.000000000000000000e+00 1.700258142511733922e+03
1.225369446564099490e-01 1.169865342601787561e+05 0.000000000000000000e+00 5.052271857000993623e+04 0.000000000000000000e+00 -4.987306454816286532e+03 5.923455279708706075e+04 0.000000000000000000e+00 4.704173717312148801e+04 0.000000000000000000e+00 2.464182720953326680e+03
1.275260957852891452e-01 1.117219810817365942e+05 0.000000000000000000e+00 5.290787872908076679e+04 0.000000000000000000e+00 1.773078219742905503e+03 5.558339461557118193e+04 0.000000000000000000e+00 4.141300606354595948e+04 0.000000000000000000e+00 2.449933543536260004e+03
1.325302087090364789e-01 1.066353627742550889e+05 0.000000000000000000e+00 4.506787632568318077e+04 0.000000000000000000e+00 -3.254572246226362040e+03 5.217818618483810860e+04 0.000000000000000000e+00 3.583530621177262947e+04 0.000000000000000000e+00 5.375409348521407082e+02
1.375062694904859717e-01 9.966390200633578934e+04 0.000000000000000000e+00 4.488743062302006001e+04 0.000000000000000000e+00 7.606387328405490734e+03 4.965003759239704232e+04 0.000000000000000000e+00 3.197350116156282820e+04 0.000000000000000000e+00 7.572639493136219244e+03
1.425134422753508989e-01 9.412397312344019883e+04 0.000000000000000000e+00 3.813755576886158815e+04 0.000000000000000000e+00 1.701619504703397979e+03 4.758096218084084830e+04 0.000000000000000000e+00 2.828853445958917291e+04 0.000000000000000000e+00 1.299395181416778541e+03
1.475259222195813014e-01 8.941543833432046813e+04 0.000000000000000000e+00 3.749234534602943313e+04 0.000000000000000000e+00 4.179570823272130838e+03 4.520471420110255713e+04 0.000000000000000000e+00 2.535005038953938856e+04 0.000000000000000000e+00 1.762868467811745404e+03
1.525299430011916868e-01 8.453426039905309153e+04 0.000000000000000000e+00 3.907916401758538996e+04 0.000000000000000000e+00 3.047846804193439311e+03 4.416286506594521052e+04 0.000000000000000000e+00 2.435572810280689737e+04 0.000000000000000000e+00 1.617974298275278898e+03
1.574945685492469272e-01 7.878146091317183163e+04 0.000000000000000000e+00 3.171484838435717757e+04 0.000000000000000000e+00 1.432909289440692191e+03 4.117656780038015131e+04 0.000000000000000000e+00 2.097288696566506042e+04 0.000000000000000000e+00 1.131039754114935022e+03
1.625189323163163113e-01 7.589882394160584954e+04 0.000000000000000000e+00 3.093897109489051218e+04 0.000000000000000000e+00 7.879786131386862280e+02 3.979939036496351036e+04 0.000000000000000000e+00 1.845997664233576870e+04 0.000000000000000000e+00 2.085156642335766719e+03
1.675461007718098694e-01 7.102029612756264396e+04 0.000000000000000000e+00 2.750880410022778960e+04 0.000000000000000000e+00 -3.910137564066059213e+01 3.811500000000000000e+04 0.000000000000000000e+00 1.770586788154897295e+04 0.000000000000000000e+00 1.400500142369020523e+03
1.725292014006662711e-01 6.777912015031150077e+04 0.000000000000000000e+00 2.538777070903517233e+04 0.000000000000000000e+00 3.985203283119623393e+03 3.724570893628243357e+04 0.000000000000000000e+00 1.647930909450506078e+04 0.000000000000000000e+00 2.640906879388206107e+03
1.775301965061671094e-01 6.612893690055527259e+04 0.000000000000000000e+00 2.589880868248359548e+04 0.000000000000000000e+00 3.532680212014134213e+03 3.616165976779404446e+04 0.000000000000000000e+00 1.493147602221100351e+04 0.000000000000000000e+00 1.013521832407874854e+03
1.825147654490652804e-01 6.317990227185441472e+04 0.000000000000000000e+00 2.297629117551478703e+04 0.000000000000000000e+00 2.042070223640284894e+02 3.484229277083517809e+04 0.000000000000000000e+00 1.295512186475228191e+04 0.000000000000000000e+00 1.413425802830216469e+02
1.875360723572403465e-01 6.062730011173184175e+04 0.000000000000000000e+00 2.247048581005586675e+04 0.000000000000000000e+00 1.285108938547486105e+03 3.448847731843575457e+04 0.000000000000000000e+00 1.295663016759776474e+04 0.000000000000000000e+00 9.425379888268156492e+02
1.925323683450522461e-01 5.872718003641426185e+04 0.000000000000000000e+00 2.001480903930598652e+04 0.000000000000000000e+00 2.816953411159901407e+03 3.319109435578879493e+04 0.000000000000000000e+00 1.110528178215700973e+04 0.000000000000000000e+00 1.162814073042733156e+02
1.975198663583639380e-01 5.673024752750727203e+04 0.000000000000000000e+00 1.782570218793474123e+04 0.000000000000000000e+00 2.004166055393954480e+02 3.264547484507398258e+04 0.000000000000000000e+00 1.118886576451245674e+04 0.000000000000000000e+00 2.848158846591627480e+02
2.025153694923672032e-01 5.423608761941522971e+04 0.000000000000000000e+00 1.517244813278008405e+04 0.000000000000000000e+00 -2.606490398533243251e+02 3.187629528128920356e+04 0.000000000000000000e+00 1.008024780468976314e+04 0.000000000000000000e+00 -4.103787513268358680e+02
2.075088499274508613e-01 5.253280157548833085e+04 0.000000000000000000e+00 1.662876347065424125e+04 0.000000000000000000e+00 3.951533582174998287e+02 3.114569255077973139e+04 0.000000000000000000e+00 9.198737044585404874e+03 0.000000000000000000e+00 -9.960909569717648537e+02
2.125178062418619784e-01 5.014967498690871435e+04 0.000000000000000000e+00 1.545086402513527719e+04 0.000000000000000000e+00 1.357773782510036654e+03 3.054030511433060019e+04 0.000000000000000000e+00 8.105826496770815538e+03 0.000000000000000000e+00 3.644799266887764020e+02
2.175004174234404231e-01 4.842844609039643547e+04 0.000000000000000000e+00 1.407282484639340146e+04 0.000000000000000000e+00 8.829101927447185290e+02 2.963034896052521071e+04 0.000000000000000000e+00 7.759712482114300656e+03 0.000000000000000000e+00 -4.693813125999495384e+01
2.225093171556767890e-01 4.755965690195228672e+04 0.000000000000000000e+00 1.354833892161304902e+04 0.000000000000000000e+00 2.177321959772266382e+03 2.916039006323752619e+04 0.000000000000000000e+00 7.171005772147908829e+03 0.000000000000000000e+00 5.372902819093399103e+02
2.275289586476768322e-01 4.589463707332006743e+04 0.000000000000000000e+00 1.092119761212306730e+04 0.000000000000000000e+00 8.041714373182305735e+02 2.875592836369202632e+04 0.000000000000000000e+00 7.211215061992958908e+03 0.000000000000000000e+00 -3.492143731823052235e+02
2.325285406108919262e-01 4.357990548087243224e+04 0.000000000000000000e+00 1.124135266403507194e+04 0.000000000000000000e+00 2.051815072853946731e+02 2.817853186109544913e+04 0.000000000000000000e+00 7.283873610681607715e+03 0.000000000000000000e+00 -3.603589034616994269e+01
2.375276552426477672e-01 4.265770434171208035e+04 0.000000000000000000e+00 1.031506078396906378e+04 0.000000000000000000e+00 1.037189523642116455e+03 2.744389073650905266e+04 0.000000000000000000e+00 5.763798488310775610e+03 0.000000000000000000e+00 -1.955021796449288161e+02
2.424991024241769377e-01 4.103530072763493081e+04 0.000000000000000000e+00 9.795616362500633841e+03 0.000000000000000000e+00 1.244961693650499001e+03 2.696921297249844065e+04 0.000000000000000000e+00 6.000589131058700332e+03 0.000000000000000000e+00 -1.050291627977647522e+03
2.474998551644826128e-01 4.028335830931796227e+04 0.000000000000000000e+00 9.557460390650016052e+03 0.000000000000000000e+00 1.458387704130643669e+03 2.642530899775856597e+04 0.000000000000000000e+00 5.641711687479987631e+03 0.000000000000000000e+00 4.633192443163624716e+02
2.525200307756395035e-01 3.915020352613672003e+04 0.000000000000000000e+00 7.316814351995051766e+03 0.000000000000000000e+00 1.142078951438292620e+02 2.637386155273739860e+04 0.000000000000000000e+00 5.242166161459944306e+03 0.000000000000000000e+00 -3.354611815651098254e+02
2.575182250600202005e-01 3.810950170628120395e+04 0.000000000000000000e+00 7.801348692347813085e+03 0.000000000000000000e+00 8.099424484017583836e+02 2.574304603233738089e+04 0.000000000000000000e+00 4.955080664630057072e+03 0.000000000000000000e+00 -4.311970494001936913e+02
2.625255687975799335e-01 3.706940468990700174e+04 0.000000000000000000e+00 7.372760654989444447e+03 0.000000000000000000e+00 7.030589376390711323e+02 2.554079808295772091e+04 0.000000000000000000e+00 4.917024932960574915e+03 0.000000000000000000e+00 -2.948841501683117485e+02
2.675305520911575030e-01 3.590462832603802235e+04 0.000000000000000000e+00 6.016356139793705552e+03 0.000000000000000000e+00 -2.118199141133096575e+01 2.509308316648485925e+04 0.000000000000000000e+00 4.288284558346335871e+03 0.000000000000000000e+00 -3.039674679996133477e+02
2.725404586615198799e-01 3.489701634315332922e+04 0.000000000000000000e+00 6.139106997408366624e+03 0.000000000000000000e+00 1.207088168403236750e+03 2.491975924260855754e+04 0.000000000000000000e+00 4.592008885597926565e+03 0.000000000000000000e+00 6.505968358280001418e+00
2.775333197047151201e-01 3.407092201514720364e+04 0.000000000000000000e+00 5.450458500271408411e+03 0.000000000000000000e+00 3.873121978959340481e+02 2.436566701992917297e+04 0.000000000000000000e+00 4.000466513299040798e+03 0.000000000000000000e+00 -5.330027657869568429e+02
2.825123907298719983e-01 3.342709605385042960e+04 0.000000000000000000e+00 4.749288112147224638e+03 0.000000000000000000e+00 7.059935033656518044e+02 2.407568939665287689e+04 0.000000000000000000e+00 3.607011227073427108e+03 0.000000000000000000e+00 -8.573916136602235838e+02
2.875104651677040102e-01 3.262208159356444958e+04 0.000000000000000000e+00 4.492596054395709871e+03 0.000000000000000000e+00 3.266695077571346246e+02 2.370671672093468442e+04 0.000000000000000000e+00 3.577862478452403593e+03 0.000000000000000000e+00 -2.006324099789312356e+02
2.924971317655564174e-01 3.163949184477915333e+04 0.000000000000000000e+00 3.387496422337560034e+03 0.000000000000000000e+00 3.764923187182836273e+02 2.363123929302153556e+04 0.000000000000000000e+00 3.184389693557895498e+03 0.000000000000000000e+00 -1.560239975031499625e+03
2.975058823671092867e-01 3.116272870970606527e+04 0.000000000000000000e+00 3.876745582097504666e+03 0.000000000000000000e+00 7.975782790160731111e+02 2.317712032679158074e+04 0.000000000000000000e+00 3.337119971583340430e+03 0.000000000000000000e+00 -2.241013009501820363e+02
3.025121359101998753e-01 3.037133543729194571e+04 0.000000000000000000e+00 3.478546020491980471e+03 0.000000000000000000e+00 3.067934157623967621e+02 2.284143703255371656e+04 0.000000000000000000e+00 3.436433530759586574e+03 0.000000000000000000e+00 -7.333026674160217908e+02
3.075010376196579687e-01 2.961932440821445562e+04 0.000000000000000000e+00 2.726410367351204513e+03 0.000000000000000000e+00 1.223585389559492114e+03 2.271386319694832127e+04 0.000000000000000000e+00 2.923906401212311266e+03 0.000000000000000000e+00 -3.481178032084443998e+02
3.125134169243361515e-01 2.908935773175145732e+04 0.000000000000000000e+00 2.362273074602855559e+03 0.000000000000000000e+00 5.384182585964206282e+02 2.235668642670420377e+04 0.000000000000000000e+00 2.940546470943092572e+03 0.000000000000000000e+00 -1.212218781419666129e+03
3.175159688234982513e-01 2.837294393413955913e+04 0.000000000000000000e+00 3.066720161900364474e+03 0.000000000000000000e+00 1.932906249078995131e+02 2.231327547622088241e+04 0.000000000000000000e+00 2.605470739063374822e+03 0.000000000000000000e+00 -6.740839563419162914e+02
3.225221380836135188e-01 2.781046116669813273e+04 0.000000000000000000e+00 2.528079290164243957e+03 0.000000000000000000e+00 6.971817255050028734e+02 2.192779671512176719e+04 0.000000000000000000e+00 2.476035642816688778e+03 0.000000000000000000e+00 -5.188945063243345430e+02
3.275181733526948968e-01 2.729407834135505254e+04 0.000000000000000000e+00 1.769142391706775243e+03 0.000000000000000000e+00 1.840152536097741631e+02 2.169327508330248020e+04 0.000000000000000000e+00 2.598636653091447442e+03 0.000000000000000000e+00 -1.343564901888189524e+03
3.325123842131759710e-01 2.680445498456639325e+04 0.000000000000000000e+00 1.714913438358967142e+03 0.000000000000000000e+00 2.891958511613012206e+02 2.144143295053239490e+04 0.000000000000000000e+00 2.493003727194285602e+03 0.000000000000000000e+00 -4.487582483076403150e+02
3.374959366892091861e-01 2.630244837613425625e+04 0.000000000000000000e+00 1.465355148372630765e+03 0.000000000000000000e+00 -1.649220999894895385e+02 2.113878765371544796e+04 0.000000000000000000e+00 2.074803769750902120e+03 0.000000000000000000e+00 -9.392885120695092382e+02
3.424919221947719805e-01 2.589995922959604650e+04 0.000000000000000000e+00 1.367526556601021866e+03 0.000000000000000000e+00 5.052662827425847354e+02 2.087670836493345269e+04 0.000000000000000000e+00 1.858747985231979783e+03 0.000000000000000000e+00 -7.634713182041687105e+02
3.475179778446125245e-01 2.514627477374456794e+04 0.000000000000000000e+00 1.552596987617211653e+03 0.000000000000000000e+00 1.020980494658084694e+03 2.077525271996602169e+04 0.000000000000000000e+00 2.179553827555787848e+03 0.000000000000000000e+00 -4.120230339464828262e+02
3.525052850529177828e-01 2.491024084304646385e+04 0.000000000000000000e+00 9.823786045026345164e+02 0.000000000000000000e+00 2.683890787162701486e+02 2.059038901484911548e+04 0.000000000000000000e+00 1.824074469104263244e+03 0.000000000000000000e+00 -1.026135845441481706e+03
3.575133254796376558e-01 2.440334308773597149e+04 0.000000000000000000e+00 1.035641268940990813e+03 0.000000000000000000e+00 6.065999647431229960e+02 2.027827229039403392e+04 0.000000000000000000e+00 1.790406511791892626e+03 0.000000000000000000e+00 -6.415995585225836066e+02
3.625250227669692404e-01 2.412793832254178415e+04 0.000000000000000000e+00 8.896498720072278275e+02 0.000000000000000000e+00 2.009692967926517042e+02 2.020363101942478534e+04 0.000000000000000000e+00 1.725738171962053912e+03 0.000000000000000000e+00 -8.483662099081462884e+02
3.675230446100045678e-01 2.384211802958394401e+04 0.000000000000000000e+00 4.310812792978005064e+02 0.000000000000000000e+00 4.833434959794122392e+02 1.991336561467970023e+04 0.000000000000000000e+00 1.653077298806581666e+03 0.000000000000000000e+00 -5.898323382105286328e+02
3.725177060730277545e-01 2.333953273486191392e+04 0.000000000000000000e+00 4.314136314254674858e+02 0.000000000000000000e+00 6.711028646577849486e+02 1.986006655612098984e+04 0.000000000000000000e+00 1.542717936988964539e+03 0.000000000000000000e+00 -5.981128709474527341e+02
3.775163034622419089e-01 2.314729789478765088e+04 0.000000000000000000e+00 3.866259920976962121e+02 0.000000000000000000e+00 5.811079498831203409e+02 1.967321014197943805e+04 0.000000000000000000e+00 1.684201212238227527e+03 0.000000000000000000e+00 -7.040091572944608060e+02
3.825226892977953153e-01 2.279120951351351323e+04 0.000000000000000000e+00 6.679153513513513190e+02 0.000000000000000000e+00 1.246004432432432395e+03 1.953221881081080937e+04 0.000000000000000000e+00 1.486187999999999874e+03 0.000000000000000000e+00 -2.994255675675675548e+02
3.875130067694269043e-01 2.241512328767123472e+04 0.000000000000000000e+00 2.088925579557428875e+02 0.000000000000000000e+00 3.778221285563751621e+02 1.932856480505795844e+04 0.000000000000000000e+00 1.447284615384615563e+03 0.000000000000000000e+00 -4.984113804004215353e+02
3.924957861003909865e-01 2.205754593376886987e+04 0.000000000000000000e+00 2.911852476426479939e+02 0.000000000000000000e+00 1.288482528239951080e+03 1.921197077848936533e+04 0.000000000000000000e+00 1.422532076078911132e+03 0.000000000000000000e+00 -3.029257812248575874e+02
3.975064703251052212e-01 2.179034379530388469e+04 0.000000000000000000e+00 2.459226813704231631e+02 0.000000000000000000e+00 1.318692423022117737e+03 1.916111705594449086e+04 0.000000000000000000e+00 1.338312719162381654e+03 0.000000000000000000e+00 -1.023724800198253035e+02
