3.798113400606732779e-03 -3.533614309210526458e-05 -6.811720000000000000e+06 6.264134457236841249e-05 -1.028929936842105165e+07 -1.513832493832236771e-04
8.299341265228576958e-03 3.552436828613281250e-05 -2.010031000000000000e+06 -2.789497375488281250e-05 -5.557244375000000000e+05 -4.780292510986328125e-05
1.293222767532251419e-02 1.072974721337579651e-04 -1.305120305732484208e+06 -2.558033937101911073e-04 2.169837452229299524e+05 3.465786101711783415e-04
1.764839556552980082e-02 -1.923025470890410852e-05 -1.142363287671232829e+06 -3.553416630993150657e-05 -3.855307945205479045e+05 -1.225928737692636838e-04
2.256548662787912635e-02 -4.799740075614367156e-05 -7.047258979206049116e+05 1.089171786389413953e-04 5.060762192816635070e+04 -1.906050626181474519e-04
2.777643688250242340e-02 8.336509146341464043e-06 -5.788632195121950936e+05 -7.741044207317073270e-06 -1.140358146341463435e+05 2.188333650914634057e-05
3.269804980233311648e-02 -2.072525024414062435e-05 -3.880339519999999902e+05 7.183265686035156510e-05 -2.690277999999999884e+04 -1.079115867614746172e-04
3.761648458559932462e-02 -1.226465041301416078e-05 -3.166863708698583650e+05 3.296639255310182309e-05 -5.033176534052596253e+04 -4.509728419483310458e-05
4.263843696389812976e-02 -1.634870256696428481e-06 -2.409773750000000000e+05 5.177089146205356538e-06 -5.376468303571428260e+04 -2.104895455496651592e-05
4.756514582339458480e-02 -5.989058070758831316e-07 -1.728430109027474828e+05 4.797900965574574902e-06 -1.862545311818578193e+04 -5.880922300036796693e-06
5.262096060748640974e-02 5.486306179775280747e-06 -1.510411797752809071e+05 -1.714470681179775403e-05 -2.796560674157303220e+04 1.697325974367977608e-05
5.756031740041873956e-02 6.798470374381187804e-07 -1.292100099009901023e+05 -2.133964311958539466e-05 -2.626178465346534722e+04 3.001713516688582961e-05
6.254738279606215923e-02 -1.167707183590875537e-06 -1.050696727986264304e+05 -6.302624670407161471e-06 -1.413272504292371741e+04 9.203179373237061508e-06
6.757793472572401483e-02 6.543312005711774411e-06 -9.217684358523724950e+04 -1.592921037456063293e-05 -1.133023550087873446e+04 2.304908470864455068e-05
7.255917516659465827e-02 4.182900330690905651e-06 -7.723519285847127321e+04 -1.722253874285149680e-05 -1.054152129440208410e+04 9.338452688752441326e-06
7.753384299139773339e-02 -7.478696748409776463e-06 -6.759546300636090746e+04 1.550910063399732407e-05 -1.178695681285570936e+04 -1.704672885890944070e-05
8.251793356505521260e-02 -4.864613944237385803e-06 -5.335298623853211029e+04 1.160157929866685812e-05 -4.548230504587156247e+03 -9.838594209163560982e-06
8.752751931716111489e-02 2.356936187961643195e-06 -4.513687287806142558e+04 3.060853371614617418e-06 -7.312140987430349014e+03 -6.131593220527731440e-06
9.254701955136974967e-02 -2.308987223678213103e-06 -3.913593072014585050e+04 5.828106305549225107e-06 -7.169844576116681310e+03 -4.259803236454535403e-06
9.754963178921903511e-02 -4.344593975714435486e-07 -3.398944331623573817e+04 -4.472376151470741992e-07 -6.757862032869255927e+03 -3.280807362543180015e-06
1.025319613041059119e-01 2.931519699812382737e-06 -2.890548893058161411e+04 -7.695239212007505531e-06 -5.408838649155722123e+03 6.137869371482176143e-06
1.075116003998943526e-01 -1.514311250861474853e-06 -2.470301033769813876e+04 1.808760660751205956e-06 -3.013480702963473504e+03 1.041088984967263908e-06
1.125102861506304813e-01 2.538217056697843487e-06 -2.246404699698539116e+04 -1.740896085355955873e-06 -4.126777459998454106e+03 1.152930842435939687e-05
1.175500852175193622e-01 1.744853705909543453e-06 -2.020858711420850523e+04 -4.292687351105817245e-06 -3.357247048783956870e+03 5.422284806237555362e-06
1.225369446564099490e-01 -5.495386461436611236e-07 -1.705477444554783142e+04 2.941648047004303605e-06 -3.275332406487917979e+03 -2.569901315789474050e-06
1.275260957852891452e-01 3.164265012960829557e-07 -1.482916808149405733e+04 3.043985933520798101e-07 -2.563098714528256096e+03 -2.921625100782765702e-06
1.325302087090364789e-01 -6.849801498232422215e-07 -1.322187262218730757e+04 1.739849580551035289e-06 -1.831935132708602168e+03 -4.212627921412939651e-06
1.375062694904859717e-01 -9.216501946937698131e-07 -1.190956874340021022e+04 1.298688910704857363e-06 -2.537828299894403244e+03 -2.794759200518083179e-06
1.425134422753508989e-01 -2.109105034555576907e-07 -1.042537454405836070e+04 -4.804072578709924927e-07 -1.397173641773852978e+03 -2.607088167714532591e-07
1.475259222195813014e-01 -1.890924700441933561e-07 -9.280178595835801389e+03 -7.285621639938038170e-07 -1.562026880495694513e+03 9.746604522130849739e-07
1.525299430011916868e-01 -1.099128194221339221e-06 -8.254546499830908942e+03 3.294804469532042359e-06 -1.598145586743320791e+03 -3.841143425227743264e-06
1.574945685492469272e-01 -1.629118094592954814e-07 -7.591184373357058575e+03 -1.295889393426214182e-06 -1.301957374529866001e+03 4.059836342548125590e-06
1.625189323163163113e-01 5.680279140054745212e-07 -6.850373138686131824e+03 -2.391286139940693712e-06 -1.325000875912408901e+03 1.986148583627965321e-06
1.675461007718098694e-01 -1.094878941842255090e-06 -5.913589977220956825e+03 1.572802289471810845e-06 -9.147769077448746202e+02 -5.446153784124073924e-06
1.725292014006662711e-01 8.651190687114745498e-07 -5.290103042489369727e+03 2.836785783449253552e-07 -7.736721495203877339e+02 -1.490318488716336705e-06
1.775301965061671094e-01 -6.884170986678129792e-07 -4.753848056537102821e+03 2.152386607093560870e-06 -1.022191065118626966e+03 -2.685428448002606758e-06
1.825147654490652804e-01 -3.822698787261071111e-07 -4.294432331826641530e+03 4.832468278235694138e-07 -8.899405004579160732e+02 -1.999704224090815236e-06
1.875360723572403465e-01 -2.386849685754189809e-08 -3.798581005586592255e+03 5.506803203561452212e-07 -6.907083240223463463e+02 -2.112788195050628402e-06
1.925323683450522461e-01 -1.813993344690478720e-07 -3.191521259505194394e+03 3.619815548188658081e-07 -4.862572025275784426e+02 -2.177813406277611936e-06
1.975198663583639380e-01 2.809763105476160387e-07 -2.853836246363980990e+03 -6.468630446123687038e-07 -1.011182192993549961e+03 7.398785540106867243e-07
2.025153694923672032e-01 4.437535032047609387e-07 -2.554688603686191527e+03 -1.657127609333913383e-06 -4.548702113287658335e+02 2.008601181941707589e-06
2.075088499274508613e-01 6.677401794966109005e-07 -2.138875998992420136e+03 -8.139721340331528572e-07 -3.824300075568481248e+02 1.303901594617499070e-06
2.125178062418619784e-01 2.753320508528430005e-07 -1.925860534124629112e+03 -4.379677302260156753e-07 -4.754707627858265369e+02 1.766894329362024682e-06
2.175004174234404231e-01 -6.707265876517654678e-07 -1.609864657857082875e+03 1.319780583313825734e-06 -4.166242319670061534e+02 -1.679987089068648287e-06
2.225093171556767890e-01 -4.064120646263863905e-07 -1.512139161955044301e+03 1.102603145746734625e-06 -3.668075392525758360e+01 -1.830958495295354696e-06
2.275289586476768322e-01 4.566192043041099144e-07 -1.389181999081585900e+03 -1.189428796889350347e-06 -1.925566738098882809e+02 1.148408977065355731e-06
2.325285406108919262e-01 1.537731093559565781e-07 -1.106001491641351322e+03 -2.456483786642988487e-07 -3.503327087843123309e+02 7.013469387457820965e-07
2.375276552426477672e-01 -2.081353544120232069e-07 -1.028119388293197517e+03 8.550715333318685099e-07 -1.329058358235190838e+02 3.940088088031728231e-07
2.424991024241769377e-01 4.183524967079161887e-07 -8.676814613475596616e+02 -6.172244963744871572e-07 -1.763162426350176588e+02 9.729786823065268287e-07
2.474998551644826128e-01 -1.543956882404739058e-07 -7.236888888888888687e+02 1.436466213376560962e-07 -1.844408581492155008e+02 -9.698589910042427581e-08
2.525200307756395035e-01 1.530362620945136225e-07 -6.188151562016703338e+02 -1.635965901264789075e-07 -1.659842406433652968e+02 -4.954062266280471720e-07
2.575182250600202005e-01 1.882762438529170661e-07 -5.531853066090454831e+02 -4.506805740537217683e-07 -1.962828105208255636e+02 8.405351876839468041e-07
2.625255687975799335e-01 2.159057275917156343e-07 -4.063979859645119177e+02 -7.234583049544987533e-07 -1.289089547555200568e+02 6.932053854633209203e-07
2.675305520911575030e-01 -1.660281656045898293e-07 -3.194069952085720843e+02 5.768846667834605833e-07 -7.628808632855110261e+01 -9.379116487167913165e-07
2.725404586615198799e-01 -2.848866842472364703e-07 -2.948476225736499714e+02 -2.449379848981197419e-07 -1.949324324324324209e+02 -4.857398670858510785e-07
2.775333197047151201e-01 3.021229979547393016e-07 -1.801983482823687552e+02 -5.155022954658541887e-07 -2.336902318608318012e+02 1.117480396808440146e-06
2.825123907298719983e-01 1.470000057895387043e-07 -8.937118507997283245e+01 -7.225615669193478516e-07 -7.676696103254492698e+01 -3.283942437029117508e-07
2.875104651677040102e-01 6.941126991656291233e-08 5.822607543454318524e+00 -2.155402592145900958e-08 -9.304052145182915012e+01 5.598566902480666967e-08
2.924971317655564174e-01 -6.427426897056952930e-07 -2.154366019720491465e+01 3.601757882489104855e-07 -8.376516894195978580e+01 -6.521792248042832985e-07
2.975058823671092867e-01 -4.065035715078589494e-08 -2.969607772400319590e+01 6.531157382226267936e-07 -3.671728615353876179e+00 -1.140242518079544414e-06
3.025121359101998753e-01 2.965209322378517785e-07 1.545510462150361093e+02 -4.642416152667145966e-07 -1.368565453287795606e+02 9.328123042104278057e-07
3.075010376196579687e-01 -1.569174733500548911e-07 1.391351204473010625e+02 -2.736487645007054562e-07 -1.158811621466269628e+02 -9.435779368010921698e-07
3.125134169243361515e-01 1.218125730507238995e-07 1.788535491654936607e+02 -4.456744643732405022e-07 -1.055976774582746884e+02 5.114517196572429128e-07
3.175159688234982513e-01 -1.199225005157626901e-08 2.087213604346160309e+02 7.315272531461523597e-08 -6.988570207582202443e+01 3.684618828346808805e-07
3.225221380836135188e-01 2.212337171984141990e-07 2.478975269020200187e+02 -2.560895502466018579e-07 -4.756398905040589398e+01 1.314079309153471418e-06
3.275181733526948968e-01 -3.020439444538047141e-07 2.454611810440577528e+02 1.337553827200320773e-06 -2.792146890040725538e+01 -7.054378526469417813e-07
3.325123842131759710e-01 -1.294900661432434669e-07 2.134964996397342247e+02 2.806975437989806092e-07 -8.477782719695420610e+01 -5.935640034008424519e-07
3.374959366892091861e-01 -3.212883097979364765e-07 3.024720246645412089e+02 9.101386812495620606e-07 -1.395484269348001476e+02 -1.061895285149544192e-06
3.424919221947719805e-01 1.627753377392927700e-07 2.628604622090358589e+02 -3.743832768003733632e-07 -1.142249372859178749e+02 1.385625062505729685e-06
3.475179778446125245e-01 1.405880522633711221e-07 2.997278400365929087e+02 -2.093864608177867797e-08 -2.029510896200215484e+02 7.724864786599062032e-07
3.525052850529177828e-01 -3.021059945313747343e-08 2.768075363244451523e+02 1.929580223135877438e-07 -1.642553887913140613e+02 -9.063179835941242030e-08
3.575133254796376558e-01 1.557794991319910184e-07 2.711083995677200278e+02 -4.886236842143081372e-07 -1.379350660299990068e+02 6.413039665842888250e-07
3.625250227669692404e-01 9.980479594975812212e-08 2.982260201776840631e+02 7.767541601327218503e-08 -1.416600210811624549e+02 -2.633087463792485704e-07
3.675230446100045678e-01 7.564374284641574088e-08 3.116840102355488398e+02 -5.237216784131254236e-07 -1.187205199425526132e+02 1.057899991866784840e-07
3.725177060730277545e-01 -2.377505871994539582e-08 3.043003030476299386e+02 1.885645712237871108e-07 -1.947009120018297210e+02 -2.765486474729428448e-07
3.775163034622419089e-01 7.912377776322050557e-08 3.364466387626619621e+02 -1.851833096586011579e-07 -1.463954599678667137e+02 1.919172481916412144e-07
3.825226892977953153e-01 1.402158994932432404e-07 3.253014324324324207e+02 -4.049765097128378413e-07 -1.662612432432432286e+02 4.474536792652026852e-08
3.875130067694269043e-01 -4.019702071259220462e-10 2.989154899894626283e+02 2.614816197354123015e-07 -1.932877897787144548e+02 -4.718125306140509964e-08
3.924957861003909865e-01 -2.357100617899784629e-09 2.603652817558652259e+02 2.357100617899784629e-09 -2.201476008109934810e+02 1.832645730417082528e-07
3.975064703251052212e-01 -6.503963121863577730e-08 2.699814385725791794e+02 -1.701618258627098719e-07 -2.468780868595502227e+02 6.182546339678458837e-08
