3.798113400606732779e-03 -6.578947368421052266e-02 2.323282458947368264e+08 1.578947368421052544e-01 3.158207056842104793e+08 -2.236842105263157632e-01 2.029181709473684132e+08 0.000000000000000000e+00 3.001702938947368264e+08 0.000000000000000000e+00 8.434273549473683834e+08
8.299341265228576958e-03 2.441406250000000000e-03 4.871906000000000000e+07 -5.371093750000000000e-03 4.417173600000000000e+07 6.958007812500000000e-03 1.524284160000000000e+08 0.000000000000000000e+00 1.179670640000000000e+08 0.000000000000000000e+00 6.555504400000000000e+07
1.293222767532251419e-02 9.952229299363057826e-05 4.752830124840764701e+07 -1.841162420382165630e-03 1.688574695541401207e+07 -8.583797770700637205e-04 1.502910190063694417e+08 0.000000000000000000e+00 1.206232996687898189e+08 0.000000000000000000e+00 -4.573404453503184766e+07
1.764839556552980082e-02 7.625214041095890530e-04 2.462322673972602561e+07 -2.989886558219178106e-03 4.313187068493150175e+06 4.897862264554794093e-03 8.761691879452054203e+07 0.000000000000000000e+00 7.985789545205478370e+07 0.000000000000000000e+00 1.463801775342465751e+07
2.256548662787912635e-02 4.282844990548204393e-04 1.826617394328922406e+07 -7.162689035916824281e-04 6.478993663516067900e+06 -9.470256379962193249e-04 6.932664281285443902e+07 0.000000000000000000e+00 6.615982312287335098e+07 0.000000000000000000e+00 5.876122374291115440e+06
2.777643688250242340e-02 3.155964176829268385e-04 1.242997385365853645e+07 -1.017649580792682855e-03 1.177978224390243879e+06 6.268757145579268710e-04 5.408463797073170543e+07 0.000000000000000000e+00 4.720920226341463625e+07 0.000000000000000000e+00 1.006221611707317084e+07
3.269804980233311648e-02 5.937499999999999853e-04 8.599752703999999911e+06 -1.578125000000000101e-03 1.666659456000000006e+06 1.386718749999999931e-03 3.975852851200000197e+07 0.000000000000000000e+00 3.386855424000000209e+07 0.000000000000000000e+00 5.419887360000000335e+05
3.761648458559932462e-02 -1.251158968307484695e-04 5.498732234659474343e+06 1.336764581928523378e-04 1.333076067430883413e+06 -7.409824363621038412e-04 3.140163184895481914e+07 0.000000000000000000e+00 2.823563099662845582e+07 0.000000000000000000e+00 9.145851511800404638e+06
4.263843696389812976e-02 -8.283342633928571274e-04 3.865449142857142724e+06 1.015799386160714255e-03 9.213552142857142026e+05 -1.681736537388392764e-03 2.541105600000000000e+07 0.000000000000000000e+00 2.294086628571428359e+07 0.000000000000000000e+00 8.032362285714285448e+06
4.756514582339458480e-02 2.112407326646314825e-04 2.865276371565634385e+06 3.713748364587876496e-04 1.430598447448757070e+05 -1.256371293065852669e-03 2.053101511731356382e+07 0.000000000000000000e+00 1.384460236197121628e+07 0.000000000000000000e+00 -2.068143951155691175e+05
5.262096060748640974e-02 -3.360362535112359356e-04 2.139685393258426804e+06 7.084192854634831010e-04 1.011280112359550549e+05 -1.627889911780196685e-03 1.793989321348314732e+07 0.000000000000000000e+00 1.339651020224719122e+07 0.000000000000000000e+00 2.652620044943820219e+06
5.756031740041873956e-02 2.248027537128712971e-04 1.777666693069306901e+06 -6.877030476485148118e-04 1.371078316831683042e+05 7.611265276918317358e-04 1.510685275247524679e+07 0.000000000000000000e+00 9.242944000000000000e+06 0.000000000000000000e+00 -9.591727524752474856e+05
6.254738279606215923e-02 -4.982217316654402291e-05 1.495760090262447717e+06 -4.119910473387294056e-04 1.833458719646798854e+05 3.837265452538630886e-04 1.378869422810890339e+07 0.000000000000000000e+00 9.286124283541819081e+06 0.000000000000000000e+00 1.337748626931567211e+06
6.757793472572401483e-02 -1.029767135325131833e-05 1.166907163444639649e+06 -1.716278558875219580e-06 1.093761405975395319e+05 2.192545858963093044e-04 1.191314311423549987e+07 0.000000000000000000e+00 7.178976956063268706e+06 0.000000000000000000e+00 9.439938137082600733e+05
7.255917516659465827e-02 -1.743537288450808961e-05 9.060942175934535917e+05 -4.504137995164590182e-05 9.773861112144318759e+04 8.608715361725870197e-05 1.068202444485772774e+07 0.000000000000000000e+00 6.926697837455830537e+06 0.000000000000000000e+00 1.269504428491723957e+06
7.753384299139773339e-02 7.977276531637093990e-05 7.364257810512220021e+05 -2.308179193170405120e-04 9.106712554402410751e+04 4.691554025778373483e-05 9.511671001004353166e+06 0.000000000000000000e+00 5.707601162370271049e+06 0.000000000000000000e+00 1.641841215935721528e+06
8.251793356505521260e-02 -7.055440080275230427e-05 5.577948623853211757e+05 2.116632024082568857e-04 2.456664449541284557e+04 -1.124110790567660621e-04 8.348391339449541643e+06 0.000000000000000000e+00 4.107095192660550587e+06 0.000000000000000000e+00 -2.805938899082568823e+05
8.752751931716111489e-02 4.049501101464299854e-06 4.642758875210574479e+05 4.353213684074122173e-05 5.851386393676299485e+04 -1.166762504859401417e-04 7.501307820137359202e+06 0.000000000000000000e+00 3.940266279642348178e+06 0.000000000000000000e+00 5.617024149280808633e+05
9.254701955136974967e-02 -1.513360300820419354e-05 3.844573928896991420e+05 -3.605358363719234223e-05 5.069975205104831548e+04 8.178822213992706890e-05 6.565302723792159930e+06 0.000000000000000000e+00 3.062392649042843841e+06 0.000000000000000000e+00 4.128269535095715546e+05
9.754963178921903511e-02 3.680126661781639560e-05 3.140006548728148337e+05 -8.627852507065843723e-05 2.786965518685229836e+04 1.771572084685439120e-04 6.015988959279807284e+06 0.000000000000000000e+00 2.824564597508635838e+06 0.000000000000000000e+00 1.246992534282424313e+05
1.025319613041059119e-01 3.523549264188555506e-05 2.570171317073170794e+05 9.659700948346622816e-05 3.345095084427767142e+04 3.683723607161702745e-05 5.491461475422139280e+06 0.000000000000000000e+00 2.276743924953095615e+06 0.000000000000000000e+00 2.679702093808630598e+05
1.075116003998943526e-01 4.795318961061337005e-05 2.117566588559614029e+05 -6.738685066333562458e-05 2.174442315644383052e+04 1.386225757559441708e-04 5.072438340454858728e+06 0.000000000000000000e+00 1.937071195037904894e+06 0.000000000000000000e+00 9.164749276361129887e+04
1.125102861506304813e-01 -2.098511053567287603e-05 1.862674363453660044e+05 2.287226076370101424e-05 3.566254680374120653e+04 -1.471411032793538119e-04 4.630513277575945482e+06 0.000000000000000000e+00 1.809237267372652190e+06 0.000000000000000000e+00 2.951990081162556889e+05
1.175500852175193622e-01 -5.555753093443322664e-07 1.358227916370359890e+05 -4.305708647418575398e-05 3.214947745697624850e+04 9.701733839425402055e-05 4.294401711278622970e+06 0.000000000000000000e+00 1.409458446309202118e+06 0.000000000000000000e+00 2.122980765182762116e+05
1.225369446564099490e-01 5.353152929493545600e-05 1.129277097649784846e+05 -1.348632489241972942e-04 3.260554041708043951e+04 1.643767068023833174e-04 4.089680960741476621e+06 0.000000000000000000e+00 1.256703508507116931e+06 0.000000000000000000e+00 1.639329768950678699e+05
1.275260957852891452e-01 3.564701825127334224e-05 1.087775930147950421e+05 1.888936681421295090e-05 2.142792723744846080e+04 8.762238414837497083e-05 3.827900010671840981e+06 0.000000000000000000e+00 1.073508649041959783e+06 0.000000000000000000e+00 1.149779636187242286e+05
1.325302087090364789e-01 2.881026510156556775e-05 8.479656315582738898e+04 8.842408754068233697e-05 2.142238662252398717e+04 -4.370687090984652997e-05 3.629253203748386819e+06 0.000000000000000000e+00 1.126598352954379749e+06 0.000000000000000000e+00 8.180495011503282876e+04
1.375062694904859717e-01 -4.413608764519535369e-05 7.181475142555437924e+04 3.403016103484688619e-05 2.437361942977824583e+04 -4.243457959345300532e-05 3.421569378669482656e+06 0.000000000000000000e+00 9.761271890179513721e+05 0.000000000000000000e+00 1.975158133051742334e+05
1.425134422753508989e-01 -3.262082453445958540e-05 5.071111076982146187e+04 9.055090948358610406e-05 4.126159723555384517e+03 -8.984787447206757512e-05 3.243909332309464458e+06 0.000000000000000000e+00 8.957434593971971190e+05 0.000000000000000000e+00 1.453724553657131946e+04
1.475259222195813014e-01 6.406897808556198368e-06 4.234500851975032856e+04 -1.797490774067155754e-05 1.988869032757756577e+04 -1.944315515513235366e-05 3.030870180873843841e+06 0.000000000000000000e+00 7.395121884368308820e+05 0.000000000000000000e+00 2.724335228028611746e+05
1.525299430011916868e-01 -4.995099023503551125e-06 4.368050321271558641e+04 1.909283717661481181e-05 2.204833953331078737e+04 -3.318025487719817129e-06 2.889669302671626676e+06 0.000000000000000000e+00 6.617969671964829322e+05 0.000000000000000000e+00 5.265620561379776336e+04
1.574945685492469272e-01 1.895701055526347574e-05 2.929238613661179988e+04 -5.371152990657984623e-05 1.152484652404254302e+04 6.840321308690904120e-05 2.749055239050430711e+06 0.000000000000000000e+00 5.839381637885711389e+05 0.000000000000000000e+00 6.297287337727989325e+03
1.625189323163163113e-01 -2.779995437956204407e-06 2.692645372262773890e+04 2.234688640510949171e-05 1.811294364963503904e+04 -6.084804117244525882e-05 2.579046997956204694e+06 0.000000000000000000e+00 4.796699281751825474e+05 0.000000000000000000e+00 1.612681529927007505e+05
1.675461007718098694e-01 -1.831749848732915751e-05 2.889768564920273275e+04 3.578342446433655595e-05 1.737587585421412223e+04 6.304243431004413281e-06 2.489926560364464764e+06 0.000000000000000000e+00 4.597166287015944836e+05 0.000000000000000000e+00 1.668280466970387124e+03
1.725292014006662711e-01 -3.708342947555790420e-05 1.592037498763885742e+04 2.214704815901374712e-05 1.330697273955895616e+04 -5.214857270000330215e-05 2.385421991099976934e+06 0.000000000000000000e+00 4.778278606322312844e+05 0.000000000000000000e+00 1.331022368724659900e+05
1.775301965061671094e-01 1.922561206461383200e-05 1.028718122160524945e+04 -7.271225075719333448e-05 1.552320040383644664e+04 9.865450293412417789e-05 2.265280807672892231e+06 0.000000000000000000e+00 3.422586572438162402e+05 0.000000000000000000e+00 8.733026956082785910e+04
1.825147654490652804e-01 -4.904594670448166780e-06 5.939395787172442397e+03 1.542062265502673566e-05 1.686158834825253507e+04 -2.773620412530650831e-05 2.190529280037815217e+06 0.000000000000000000e+00 3.239296896215545712e+05 0.000000000000000000e+00 1.453368019143844722e+05
1.875360723572403465e-01 -5.346543296089385596e-06 1.180472581005586653e+04 -6.055778631284916251e-06 1.599302435754189901e+04 -2.159076030027932988e-05 2.093129224581005517e+06 0.000000000000000000e+00 2.371843289385474927e+05 0.000000000000000000e+00 9.684927642458101036e+04
1.925323683450522461e-01 -1.398899372121666405e-05 2.694018635536039255e+03 3.371739701590446175e-05 1.651053143407946845e+04 -4.773580684541340772e-05 2.011823857770161703e+06 0.000000000000000000e+00 2.511087467066509416e+05 0.000000000000000000e+00 9.289258991110634815e+04
1.975198663583639380e-01 -2.366376312128493751e-05 8.051608448210446340e+02 6.241996806627038853e-05 1.932904413810547339e+04 -5.859745518211710439e-05 1.975240493942076573e+06 0.000000000000000000e+00 2.231045147843682789e+05 0.000000000000000000e+00 1.612625038067534915e+05
2.025153694923672032e-01 4.405509685901766399e-06 1.187745826498118277e+03 -8.375180178278491484e-06 1.310524288333494223e+04 1.157035264432355553e-05 1.900236098427096615e+06 0.000000000000000000e+00 1.729382765608414775e+05 0.000000000000000000e+00 7.136170452571650094e+04
2.075088499274508613e-01 -2.643286713687054829e-05 -1.898401337333119727e+03 6.071508822047677200e-05 1.550256044333508908e+04 -8.983708587613638925e-05 1.818651763768348377e+06 0.000000000000000000e+00 1.374827572877785133e+05 0.000000000000000000e+00 4.676328122924729541e+04
2.125178062418619784e-01 -9.290042983068599246e-06 -8.356123232675860208e+02 2.527062150898935441e-05 1.486360900680747181e+04 -2.146724381982021237e-05 1.761356143131436547e+06 0.000000000000000000e+00 9.634024227613894618e+04 0.000000000000000000e+00 1.627211227090242610e+05
2.175004174234404231e-01 1.216490615268075071e-05 -6.747965996128272309e+03 -1.676784361585725253e-05 1.053420149819038852e+04 2.786421071458631586e-05 1.691438735459978227e+06 0.000000000000000000e+00 6.273716219173470745e+04 0.000000000000000000e+00 5.021858227421934134e+04
2.225093171556767890e-01 1.227412531274009531e-05 -4.019308997064675623e+03 -3.072379016370835976e-05 1.079774976852307918e+04 8.474052268227576202e-05 1.648669815645869821e+06 0.000000000000000000e+00 4.033248706684265926e+04 0.000000000000000000e+00 7.528776375563917099e+04
2.275289586476768322e-01 6.315592472830246391e-06 -5.819131792438390221e+03 -9.211796121613347838e-06 1.148425287004439087e+04 1.892342093745216650e-05 1.598812752487371909e+06 0.000000000000000000e+00 4.873358028470840509e+04 0.000000000000000000e+00 1.046946248277973355e+05
2.325285406108919262e-01 -3.694995725174176487e-06 -7.846520728357558255e+03 2.984419624179142596e-06 1.204482840667236633e+04 1.030335346442799184e-06 1.548270117766903946e+06 0.000000000000000000e+00 3.427552813199206867e+04 0.000000000000000000e+00 7.255588481618250080e+04
2.375276552426477672e-01 1.796508510118210680e-06 -5.501086306908068764e+03 3.199008211433248484e-06 9.442357953946211637e+03 -1.947949778784304102e-05 1.500399431323606987e+06 0.000000000000000000e+00 1.606827829143962117e+04 0.000000000000000000e+00 1.004894993144665204e+05
2.424991024241769377e-01 1.269483438286090521e-05 -8.024055239477993382e+03 -2.659320501240862452e-05 1.464284192932993392e+04 3.160106987447875267e-05 1.457965505444600247e+06 0.000000000000000000e+00 -4.862966522040079326e+03 0.000000000000000000e+00 6.413688801850320306e+04
2.474998551644826128e-01 1.884018271693884077e-06 -9.734518860070445953e+03 1.714769327369516566e-05 1.292769670188920827e+04 -3.015699578980547596e-05 1.426069550560358679e+06 0.000000000000000000e+00 -4.107517130963817181e+03 0.000000000000000000e+00 8.635771040666026238e+04
2.525200307756395035e-01 -6.214900537426538827e-06 -6.508095267553356280e+03 5.388009153649861016e-06 1.048149260748530833e+04 -2.302930261415480994e-05 1.395155372223940678e+06 0.000000000000000000e+00 -1.852877005876894691e+04 0.000000000000000000e+00 8.528504992267244961e+04
2.575182250600202005e-01 1.954434747783324449e-05 -5.174889024662841621e+03 -5.468924633037776476e-05 1.120503569033604072e+04 5.546054224722449927e-05 1.359688151523731416e+06 0.000000000000000000e+00 -2.242508117129871243e+04 0.000000000000000000e+00 6.254628012815736292e+04
2.625255687975799335e-01 -1.167283869173275479e-05 -6.050343355965082083e+03 3.171724785331203340e-05 1.170057351514805669e+04 -4.533323809337022956e-05 1.339952638101215241e+06 0.000000000000000000e+00 -5.491274125634734810e+04 0.000000000000000000e+00 6.978548023050151824e+04
2.675305520911575030e-01 -2.696904212866433808e-07 -6.722928211430386000e+03 -6.445601068750775934e-06 9.877407271371563183e+03 -1.380140730934397484e-05 1.297891247234917944e+06 0.000000000000000000e+00 -4.547876533049805585e+04 0.000000000000000000e+00 6.935294900650363707e+04
2.725404586615198799e-01 -4.477482504826254349e-06 -7.593737769080234102e+03 4.169191532071454877e-06 7.906380493996932273e+03 4.539745982700686049e-05 1.262466295023007318e+06 0.000000000000000000e+00 -4.804880139630824124e+04 0.000000000000000000e+00 7.205916623472787614e+04
2.775333197047151201e-01 -4.849744625132473316e-06 -6.782107477964173995e+03 -3.250464818204435331e-05 7.901877529919611334e+03 1.387280966979379333e-05 1.234557713753974065e+06 0.000000000000000000e+00 -4.829637490629927197e+04 0.000000000000000000e+00 7.513812743298782152e+04
2.825123907298719983e-01 3.075692428827271352e-06 -6.857235793243994522e+03 -2.049858542271351978e-05 8.492666806644847384e+03 1.185800046702278848e-05 1.210237807250046404e+06 0.000000000000000000e+00 -7.007404700796640827e+04 0.000000000000000000e+00 9.899715561044895730e+04
2.875104651677040102e-01 -4.594295423529975193e-06 -5.622186554299942145e+03 1.335618962183968627e-05 9.783616931622294942e+03 -5.545595143860132058e-06 1.188929409691629931e+06 0.000000000000000000e+00 -6.869919479027006309e+04 0.000000000000000000e+00 7.027325646427887841e+04
2.924971317655564174e-01 -9.888783247985757447e-06 -6.294664740084846017e+03 7.247258955715589872e-06 9.216607381890900797e+03 -1.007504457628685958e-05 1.167034484735692153e+06 0.000000000000000000e+00 -7.188315111722479924e+04 0.000000000000000000e+00 4.406197699661306979e+04
2.975058823671092867e-01 -2.384820952846106083e-06 -5.629067045555456389e+03 -6.005412763076103320e-06 8.495617085516383668e+03 -1.786989700348548120e-05 1.149642372080632253e+06 0.000000000000000000e+00 -8.275726844862800499e+04 0.000000000000000000e+00 7.558261895035963971e+04
3.025121359101998753e-01 -5.298456346461458473e-06 -5.355893649215338883e+03 4.380197975660368876e-06 9.810774458518870233e+03 -2.482727876686049117e-05 1.121226655138126342e+06 0.000000000000000000e+00 -5.204355713112273224e+04 0.000000000000000000e+00 6.845839643768103269e+04
3.075010376196579687e-01 -7.348330459319643627e-07 -5.021875696295135640e+03 6.439995166431520727e-06 8.701675706746094875e+03 -6.748727105868213676e-06 1.104114652202539612e+06 0.000000000000000000e+00 -7.750737173015624285e+04 0.000000000000000000e+00 7.228472023828186502e+04
3.125134169243361515e-01 4.550942275789261972e-06 -3.725775186004424086e+03 -8.981606141916348882e-06 8.844341845968228881e+03 2.330087354526945561e-06 1.082116828634626931e+06 0.000000000000000000e+00 -9.223410770158858213e+04 0.000000000000000000e+00 5.779316082847375947e+04
3.175159688234982513e-01 -8.384981236062127632e-06 -4.321567447023803652e+03 2.326496510005796167e-05 8.097354618777691940e+03 -3.305783649217514049e-05 1.071166833688636543e+06 0.000000000000000000e+00 -7.558894754939041741e+04 0.000000000000000000e+00 6.678827762768810499e+04
3.225221380836135188e-01 5.033067066263923503e-06 -3.247223409477062887e+03 -1.024127749197659201e-05 7.379299074948084126e+03 1.288916854469511209e-05 1.047993497300358722e+06 0.000000000000000000e+00 -7.105251244100434997e+04 0.000000000000000000e+00 6.000468431187464739e+04
3.275181733526948968e-01 8.722536213439467261e-07 -3.279491151425398130e+03 -3.229146178498704345e-06 6.609319807478711482e+03 2.609416759707052995e-06 1.027906061458718963e+06 0.000000000000000000e+00 -9.085135757126989483e+04 0.000000000000000000e+00 5.946745886708626495e+04
3.325123842131759710e-01 1.869326195937892145e-06 -4.024806781892418712e+03 5.933468292857175099e-06 8.114285348301414160e+03 -1.468090231553473904e-05 1.014889891457697726e+06 0.000000000000000000e+00 -8.859911394184154051e+04 0.000000000000000000e+00 8.771232194418994186e+04
3.374959366892091861e-01 -6.105012475694566630e-06 -2.705984094173702942e+03 2.456866579316732864e-05 7.523638580387486400e+03 -2.409421758194325313e-05 9.986885482254844392e+05 0.000000000000000000e+00 -8.955653659391094698e+04 0.000000000000000000e+00 7.137495343867148040e+04
3.424919221947719805e-01 4.720484794439490305e-06 -2.747563059947161946e+03 -5.127423138787722111e-06 6.649512471976598135e+03 3.293352020810240915e-05 9.842981334622340510e+05 0.000000000000000000e+00 -9.762639121919509489e+04 0.000000000000000000e+00 7.361565690188267035e+04
3.475179778446125245e-01 1.206066014310451745e-05 -2.732044564968797658e+03 -1.234781871794034018e-05 6.068688600646910345e+03 2.093864608177867858e-05 9.716812849348187447e+05 0.000000000000000000e+00 -9.073486614173227281e+04 0.000000000000000000e+00 6.215035462475904205e+04
3.525052850529177828e-01 6.541082049337378662e-06 -2.532670477406993541e+03 -5.625018711080951934e-06 7.027413060833466261e+03 1.217584611508063251e-05 9.581933749321411597e+05 0.000000000000000000e+00 -9.044497576241417846e+04 0.000000000000000000e+00 5.393226760338495660e+04
3.575133254796376558e-01 3.578718223302496502e-06 -2.354917062029110184e+03 -1.649157562432456469e-05 7.199007411608709845e+03 -1.783862387582777107e-06 9.434991948862199206e+05 0.000000000000000000e+00 -9.720510188471002039e+04 0.000000000000000000e+00 6.506911310559434787e+04
3.625250227669692404e-01 2.073412324951061453e-06 -4.832422827887365884e+02 -4.330637799277217038e-06 5.232504984189127754e+03 9.030740028798374009e-06 9.385313257641920354e+05 0.000000000000000000e+00 -8.806510248456557747e+04 0.000000000000000000e+00 7.093801246800180525e+04
3.675230446100045678e-01 5.489065951490496808e-06 -2.621497743659281696e+03 -1.788040095611982257e-05 5.026286464142773184e+03 1.303653163478993087e-05 9.241373168573074508e+05 0.000000000000000000e+00 -9.604818254853502731e+04 0.000000000000000000e+00 5.284925894334726036e+04
3.725177060730277545e-01 1.704824394083424003e-06 -1.391063296929498620e+03 -2.182070526920492998e-06 5.411018125678998331e+03 1.206704195929852331e-05 9.107063356395448791e+05 0.000000000000000000e+00 -8.517213974498255993e+04 0.000000000000000000e+00 6.134459100005718210e+04
3.775163034622419089e-01 -1.511769200667489438e-06 -1.095023534522586488e+03 -5.297926140869253249e-06 4.874283090035236455e+03 2.074936897608794492e-05 9.066743885092503624e+05 0.000000000000000000e+00 -9.309717031326497090e+04 0.000000000000000000e+00 6.454636611249405541e+04
3.825226892977953153e-01 6.238782728040540175e-06 -1.509993297297297204e+03 -1.167421083192567570e-05 4.065197405405405334e+03 1.880006532411317694e-05 8.934178041081080446e+05 0.000000000000000000e+00 -9.827624129729729611e+04 0.000000000000000000e+00 7.876241297297297569e+04
3.875130067694269043e-01 -3.923229221548998997e-07 -6.628520547945205408e+02 8.750087468717071144e-06 3.759973024236038327e+03 -4.372631913115780408e-06 8.818077268703898881e+05 0.000000000000000000e+00 -9.530496944151738717e+04 0.000000000000000000e+00 6.764791907270811498e+04
3.924957861003909865e-01 -2.776664527885946270e-06 -9.828481833102694054e+02 6.375957171418917284e-06 4.696271515463586184e+03 -1.035493943948524503e-05 8.810345858591060387e+05 0.000000000000000000e+00 -9.389048189746726712e+04 0.000000000000000000e+00 7.433310019631191972e+04
3.975064703251052212e-01 8.008949937271544233e-06 -5.078073477479710505e+02 -1.345639718922309694e-05 3.849604163310823424e+03 1.841358931399464185e-05 8.720919695186172612e+05 0.000000000000000000e+00 -8.749351380955331842e+04 0.000000000000000000e+00 6.652069834582740441e+04
