3.798113400606732779e-03 1.177879578947368311e+06 0.000000000000000000e+00 2.691253684210526291e+06 0.000000000000000000e+00 6.408346105263157748e+06 1.044265094736842066e+08 0.000000000000000000e+00 4.737515520000000000e+08 0.000000000000000000e+00 7.766892328421052694e+08
8.299341265228576958e-03 8.448192500000000000e+05 0.000000000000000000e+00 1.685166000000000000e+06 0.000000000000000000e+00 1.420507500000000000e+06 3.468413600000000000e+07 0.000000000000000000e+00 9.649889600000000000e+07 0.000000000000000000e+00 7.248394400000000000e+07
1.293222767532251419e-02 8.796969171974522760e+05 0.000000000000000000e+00 7.674629299363057362e+05 0.000000000000000000e+00 -3.585946496815286810e+04 1.388416652229299396e+07 0.000000000000000000e+00 2.612903785987261310e+07 0.000000000000000000e+00 -3.398636840764331166e+06
1.764839556552980082e-02 8.868946849315067520e+05 0.000000000000000000e+00 6.719072876712328289e+05 0.000000000000000000e+00 1.951871369863013679e+05 7.370259287671232596e+06 0.000000000000000000e+00 1.574821523287671059e+07 0.000000000000000000e+00 2.024636054794520373e+06
2.256548662787912635e-02 8.753076748582230648e+05 0.000000000000000000e+00 6.940248317580340663e+05 0.000000000000000000e+00 -3.844773686200377997e+05 4.506787568998109549e+06 0.000000000000000000e+00 8.367104000000000000e+06 0.000000000000000000e+00 -2.529152241965973750e+06
2.777643688250242340e-02 8.174555317073171027e+05 0.000000000000000000e+00 7.511989853658536449e+05 0.000000000000000000e+00 3.451496585365853389e+05 2.772822790243902244e+06 0.000000000000000000e+00 5.847380292682927102e+06 0.000000000000000000e+00 1.059862009756097570e+06
3.269804980233311648e-02 6.514469760000000242e+05 0.000000000000000000e+00 5.116609280000000144e+05 0.000000000000000000e+00 1.335150160000000033e+05 1.591920128000000026e+06 0.000000000000000000e+00 3.141629183999999892e+06 0.000000000000000000e+00 4.169389199999999983e+04
3.761648458559932462e-02 5.589848037761294981e+05 0.000000000000000000e+00 4.415107107215104625e+05 0.000000000000000000e+00 4.251304113283884362e+03 1.017069270397842163e+06 0.000000000000000000e+00 1.938830586648685159e+06 0.000000000000000000e+00 -6.054481456507080111e+03
4.263843696389812976e-02 4.812460714285714203e+05 0.000000000000000000e+00 3.055185000000000000e+05 0.000000000000000000e+00 5.853477678571428442e+03 7.092830714285713620e+05 0.000000000000000000e+00 1.248384857142857043e+06 0.000000000000000000e+00 -2.485727008928571377e+04
4.756514582339458480e-02 4.085695525512429303e+05 0.000000000000000000e+00 2.958807082424770924e+05 0.000000000000000000e+00 -6.842410815525513317e+04 5.211974670737026026e+05 0.000000000000000000e+00 9.358472429132141406e+05 0.000000000000000000e+00 -8.413975054513737268e+04
5.262096060748640974e-02 3.890384719101123628e+05 0.000000000000000000e+00 2.534952134831460717e+05 0.000000000000000000e+00 -4.325456179775280907e+04 4.043207191011235700e+05 0.000000000000000000e+00 6.737897078651685733e+05 0.000000000000000000e+00 -3.802837640449438186e+04
5.756031740041873956e-02 3.531055841584158479e+05 0.000000000000000000e+00 2.532865940594059357e+05 0.000000000000000000e+00 1.664985643564356360e+04 3.291251287128712866e+05 0.000000000000000000e+00 5.664554059405940352e+05 0.000000000000000000e+00 2.714887623762376097e+04
6.254738279606215923e-02 3.314024861417709035e+05 0.000000000000000000e+00 2.092424037282315257e+05 0.000000000000000000e+00 -1.687216482707873365e+04 2.594267863625214377e+05 0.000000000000000000e+00 4.146332224675006000e+05 0.000000000000000000e+00 -2.040244493500122553e+04
6.757793472572401483e-02 2.980375957820737967e+05 0.000000000000000000e+00 1.836912759226713388e+05 0.000000000000000000e+00 -1.673629701230228238e+04 2.158459332161686907e+05 0.000000000000000000e+00 3.294373567662565620e+05 0.000000000000000000e+00 -4.478858963093145576e+03
7.255917516659465827e-02 2.795449774967454141e+05 0.000000000000000000e+00 1.911010838757671590e+05 0.000000000000000000e+00 2.074777905895480944e+04 1.809041710991259024e+05 0.000000000000000000e+00 2.545785501208852511e+05 0.000000000000000000e+00 -1.975513669332341578e+03
7.753384299139773339e-02 2.517619015734851127e+05 0.000000000000000000e+00 1.616496444593237538e+05 0.000000000000000000e+00 1.100631938399732280e+04 1.557155781720790255e+05 0.000000000000000000e+00 2.155087833947104227e+05 0.000000000000000000e+00 7.661317040508872196e+03
8.251793356505521260e-02 2.248515779816513823e+05 0.000000000000000000e+00 1.206136697247706470e+05 0.000000000000000000e+00 -2.741832798165137865e+04 1.329627706422018528e+05 0.000000000000000000e+00 1.642758348623853235e+05 0.000000000000000000e+00 -1.569580733944954227e+04
8.752751931716111489e-02 2.027813585590255389e+05 0.000000000000000000e+00 1.263173233121679514e+05 0.000000000000000000e+00 2.580514189451859693e+03 1.164797760787870939e+05 0.000000000000000000e+00 1.506977654528962157e+05 0.000000000000000000e+00 1.649355345341454085e+04
9.254701955136974967e-02 1.803220127620784042e+05 0.000000000000000000e+00 1.025032342752962577e+05 0.000000000000000000e+00 1.489572288058340928e+04 1.008317374658158660e+05 0.000000000000000000e+00 1.143337903372834990e+05 0.000000000000000000e+00 9.524446786690974704e+02
9.754963178921903511e-02 1.659448114728357468e+05 0.000000000000000000e+00 8.638585072752015549e+04 0.000000000000000000e+00 4.320815241285459706e+03 9.016253407306605368e+04 0.000000000000000000e+00 9.370534575526013214e+04 0.000000000000000000e+00 3.718019889040092039e+03
1.025319613041059119e-01 1.495934439024390304e+05 0.000000000000000000e+00 6.830015759849906317e+04 0.000000000000000000e+00 -8.396254409005628986e+03 8.325814033771106915e+04 0.000000000000000000e+00 8.424843527204502607e+04 0.000000000000000000e+00 -1.655959849906191266e+03
1.075116003998943526e-01 1.413891660923500895e+05 0.000000000000000000e+00 7.503353824948311376e+04 0.000000000000000000e+00 3.263102601654031787e+02 7.704620813232252840e+04 0.000000000000000000e+00 7.026279255685734097e+04 0.000000000000000000e+00 7.030463904203996890e+02
1.125102861506304813e-01 1.332291517353327654e+05 0.000000000000000000e+00 6.438704738347376406e+04 0.000000000000000000e+00 1.298094457756821612e+04 7.257029605008890212e+04 0.000000000000000000e+00 6.594967241246039339e+04 0.000000000000000000e+00 6.887354409832264537e+03
1.175500852175193622e-01 1.274994145925188495e+05 0.000000000000000000e+00 6.290143649551983981e+04 0.000000000000000000e+00 1.864109372777698809e+03 6.597591693926895096e+04 0.000000000000000000e+00 5.278627791210354189e+04 0.000000000000000000e+00 2.289151756506897982e+03
1.225369446564099490e-01 1.178012345580933616e+05 0.000000000000000000e+00 5.863234690499834687e+04 0.000000000000000000e+00 3.667741012909632900e+03 6.157760529625952040e+04 0.000000000000000000e+00 4.756493134723601543e+04 0.000000000000000000e+00 1.497463488910956812e+03
1.275260957852891452e-01 1.136720174630123656e+05 0.000000000000000000e+00 5.197264516129031836e+04 0.000000000000000000e+00 1.076460635459616788e+04 5.763440213436817430e+04 0.000000000000000000e+00 4.116392917778316769e+04 0.000000000000000000e+00 2.040445549357264099e+03
1.325302087090364789e-01 1.092783569945569761e+05 0.000000000000000000e+00 4.948103922338813572e+04 0.000000000000000000e+00 1.347279950620054933e+03 5.543661612704113213e+04 0.000000000000000000e+00 3.680401144716906856e+04 0.000000000000000000e+00 2.242201447730205928e+03
1.375062694904859717e-01 1.025880870116156293e+05 0.000000000000000000e+00 4.523798099260823801e+04 0.000000000000000000e+00 5.568354804646251068e+03 5.253290306230200804e+04 0.000000000000000000e+00 3.340301921858500282e+04 0.000000000000000000e+00 4.938510242872227536e+03
1.425134422753508989e-01 9.789152620464580832e+04 0.000000000000000000e+00 4.118329660203494132e+04 0.000000000000000000e+00 -1.336788347091572177e+03 4.994558034171626059e+04 0.000000000000000000e+00 3.082375273564983581e+04 0.000000000000000000e+00 7.440683912459204521e+02
1.475259222195813014e-01 9.092720761765912175e+04 0.000000000000000000e+00 4.040279848740261514e+04 0.000000000000000000e+00 2.679150758576700355e+03 4.774991042872112303e+04 0.000000000000000000e+00 2.655279201785958503e+04 0.000000000000000000e+00 -9.488555287256822339e+02
1.525299430011916868e-01 8.557637064592492243e+04 0.000000000000000000e+00 3.394350219817382458e+04 0.000000000000000000e+00 3.841299289820763988e+03 4.601283462969225366e+04 0.000000000000000000e+00 2.490989516401758374e+04 0.000000000000000000e+00 2.505166892120392276e+03
1.574945685492469272e-01 8.102959582642455644e+04 0.000000000000000000e+00 3.394791701379058941e+04 0.000000000000000000e+00 1.536363165770210571e+03 4.376009770695999759e+04 0.000000000000000000e+00 2.177015893557649542e+04 0.000000000000000000e+00 2.600002426497350712e+02
1.625189323163163113e-01 7.709511474452554830e+04 0.000000000000000000e+00 3.146945401459854111e+04 0.000000000000000000e+00 5.926835036496350767e+03 4.220617810218978411e+04 0.000000000000000000e+00 1.987696817518248281e+04 0.000000000000000000e+00 1.857246569343065858e+03
1.675461007718098694e-01 7.405254669703872059e+04 0.000000000000000000e+00 3.053290888382687626e+04 0.000000000000000000e+00 8.326453587699315904e+02 4.081879271070614777e+04 0.000000000000000000e+00 1.673491457858769718e+04 0.000000000000000000e+00 -1.623905182232346078e+03
1.725292014006662711e-01 7.017744615486040129e+04 0.000000000000000000e+00 2.706682928437221926e+04 0.000000000000000000e+00 1.631375811715067584e+03 3.948465200909780106e+04 0.000000000000000000e+00 1.655751748689718806e+04 0.000000000000000000e+00 2.354990935161683865e+03
1.775301965061671094e-01 6.782710146390712180e+04 0.000000000000000000e+00 2.490764664310953958e+04 0.000000000000000000e+00 2.735743311458859353e+03 3.785700555275113584e+04 0.000000000000000000e+00 1.500729227662796620e+04 0.000000000000000000e+00 1.091751892983341804e+03
1.825147654490652804e-01 6.570557759461135720e+04 0.000000000000000000e+00 2.505508582232857589e+04 0.000000000000000000e+00 7.678375727495642877e+02 3.709149505155248335e+04 0.000000000000000000e+00 1.444192265650388435e+04 0.000000000000000000e+00 -5.408621229578421890e+02
1.875360723572403465e-01 6.230249117318436038e+04 0.000000000000000000e+00 2.104245273743016878e+04 0.000000000000000000e+00 1.842652737430167690e+03 3.630549452513966389e+04 0.000000000000000000e+00 1.313139575418994355e+04 0.000000000000000000e+00 8.866959776536313029e+02
1.925323683450522461e-01 6.060233822426903498e+04 0.000000000000000000e+00 2.064867773374745593e+04 0.000000000000000000e+00 3.040687587019385319e+03 3.542002099175324111e+04 0.000000000000000000e+00 1.189249908964335373e+04 0.000000000000000000e+00 -1.096685632430116755e+02
1.975198663583639380e-01 5.859713408372327831e+04 0.000000000000000000e+00 1.690242509169090408e+04 0.000000000000000000e+00 4.613214619956999741e+03 3.476698540533704363e+04 0.000000000000000000e+00 1.121335039838118064e+04 0.000000000000000000e+00 5.794251675730365605e+02
2.025153694923672032e-01 5.572967210267297196e+04 0.000000000000000000e+00 1.735109755862202292e+04 0.000000000000000000e+00 -1.855514571070153522e+02 3.366985467528708250e+04 0.000000000000000000e+00 1.027503232654636849e+04 0.000000000000000000e+00 3.583405384541156309e+02
2.075088499274508613e-01 5.403285992351554160e+04 0.000000000000000000e+00 1.397879649179051557e+04 0.000000000000000000e+00 1.642585816025097984e+03 3.296159600632027286e+04 0.000000000000000000e+00 1.027870571801506776e+04 0.000000000000000000e+00 -2.847135496576518676e+02
2.125178062418619784e-01 5.204763972770117107e+04 0.000000000000000000e+00 1.574757758771164299e+04 0.000000000000000000e+00 1.560321522080642353e+03 3.209045348228312287e+04 0.000000000000000000e+00 9.442412986559609635e+03 0.000000000000000000e+00 -1.445780786350148439e+01
2.175004174234404231e-01 4.994705765507953765e+04 0.000000000000000000e+00 1.471193468563252281e+04 0.000000000000000000e+00 6.060322784277417441e+02 3.156858042252335872e+04 0.000000000000000000e+00 8.259489268580085991e+03 0.000000000000000000e+00 -1.841780658193754789e+03
2.225093171556767890e-01 4.864289482082701579e+04 0.000000000000000000e+00 1.417445865920687174e+04 0.000000000000000000e+00 1.600286361576801028e+03 3.041876212052560004e+04 0.000000000000000000e+00 7.974009653080121097e+03 0.000000000000000000e+00 4.211334292074624273e+02
2.275289586476768322e-01 4.638364977804990485e+04 0.000000000000000000e+00 1.191384784938007033e+04 0.000000000000000000e+00 9.579798714220113425e+02 3.014155824276748899e+04 0.000000000000000000e+00 7.066705648247359932e+03 0.000000000000000000e+00 -9.087810347466707981e+02
2.325285406108919262e-01 4.574118756480454613e+04 0.000000000000000000e+00 1.353424262819929936e+04 0.000000000000000000e+00 2.003964564422534750e+03 2.956631888381569297e+04 0.000000000000000000e+00 7.262449857202626845e+03 0.000000000000000000e+00 4.280694886580685079e+02
2.375276552426477672e-01 4.418406103005800833e+04 0.000000000000000000e+00 1.093380432413429480e+04 0.000000000000000000e+00 1.245676498505888503e+03 2.915644478818773132e+04 0.000000000000000000e+00 6.368880857795746124e+03 0.000000000000000000e+00 -3.886889084197574675e+02
2.424991024241769377e-01 4.268933655225972325e+04 0.000000000000000000e+00 9.004360137085746828e+03 0.000000000000000000e+00 5.712454206270153918e+02 2.839988357841068500e+04 0.000000000000000000e+00 5.677330947276012012e+03 0.000000000000000000e+00 -5.965366603075988223e+02
2.474998551644826128e-01 4.173254947166186321e+04 0.000000000000000000e+00 9.721723983349344053e+03 0.000000000000000000e+00 1.720874415626000655e+03 2.823843739993595955e+04 0.000000000000000000e+00 5.747939801472942236e+03 0.000000000000000000e+00 -1.549752161383285340e+02
2.525200307756395035e-01 4.024944757191463577e+04 0.000000000000000000e+00 9.007859449427776781e+03 0.000000000000000000e+00 3.875704299412310547e+02 2.763701923909681500e+04 0.000000000000000000e+00 6.105795978966903931e+03 0.000000000000000000e+00 -5.121250850603155413e+02
2.575182250600202005e-01 3.931577080694433971e+04 0.000000000000000000e+00 8.041730422472244754e+03 0.000000000000000000e+00 3.462572684598762862e+02 2.735052803814916842e+04 0.000000000000000000e+00 5.363593890172118336e+03 0.000000000000000000e+00 -4.134697563519856658e+02
2.625255687975799335e-01 3.823877491869686492e+04 0.000000000000000000e+00 7.405717350373709451e+03 0.000000000000000000e+00 1.331012152678724306e+03 2.662102402008329955e+04 0.000000000000000000e+00 5.203131625492097555e+03 0.000000000000000000e+00 9.644273121469731791e+01
2.675305520911575030e-01 3.733326322475524648e+04 0.000000000000000000e+00 6.711780505654436638e+03 0.000000000000000000e+00 4.539938691815909237e+02 2.648900269258916524e+04 0.000000000000000000e+00 5.182278952237610611e+03 0.000000000000000000e+00 -9.425979757252730451e+02
2.725404586615198799e-01 3.625182800021155708e+04 0.000000000000000000e+00 5.944003384989686310e+03 0.000000000000000000e+00 9.660477071983921178e+02 2.613507378219706879e+04 0.000000000000000000e+00 4.452545618025069416e+03 0.000000000000000000e+00 -4.946992119320886445e+02
2.775333197047151201e-01 3.529488417297800333e+04 0.000000000000000000e+00 5.858241993434487085e+03 0.000000000000000000e+00 9.336271098818724568e+02 2.561780525758006479e+04 0.000000000000000000e+00 4.461786543283273204e+03 0.000000000000000000e+00 -5.550270116576627970e+02
2.825123907298719983e-01 3.427228654356821062e+04 0.000000000000000000e+00 5.331577051812511854e+03 0.000000000000000000e+00 -1.248374235780893002e+02 2.528223622552955203e+04 0.000000000000000000e+00 4.381059865373927096e+03 0.000000000000000000e+00 -1.763349224973754019e+02
2.875104651677040102e-01 3.377706646236353117e+04 0.000000000000000000e+00 4.601924918597969736e+03 0.000000000000000000e+00 1.527177552193066504e+03 2.497554797931430585e+04 0.000000000000000000e+00 3.906134457000574457e+03 0.000000000000000000e+00 -5.010712507182531681e+02
2.924971317655564174e-01 3.295979063450045214e+04 0.000000000000000000e+00 4.237989388387335566e+03 0.000000000000000000e+00 1.656944595360020287e+02 2.458344542186362014e+04 0.000000000000000000e+00 3.565015431920377978e+03 0.000000000000000000e+00 -9.697207920563178050e+02
2.975058823671092867e-01 3.219117875854719750e+04 0.000000000000000000e+00 4.323920433354053785e+03 0.000000000000000000e+00 5.713498468164461030e+01 2.423496314714501204e+04 0.000000000000000000e+00 3.304631915460438449e+03 0.000000000000000000e+00 -5.273453956131781979e+02
3.025121359101998753e-01 3.132418313086334456e+04 0.000000000000000000e+00 4.163483117893735653e+03 0.000000000000000000e+00 -4.983490553802256500e+02 2.404259841770783896e+04 0.000000000000000000e+00 3.340650382603432718e+03 0.000000000000000000e+00 -1.158602222126150991e+03
3.075010376196579687e-01 3.058467864346554052e+04 0.000000000000000000e+00 3.751602612739719007e+03 0.000000000000000000e+00 1.208570204316246191e+03 2.366887683544965330e+04 0.000000000000000000e+00 3.067605580812039534e+03 0.000000000000000000e+00 -4.978995244813712020e+02
3.125134169243361515e-01 2.987806474964809968e+04 0.000000000000000000e+00 3.097868007239091185e+03 0.000000000000000000e+00 5.432357128493866867e+02 2.349932772974059844e+04 0.000000000000000000e+00 3.068827025940076510e+03 0.000000000000000000e+00 -9.775690327769957548e+02
3.175159688234982513e-01 2.937679661266713083e+04 0.000000000000000000e+00 3.080555255376212244e+03 0.000000000000000000e+00 7.743986010551030859e+02 2.316145482410036129e+04 0.000000000000000000e+00 2.742672652788557116e+03 0.000000000000000000e+00 -7.995164994940613497e+02
3.225221380836135188e-01 2.884495586180857208e+04 0.000000000000000000e+00 2.490658108363224528e+03 0.000000000000000000e+00 5.768587124787616176e+02 2.287824685671134648e+04 0.000000000000000000e+00 2.738312856333774107e+03 0.000000000000000000e+00 -5.819373607702473237e+02
3.275181733526948968e-01 2.843639896334691002e+04 0.000000000000000000e+00 2.400635468345057234e+03 0.000000000000000000e+00 -3.823995557201036490e+02 2.264376393928174730e+04 0.000000000000000000e+00 2.783427471306923508e+03 0.000000000000000000e+00 -1.231356164383561691e+03
3.325123842131759710e-01 2.789201035430584307e+04 0.000000000000000000e+00 2.103153366483717036e+03 0.000000000000000000e+00 6.240468256580410298e+02 2.243139966375192307e+04 0.000000000000000000e+00 2.606630385084106820e+03 0.000000000000000000e+00 -5.954325413416120227e+02
3.374959366892091861e-01 2.705680215814735857e+04 0.000000000000000000e+00 1.713451424167046298e+03 0.000000000000000000e+00 -1.792997932943278556e+02 2.214110527975335572e+04 0.000000000000000000e+00 2.414126896261780530e+03 0.000000000000000000e+00 -7.071245489261815464e+02
3.424919221947719805e-01 2.670307284834443271e+04 0.000000000000000000e+00 1.837044262390719268e+03 0.000000000000000000e+00 3.882183866854462053e+02 2.188942199701639402e+04 0.000000000000000000e+00 2.401801231779580121e+03 0.000000000000000000e+00 -1.206190034086457899e+03
3.475179778446125245e-01 2.628572653314601121e+04 0.000000000000000000e+00 1.624293266246283565e+03 0.000000000000000000e+00 1.177968275231156241e+02 2.157722978403633169e+04 0.000000000000000000e+00 2.137540039860162778e+03 0.000000000000000000e+00 -6.486571045839186809e+02
3.525052850529177828e-01 2.581932288040874846e+04 0.000000000000000000e+00 1.561182819734951408e+03 0.000000000000000000e+00 -4.872179786045026617e+02 2.152910336899249523e+04 0.000000000000000000e+00 2.209619415615519756e+03 0.000000000000000000e+00 -1.286773111927191394e+03
3.575133254796376558e-01 2.536059170237064245e+04 0.000000000000000000e+00 9.316309678012738686e+02 0.000000000000000000e+00 8.687003242099776799e+02 2.124277290738938245e+04 0.000000000000000000e+00 1.927091966797219357e+03 0.000000000000000000e+00 -8.488045312751493157e+02
3.625250227669692404e-01 2.511247053154645255e+04 0.000000000000000000e+00 6.752951663906037538e+02 0.000000000000000000e+00 1.422286854389399195e+02 2.105963126035235473e+04 0.000000000000000000e+00 1.790031621743713231e+03 0.000000000000000000e+00 -9.950048486673692878e+02
3.675230446100045678e-01 2.463397134921155521e+04 0.000000000000000000e+00 8.529486399988335279e+02 0.000000000000000000e+00 -7.432841239638693764e+01 2.097842072188322345e+04 0.000000000000000000e+00 1.807154677806209975e+03 0.000000000000000000e+00 -6.601812946073821422e+02
3.725177060730277545e-01 2.423139756418320394e+04 0.000000000000000000e+00 7.057921550689004562e+02 0.000000000000000000e+00 2.774722111041226071e+02 2.062435222139630787e+04 0.000000000000000000e+00 1.768567328034764842e+03 0.000000000000000000e+00 -5.637908399565441186e+02
3.775163034622419089e-01 2.375987014294481560e+04 0.000000000000000000e+00 5.115605050303059329e+02 0.000000000000000000e+00 5.021847180753132278e+01 2.042674382330834851e+04 0.000000000000000000e+00 1.830607043117893227e+03 0.000000000000000000e+00 -6.896633728908227567e+02
3.825226892977953153e-01 2.347113167567567507e+04 0.000000000000000000e+00 1.087424391891891844e+02 0.000000000000000000e+00 8.562201081081080929e+02 2.033519221621621546e+04 0.000000000000000000e+00 1.673342378378378271e+03 0.000000000000000000e+00 -5.407924864864864958e+02
3.875130067694269043e-01 2.318376733403582693e+04 0.000000000000000000e+00 7.059633825079031340e+02 0.000000000000000000e+00 1.188019099051633418e+02 2.012662255005268889e+04 0.000000000000000000e+00 1.488196628029504836e+03 0.000000000000000000e+00 -6.715935194942044291e+02
3.924957861003909865e-01 2.294428485180059943e+04 0.000000000000000000e+00 7.823834711807679696e+02 0.000000000000000000e+00 8.795572748044927494e+02 1.998999393685836549e+04 0.000000000000000000e+00 1.409991388021755256e+03 0.000000000000000000e+00 -3.555261481028545631e+02
3.975064703251052212e-01 2.266943203023356909e+04 0.000000000000000000e+00 -1.251800151787373805e+00 0.000000000000000000e+00 9.176969952295397661e+02 1.983744015860231957e+04 0.000000000000000000e+00 1.220877516882473401e+03 0.000000000000000000e+00 -4.731924416083266465e+02
