3.798113400606732779e-03 -2.960526315789473520e-02 4.093793684210526198e+07 7.072368421052631360e-02 -1.070411183157894611e+08 -9.745065789473683626e-02 2.026275435789473653e+08 0.000000000000000000e+00 -1.504210458947368264e+08 0.000000000000000000e+00 1.515951157894736826e+08
8.299341265228576958e-03 1.617431640625000000e-03 9.423025000000000000e+06 -5.508422851562500000e-03 2.651320750000000000e+06 9.975433349609375000e-03 8.516413600000000000e+07 0.000000000000000000e+00 1.832688400000000000e+07 0.000000000000000000e+00 2.142755600000000000e+07
1.293222767532251419e-02 -1.592356687898089252e-03 3.743219607643312216e+07 5.175159235668790395e-03 1.863823490445860103e+07 -3.483280254777070158e-03 7.986571250955414772e+07 0.000000000000000000e+00 3.068301207643312216e+07 0.000000000000000000e+00 1.106390583439490572e+07
1.764839556552980082e-02 8.829195205479451565e-04 2.178473205479452014e+07 1.003317636986301260e-03 4.941417205479451455e+06 -1.140437714041095786e-03 6.255892339726027101e+07 0.000000000000000000e+00 3.102776109589041024e+07 0.000000000000000000e+00 8.070293041095890105e+06
2.256548662787912635e-02 -2.067580340264650238e-04 1.549815966729678772e+07 7.384215500945179615e-05 2.786230926275992300e+06 -6.018135633270321359e-04 5.071887485822306573e+07 0.000000000000000000e+00 4.275620827221172303e+07 0.000000000000000000e+00 -6.184093761814745376e+05
2.777643688250242340e-02 -2.834413109756097368e-04 9.407581658536585048e+06 2.215129573170731777e-04 3.754825053658536635e+06 1.905487804878048779e-05 3.597479836097560823e+07 0.000000000000000000e+00 3.387602044878048450e+07 0.000000000000000000e+00 2.060561108292682841e+07
3.269804980233311648e-02 8.007812500000000607e-04 6.674151424000000581e+06 -1.001953125000000023e-03 1.743968512000000104e+06 1.265136718750000094e-03 2.964189593600000069e+07 0.000000000000000000e+00 2.505820774399999902e+07 0.000000000000000000e+00 6.821646336000000127e+06
3.761648458559932462e-02 7.902056641942008740e-05 4.283284628455832601e+06 -3.029121712744436932e-05 6.543710424814565340e+05 3.325448836817262023e-05 2.320317712744436786e+07 0.000000000000000000e+00 1.879893862710721418e+07 0.000000000000000000e+00 4.912125238031018525e+06
4.263843696389812976e-02 -2.648489815848214363e-04 2.726776571428571362e+06 2.435956682477678455e-04 -6.570360714285714494e+04 -2.254077366420200769e-03 1.869038857142857090e+07 0.000000000000000000e+00 1.395309142857142724e+07 0.000000000000000000e+00 8.748254285714285215e+05
4.756514582339458480e-02 4.769952027911034044e-05 1.995760593109463574e+06 2.623473615351068792e-04 -9.863998604448321566e+04 -2.069818469254252062e-04 1.575523988486698642e+07 0.000000000000000000e+00 1.154180811862189323e+07 0.000000000000000000e+00 8.581198709114696831e+05
5.262096060748640974e-02 2.386543188202247057e-04 1.704539146067415597e+06 -5.911494908707865242e-04 3.751460449438202195e+05 8.452340458216291976e-04 1.341598489887640439e+07 0.000000000000000000e+00 1.064142238202247210e+07 0.000000000000000000e+00 3.297725842696628999e+06
5.756031740041873956e-02 1.051496751237623748e-04 1.486660435643564444e+06 -9.850228186881188736e-05 1.071207524752475292e+05 4.370661065129950447e-04 1.185760316831683181e+07 0.000000000000000000e+00 8.751349861386138946e+06 0.000000000000000000e+00 9.797912871287128655e+05
6.254738279606215923e-02 1.916237429482462368e-05 1.164644905567819485e+06 1.130580083394652817e-04 7.641694971792984870e+04 4.076795131223938970e-04 1.059561558400784805e+07 0.000000000000000000e+00 6.984484732891831547e+06 0.000000000000000000e+00 5.683128417954377364e+05
6.757793472572401483e-02 -2.059534270650263666e-05 9.302993884007029701e+05 1.064092706502636114e-04 -1.383602372583479701e+04 1.433092596660808394e-04 9.359652442882249132e+06 0.000000000000000000e+00 5.919470903339191340e+06 0.000000000000000000e+00 6.354341230228471104e+05
7.255917516659465827e-02 -1.794390459363957608e-04 7.753696767714339076e+05 4.100944997210340375e-04 1.176928101171657036e+05 -6.045170692300539262e-04 8.327163429421611130e+06 0.000000000000000000e+00 5.475663747070857324e+06 0.000000000000000000e+00 9.973695250139483251e+05
7.753384299139773339e-02 -6.702220036826247833e-06 6.050436156678942498e+05 2.329430134750585889e-05 5.854269835955808958e+04 -1.282208253996484936e-04 7.445588676263810135e+06 0.000000000000000000e+00 4.445869294944761321e+06 0.000000000000000000e+00 7.605222631402745610e+05
8.251793356505521260e-02 1.567875573394495500e-05 4.757382018348624115e+05 -7.279422305045871286e-05 5.094079357798165438e+04 4.899611166857798607e-05 6.653117651376146823e+06 0.000000000000000000e+00 3.595738715596330352e+06 0.000000000000000000e+00 -5.556440366972477023e+03
8.752751931716111489e-02 2.328463133341972247e-05 3.733088733963975683e+05 3.138363353634832217e-05 1.057609019048853224e+04 -1.457820396527147947e-04 5.948137740572761744e+06 0.000000000000000000e+00 3.665813048594013322e+06 0.000000000000000000e+00 8.045834184268498793e+05
9.254701955136974967e-02 -1.201786121239744741e-05 2.945443938012762228e+05 8.612800535551503526e-05 2.277070191431175772e+04 3.889113420123063106e-05 5.312883048313582316e+06 0.000000000000000000e+00 2.675937896080218721e+06 0.000000000000000000e+00 6.759617575205104658e+05
9.754963178921903511e-02 -5.479299696430440581e-05 2.474804764995289443e+05 2.089494137967130621e-04 2.183360200983984032e+04 -2.519864505914372593e-04 4.956517161938657984e+06 0.000000000000000000e+00 2.648077720506647136e+06 0.000000000000000000e+00 2.412055689312258037e+05
1.025319613041059119e-01 -1.832199812382739380e-05 1.978887444652908016e+05 -1.722267823639774773e-05 1.105140037523452156e+04 -1.157034181519699860e-04 4.462670384990619496e+06 0.000000000000000000e+00 2.185075752345215529e+06 0.000000000000000000e+00 2.180556848030018737e+05
1.075116003998943526e-01 -1.245100361819434841e-05 1.743454059269469290e+05 2.877191376636802135e-05 1.279616815988973030e+04 -6.919561132408684240e-05 4.130819881461061072e+06 0.000000000000000000e+00 1.812879790489317616e+06 0.000000000000000000e+00 -3.904739352170916391e+04
1.125102861506304813e-01 -3.019440364845018426e-05 1.357068624874391244e+05 4.408382932673726631e-05 1.087109283450568182e+04 -7.352337288397619935e-05 4.019711564659503754e+06 0.000000000000000000e+00 1.903151293808456510e+06 0.000000000000000000e+00 4.243904559016773710e+05
1.175500852175193622e-01 4.270985190584554333e-05 1.232959226283601311e+05 -4.510577042739297306e-05 6.938752951216043584e+03 7.956012047095008710e-05 3.668395018631773535e+06 0.000000000000000000e+00 1.528058647703029448e+06 0.000000000000000000e+00 2.594905350590243179e+05
1.225369446564099490e-01 -1.797314630916915172e-05 1.091960839457133407e+05 7.486655908639523315e-05 1.342596279377689643e+04 -1.025697720125786207e-04 3.573861552598477341e+06 0.000000000000000000e+00 1.436141526646805694e+06 0.000000000000000000e+00 1.689366625620655541e+05
1.275260957852891452e-01 -3.671287593984962202e-05 8.113733883094834164e+04 3.493644645888915797e-05 1.269159738054814443e+04 -1.343276759186271972e-04 3.368441915110356640e+06 0.000000000000000000e+00 1.158324435605141800e+06 0.000000000000000000e+00 9.877904050448702765e+04
1.325302087090364789e-01 1.457637758823859512e-05 7.352847629201503878e+04 -3.205707101172773605e-05 6.677563324168116196e+03 7.462173752174401003e-05 3.200182436451377347e+06 0.000000000000000000e+00 1.166262967959149275e+06 0.000000000000000000e+00 5.458660232310195715e+04
1.375062694904859717e-01 3.624727758711721276e-05 6.179413558606124570e+04 -2.552262077613516210e-06 8.234254699049630290e+03 6.742225655029039004e-05 3.054360599788806867e+06 0.000000000000000000e+00 1.180485690390707459e+06 0.000000000000000000e+00 2.955487290390707203e+05
1.425134422753508989e-01 -2.605916442695334809e-05 5.508678057208676910e+04 -3.008989849299289682e-05 8.994657707813399611e+03 1.047522167162603235e-05 2.920727933960453141e+06 0.000000000000000000e+00 1.063629625647917157e+06 0.000000000000000000e+00 1.440914233058168611e+05
1.475259222195813014e-01 8.392368744020229282e-06 4.322769766276367591e+04 -3.023532980574285682e-05 1.245917499658298766e+04 6.623172321169244715e-05 2.737672234361474402e+06 0.000000000000000000e+00 8.992379935304570245e+05 0.000000000000000000e+00 1.106625052621987270e+05
1.525299430011916868e-01 7.410084915032127132e-06 4.556872505918160459e+04 -6.966305456332431635e-06 4.920294893473114826e+03 8.083494442477595865e-06 2.586805113290497102e+06 0.000000000000000000e+00 8.677721258031788748e+05 0.000000000000000000e+00 1.357289360838687862e+05
1.574945685492469272e-01 -1.579750879605289645e-07 3.920029117968212813e+04 -4.375909936506652104e-05 1.218403332389695424e+04 6.315054141222145535e-05 2.484364718728515320e+06 0.000000000000000000e+00 7.864999160431915661e+05 0.000000000000000000e+00 1.959142152303150169e+03
1.625189323163163113e-01 2.238252737226277607e-05 2.889047824817518631e+04 -6.001938868613139244e-05 1.296239182481751959e+04 8.033473996350365886e-05 2.395634396496350411e+06 0.000000000000000000e+00 7.296278049635037314e+05 0.000000000000000000e+00 1.270618347445255640e+05
1.675461007718098694e-01 -2.363548191913439646e-05 2.884842141230068228e+04 2.752838482346241418e-05 1.212270501138952022e+04 -3.816435168707289207e-05 2.294419389521639794e+06 0.000000000000000000e+00 7.258093485193621600e+05 0.000000000000000000e+00 -1.834701594533029493e+03
1.725292014006662711e-01 1.966838143191482660e-05 2.546660355341662216e+04 -6.964409693608466037e-05 1.135986498335366196e+04 9.641450235067740206e-05 2.200365610310841817e+06 0.000000000000000000e+00 6.854329327224182198e+05 0.000000000000000000e+00 1.406410347760161094e+05
1.775301965061671094e-01 1.096845816506814789e-05 1.866237253912165397e+04 -3.198106622286724142e-05 8.177719838465421162e+03 -2.326175818715295196e-06 2.105602584553255700e+06 0.000000000000000000e+00 6.432887794043412432e+05 0.000000000000000000e+00 1.212145381120646052e+05
1.825147654490652804e-01 -6.924133652397411775e-06 1.398034139856421098e+04 2.596550119649029733e-07 9.578990930308133102e+03 3.209624453455050475e-06 2.057820283730686409e+06 0.000000000000000000e+00 5.535298872049396159e+05 0.000000000000000000e+00 1.124143767910425777e+04
1.875360723572403465e-01 6.915044518156424742e-06 1.251804245810055909e+04 -2.972650794343575570e-05 1.083076916201117274e+04 1.946475918732542057e-05 1.999235632625698345e+06 0.000000000000000000e+00 5.369990435754189966e+05 0.000000000000000000e+00 5.700169653631284746e+04
1.925323683450522461e-01 -5.229530363071650302e-06 9.932381707186461426e+03 1.265546347863339353e-05 8.900802399057512957e+03 -2.172869865856270772e-05 1.939131153903823346e+06 0.000000000000000000e+00 5.235132278033629409e+05 0.000000000000000000e+00 5.247964014137302729e+04
1.975198663583639380e-01 8.991241937523713240e-06 9.507847122802579179e+03 -3.512512647021626431e-05 1.293783918047299812e+04 2.540519871632730315e-05 1.864233972733021248e+06 0.000000000000000000e+00 4.676879832047552336e+05 0.000000000000000000e+00 9.260112163905399211e+04
2.025153694923672032e-01 -9.795338631504512411e-06 5.925773617678279152e+03 6.018188323429811124e-06 1.434137759336099771e+04 -8.605155293274074167e-06 1.828486731641416671e+06 0.000000000000000000e+00 4.214406237575991545e+05 0.000000000000000000e+00 1.205421055678857556e+04
2.075088499274508613e-01 -1.467001763264558453e-05 1.986048226430648924e+02 2.884805296663537280e-05 1.199812406970619850e+04 -2.955248216698344449e-05 1.773998994985000929e+06 0.000000000000000000e+00 4.012741054752799682e+05 0.000000000000000000e+00 2.927418534887448914e+04
2.125178062418619784e-01 2.796601242036131984e-06 3.051070343864548704e+03 4.535820871607174237e-06 1.380316704485948685e+04 -2.572407042466235455e-05 1.725885955664164852e+06 0.000000000000000000e+00 4.116774473730145255e+05 0.000000000000000000e+00 8.180891324838540459e+04
2.175004174234404231e-01 6.575624947395000640e-07 5.846992046124064046e+01 -4.808425742782594053e-06 8.979115562663075252e+03 2.057965120255029221e-05 1.665006762393737910e+06 0.000000000000000000e+00 3.588234633448363165e+05 0.000000000000000000e+00 4.530357511993939988e+04
2.225093171556767890e-01 -2.751097052855538969e-06 4.027039656429148636e+03 3.030054446326904464e-06 9.353203285987274285e+03 4.335863624386832786e-06 1.625255778570162132e+06 0.000000000000000000e+00 3.489505785938023473e+05 0.000000000000000000e+00 8.442188168081795448e+04
2.275289586476768322e-01 9.622870187892240126e-06 -1.958920557171284372e+03 -1.284606457121536918e-05 1.031901178631562834e+04 1.704322421384700859e-05 1.576939466707485262e+06 0.000000000000000000e+00 3.098522234807898640e+05 0.000000000000000000e+00 3.692653543548140442e+04
2.325285406108919262e-01 -9.095374092736434820e-06 6.613306896112637787e+02 1.307460025830862495e-05 9.386475542539064918e+03 -3.581303549014970946e-05 1.540992793989776867e+06 0.000000000000000000e+00 3.059007440016008331e+05 0.000000000000000000e+00 6.197054350317428907e+04
2.375276552426477672e-01 -4.737761469502548535e-06 -1.306795711021269199e+03 7.175305413956759062e-06 8.059561399191422424e+03 -2.045305359026190967e-05 1.498978611074002460e+06 0.000000000000000000e+00 2.939198593777465285e+05 0.000000000000000000e+00 7.493997932852874510e+04
2.424991024241769377e-01 1.104615459287897015e-05 -4.337586142859554457e+03 -2.471371005182921852e-05 9.804240744179764079e+03 3.879755715774990335e-05 1.460968026336670388e+06 0.000000000000000000e+00 2.487558478550807922e+05 0.000000000000000000e+00 1.876629446423446325e+03
2.474998551644826128e-01 6.199280039225104297e-06 -1.806321229586935715e+03 -1.684281064881524168e-05 9.289813128402176517e+03 1.453567001631043936e-05 1.436335912904258817e+06 0.000000000000000000e+00 2.666300741594620631e+05 0.000000000000000000e+00 4.349872814601344726e+04
2.525200307756395035e-01 -3.632280873028147654e-06 -4.170002350757810746e+03 9.805648053278688569e-06 8.419951252706465311e+03 -2.524756146332740700e-05 1.407461616084132576e+06 0.000000000000000000e+00 2.451287339313331468e+05 0.000000000000000000e+00 1.287537073925146979e+04
2.575182250600202005e-01 1.217883529077565018e-06 -3.098028224424409473e+03 1.059849725360442612e-05 6.905401147455479986e+03 2.966146694371227905e-06 1.381272280038745143e+06 0.000000000000000000e+00 2.207259963341032562e+05 0.000000000000000000e+00 3.921400789807018737e+04
2.625255687975799335e-01 -1.036347492440235002e-05 -3.330306612654761011e+03 1.214643835225651850e-05 9.550319392936611621e+03 -2.883386168482912127e-05 1.349670443087807391e+06 0.000000000000000000e+00 2.043312046556741116e+05 0.000000000000000000e+00 3.891486278313459479e+04
2.675305520911575030e-01 6.472570110879440293e-06 -2.278200853343643303e+03 -1.726018696234517637e-05 7.914474309937724684e+03 1.631627048784192380e-05 1.316445158393283607e+06 0.000000000000000000e+00 2.073244319741511426e+05 0.000000000000000000e+00 1.091930528437883913e+04
2.725404586615198799e-01 1.743215971597820725e-06 -4.554231977574442681e+03 -7.450634189718093048e-06 7.545635373142222306e+03 7.147992527982360542e-06 1.293602784154016990e+06 0.000000000000000000e+00 1.682734699317712802e+05 0.000000000000000000e+00 4.264664219601205696e+04
2.775333197047151201e-01 1.716500374802905368e-06 -5.628518106857600287e+03 -4.319017854834957215e-05 6.654091348515004938e+03 2.629653331545480372e-05 1.272099633675394813e+06 0.000000000000000000e+00 1.732725415772740089e+05 0.000000000000000000e+00 2.716576917310724457e+04
2.825123907298719983e-01 9.264769595658618658e-06 -3.734868943370592206e+03 -1.969800077579818548e-06 6.784599962946952473e+03 3.577056679342540400e-05 1.240006643858457450e+06 0.000000000000000000e+00 1.619437060458222695e+05 0.000000000000000000e+00 8.244821243747299377e+03
2.875104651677040102e-01 9.878319676546638375e-06 -5.183736832024515934e+03 -8.469636219713656141e-06 7.955816893315456582e+03 3.145718752618631165e-05 1.218018384217582876e+06 0.000000000000000000e+00 1.557361976632828882e+05 0.000000000000000000e+00 3.895922160505650390e+04
2.924971317655564174e-01 -1.806170456253106513e-07 -5.333167369869031063e+03 8.218075575951634901e-06 6.377547584644372364e+03 2.280290201019546907e-06 1.198619550428278977e+06 0.000000000000000000e+00 1.442464313308441779e+05 0.000000000000000000e+00 -4.928318672045683115e+02
2.975058823671092867e-01 -6.273705120271289942e-06 -5.154487523310540382e+03 -1.219510714523576848e-08 7.052167303081430873e+03 -2.466426544826308794e-05 1.177134512387887342e+06 0.000000000000000000e+00 1.517028810940413678e+05 0.000000000000000000e+00 4.344480099458307086e+04
3.025121359101998753e-01 4.359088587825861050e-06 -5.054912628074877830e+03 -1.055997126421252867e-05 6.766966581643681820e+03 2.532994606466970719e-05 1.161091956595045514e+06 0.000000000000000000e+00 1.309101503609874198e+05 0.000000000000000000e+00 7.977886645627080725e+03
3.075010376196579687e-01 7.654510895124628584e-06 -4.174592214035637880e+03 -2.199396130532476552e-05 5.530686565292366140e+03 3.434579038642420802e-05 1.139962796258556889e+06 0.000000000000000000e+00 1.318074371531588258e+05 0.000000000000000000e+00 1.295892948738046834e+04
3.125134169243361515e-01 2.552847878544138278e-07 -4.180062256183390673e+03 6.971238437562839042e-07 5.261791916348281120e+03 2.059706398929217664e-05 1.123078064106173348e+06 0.000000000000000000e+00 1.221712923386285984e+05 0.000000000000000000e+00 3.481258443595415156e+04
3.175159688234982513e-01 8.567263436846086008e-06 -4.506819817076166146e+03 -1.964810248450255914e-05 5.685778585533102159e+03 2.409003190360640948e-05 1.099550277568743797e+06 0.000000000000000000e+00 1.072931508679549297e+05 0.000000000000000000e+00 -5.617164267960821235e+03
3.225221380836135188e-01 4.771504286034548416e-06 -5.825681253539740283e+03 -1.161995531816358370e-05 6.332953445346422995e+03 2.523317457663241023e-05 1.092493208382103126e+06 0.000000000000000000e+00 1.013242200490843970e+05 0.000000000000000000e+00 3.872613298093260528e+04
3.275181733526948968e-01 3.154575273047019461e-06 -4.159558089596445825e+03 8.632147237134394321e-07 4.218740910773787618e+03 -1.797045835165216745e-05 1.072995803035912570e+06 0.000000000000000000e+00 1.130626701221769763e+05 0.000000000000000000e+00 -2.573382599037393447e+03
3.325123842131759710e-01 3.241323668239679071e-06 -4.436302979086793130e+03 -7.729769692584307730e-06 5.992539349030840640e+03 1.258781891410718672e-05 1.058307775656706886e+06 0.000000000000000000e+00 1.036194779081455636e+05 0.000000000000000000e+00 3.539099516976969608e+04
3.374959366892091861e-01 1.697856359264968700e-06 -3.802141050345093390e+03 -7.135701096810076778e-06 4.999071436078898842e+03 -2.587947932998020857e-06 1.038100655432155007e+06 0.000000000000000000e+00 8.807948036296115606e+04 0.000000000000000000e+00 -7.822884770346495031e+01
3.424919221947719805e-01 1.220815033044695841e-06 -4.567619765145138444e+03 -1.494277600446707693e-05 4.473193242713915424e+03 1.221221971389044040e-05 1.020153162039853749e+06 0.000000000000000000e+00 8.655943541491303768e+04 0.000000000000000000e+00 3.440451054680012749e+04
3.475179778446125245e-01 5.134953681960009327e-06 -4.371733002254385610e+03 -1.167279665139918894e-05 4.950953703401182793e+03 1.612200967418094669e-05 1.017640808442513109e+06 0.000000000000000000e+00 7.581408174600581697e+04 0.000000000000000000e+00 4.033838847322508082e+04
3.525052850529177828e-01 -6.673618872744690824e-06 -3.239128341050614836e+03 7.172581031454574693e-06 3.452377454893820868e+03 -1.219338775347277647e-05 9.965146170205972157e+05 0.000000000000000000e+00 7.401536745968385367e+04 0.000000000000000000e+00 1.108944135398371327e+04
3.575133254796376558e-01 6.062769695947758371e-06 -2.500551877428700664e+03 -5.127157088548413168e-06 6.181623195959255099e+03 7.759970965770171327e-06 9.869777430999992648e+05 0.000000000000000000e+00 6.170122120624507079e+04 0.000000000000000000e+00 2.715083560331414628e+04
3.625250227669692404e-01 -1.382274883300707635e-06 -2.682889203433217517e+03 4.926192403252521720e-06 5.123602830898960747e+03 -6.473899120990814413e-06 9.754389934046076378e+05 0.000000000000000000e+00 6.639173618430958595e+04 0.000000000000000000e+00 2.990197572654720352e+04
3.675230446100045678e-01 -4.111459905299302557e-06 -3.463616648076460478e+03 4.348180324089262370e-06 4.425362348635624585e+03 -1.161398430608410077e-05 9.664372982233595103e+05 0.000000000000000000e+00 5.436656597336132836e+04 0.000000000000000000e+00 2.992960240287528723e+04
3.725177060730277545e-01 3.559715213848705316e-07 -3.781331579850191702e+03 1.692609685016296050e-06 4.468636056950083002e+03 -5.272391920903854493e-06 9.574094363314083312e+05 0.000000000000000000e+00 6.074499491108697111e+04 0.000000000000000000e+00 3.964863491337412415e+04
3.775163034622419089e-01 -9.646366948579861014e-07 -2.399925859013522313e+03 1.489883900435109400e-07 5.102053026803014291e+03 -1.989668400934175188e-06 9.475439506278401241e+05 0.000000000000000000e+00 4.066393385785506689e+04 0.000000000000000000e+00 2.966379103716013560e+04
3.825226892977953153e-01 -1.187711148648648588e-07 -2.577425945945945841e+03 6.367451435810810995e-06 3.120301405405405148e+03 -8.068187816722972218e-06 9.387462988108107820e+05 0.000000000000000000e+00 3.327234767567567178e+04 0.000000000000000000e+00 3.883339762162161787e+04
3.875130067694269043e-01 -5.006940899960485068e-06 -2.005000632244468079e+03 2.054389334579162496e-05 4.475433930453108587e+03 -2.322704447835715431e-05 9.282171548998947255e+05 0.000000000000000000e+00 4.268393677555321483e+04 0.000000000000000000e+00 3.026487165437302610e+04
3.924957861003909865e-01 6.601649555582821253e-06 -1.891138313004859583e+03 -1.420987928753459725e-05 4.170156624722428205e+03 1.981189720294498194e-05 9.183823338332314743e+05 0.000000000000000000e+00 5.040370018987546064e+04 0.000000000000000000e+00 5.151573525568821788e+04
3.975064703251052212e-01 -4.512691621879066041e-06 -2.681612688185366551e+03 8.426035479330587578e-06 4.788777300043368086e+03 -1.803762621318575433e-05 9.147547239947959315e+05 0.000000000000000000e+00 4.710941468310514028e+04 0.000000000000000000e+00 4.990227143299672025e+04
