3.798113400606732779e-03 1.413445723684210583e-04 -6.039132210526315495e+06 -3.533614309210525916e-04 -1.145047831578947231e+07 4.834626850328947083e-04
8.299341265228576958e-03 -3.814697265625000000e-05 -2.287249250000000000e+06 -5.722045898437500000e-05 -8.989384375000000000e+05 -1.363754272460937500e-04
1.293222767532251419e-02 6.453398686305732406e-05 -1.304758318471337669e+06 -1.555035828025477904e-04 -4.731372611464968213e+04 2.355879279458598745e-04
1.764839556552980082e-02 -1.421366652397260195e-05 -1.125733041095890338e+06 1.546781357020548029e-05 -3.862204931506849243e+05 -9.312041818279109199e-05
2.256548662787912635e-02 2.030659262759924462e-05 -7.907885973534971708e+05 -5.445858931947069763e-05 2.660556899810964023e+04 3.069064567580340430e-05
2.777643688250242340e-02 3.275057164634146286e-06 -5.756270439024390653e+05 -2.232993521341463280e-06 -1.312011024390243983e+05 4.112429735137195386e-05
3.269804980233311648e-02 1.007080078125000047e-06 -4.026610559999999823e+05 2.946472167968750076e-05 -2.221648199999999997e+04 1.383590698242187585e-05
3.761648458559932462e-02 -2.798645060687795157e-06 -3.137204261631827103e+05 -4.856472311193526741e-06 -4.144822117329736648e+04 3.171111793029332662e-05
4.263843696389812976e-02 -8.174351283482142403e-07 -2.479621964285714203e+05 -1.321520124162946308e-05 -3.857514732142857247e+04 1.958438328334263296e-05
4.756514582339458480e-02 1.235076864369821206e-05 -1.874576886175316176e+05 -3.108986589620584532e-05 -6.413676842564326762e+03 4.109824738334060407e-05
5.262096060748640974e-02 5.829200316011235793e-06 -1.546032808988764009e+05 -1.731615387991572859e-05 -1.744982584269662766e+04 1.693039797665028075e-05
5.756031740041873956e-02 -3.437004467048267415e-06 -1.316069207920792105e+05 -1.563648186107673301e-05 -9.770972772277227705e+03 3.946889745126856553e-06
6.254738279606215923e-02 -6.108006806475349093e-06 -1.125105871964679827e+05 1.233577845229335196e-05 -1.248457297032131464e+04 -2.353379093083149309e-05
6.757793472572401483e-02 4.183428987258347436e-06 -9.600319156414762256e+04 -7.079649055360280927e-06 -1.079495869947275787e+04 9.412715221331282789e-06
7.255917516659465827e-02 5.675577110842476865e-07 -8.195942123860889114e+04 9.114976840013018714e-06 -8.542463827413055697e+03 4.185738119246326821e-06
7.753384299139773339e-02 1.328183848761299139e-06 -6.748716437897556170e+04 9.184902154126214596e-06 -6.871187144291931872e+03 -2.526103512355624536e-06
8.251793356505521260e-02 -1.784858353641055145e-06 -6.056469724770642642e+04 7.401912584217316607e-06 -7.165993119266055146e+03 -8.648688640069524642e-06
8.752751931716111489e-02 -3.258582917584553736e-06 -5.036863029674744030e+04 9.981387480562396163e-06 -9.406807826875729006e+03 -1.003279716251457884e-05
9.254701955136974967e-02 2.114253361440291470e-06 -4.327093892433910514e+04 -2.948827056745670139e-06 -6.242181403828622933e+03 9.834060043015040346e-06
9.754963178921903511e-02 2.153129661493771608e-06 -3.715725573118391912e+04 -8.756273593700931358e-06 -4.439609756097561331e+03 -2.470189185089107999e-06
1.025319613041059119e-01 -8.645692864681050517e-07 -3.236932082551594794e+04 3.902013037933864667e-06 -5.114686679174484198e+03 -4.154656215188203411e-06
1.075116003998943526e-01 -1.645761880276533366e-06 -2.881326257753273603e+04 4.232710267164886204e-07 -4.932411440385940296e+03 -5.425624729106542778e-06
1.125102861506304813e-01 1.811664218907010886e-06 -2.653180675581665128e+04 -4.774490076911185301e-06 -4.730440751333385379e+03 6.166263370081935664e-06
1.175500852175193622e-01 1.597279014364955200e-06 -2.333115403214336766e+04 -5.955072847034561728e-06 -3.798167828189446936e+03 3.650303399676433058e-06
1.225369446564099490e-01 -1.293032108573320182e-07 -2.052252684541542840e+04 2.044607021681562344e-06 -3.417980271433300459e+03 1.878937282770605802e-07
1.275260957852891452e-01 -3.512149119648920617e-06 -1.823357555178268376e+04 2.148369403536563309e-06 -2.407640067911714596e+03 -6.027832327321580474e-07
1.325302087090364789e-01 2.191936479434375130e-07 -1.613907367712249470e+04 -1.945343625498007934e-06 -1.981240558891195633e+03 3.904386853992480684e-07
1.375062694904859717e-01 1.089222957365364315e-06 -1.492539978880675699e+04 -3.780054819495776147e-06 -2.803191763463569259e+03 5.706335951937038217e-06
1.425134422753508989e-01 -5.887918221467652518e-07 -1.363873756959109232e+04 2.702290825524332891e-06 -1.867997504319446989e+03 -5.430213135843612007e-07
1.475259222195813014e-01 1.813063095129618607e-06 -1.189197138821814224e+04 -2.841948593899494183e-06 -2.181406168845961020e+03 1.603114837948198205e-06
1.525299430011916868e-01 6.089066991460939739e-07 -1.104049712546499723e+04 -3.648279968612614083e-06 -2.305926783902603802e+03 4.089479314180334488e-07
1.574945685492469272e-01 1.382282019654628439e-07 -9.980648198325716294e+03 -2.764564039309256878e-07 -1.532754964209163973e+03 1.461269563634892816e-06
1.625189323163163113e-01 3.062895614735401557e-08 -9.057904817518248819e+03 -2.311093963845803035e-08 -1.757569927007299384e+03 -1.068324068166913837e-06
1.675461007718098694e-01 -7.842287658830438072e-07 -8.392166856492027364e+03 3.198827860838731207e-06 -1.613557659453302904e+03 -2.061315984009067092e-06
1.725292014006662711e-01 9.254762130401820783e-08 -7.523737218577975000e+03 2.263392912326531964e-06 -1.825611893067871051e+03 -7.308244225801002835e-07
1.775301965061671094e-01 -1.228559745314866246e-06 -6.593275618374557780e+03 2.408978434778836259e-06 -1.261402195860676329e+03 -3.803624822779293960e-06
1.825147654490652804e-01 4.327583532748382359e-07 -6.144039233064492691e+03 -6.347122514697627884e-07 -1.162250583473662346e+03 4.183330748323436440e-07
1.875360723572403465e-01 2.301605054120111687e-07 -5.521667039106145239e+03 -1.366471445094273742e-06 -1.166565139664804519e+03 2.952234705067213633e-06
1.925323683450522461e-01 1.204426211744939390e-06 -5.056481953518260525e+03 -1.363763464994778783e-06 -1.294950412338009983e+03 2.659502179563664508e-06
1.975198663583639380e-01 -1.111554635133426009e-07 -4.492602504110282098e+03 2.303388216137599518e-06 -9.892548880738585240e+02 -1.696664644460604511e-06
2.025153694923672032e-01 3.357139733909099857e-07 -3.952460484415710198e+03 9.511895912742449506e-07 -1.238877062626652560e+03 -8.665248830725900199e-07
2.075088499274508613e-01 -1.229955746639492522e-07 -3.657687787675467916e+03 -5.031637145343379099e-08 -7.364021159174700415e+02 8.819341774199089286e-07
2.125178062418619784e-01 7.191260336664339993e-07 -3.417707104206668191e+03 3.009675622381742015e-07 -8.180290626636411844e+02 1.498179236805070744e-07
2.175004174234404231e-01 -1.089087881912296898e-06 -3.053031226327750119e+03 1.885354965385910317e-06 -6.929503829643969084e+02 -1.521897570832631973e-06
2.225093171556767890e-01 -5.747484227556589254e-07 -2.838976064301333736e+03 6.625238094944937906e-07 -6.044237111168023375e+02 -1.890477421919633293e-06
2.275289586476768322e-01 -3.953084415778547375e-07 -2.426870044390020212e+03 4.837711135114514746e-07 -4.288060615337517447e+02 -4.419484146517559872e-07
2.325285406108919262e-01 -3.641702517599549114e-07 -2.250708820693795133e+03 1.598796227238826466e-07 -5.339310206828806713e+02 -5.395937266931039721e-07
2.375276552426477672e-01 3.669190268500615333e-07 -1.998622745649499166e+03 -5.525242655783090316e-07 -5.319970469326771081e+02 1.966020809072332744e-07
2.424991024241769377e-01 1.628071292607161602e-07 -1.955800854253541047e+03 -4.631759784980500963e-07 -5.056323670926679483e+02 8.153236773895041785e-08
2.474998551644826128e-01 8.814234860310598580e-07 -1.655245469100224227e+03 -2.402905046729907128e-06 -4.107956452129362788e+02 1.130850697571445727e-06
2.525200307756395035e-01 1.522103146506727489e-07 -1.517621651716671977e+03 1.375202493995031861e-06 -6.590885864522116435e+02 1.473696726673054236e-06
2.575182250600202005e-01 4.420398768720661390e-07 -1.234415319275761931e+03 -8.185923645779002512e-09 -3.404269726547947243e+02 -2.721819612221518728e-07
2.625255687975799335e-01 -6.964700890055342957e-08 -1.107737091344782357e+03 6.616465845552575677e-07 -3.129838820106122057e+02 -6.007054517672733598e-07
2.675305520911575030e-01 -1.348452106433216904e-07 -9.410225210919484198e+02 1.213606895789895108e-07 -2.113644799160464345e+02 -7.517620493365183791e-07
2.725404586615198799e-01 -5.165084360289839473e-08 -8.047175120325804301e+02 -5.746156350822446108e-07 -2.949921986565822181e+02 1.210566646942931029e-07
2.775333197047151201e-01 -1.025482760681882812e-08 -7.265175898880760315e+02 3.585245497922428802e-07 -2.371621474914053636e+02 7.790710857834187802e-07
2.825123907298719983e-01 1.262692357422960621e-07 -6.648316186006298949e+02 1.050296195211665476e-06 -2.743751744580991954e+02 -3.148721277857330665e-07
2.875104651677040102e-01 2.133483243751197074e-07 -5.479966002681478585e+02 -3.872418216397720916e-08 -3.640308370044052708e+02 4.016720593329522675e-07
2.924971317655564174e-01 -3.711115859332554731e-07 -4.293657307332184700e+02 6.455648310435907703e-07 -1.205815579881861908e+02 -1.012619588803621621e-06
2.975058823671092867e-01 7.842131400339112163e-08 -3.383299662552171299e+02 -1.003979133380347492e-06 -2.503868439747802199e+02 1.054559187147653410e-06
3.025121359101998753e-01 4.617678588798581710e-08 -3.295921922960529287e+02 -2.552916591235787597e-07 -1.621027517184730300e+02 1.472709635641833349e-07
3.075010376196579687e-01 -2.447848796670063272e-07 -2.057843340126456724e+02 1.063578341979868852e-06 -2.469573287349114423e+02 -8.510261292853014536e-07
3.125134169243361515e-01 -3.528575793660768173e-08 -1.554593203297808088e+02 3.484085055392871478e-07 -1.774928011260808489e+02 -8.100766232381422450e-07
3.175159688234982513e-01 4.197287518051694383e-07 -1.087222642473303154e+02 -1.022938929399455715e-06 -1.738932715073041777e+02 1.197725973901179815e-06
3.225221380836135188e-01 1.837132853428237742e-07 -7.685417217292807379e+01 7.736338564466030825e-07 -1.387012743062110758e+02 -4.613626806695933924e-07
3.275181733526948968e-01 1.214601869099407509e-07 1.570929401147723148e+01 -1.553560530243428256e-08 -2.205449463161791925e+02 6.356181060327772453e-07
3.325123842131759710e-01 8.686964604997464873e-08 5.593161176690358616e+01 -4.343482302498732436e-08 -2.755382548902746294e+02 2.019719270661910755e-07
3.374959366892091861e-01 -1.909152872488986146e-07 1.141839242546333679e+02 4.174141903396027550e-07 -1.544178958063272944e+02 -6.079870061684276562e-07
3.424919221947719805e-01 5.269851559309603963e-07 1.041674570168932235e+02 -9.270564157183158715e-07 -1.754423655501754524e+02 1.880118735005136084e-06
3.475179778446125245e-01 -3.834077976730455698e-07 1.451203156140751958e+02 1.730709965197018695e-07 -2.304615447446662415e+02 -2.138538393623924606e-07
3.525052850529177828e-01 -1.949070932460482210e-08 2.270893182181063423e+02 -7.796283729841928842e-08 -1.538504710202778369e+02 1.033007594204055522e-07
3.575133254796376558e-01 -3.162370613009787692e-07 2.561562646105264776e+02 -2.048991610204566553e-07 -2.289788535383341923e+02 2.968230996974423748e-07
3.625250227669692404e-01 -1.069562762926328800e-07 2.655082367113386113e+02 1.075306923844300519e-07 -1.855073934648396232e+02 -5.635021860530228583e-08
3.675230446100045678e-01 -1.432781482149756932e-07 2.697440966982335908e+02 4.516376411124233532e-07 -2.088964124547091501e+02 -6.163852633999846787e-07
3.725177060730277545e-01 -2.349644475057103463e-07 2.696658471038938956e+02 2.204458480006978413e-08 -2.456467779747269731e+02 -4.300536551942574111e-07
3.775163034622419089e-01 4.208711583150026241e-09 2.373628922707745801e+02 4.461234278139028196e-08 -2.409613228428986247e+02 -1.017035154068203944e-06
3.825226892977953153e-01 8.732563740498310554e-08 2.339854864864864794e+02 4.397211848078547250e-08 -3.555985405405405118e+02 -1.446878587877428307e-07
3.875130067694269043e-01 3.879012498765147929e-08 3.121137513171759679e+02 2.101299257750757602e-07 -2.065481164383561747e+02 1.153152031692488916e-08
3.924957861003909865e-01 2.095855299415891611e-07 2.456054323689376702e+02 -1.133667184684050483e-06 -2.466159044829916809e+02 3.523865423760177747e-07
3.975064703251052212e-01 2.435204796790781623e-07 3.225297565206616923e+02 -5.301486219100427683e-07 -2.363443404993494994e+02 9.595236291702806619e-07
