3.798113400606732779e-03 2.674368947368420777e+05 0.000000000000000000e+00 1.076851157894736854e+06 0.000000000000000000e+00 -2.165253894736841787e+06 6.528878484210526198e+07 0.000000000000000000e+00 8.259639915789473057e+07 0.000000000000000000e+00 -2.352800606315789223e+08
8.299341265228576958e-03 9.211886250000000000e+05 0.000000000000000000e+00 4.192540625000000000e+05 0.000000000000000000e+00 -3.012323750000000000e+05 2.650189000000000000e+07 0.000000000000000000e+00 5.920314400000000000e+07 0.000000000000000000e+00 5.234090000000000000e+05
1.293222767532251419e-02 1.044634496815286693e+06 0.000000000000000000e+00 1.312753121019108454e+06 0.000000000000000000e+00 3.934107006369426963e+05 1.553995984713375941e+07 0.000000000000000000e+00 3.168472540127388760e+07 0.000000000000000000e+00 2.115243617834394798e+06
1.764839556552980082e-02 9.866398904109589057e+05 0.000000000000000000e+00 1.192394301369862864e+06 0.000000000000000000e+00 4.578604931506849243e+05 7.953901589041095227e+06 0.000000000000000000e+00 1.810260164383561537e+07 0.000000000000000000e+00 5.685238356164383702e+06
2.256548662787912635e-02 9.410540037807183107e+05 0.000000000000000000e+00 9.606068506616257364e+05 0.000000000000000000e+00 2.415921965973534971e+05 4.633438366729678586e+06 0.000000000000000000e+00 9.643363206049149856e+06 0.000000000000000000e+00 5.302386691871455405e+05
2.777643688250242340e-02 8.126450731707316590e+05 0.000000000000000000e+00 6.191687414634146262e+05 0.000000000000000000e+00 2.627297170731707592e+05 2.716661697560975794e+06 0.000000000000000000e+00 5.594928702439024113e+06 0.000000000000000000e+00 1.174352858536585467e+06
3.269804980233311648e-02 6.902526080000000075e+05 0.000000000000000000e+00 6.042958719999999739e+05 0.000000000000000000e+00 6.409959999999999809e+02 1.692135807999999961e+06 0.000000000000000000e+00 3.562929152000000235e+06 0.000000000000000000e+00 3.118787200000000303e+05
3.761648458559932462e-02 5.239220391099123517e+05 0.000000000000000000e+00 3.668896453135536285e+05 0.000000000000000000e+00 4.583499662845583202e+02 1.014075641267700586e+06 0.000000000000000000e+00 1.818435322993931128e+06 0.000000000000000000e+00 -6.281204045853000571e+04
4.263843696389812976e-02 4.748788928571428405e+05 0.000000000000000000e+00 3.181237500000000000e+05 0.000000000000000000e+00 -1.041422098214285688e+04 7.372517857142856810e+05 0.000000000000000000e+00 1.335967428571428405e+06 0.000000000000000000e+00 -1.216930892857142753e+05
4.756514582339458480e-02 4.413542433493240387e+05 0.000000000000000000e+00 3.194594749236807693e+05 0.000000000000000000e+00 -2.083945050152638578e+04 5.422734792847797507e+05 0.000000000000000000e+00 9.314043645878761308e+05 0.000000000000000000e+00 -1.089383968600087246e+05
5.262096060748640974e-02 3.788097528089887346e+05 0.000000000000000000e+00 2.651882696629213169e+05 0.000000000000000000e+00 3.173654213483145941e+04 3.881690786516853841e+05 0.000000000000000000e+00 6.716821123595505487e+05 0.000000000000000000e+00 3.260308146067415510e+04
5.756031740041873956e-02 3.406685544554455555e+05 0.000000000000000000e+00 2.466850099009900878e+05 0.000000000000000000e+00 3.954580198019801901e+04 3.205159801980198245e+05 0.000000000000000000e+00 5.267729900990099413e+05 0.000000000000000000e+00 -9.919559405940593933e+03
6.254738279606215923e-02 3.118037301937699085e+05 0.000000000000000000e+00 1.974665293107677135e+05 0.000000000000000000e+00 -2.803683885209712753e+04 2.618292744665194768e+05 0.000000000000000000e+00 4.301355074809908983e+05 0.000000000000000000e+00 1.976227814569536349e+04
6.757793472572401483e-02 3.075811880492091295e+05 0.000000000000000000e+00 2.105807803163444623e+05 0.000000000000000000e+00 4.778289982425307244e+03 2.130418277680140454e+05 0.000000000000000000e+00 3.229509173989454866e+05 0.000000000000000000e+00 8.823469903339190523e+02
7.255917516659465827e-02 2.704874004091501120e+05 0.000000000000000000e+00 1.565018411753766122e+05 0.000000000000000000e+00 1.345099944206806867e+04 1.808382785940115282e+05 0.000000000000000000e+00 2.655655778315045754e+05 0.000000000000000000e+00 7.963909986981588190e+03
7.753384299139773339e-02 2.465327351858051843e+05 0.000000000000000000e+00 1.510221305657850753e+05 0.000000000000000000e+00 1.098559959825912301e+04 1.530380877134248440e+05 0.000000000000000000e+00 2.111555192500837147e+05 0.000000000000000000e+00 1.676318044861064845e+04
8.251793356505521260e-02 2.298433577981651470e+05 0.000000000000000000e+00 1.537986605504587351e+05 0.000000000000000000e+00 -2.453960435779816635e+03 1.316355229357798235e+05 0.000000000000000000e+00 1.789436513761467941e+05 0.000000000000000000e+00 1.089623623853211029e+04
8.752751931716111489e-02 2.002569205649864161e+05 0.000000000000000000e+00 1.253449661785668141e+05 0.000000000000000000e+00 3.099987041596475592e+03 1.162585916807049507e+05 0.000000000000000000e+00 1.409240025916807062e+05 0.000000000000000000e+00 3.019107425165219865e+03
9.254701955136974967e-02 1.792338960802187794e+05 0.000000000000000000e+00 9.714222789425705560e+04 0.000000000000000000e+00 -5.514694165907018942e+03 1.013095059252506762e+05 0.000000000000000000e+00 1.181008568824065587e+05 0.000000000000000000e+00 1.195871923427529509e+04
9.754963178921903511e-02 1.678127968177535804e+05 0.000000000000000000e+00 8.399098586831361172e+04 0.000000000000000000e+00 3.338330786140479631e+03 8.973778792002511909e+04 0.000000000000000000e+00 9.763791897833142139e+04 0.000000000000000000e+00 2.244666806238878053e+03
1.025319613041059119e-01 1.508190979362101352e+05 0.000000000000000000e+00 7.785658836772982613e+04 0.000000000000000000e+00 2.054113320825515984e+04 8.308633095684803266e+04 0.000000000000000000e+00 8.234702288930582290e+04 0.000000000000000000e+00 2.826028846153845961e+02
1.075116003998943526e-01 1.444823156443831685e+05 0.000000000000000000e+00 7.666554376292212692e+04 0.000000000000000000e+00 4.979782219159200395e+03 7.622430875258441665e+04 0.000000000000000000e+00 7.180181392143349512e+04 0.000000000000000000e+00 5.481057891109579714e+02
1.125102861506304813e-01 1.323272251681224443e+05 0.000000000000000000e+00 7.063804220452964364e+04 0.000000000000000000e+00 1.099839282677591473e+04 7.091347422122594435e+04 0.000000000000000000e+00 6.411130370255855814e+04 0.000000000000000000e+00 6.569194094457757274e+03
1.175500852175193622e-01 1.269118270516285120e+05 0.000000000000000000e+00 5.668863490257431840e+04 0.000000000000000000e+00 1.851648129711278671e+03 6.572776333380742290e+04 0.000000000000000000e+00 5.425400881809131533e+04 0.000000000000000000e+00 4.076351870288721329e+03
1.225369446564099490e-01 1.192186491890102625e+05 0.000000000000000000e+00 5.513979424031778035e+04 0.000000000000000000e+00 -1.952985766302548882e+03 6.158578695796094689e+04 0.000000000000000000e+00 4.751104508440913924e+04 0.000000000000000000e+00 3.499058920887123918e+02
1.275260957852891452e-01 1.161021780257094360e+05 0.000000000000000000e+00 5.724323453795779642e+04 0.000000000000000000e+00 6.224297841377637269e+03 5.854683676934270625e+04 0.000000000000000000e+00 4.075820130972592597e+04 0.000000000000000000e+00 -5.787404878122725904e+01
1.325302087090364789e-01 1.067705812243981782e+05 0.000000000000000000e+00 4.373136771224959375e+04 0.000000000000000000e+00 -2.957052690645867187e+03 5.454945064811177872e+04 0.000000000000000000e+00 3.588481903372425586e+04 0.000000000000000000e+00 -2.086119073003759695e+03
1.375062694904859717e-01 1.008578635691657837e+05 0.000000000000000000e+00 4.675757888067581371e+04 0.000000000000000000e+00 7.393950580781414828e+03 5.233739218585005437e+04 0.000000000000000000e+00 3.349599831045406609e+04 0.000000000000000000e+00 5.550939809926082489e+03
1.425134422753508989e-01 9.548709080437703233e+04 0.000000000000000000e+00 4.198260549049721885e+04 0.000000000000000000e+00 -4.672059128431560566e+03 5.017388673449798080e+04 0.000000000000000000e+00 2.984835477058936522e+04 0.000000000000000000e+00 9.671839604530619283e+01
1.475259222195813014e-01 9.127916242197822430e+04 0.000000000000000000e+00 3.677758294227527222e+04 0.000000000000000000e+00 2.740428083283976321e+03 4.772518984919586364e+04 0.000000000000000000e+00 2.694022397375734727e+04 0.000000000000000000e+00 4.213096541983689349e+03
1.525299430011916868e-01 8.681676293540750339e+04 0.000000000000000000e+00 3.800456679066621291e+04 0.000000000000000000e+00 5.055275278998985414e+03 4.527603922894825519e+04 0.000000000000000000e+00 2.386428136624957551e+04 0.000000000000000000e+00 1.131161650321271509e+03
1.574945685492469272e-01 8.159539030209890916e+04 0.000000000000000000e+00 3.171598722044728129e+04 0.000000000000000000e+00 4.889340801552958169e+02 4.298504986452055891e+04 0.000000000000000000e+00 2.061985942492012691e+04 0.000000000000000000e+00 1.333253629635620818e+01
1.625189323163163113e-01 7.647980379562044982e+04 0.000000000000000000e+00 3.044579503649635444e+04 0.000000000000000000e+00 4.330640875912408774e+03 4.213702072992701142e+04 0.000000000000000000e+00 1.983744467153284859e+04 0.000000000000000000e+00 2.367095474452554754e+03
1.675461007718098694e-01 7.389780410022778960e+04 0.000000000000000000e+00 2.883048747152619399e+04 0.000000000000000000e+00 5.459670842824601095e+03 4.064277904328017758e+04 0.000000000000000000e+00 1.743273576309794953e+04 0.000000000000000000e+00 -9.987068443906605353e+01
1.725292014006662711e-01 7.032929347002011491e+04 0.000000000000000000e+00 2.643027220885387578e+04 0.000000000000000000e+00 1.376834360681675889e+03 3.936769805847645330e+04 0.000000000000000000e+00 1.646403955565810975e+04 0.000000000000000000e+00 2.083544186966410905e+02
1.775301965061671094e-01 6.761931953558808891e+04 0.000000000000000000e+00 2.574040181726400624e+04 0.000000000000000000e+00 2.494948258455325686e+03 3.816224936900554894e+04 0.000000000000000000e+00 1.489233821302372598e+04 0.000000000000000000e+00 4.620485234729934518e+02
1.825147654490652804e-01 6.531801163993027876e+04 0.000000000000000000e+00 2.539053703211321044e+04 0.000000000000000000e+00 3.947565718337321869e+03 3.720296989571331505e+04 0.000000000000000000e+00 1.426998162427250463e+04 0.000000000000000000e+00 3.082379649324943216e+01
1.875360723572403465e-01 6.289259262569832208e+04 0.000000000000000000e+00 2.092267798882681745e+04 0.000000000000000000e+00 3.251275754189944109e+03 3.598683888268156443e+04 0.000000000000000000e+00 1.187637810055865884e+04 0.000000000000000000e+00 1.456411396648044729e+03
1.925323683450522461e-01 6.005625104423262383e+04 0.000000000000000000e+00 1.974590382349790889e+04 0.000000000000000000e+00 2.156485809146406609e+03 3.516080968191067950e+04 0.000000000000000000e+00 1.139944221912819921e+04 0.000000000000000000e+00 -7.474019492342293915e+02
1.975198663583639380e-01 5.827445170102440170e+04 0.000000000000000000e+00 1.861805893512077819e+04 0.000000000000000000e+00 5.099138282534462633e+03 3.443762701403818937e+04 0.000000000000000000e+00 1.092137053243961054e+04 0.000000000000000000e+00 7.543974705956746902e+02
2.025153694923672032e-01 5.618694200521084713e+04 0.000000000000000000e+00 1.702711261217794163e+04 0.000000000000000000e+00 1.827530637846183708e+03 3.341013065714561526e+04 0.000000000000000000e+00 1.006656605230145760e+04 0.000000000000000000e+00 4.358770626266525596e+02
2.075088499274508613e-01 5.404605592067599355e+04 0.000000000000000000e+00 1.465556472554901666e+04 0.000000000000000000e+00 1.167681696397902442e+03 3.268469697039089806e+04 0.000000000000000000e+00 9.667222056836657430e+03 0.000000000000000000e+00 -8.328327188623509301e+02
2.125178062418619784e-01 5.227443253621923941e+04 0.000000000000000000e+00 1.422918065980101346e+04 0.000000000000000000e+00 2.164095479141211399e+03 3.222948228312096398e+04 0.000000000000000000e+00 8.688307907139116651e+03 0.000000000000000000e+00 -8.355009054808867575e+01
2.175004174234404231e-01 4.994429963807760214e+04 0.000000000000000000e+00 1.373415975086272192e+04 0.000000000000000000e+00 2.738483124316135218e+03 3.113954986953960179e+04 0.000000000000000000e+00 8.245038633111691524e+03 0.000000000000000000e+00 -3.261370044609039951e+02
2.225093171556767890e-01 4.841860672563582193e+04 0.000000000000000000e+00 1.284524418352672365e+04 0.000000000000000000e+00 3.103133508008116678e+03 3.058094269222434741e+04 0.000000000000000000e+00 7.076792340576426795e+03 0.000000000000000000e+00 1.884662240696597735e+02
2.275289586476768322e-01 4.715275187509567331e+04 0.000000000000000000e+00 1.353243287922853233e+04 0.000000000000000000e+00 1.166105923771621065e+03 2.991278248890249597e+04 0.000000000000000000e+00 7.468170825042094293e+03 0.000000000000000000e+00 2.907128616255931775e+02
2.325285406108919262e-01 4.577507532788824028e+04 0.000000000000000000e+00 1.256865210194095380e+04 0.000000000000000000e+00 2.394858857984829228e+03 2.954605002455751310e+04 0.000000000000000000e+00 7.037883470067124108e+03 0.000000000000000000e+00 -1.808330816946501045e+02
2.375276552426477672e-01 4.404884317103181820e+04 0.000000000000000000e+00 1.074606911583758119e+04 0.000000000000000000e+00 1.318013007558446134e+03 2.912725610827913624e+04 0.000000000000000000e+00 6.660807593601687586e+03 0.000000000000000000e+00 3.039850588855686624e+02
2.424991024241769377e-01 4.295378157446018304e+04 0.000000000000000000e+00 1.046509506525078905e+04 0.000000000000000000e+00 2.941863083078689215e+03 2.846934972059493884e+04 0.000000000000000000e+00 6.281368291324092752e+03 0.000000000000000000e+00 -8.829589586885689414e+02
2.474998551644826128e-01 4.127756541786743765e+04 0.000000000000000000e+00 9.140478770413064922e+03 0.000000000000000000e+00 2.652460582772974703e+03 2.795529221902017161e+04 0.000000000000000000e+00 5.020972654498878910e+03 0.000000000000000000e+00 1.403783521453730465e+01
2.525200307756395035e-01 4.005836609959790076e+04 0.000000000000000000e+00 8.342616764614909698e+03 0.000000000000000000e+00 9.792251778533869810e+02 2.757998738014228366e+04 0.000000000000000000e+00 5.523219300958861822e+03 0.000000000000000000e+00 -7.482583977729663047e+02
2.575182250600202005e-01 3.890991705536100199e+04 0.000000000000000000e+00 8.089731614633782556e+03 0.000000000000000000e+00 1.021088741524476518e+03 2.703024287310930595e+04 0.000000000000000000e+00 5.954716220847924887e+03 0.000000000000000000e+00 -2.862422136949556517e+01
2.625255687975799335e-01 3.807719929252011207e+04 0.000000000000000000e+00 7.421510127232269951e+03 0.000000000000000000e+00 1.255984937524961424e+03 2.668407280196268766e+04 0.000000000000000000e+00 5.066374393792434603e+03 0.000000000000000000e+00 2.660985907457066446e+02
2.675305520911575030e-01 3.749661385509727552e+04 0.000000000000000000e+00 7.048485936399662933e+03 0.000000000000000000e+00 5.781198823545656751e+02 2.639444094944836252e+04 0.000000000000000000e+00 5.058147443421106800e+03 0.000000000000000000e+00 -7.500702834813106392e+02
2.725404586615198799e-01 3.610448616914370359e+04 0.000000000000000000e+00 6.093118104405775739e+03 0.000000000000000000e+00 2.370518643888506631e+03 2.583192426085576517e+04 0.000000000000000000e+00 4.941195536044850996e+03 0.000000000000000000e+00 -1.863737372401755863e+02
2.775333197047151201e-01 3.534909897381548944e+04 0.000000000000000000e+00 5.773551632331274050e+03 0.000000000000000000e+00 -3.205592317832863500e+02 2.559604787137798121e+04 0.000000000000000000e+00 4.137438622793186369e+03 0.000000000000000000e+00 -6.516990203427508277e+02
2.825123907298719983e-01 3.456018971160377987e+04 0.000000000000000000e+00 5.024286938800716598e+03 0.000000000000000000e+00 2.274157660717593998e+01 2.514913614524794684e+04 0.000000000000000000e+00 4.159387784845303941e+03 0.000000000000000000e+00 -3.067967640338417823e+02
2.875104651677040102e-01 3.338565025857115688e+04 0.000000000000000000e+00 4.756116069718445033e+03 0.000000000000000000e+00 9.340664623635318549e+02 2.484306607929515303e+04 0.000000000000000000e+00 3.930379237693928189e+03 0.000000000000000000e+00 -3.073467008235970184e+02
2.924971317655564174e-01 3.258543624362782793e+04 0.000000000000000000e+00 4.638234079691130319e+03 0.000000000000000000e+00 2.188203308326301055e+02 2.447638345143279730e+04 0.000000000000000000e+00 3.743923799835854879e+03 0.000000000000000000e+00 -1.374745656521286719e+03
2.975058823671092867e-01 3.208314998667969121e+04 0.000000000000000000e+00 3.706621792025574905e+03 0.000000000000000000e+00 9.739079122635645263e+02 2.415610407601456245e+04 0.000000000000000000e+00 3.587027795044844879e+03 0.000000000000000000e+00 -7.396208152029126950e+02
3.025121359101998753e-01 3.107883550213998387e+04 0.000000000000000000e+00 3.689657342959664675e+03 0.000000000000000000e+00 2.666220223941896279e+02 2.392065781851195425e+04 0.000000000000000000e+00 3.527170636807747087e+03 0.000000000000000000e+00 -9.127472223423111473e+02
3.075010376196579687e-01 3.052239962376548283e+04 0.000000000000000000e+00 3.213297632857814733e+03 0.000000000000000000e+00 6.814887599937294453e+02 2.356114199717824158e+04 0.000000000000000000e+00 3.633619480587344242e+03 0.000000000000000000e+00 -2.805670272247479033e+02
3.125134169243361515e-01 2.997167745827468389e+04 0.000000000000000000e+00 3.721986728332998155e+03 0.000000000000000000e+00 1.682918158053488753e+02 2.323467428111803747e+04 0.000000000000000000e+00 3.031644480193042455e+03 0.000000000000000000e+00 -8.148471345264428010e+02
3.175159688234982513e-01 2.949772832568694503e+04 0.000000000000000000e+00 3.025688636519927968e+03 0.000000000000000000e+00 8.197094045642542142e+02 2.314301515851106524e+04 0.000000000000000000e+00 2.714661689147370453e+03 0.000000000000000000e+00 -6.380880038510281338e+02
3.225221380836135188e-01 2.862335661695299495e+04 0.000000000000000000e+00 2.861517387200302437e+03 0.000000000000000000e+00 9.125631867094582503e+02 2.270960196337549860e+04 0.000000000000000000e+00 2.667289409099490513e+03 0.000000000000000000e+00 -4.422235605059468071e+02
3.275181733526948968e-01 2.822178452425027717e+04 0.000000000000000000e+00 2.729401258793039688e+03 0.000000000000000000e+00 3.360443169196593658e+02 2.248572587930396185e+04 0.000000000000000000e+00 2.777830729359496672e+03 0.000000000000000000e+00 -1.162086116253239652e+03
3.325123842131759710e-01 2.754331775443215884e+04 0.000000000000000000e+00 1.616172785254899281e+03 0.000000000000000000e+00 8.757947285552896801e+02 2.228582509762758491e+04 0.000000000000000000e+00 2.727685670316767300e+03 0.000000000000000000e+00 -7.096119626035208512e+02
3.374959366892091861e-01 2.714533216550467841e+04 0.000000000000000000e+00 1.420520337736047395e+03 0.000000000000000000e+00 2.020662684370949194e+02 2.206477973583716084e+04 0.000000000000000000e+00 2.597071926566934053e+03 0.000000000000000000e+00 -1.134708334793119320e+03
3.424919221947719805e-01 2.667728701797665053e+04 0.000000000000000000e+00 1.220937385927043351e+03 0.000000000000000000e+00 4.790172765836868507e+02 2.180949573710923505e+04 0.000000000000000000e+00 2.069609714223804076e+03 0.000000000000000000e+00 -7.184587253831601856e+02
3.475179778446125245e-01 2.622190845231483036e+04 0.000000000000000000e+00 1.209431567941973981e+03 0.000000000000000000e+00 3.705018133106805749e+02 2.158222106054170581e+04 0.000000000000000000e+00 2.023741889110334114e+03 0.000000000000000000e+00 -6.513683797824027124e+02
3.525052850529177828e-01 2.562550394379690260e+04 0.000000000000000000e+00 4.874544786843366069e+02 0.000000000000000000e+00 2.463637873223694612e+02 2.127776311671722942e+04 0.000000000000000000e+00 2.032191984671882437e+03 0.000000000000000000e+00 -1.247959891425834257e+03
3.575133254796376558e-01 2.525550830452744412e+04 0.000000000000000000e+00 1.412370994320576983e+03 0.000000000000000000e+00 9.778615017896697736e+02 2.119309786849184820e+04 0.000000000000000000e+00 2.026598769075120117e+03 0.000000000000000000e+00 -6.584663871664968156e+02
3.625250227669692404e-01 2.491871850624905710e+04 0.000000000000000000e+00 5.526718867640415738e+02 0.000000000000000000e+00 1.989335642222556828e+02 2.105461032976961360e+04 0.000000000000000000e+00 1.930873422677307417e+03 0.000000000000000000e+00 -7.236244541484716137e+02
3.675230446100045678e-01 2.456307766332042956e+04 0.000000000000000000e+00 4.920606842653952526e+02 0.000000000000000000e+00 4.228919362246571723e+02 2.080129288687677399e+04 0.000000000000000000e+00 1.736040650584315699e+03 0.000000000000000000e+00 -5.941176213284343248e+02
3.725177060730277545e-01 2.420285024872777285e+04 0.000000000000000000e+00 6.559469380753616861e+02 0.000000000000000000e+00 3.804058265195265562e+02 2.067645171250500425e+04 0.000000000000000000e+00 1.731501172165361140e+03 0.000000000000000000e+00 -6.311245926010635685e+02
3.775163034622419089e-01 2.369123677260534532e+04 0.000000000000000000e+00 7.507872652926128012e+02 0.000000000000000000e+00 7.780868150129981586e+02 2.040775137393894693e+04 0.000000000000000000e+00 1.640412685059405248e+03 0.000000000000000000e+00 -9.341829390226242822e+02
3.825226892977953153e-01 2.345968778378378192e+04 0.000000000000000000e+00 5.460584864864864585e+02 0.000000000000000000e+00 6.982963783783783356e+02 2.019859545945945865e+04 0.000000000000000000e+00 1.235906162162162218e+03 0.000000000000000000e+00 -3.294276756756756868e+02
3.875130067694269043e-01 2.326096691253951576e+04 0.000000000000000000e+00 4.494471548998946560e+02 0.000000000000000000e+00 5.624211801896733505e+02 2.006334077976817935e+04 0.000000000000000000e+00 1.513168387776607005e+03 0.000000000000000000e+00 -6.605944151738672190e+02
3.924957861003909865e-01 2.294067631705982785e+04 0.000000000000000000e+00 2.791250539053197599e+02 0.000000000000000000e+00 1.123186303221446451e+03 1.989544373571911274e+04 0.000000000000000000e+00 1.503976931741383396e+03 0.000000000000000000e+00 -2.259907443761464947e+02
3.975064703251052212e-01 2.283544900563781994e+04 0.000000000000000000e+00 9.653655907316772300e+01 0.000000000000000000e+00 1.083154897466080229e+03 1.987844044359085819e+04 0.000000000000000000e+00 1.498599690229849557e+03 0.000000000000000000e+00 -1.630199368068892909e+02
