3.798113400606732779e-03 1.798930921052631479e-04 -3.006225263157894369e+06 -4.497327302631578833e-04 -1.218258631578947185e+06 9.155273437500000000e-04
8.299341265228576958e-03 7.438659667968750000e-05 -2.058583500000000000e+06 -1.554489135742187500e-04 -6.808444375000000000e+05 3.082752227783203125e-04
1.293222767532251419e-02 3.110071656050955401e-05 -1.186331719745222945e+06 -2.799064490445859929e-05 -2.847947770700637193e+04 8.008434514331211123e-05
1.764839556552980082e-02 -7.942931292808218737e-06 -1.028940383561643772e+06 -9.217980789811643409e-05 -1.226754794520547875e+05 9.254560078660102628e-05
2.256548662787912635e-02 -4.903580606096408380e-05 -7.387117126654064050e+05 9.951384171195652999e-05 -1.711510964083175713e+04 -1.601884405644494428e-04
2.777643688250242340e-02 -3.870522103658536635e-06 -5.256351999999999534e+05 2.039467416158536703e-05 -7.114026829268292931e+04 -3.449974990472560652e-05
3.269804980233311648e-02 -2.208709716796875014e-05 -4.306590719999999856e+05 3.959274291992187332e-05 -2.518234400000000096e+04 -1.399707794189453087e-05
3.761648458559932462e-02 9.219066082265677767e-06 -3.084149211058664951e+05 -2.436467464598786073e-05 -5.047414699932569056e+04 2.683406734659473931e-05
4.263843696389812976e-02 -6.641660417829240345e-06 -2.300702678571428405e+05 -5.194119044712611365e-06 -1.305852455357142753e+04 -1.042655536106654503e-05
4.756514582339458480e-02 5.722877712058438837e-06 -1.917345102485826355e+05 -2.101493931939598978e-05 -1.684101526384648969e+04 3.121297431210477626e-05
5.262096060748640974e-02 -4.958570673224631520e-06 -1.540058539325842576e+05 -4.919727196854151903e-06 -2.174486797752809071e+04 1.768282290255085749e-05
5.756031740041873956e-02 -8.922992366375309920e-07 -1.367834059405940643e+05 -3.510182446772509223e-06 -2.328471534653465278e+04 -6.259667991411568233e-06
6.254738279606215923e-02 8.383538753985773493e-07 -1.113464998773607949e+05 7.784714557272503580e-07 -1.435060093205788507e+04 -2.080914083578611387e-06
6.757793472572401483e-02 -4.994638774851713488e-06 -9.673081898066782742e+04 1.310338454422506558e-05 -1.305625043936730981e+04 -1.074936771225216904e-05
7.255917516659465827e-02 7.945807955179468670e-07 -8.245374000371954753e+04 -1.986451988794867009e-06 -1.062638646085177606e+04 6.949744172226613784e-06
7.753384299139773339e-02 4.168453925343153830e-06 -6.950386072982926271e+04 -1.148368189236692431e-05 -8.169140274522933396e+03 1.061525399125376716e-05
8.251793356505521260e-02 3.517220873351490915e-06 -6.089584862385321321e+04 -1.033292997867689357e-05 -6.817380733944954954e+03 1.106568432729178696e-05
8.752751931716111489e-02 -4.808782557988855653e-06 -5.109709990929118067e+04 1.676746549825061669e-05 -7.179181028897240139e+03 -2.149715623785149781e-05
9.254701955136974967e-02 -2.330931458781824086e-06 -4.292471467639015464e+04 8.219773240163310465e-06 -3.860598450319052063e+03 -1.010633308912475459e-05
9.754963178921903511e-02 6.133544436302732389e-07 -3.698544792211870663e+04 -4.089029624201821734e-06 -4.646343138281168649e+03 -1.635611849680728566e-06
1.025319613041059119e-01 5.883079085072701783e-07 -3.182147242026266395e+04 -2.112039705602134328e-06 -4.974172983114446652e+03 -5.278310006376055301e-08
1.075116003998943526e-01 -2.376627379824258920e-06 -2.885970227429359147e+04 6.004664751679876089e-06 -4.242413852515506733e+03 -8.047407532789886204e-06
1.125102861506304813e-01 6.156827618941794643e-07 -2.582863538687485561e+04 -2.029865964022764462e-06 -4.791923629898740728e+03 4.738516275689399047e-07
1.175500852175193622e-01 -1.694938736710638596e-06 -2.211029782392262860e+04 1.216406097216789931e-06 -3.190508889204949810e+03 -3.990484765847230368e-07
1.225369446564099490e-01 1.099077292287322247e-06 -2.061794213836478229e+04 -1.454661122144985171e-06 -2.657812909632571973e+03 5.414571954650778079e-07
1.275260957852891452e-01 1.361929268736356987e-06 -1.797616686878486507e+04 -4.233823596289109773e-06 -2.834022556390977570e+03 4.744547072065243273e-06
1.325302087090364789e-01 9.795216142472363746e-07 -1.621046271253016130e+04 1.496681627363784297e-06 -2.183538970877054908e+03 1.977023957427333057e-06
1.375062694904859717e-01 -6.219527537618796280e-07 -1.470548004223864882e+04 3.295060573686641786e-06 -2.588684477296726527e+03 -6.843897206226900700e-07
1.425134422753508989e-01 -1.372382928735121781e-06 -1.287689998080245641e+04 3.981668080860649606e-06 -1.799942791322710718e+03 -3.943403935702479781e-06
1.475259222195813014e-01 1.134554820265160189e-06 -1.214392710374048875e+04 -1.907609330151715378e-06 -2.234770240102054686e+03 3.154785400957902609e-06
1.525299430011916868e-01 1.136539834634976255e-06 -1.108139871491376289e+04 -5.596910411536713437e-06 -2.341743659113966714e+03 -4.051583902554452243e-06
1.574945685492469272e-01 -4.048111628988554450e-07 -9.701623003194887133e+03 2.581905343854895329e-06 -1.947708658551380950e+03 -3.145925775088971315e-06
1.625189323163163113e-01 -8.464729698905110216e-08 -9.127851678832117614e+03 2.260973853786496723e-06 -1.805765109489051156e+03 -5.307162765168796424e-07
1.675461007718098694e-01 8.689515411446468507e-08 -8.092642369020501064e+03 2.493890923085136723e-06 -1.146907104214122910e+03 -3.147776957796483199e-06
1.725292014006662711e-01 -6.805268023061773298e-07 -7.300257243629891491e+03 5.263645961666034983e-07 -1.507197020140422637e+03 -1.013182688392835227e-06
1.775301965061671094e-01 3.735745934029530690e-07 -6.777751640585563109e+03 -3.793515201050605937e-07 -8.466272084805654004e+02 -8.713531109012178658e-08
1.825147654490652804e-01 -1.334338255930751347e-07 -5.926625661023959765e+03 -1.433512045222901680e-06 -1.505713610446394341e+03 3.045987701123002206e-06
1.875360723572403465e-01 -4.113053476344273640e-07 -5.534629720670391180e+03 1.437437600929643874e-06 -1.583527374301675991e+03 -1.838247203294125472e-06
1.925323683450522461e-01 -7.157919684454321520e-07 -4.986189996786976735e+03 1.188083929360340462e-06 -1.275338438470600749e+03 -1.572536122458029823e-06
1.975198663583639380e-01 3.334663905400277762e-07 -4.170753813077019913e+03 -1.142431152776021242e-07 -1.228359883647400920e+03 2.355106383188946454e-06
2.025153694923672032e-01 1.909741331087764271e-06 -4.101983981472546475e+03 -3.195908680898991971e-06 -8.853199845604555094e+02 2.979277460130844122e-06
2.075088499274508613e-01 2.187364481239552163e-07 -3.516110009388811250e+03 -9.479744149525407561e-07 -8.149056767958963974e+02 -6.228398063593453320e-08
2.125178062418619784e-01 -1.055883433228284976e-06 -3.387213475301099606e+03 -4.072550558715117401e-07 -9.343759818467447076e+02 -1.214461543835110452e-06
2.175004174234404231e-01 5.053727376562368244e-07 -3.023221277670229938e+03 1.993878463052878620e-07 -7.980006733439946629e+02 5.892536955423181076e-07
2.225093171556767890e-01 -1.131761407779840774e-06 -2.872532534820039018e+03 1.723193166028668740e-06 -7.170531707413172171e+02 -3.732520565797161135e-06
2.275289586476768322e-01 5.839120259643349725e-07 -2.514442981784784934e+03 -1.173663172188313325e-06 -6.156638604010408926e+02 2.342363092155929619e-06
2.325285406108919262e-01 -6.217540883706547604e-07 -2.352401651719935217e+03 3.188710253215214861e-06 -7.103635602932348547e+02 -2.720174136621614616e-06
2.375276552426477672e-01 -4.377279618562137832e-07 -2.094036210230268807e+03 6.866320970293549706e-07 -5.199604148356477253e+02 -7.123808006679557502e-07
2.424991024241769377e-01 -7.037801853485388664e-07 -1.917528404774365754e+03 1.561608888573514847e-06 -6.135153714989954779e+02 -2.655533689848247537e-06
2.474998551644826128e-01 -2.664669255511027095e-07 -1.513618571886006976e+03 4.668209822254993439e-07 -3.977275056035862804e+02 -7.029111057834826300e-07
2.525200307756395035e-01 -1.038333929399938272e-07 -1.586612063099288662e+03 3.162198784990720668e-07 -5.594548716362511414e+02 7.700190026436360260e-07
2.575182250600202005e-01 -3.583615462707696828e-07 -1.329777393636837814e+03 2.237485796512927475e-07 -3.402997690187020225e+02 -5.525498460900826737e-07
2.625255687975799335e-01 -1.638881178191147867e-07 -1.198172305585667800e+03 -1.359313731526270248e-06 -3.835580532892109318e+02 2.131769795476822250e-06
2.675305520911575030e-01 -1.078761685146573444e-07 -1.097330221896963621e+03 3.472264174065533078e-07 -4.536999212935474475e+02 2.781182469518509733e-08
2.725404586615198799e-01 5.659399074458202979e-08 -9.193884804569735252e+02 -7.257851451192431876e-07 -2.216344078912571831e+02 -9.461208849320955774e-07
2.775333197047151201e-01 2.395898880991712601e-07 -7.478262465427662846e+02 -1.208304798075833981e-08 -3.192109235660557829e+02 4.252430864182453206e-07
2.825123907298719983e-01 -3.256615512875933949e-07 -6.970070524300623447e+02 1.145846198974865683e-07 -2.517541159760390315e+02 -1.014676963039584998e-06
2.875104651677040102e-01 -2.454967020206856784e-07 -5.756885175253783018e+02 -2.747224998802911402e-07 -2.216208341313924564e+02 -2.264999334119421573e-07
2.924971317655564174e-01 4.130909383344507108e-07 -4.467900449664196572e+02 -1.301007156769815764e-06 -2.194629922898195389e+02 8.926785819430636777e-07
2.975058823671092867e-01 -1.490513095528816302e-07 -4.150647811029215859e+02 -9.620584525685995025e-08 -3.777776840422697546e+02 -1.194781747256848917e-06
3.025121359101998753e-01 2.559513274934071292e-07 -2.917054385889066452e+02 -4.762805630160823016e-07 -2.670867018287146948e+02 5.458755760329752650e-07
3.075010376196579687e-01 7.845873667502744553e-08 -1.677935308564561012e+02 7.683215310981345725e-07 -2.492428907352249610e+02 -9.203752006502456393e-07
3.125134169243361515e-01 -2.712400870953146953e-07 -1.283669414840136653e+02 4.399980598356123186e-07 -1.010709129298210343e+02 -1.421709212167580006e-06
3.175159688234982513e-01 -1.822822007839592756e-07 -1.232389798705190032e+02 4.173303017948541548e-07 -2.508403689913646701e+02 1.092493979698598039e-06
3.225221380836135188e-01 1.667894821066169638e-07 -1.061704266565980816e+02 -1.588677018683924886e-07 -2.865069850858977247e+02 6.297455208468532032e-07
3.275181733526948968e-01 9.264870071269899609e-08 1.330839272491669689e+01 -4.296301030000462885e-07 -1.933482043687523060e+02 3.044272475399736037e-07
3.325123842131759710e-01 -1.471354629971445583e-07 1.251859327325938267e+02 3.157168698628766409e-07 -2.117301119937376086e+02 -3.011254840029199610e-07
3.374959366892091861e-01 2.317445628908576785e-07 4.917275251375118472e+01 -4.211229052301571734e-07 -1.742248362120309935e+02 5.437109676936169138e-07
3.424919221947719805e-01 -1.098733529740226284e-07 1.155330988673961770e+02 3.825220436873380268e-07 -2.322543899857487020e+02 -1.405971979723141317e-06
3.475179778446125245e-01 1.921323309550115448e-08 1.183138334367955053e+02 -3.611156955805864463e-07 -2.442994413042767974e+02 4.153177139708975975e-07
3.525052850529177828e-01 1.018389562210601959e-07 1.433870988344243926e+02 -3.773888592976608872e-07 -3.216455372824524943e+02 -2.807880312075882334e-08
3.575133254796376558e-01 -4.138916271982854713e-07 1.748711207854618976e+02 6.773250519691636483e-07 -2.735762889837588432e+02 -1.147543481922287899e-06
3.625250227669692404e-01 -1.493481838672639425e-08 2.012535310947146456e+02 1.342984822621781152e-07 -3.013464237313657463e+02 5.333453412336715038e-08
3.675230446100045678e-01 -1.477277801471177980e-07 2.702386982481464770e+02 4.503027515327807350e-07 -1.882279086382491755e+02 -5.250565679927680947e-07
3.725177060730277545e-01 -2.467752941218185503e-07 2.722877237120475797e+02 5.388513451968357857e-07 -2.409953399279547170e+02 -1.257654937450987609e-06
3.775163034622419089e-01 -3.703666193172023158e-08 3.079271277952848322e+02 1.346787706608008397e-07 -2.000214175877976288e+02 5.555499289758034737e-08
3.825226892977953153e-01 -8.866593644425675109e-08 2.524839729729729640e+02 1.061929238809121628e-07 -2.522480810810810681e+02 -1.977972082189611347e-07
3.875130067694269043e-01 2.845949066451528002e-07 3.017135142255005462e+02 -4.510105723952845184e-07 -2.724125395152792635e+02 3.527288567529966087e-07
3.924957861003909865e-01 -4.223138607070447391e-08 2.557931323013548877e+02 6.157925364263186950e-08 -2.805444984391594403e+02 8.593596002759630598e-10
3.975064703251052212e-01 -4.284769309570736346e-08 3.095741775602502912e+02 1.933345578430414218e-07 -3.014983953906202032e+02 -3.506958421872943256e-07
