3.798113400606732779e-03 6.848085526315789321e+04 0.000000000000000000e+00 5.423867368421052815e+05 0.000000000000000000e+00 9.543410526315789321e+04 3.370289515789473802e+07 0.000000000000000000e+00 1.008232353684210479e+08 0.000000000000000000e+00 7.500341221052631736e+07
8.299341265228576958e-03 6.701220000000000000e+05 0.000000000000000000e+00 1.116695750000000000e+06 0.000000000000000000e+00 1.434628625000000000e+06 3.424122400000000000e+07 0.000000000000000000e+00 7.446950400000000000e+07 0.000000000000000000e+00 8.824024000000000000e+06
1.293222767532251419e-02 9.871348789808917791e+05 0.000000000000000000e+00 9.033606114649681840e+05 0.000000000000000000e+00 -6.072733757961783558e+05 1.563314710828025639e+07 0.000000000000000000e+00 3.146128142675159499e+07 0.000000000000000000e+00 1.476101299363057362e+06
1.764839556552980082e-02 9.440621369863012806e+05 0.000000000000000000e+00 1.248714630136986263e+06 0.000000000000000000e+00 9.278831780821917346e+05 8.596865753424657509e+06 0.000000000000000000e+00 2.056422400000000000e+07 0.000000000000000000e+00 1.013298849315068498e+07
2.256548662787912635e-02 9.069528317580340663e+05 0.000000000000000000e+00 6.501836219281663653e+05 0.000000000000000000e+00 -7.145874480151229363e+04 4.403391153119092807e+06 0.000000000000000000e+00 8.073756068052929826e+06 0.000000000000000000e+00 -2.065585603024574695e+06
2.777643688250242340e-02 7.285938731707317056e+05 0.000000000000000000e+00 3.306307121951219742e+05 0.000000000000000000e+00 -4.348382317073171180e+03 2.309632780487804674e+06 0.000000000000000000e+00 4.228604253658536822e+06 0.000000000000000000e+00 -4.679450536585365771e+05
3.269804980233311648e-02 6.536460799999999581e+05 0.000000000000000000e+00 4.317186880000000237e+05 0.000000000000000000e+00 -6.586621199999999953e+04 1.553388159999999916e+06 0.000000000000000000e+00 2.738998015999999829e+06 0.000000000000000000e+00 -6.131456639999999898e+05
3.761648458559932462e-02 5.897504625758597394e+05 0.000000000000000000e+00 5.049593526635199087e+05 0.000000000000000000e+00 1.514408739042481466e+05 1.121602459878624417e+06 0.000000000000000000e+00 2.282670521915037185e+06 0.000000000000000000e+00 3.117137478084962931e+05
4.263843696389812976e-02 4.817181428571428405e+05 0.000000000000000000e+00 4.252699285714285215e+05 0.000000000000000000e+00 1.928508928571428623e+04 7.016540714285713620e+05 0.000000000000000000e+00 1.269705285714285681e+06 0.000000000000000000e+00 -8.498906250000000000e+04
4.756514582339458480e-02 4.281430300915830885e+05 0.000000000000000000e+00 3.146407187091147061e+05 0.000000000000000000e+00 -4.173419973833406402e+04 5.278853414740514709e+05 0.000000000000000000e+00 8.862565931094635744e+05 0.000000000000000000e+00 -1.260280575665067590e+05
5.262096060748640974e-02 3.926010786516853841e+05 0.000000000000000000e+00 2.846063595505618141e+05 0.000000000000000000e+00 -2.345776685393258231e+04 4.256650337078651646e+05 0.000000000000000000e+00 7.567475955056179082e+05 0.000000000000000000e+00 3.782907865168539138e+04
5.756031740041873956e-02 3.493509306930692983e+05 0.000000000000000000e+00 2.264390693069307017e+05 0.000000000000000000e+00 9.673738861386138524e+03 3.322351683168316958e+05 0.000000000000000000e+00 5.634584950495049125e+05 0.000000000000000000e+00 2.217034900990099050e+04
6.254738279606215923e-02 3.290619102281088708e+05 0.000000000000000000e+00 2.375413294088790717e+05 0.000000000000000000e+00 4.656959136620063509e+04 2.540869384351238550e+05 0.000000000000000000e+00 4.066184194260485237e+05 0.000000000000000000e+00 2.025902256561196737e+03
6.757793472572401483e-02 3.059661441124780104e+05 0.000000000000000000e+00 2.073886678383128310e+05 0.000000000000000000e+00 1.280199824253075531e+04 2.196091528998242284e+05 0.000000000000000000e+00 3.407109455184534309e+05 0.000000000000000000e+00 5.908100175746923924e+03
7.255917516659465827e-02 2.843274926538962172e+05 0.000000000000000000e+00 1.658989146364143526e+05 0.000000000000000000e+00 3.899990701134461688e+03 1.846571515715082933e+05 0.000000000000000000e+00 2.734454454156592838e+05 0.000000000000000000e+00 1.816283057466989021e+03
7.753384299139773339e-02 2.462005865416806191e+05 0.000000000000000000e+00 1.396078151991965133e+05 0.000000000000000000e+00 1.223606026113157168e+04 1.533787854034148040e+05 0.000000000000000000e+00 2.100476357549380627e+05 0.000000000000000000e+00 1.094392902577837413e+04
8.251793356505521260e-02 2.293760550458715588e+05 0.000000000000000000e+00 1.284333119266055146e+05 0.000000000000000000e+00 2.665637844036697425e+04 1.309826513761467941e+05 0.000000000000000000e+00 1.566578165137614706e+05 0.000000000000000000e+00 -1.066805963302752389e+04
8.752751931716111489e-02 1.966985471037968236e+05 0.000000000000000000e+00 1.082982589089024259e+05 0.000000000000000000e+00 1.483254010625890987e+04 1.169946455876636028e+05 0.000000000000000000e+00 1.432083638719709706e+05 0.000000000000000000e+00 9.681491771413762763e+03
9.254701955136974967e-02 1.834047183226982597e+05 0.000000000000000000e+00 1.103724193254330021e+05 0.000000000000000000e+00 1.396187237921604356e+04 1.012633655423883320e+05 0.000000000000000000e+00 1.180309498632634495e+05 0.000000000000000000e+00 7.673885141294439563e+03
9.754963178921903511e-02 1.674797663561184891e+05 0.000000000000000000e+00 8.860740709724693443e+04 0.000000000000000000e+00 1.084727310792421304e+04 8.921963781011200626e+04 0.000000000000000000e+00 9.316234062598136370e+04 0.000000000000000000e+00 6.682261907254265680e+03
1.025319613041059119e-01 1.553417125703564670e+05 0.000000000000000000e+00 8.977754896810506762e+04 0.000000000000000000e+00 3.468042776735459483e+03 8.355821988742964459e+04 0.000000000000000000e+00 8.408163902439024241e+04 0.000000000000000000e+00 3.590315572232645536e+03
1.075116003998943526e-01 1.418433190902825736e+05 0.000000000000000000e+00 6.682441902136457793e+04 0.000000000000000000e+00 -3.478288766368022152e+03 7.621320468642315245e+04 0.000000000000000000e+00 6.973539352170916391e+04 0.000000000000000000e+00 -2.803538594073052991e+03
1.125102861506304813e-01 1.332236704027208907e+05 0.000000000000000000e+00 6.129794542784262740e+04 0.000000000000000000e+00 3.260633840921388583e+03 7.057891504985700885e+04 0.000000000000000000e+00 6.223280451418412849e+04 0.000000000000000000e+00 5.888823684007111297e+03
1.175500852175193622e-01 1.268335178495235450e+05 0.000000000000000000e+00 5.591239254729057575e+04 0.000000000000000000e+00 -4.132920637178211223e+02 6.593614791637036251e+04 0.000000000000000000e+00 5.614488977385863109e+04 0.000000000000000000e+00 5.849194709145213892e+03
1.225369446564099490e-01 1.221795717974180880e+05 0.000000000000000000e+00 6.473558265475008375e+04 0.000000000000000000e+00 -1.798178483945713424e+03 6.240717749089705467e+04 0.000000000000000000e+00 4.916579993379675579e+04 0.000000000000000000e+00 2.115967957629924058e+03
1.275260957852891452e-01 1.162681387339315988e+05 0.000000000000000000e+00 5.261551297598835663e+04 0.000000000000000000e+00 2.227693912199854367e+03 5.804909434877516469e+04 0.000000000000000000e+00 4.004865971380063274e+04 0.000000000000000000e+00 3.964681360659713505e+02
1.325302087090364789e-01 1.087495714045227505e+05 0.000000000000000000e+00 5.038553616519836214e+04 0.000000000000000000e+00 -1.164048313787105116e+02 5.494587284664159961e+04 0.000000000000000000e+00 3.776987239773300826e+04 0.000000000000000000e+00 7.690337242578979158e+02
1.375062694904859717e-01 1.051701457233368565e+05 0.000000000000000000e+00 5.055643843717000709e+04 0.000000000000000000e+00 7.317366842661034752e+03 5.302611531151003146e+04 0.000000000000000000e+00 3.462474340021119133e+04 0.000000000000000000e+00 4.496595987328405499e+03
1.425134422753508989e-01 9.678348089844499191e+04 0.000000000000000000e+00 3.873387137646380870e+04 0.000000000000000000e+00 4.762531387982337947e+03 4.984745478978690517e+04 0.000000000000000000e+00 3.000425110385870721e+04 0.000000000000000000e+00 1.754991169130351182e+03
1.475259222195813014e-01 9.160376654972891265e+04 0.000000000000000000e+00 3.708327778030889749e+04 0.000000000000000000e+00 1.465519385849013645e+02 4.791054754202924960e+04 0.000000000000000000e+00 2.716691384573329196e+04 0.000000000000000000e+00 3.514187981229213165e+03
1.525299430011916868e-01 8.673515049036184791e+04 0.000000000000000000e+00 3.671356915793033113e+04 0.000000000000000000e+00 6.056354413256678527e+03 4.556327629354075179e+04 0.000000000000000000e+00 2.530121068650659436e+04 0.000000000000000000e+00 3.600639161312140459e+03
1.574945685492469272e-01 8.091408161119424039e+04 0.000000000000000000e+00 3.351791580054191581e+04 0.000000000000000000e+00 -2.882639382052007932e+03 4.368957269381647347e+04 0.000000000000000000e+00 2.199269527237432703e+04 0.000000000000000000e+00 1.393629635620980935e+03
1.625189323163163113e-01 7.821917430656934448e+04 0.000000000000000000e+00 3.270196554744525929e+04 0.000000000000000000e+00 2.989911824817518664e+03 4.181148963503650157e+04 0.000000000000000000e+00 1.928073576642336047e+04 0.000000000000000000e+00 9.926578832116789499e+02
1.675461007718098694e-01 7.385403189066058258e+04 0.000000000000000000e+00 2.796056947608200426e+04 0.000000000000000000e+00 -1.604565916856491867e+03 4.098490205011389480e+04 0.000000000000000000e+00 1.762663781321184433e+04 0.000000000000000000e+00 -1.527457004555808680e+03
1.725292014006662711e-01 7.044542044368264033e+04 0.000000000000000000e+00 2.964236041797145663e+04 0.000000000000000000e+00 5.217600685631407941e+03 3.952614431222599524e+04 0.000000000000000000e+00 1.727308461614530097e+04 0.000000000000000000e+00 1.438487919042753219e+03
1.775301965061671094e-01 6.732399394245330768e+04 0.000000000000000000e+00 2.498354972236244430e+04 0.000000000000000000e+00 4.989402826855123749e+03 3.833073801110550266e+04 0.000000000000000000e+00 1.600755678950025140e+04 0.000000000000000000e+00 8.497790257445734596e+02
1.825147654490652804e-01 6.512030724689060298e+04 0.000000000000000000e+00 2.212307695943750150e+04 0.000000000000000000e+00 2.311951549528789656e+03 3.689714863068333216e+04 0.000000000000000000e+00 1.450260155396023583e+04 0.000000000000000000e+00 2.292188100091583181e+02
1.875360723572403465e-01 6.286412513966480765e+04 0.000000000000000000e+00 2.153049206703910750e+04 0.000000000000000000e+00 3.754813407821229134e+02 3.585395486033519410e+04 0.000000000000000000e+00 1.315287597765363171e+04 0.000000000000000000e+00 1.661609944134078205e+03
1.925323683450522461e-01 6.004647659847916657e+04 0.000000000000000000e+00 2.172655371104208825e+04 0.000000000000000000e+00 1.083201884973760343e+03 3.513269958230695192e+04 0.000000000000000000e+00 1.195325008032558617e+04 0.000000000000000000e+00 5.758949876834100223e+02
1.975198663583639380e-01 5.843294700897938310e+04 0.000000000000000000e+00 1.889746219805235887e+04 0.000000000000000000e+00 2.526754116605539366e+03 3.403821909700265678e+04 0.000000000000000000e+00 1.079396221069937928e+04 0.000000000000000000e+00 1.700124547868976833e+03
2.025153694923672032e-01 5.558430570298176463e+04 0.000000000000000000e+00 1.628557444755379765e+04 0.000000000000000000e+00 1.927468686673743150e+03 3.325765589115121111e+04 0.000000000000000000e+00 1.028317823024220888e+04 0.000000000000000000e+00 -4.091121779407507688e+02
2.075088499274508613e-01 5.387062712679475226e+04 0.000000000000000000e+00 1.548213918340241435e+04 0.000000000000000000e+00 1.818845405207355498e+03 3.243158121321761428e+04 0.000000000000000000e+00 9.417293915592297708e+03 0.000000000000000000e+00 1.839434037875838897e+02
2.125178062418619784e-01 5.173047722115552460e+04 0.000000000000000000e+00 1.436448525048001466e+04 0.000000000000000000e+00 1.697646884272997113e+03 3.180696107523128012e+04 0.000000000000000000e+00 8.411193576540408685e+03 0.000000000000000000e+00 -3.209901378949206219e+02
2.175004174234404231e-01 4.988375793283394160e+04 0.000000000000000000e+00 1.494010403164716809e+04 0.000000000000000000e+00 2.460880186852958502e+02 3.127662923996296740e+04 0.000000000000000000e+00 8.150147630670819126e+03 0.000000000000000000e+00 -1.261380523524955834e+03
2.225093171556767890e-01 4.835954027698429854e+04 0.000000000000000000e+00 1.374581336065089454e+04 0.000000000000000000e+00 1.252694154961486220e+03 3.076681641417623905e+04 0.000000000000000000e+00 7.745586099564626238e+03 0.000000000000000000e+00 5.922410118003979278e+02
2.275289586476768322e-01 4.698270564824736357e+04 0.000000000000000000e+00 1.278343793050665954e+04 0.000000000000000000e+00 1.652063982856268240e+03 3.019989836216133699e+04 0.000000000000000000e+00 7.474584417572325037e+03 0.000000000000000000e+00 -1.224686897290678189e+03
2.325285406108919262e-01 4.546369628726829978e+04 0.000000000000000000e+00 1.112211565677696308e+04 0.000000000000000000e+00 4.996123915376639957e+02 2.963609684754334012e+04 0.000000000000000000e+00 6.456011205500883079e+03 0.000000000000000000e+00 1.147713786768049857e+02
2.375276552426477672e-01 4.381751168922481884e+04 0.000000000000000000e+00 1.033136059061346532e+04 0.000000000000000000e+00 2.596476568817015504e+03 2.903081174195816493e+04 0.000000000000000000e+00 6.849194726665495182e+03 0.000000000000000000e+00 -1.009504130778695696e+02
2.424991024241769377e-01 4.290393260513565474e+04 0.000000000000000000e+00 9.610984147350294734e+03 0.000000000000000000e+00 1.013597217767123084e+03 2.862647078486654573e+04 0.000000000000000000e+00 6.475690780477098997e+03 0.000000000000000000e+00 -1.191959482045481536e+03
2.474998551644826128e-01 4.129923893691963167e+04 0.000000000000000000e+00 8.321472942683316433e+03 0.000000000000000000e+00 2.160918347742555397e+03 2.808978648735190654e+04 0.000000000000000000e+00 6.474913608709573964e+03 0.000000000000000000e+00 2.138988472622478412e+02
2.525200307756395035e-01 4.032535279925765644e+04 0.000000000000000000e+00 8.391100773275595202e+03 0.000000000000000000e+00 8.617824311784720521e+02 2.749646866687287547e+04 0.000000000000000000e+00 5.783443241571296312e+03 0.000000000000000000e+00 -5.293200742344572518e+02
2.575182250600202005e-01 3.907772762089262687e+04 0.000000000000000000e+00 8.311160837493480358e+03 0.000000000000000000e+00 9.061775426570300169e+02 2.722409596900379984e+04 0.000000000000000000e+00 5.594304329036584022e+03 0.000000000000000000e+00 -5.199082631696594490e+02
2.625255687975799335e-01 3.839550499229759589e+04 0.000000000000000000e+00 6.741900838705996648e+03 0.000000000000000000e+00 1.964029896730758310e+03 2.664239812860158418e+04 0.000000000000000000e+00 4.993634506760997283e+03 0.000000000000000000e+00 -3.328192502995378277e+02
2.675305520911575030e-01 3.728938821612515312e+04 0.000000000000000000e+00 5.891371839659766920e+03 0.000000000000000000e+00 1.973410612943759190e+02 2.648690827246240588e+04 0.000000000000000000e+00 4.977967827011501868e+03 0.000000000000000000e+00 -1.318764667706880573e+03
2.725404586615198799e-01 3.634790077748982003e+04 0.000000000000000000e+00 5.839648807320039850e+03 0.000000000000000000e+00 1.442173163378642812e+03 2.608049928597873804e+04 0.000000000000000000e+00 4.375811286824985473e+03 0.000000000000000000e+00 -5.103060771142962722e+02
2.775333197047151201e-01 3.553090681624317949e+04 0.000000000000000000e+00 5.758450332152919145e+03 0.000000000000000000e+00 5.073508413679013529e+02 2.551781756145475083e+04 0.000000000000000000e+00 4.165164732339028888e+03 0.000000000000000000e+00 -8.828778659498021852e+02
2.825123907298719983e-01 3.428817172852467047e+04 0.000000000000000000e+00 4.956091150497128183e+03 0.000000000000000000e+00 1.179365404804545278e+03 2.521773902303464638e+04 0.000000000000000000e+00 4.237353325511023286e+03 0.000000000000000000e+00 -1.285269338603100095e+03
2.875104651677040102e-01 3.328694732809806737e+04 0.000000000000000000e+00 5.178470407967822212e+03 0.000000000000000000e+00 1.507177264891783125e+03 2.482576517908446476e+04 0.000000000000000000e+00 3.845092511013215699e+03 0.000000000000000000e+00 -6.907607259145756871e+02
2.924971317655564174e-01 3.288893187992000458e+04 0.000000000000000000e+00 4.979451016657226319e+03 0.000000000000000000e+00 2.849109110034793844e+02 2.454921749182165877e+04 0.000000000000000000e+00 3.744080269104948457e+03 0.000000000000000000e+00 -1.360550879099284430e+03
2.975058823671092867e-01 3.207854364621259083e+04 0.000000000000000000e+00 4.401137021578900203e+03 0.000000000000000000e+00 1.997899298463724335e+03 2.425259000088801986e+04 0.000000000000000000e+00 3.571837669833940254e+03 0.000000000000000000e+00 -6.401294734037829812e+02
3.025121359101998753e-01 3.147720375253988095e+04 0.000000000000000000e+00 3.861580044096666825e+03 0.000000000000000000e+00 -3.460813950974882403e+01 2.378123902987332986e+04 0.000000000000000000e+00 3.735781073018892130e+03 0.000000000000000000e+00 -6.028351995158012642e+02
3.075010376196579687e-01 3.087717707059622990e+04 0.000000000000000000e+00 3.381814913518315734e+03 0.000000000000000000e+00 7.968652139833830006e+02 2.359234036682865917e+04 0.000000000000000000e+00 3.098367852850499276e+03 0.000000000000000000e+00 -5.839069864660083340e+02
3.125134169243361515e-01 3.006485003016288101e+04 0.000000000000000000e+00 2.888359058918158098e+03 0.000000000000000000e+00 9.546086466921375404e+02 2.337118873919163525e+04 0.000000000000000000e+00 3.045768107782022980e+03 0.000000000000000000e+00 -5.643984315302634514e+02
3.175159688234982513e-01 2.953660201786012476e+04 0.000000000000000000e+00 2.393354540185281621e+03 0.000000000000000000e+00 1.088103349019068446e+03 2.306005929797329736e+04 0.000000000000000000e+00 3.254939238243066484e+03 0.000000000000000000e+00 -6.657209380004126160e+02
3.225221380836135188e-01 2.907111013781385918e+04 0.000000000000000000e+00 2.456896960543704154e+03 0.000000000000000000e+00 4.120775155748536918e+02 2.292955801397017422e+04 0.000000000000000000e+00 2.873783651123277650e+03 0.000000000000000000e+00 -1.026112441004342145e+03
3.275181733526948968e-01 2.829004961125508999e+04 0.000000000000000000e+00 2.502768752313957975e+03 0.000000000000000000e+00 -2.430935070344316884e+01 2.245870181414291073e+04 0.000000000000000000e+00 2.493274490929285548e+03 0.000000000000000000e+00 -7.839754905590522185e+02
3.325123842131759710e-01 2.759077762260156669e+04 0.000000000000000000e+00 2.000329202878568367e+03 0.000000000000000000e+00 6.406518587046443827e+02 2.229162977129793580e+04 0.000000000000000000e+00 2.536700748107492927e+03 0.000000000000000000e+00 -6.969934440520562475e+02
3.374959366892091861e-01 2.711521676067687440e+04 0.000000000000000000e+00 1.813626037907718228e+03 0.000000000000000000e+00 -2.733092702238727725e+02 2.204286416984899915e+04 0.000000000000000000e+00 2.365231685527099671e+03 0.000000000000000000e+00 -1.040654381109203769e+03
3.424919221947719805e-01 2.668980016501512728e+04 0.000000000000000000e+00 1.403138354349148813e+03 0.000000000000000000e+00 3.191710906833126273e+02 2.176172602488561461e+04 0.000000000000000000e+00 2.480354565835201811e+03 0.000000000000000000e+00 -1.193931177024560611e+03
3.475179778446125245e-01 2.616271153657660034e+04 0.000000000000000000e+00 1.076424674094161446e+03 0.000000000000000000e+00 3.996634756754990576e+02 2.152699291011859896e+04 0.000000000000000000e+00 2.157322703956611349e+03 0.000000000000000000e+00 -3.337004280066651063e+02
3.525052850529177828e-01 2.597102423758582154e+04 0.000000000000000000e+00 1.318356059396455294e+03 0.000000000000000000e+00 1.420509340571611006e+02 2.135938636436212619e+04 0.000000000000000000e+00 1.877876672521156024e+03 0.000000000000000000e+00 -9.029161743573367858e+02
3.575133254796376558e-01 2.524610189237455052e+04 0.000000000000000000e+00 1.185045933579109487e+03 0.000000000000000000e+00 1.140250569091982243e+03 2.128760150531535692e+04 0.000000000000000000e+00 1.854290378704846262e+03 0.000000000000000000e+00 -6.157741107219228525e+02
3.625250227669692404e-01 2.499673278120764735e+04 0.000000000000000000e+00 1.014859448878180956e+03 0.000000000000000000e+00 4.572233699744014075e+02 2.099290588766751898e+04 0.000000000000000000e+00 1.516869507604276350e+03 0.000000000000000000e+00 -8.614069567836169199e+02
3.675230446100045678e-01 2.465435519687393025e+04 0.000000000000000000e+00 2.255666805181928964e+02 0.000000000000000000e+00 4.558820141577178333e+02 2.085655435265985943e+04 0.000000000000000000e+00 2.076669101619170760e+03 0.000000000000000000e+00 -7.482160546479160530e+02
3.725177060730277545e-01 2.427360009148607787e+04 0.000000000000000000e+00 6.279218937617931715e+02 0.000000000000000000e+00 3.400102921836582937e+02 2.064233472468408945e+04 0.000000000000000000e+00 1.615939161758819864e+03 0.000000000000000000e+00 -6.073383269483675804e+02
3.775163034622419089e-01 2.379955145806469591e+04 0.000000000000000000e+00 1.376956854524517269e+02 0.000000000000000000e+00 4.656030230104605607e+02 2.041018920018479912e+04 0.000000000000000000e+00 1.379629708800794333e+03 0.000000000000000000e+00 -9.268871129008902017e+02
3.825226892977953153e-01 2.354057167567567376e+04 0.000000000000000000e+00 -1.219729324324324296e+02 0.000000000000000000e+00 6.871721081081080911e+02 2.027306897297297110e+04 0.000000000000000000e+00 1.185690378378378455e+03 0.000000000000000000e+00 -5.802971891891892255e+02
3.875130067694269043e-01 2.335352750263435155e+04 0.000000000000000000e+00 4.456947839831401552e+02 0.000000000000000000e+00 1.880863672286617714e+02 2.014234267650158290e+04 0.000000000000000000e+00 1.458795995785036894e+03 0.000000000000000000e+00 -3.856098524762908824e+02
3.924957861003909865e-01 2.291339315804717990e+04 0.000000000000000000e+00 1.628153573842242565e+02 0.000000000000000000e+00 1.019555446850963904e+03 1.990467763009687042e+04 0.000000000000000000e+00 1.308845621600746654e+03 0.000000000000000000e+00 -4.344051234190454807e+02
3.975064703251052212e-01 2.265920693885137371e+04 0.000000000000000000e+00 2.669729260888420868e+02 0.000000000000000000e+00 7.569021002416208148e+02 1.984174145344154749e+04 0.000000000000000000e+00 1.414099052103339318e+03 0.000000000000000000e+00 -3.964880738492039427e+02
