3.798113400606732779e-03 -3.289473684210526133e-03 1.653907402105263174e+08 4.934210526315789200e-03 3.219302130526315570e+08 -8.634868421052630666e-03 1.566186711578947306e+08 0.000000000000000000e+00 1.934916176842105091e+08 0.000000000000000000e+00 -1.903296134736841917e+08
8.299341265228576958e-03 -3.540039062500000000e-03 6.244946800000000000e+07 1.959228515625000000e-02 3.329060000000000000e+07 -1.707458496093750000e-02 1.537876640000000000e+08 0.000000000000000000e+00 1.782306400000000000e+08 0.000000000000000000e+00 1.227269600000000000e+08
1.293222767532251419e-02 1.990445859872611457e-03 4.186231684076433629e+07 -7.265127388535031969e-03 1.675728061146496981e+07 9.330214968152866772e-03 1.125880564585987329e+08 0.000000000000000000e+00 7.216299536305733025e+07 0.000000000000000000e+00 1.094778619108280353e+07
1.764839556552980082e-02 2.829355736301369679e-03 2.847671934246575087e+07 -7.287430436643834927e-03 9.985891068493150175e+06 9.602585883989725457e-03 9.175046312328766286e+07 0.000000000000000000e+00 8.052175605479452014e+07 0.000000000000000000e+00 6.671910575342465192e+07
2.256548662787912635e-02 -3.544423440453686432e-04 2.027907726275992393e+07 -1.772211720226843108e-03 2.121402555765595753e+06 2.658317580340264553e-04 6.638489406427221000e+07 0.000000000000000000e+00 5.330517752741020918e+07 0.000000000000000000e+00 -2.498385784499054775e+06
2.777643688250242340e-02 3.429878048780487599e-04 1.106026021463414654e+07 -1.429115853658536554e-03 -3.649018146341463435e+05 9.003429878048780895e-04 4.906516979512195289e+07 0.000000000000000000e+00 3.404748800000000000e+07 0.000000000000000000e+00 7.902758712195121683e+06
3.269804980233311648e-02 -3.095703125000000039e-04 8.248274944000000134e+06 -4.135742187499999879e-04 5.276466559999999590e+05 -1.341674804687499958e-03 4.014839398399999738e+07 0.000000000000000000e+00 3.480860262399999797e+07 0.000000000000000000e+00 -1.360534783999999985e+06
3.761648458559932462e-02 -3.766646999325691221e-04 5.830268633850303479e+06 3.516415205664194282e-04 1.363092714767363388e+06 -1.440149822993931194e-03 3.138500479568442330e+07 0.000000000000000000e+00 2.319177571948752552e+07 0.000000000000000000e+00 5.426317550910316408e+06
4.263843696389812976e-02 2.005440848214285637e-04 3.879571142857142724e+06 -6.844656808035713821e-04 1.001068839285714203e+05 1.241411481584821274e-03 2.582203200000000000e+07 0.000000000000000000e+00 1.936618514285714179e+07 0.000000000000000000e+00 5.369053714285713620e+06
4.756514582339458480e-02 3.019549989097252839e-04 3.030080753597906791e+06 -5.095756786960314085e-04 2.361342660270388296e+05 4.262612264228085525e-04 2.154161424858264253e+07 0.000000000000000000e+00 1.606425477191452309e+07 0.000000000000000000e+00 -6.091480924552987562e+05
5.262096060748640974e-02 -1.165840063202247193e-04 2.440010067415730096e+06 3.353504652387640102e-04 2.985648988764045062e+05 -4.647930016678370586e-04 1.874249779775280878e+07 0.000000000000000000e+00 1.296151155056179687e+07 0.000000000000000000e+00 1.348258876404494280e+06
5.756031740041873956e-02 -1.704149907178217709e-04 1.789500039603960468e+06 3.245136525371287300e-04 2.400840000000000000e+05 -3.491392230043316816e-04 1.533311746534653567e+07 0.000000000000000000e+00 1.005246922772277333e+07 0.000000000000000000e+00 1.934699247524752514e+06
6.254738279606215923e-02 -3.075561074319352090e-04 1.412804787834191695e+06 -4.804965354427274439e-04 1.664733872945793264e+05 2.167743592102035625e-05 1.339531044984056801e+07 0.000000000000000000e+00 8.426409850380180404e+06 0.000000000000000000e+00 1.277257528574932367e+06
6.757793472572401483e-02 1.826227654053163446e-04 1.166501792618629057e+06 -3.879057711582820545e-04 1.235034938488576445e+05 6.215006689195682645e-04 1.183143547275922634e+07 0.000000000000000000e+00 7.703614087873461656e+06 0.000000000000000000e+00 -4.094526256590509438e+05
7.255917516659465827e-02 -6.283998977124791131e-05 9.503413204389064340e+05 -1.725375441696113136e-05 3.919187651106565318e+04 -1.684965332666914597e-04 1.053811369016180001e+07 0.000000000000000000e+00 6.379518476473870687e+06 0.000000000000000000e+00 3.045472315417519421e+05
7.753384299139773339e-02 -8.786446999497825002e-05 7.751955112152661895e+05 5.014813540969199901e-04 8.922597924338802113e+04 -3.254765605383746672e-04 9.546553507867425680e+06 0.000000000000000000e+00 4.800236030800133944e+06 0.000000000000000000e+00 3.954859752259792876e+05
8.251793356505521260e-02 6.971446745986239427e-05 6.146226788990825880e+05 -1.518879461725917643e-04 7.709222018348624988e+04 2.005690828375860171e-04 8.208233688073394820e+06 0.000000000000000000e+00 3.988226642201835290e+06 0.000000000000000000e+00 -8.525497247706422058e+04
8.752751931716111489e-02 2.429700660878579912e-05 4.786923664636517060e+05 2.834650771025009898e-05 7.638538084747959510e+04 -4.960638849293767490e-05 7.417561949980562553e+06 0.000000000000000000e+00 4.102325790851367172e+06 0.000000000000000000e+00 9.778642684981210623e+05
9.254701955136974967e-02 7.566801504102096769e-06 3.915744612579763052e+05 -1.891700376025524192e-05 -3.467791248860528412e+03 7.733716243163171487e-06 6.530238891522333026e+06 0.000000000000000000e+00 2.627776058340929914e+06 0.000000000000000000e+00 -3.416975460346399341e+05
9.754963178921903511e-02 9.159426358212080141e-05 3.046384993195854477e+05 -2.273500471056212667e-04 2.613901894692766655e+04 3.308024965979273796e-04 5.997169140584109351e+06 0.000000000000000000e+00 2.507616820684601553e+06 0.000000000000000000e+00 3.092609433685753029e+05
1.025319613041059119e-01 -2.913197701688555302e-05 2.594901733583489549e+05 7.979230182926829579e-05 3.020888255159474647e+04 -1.927703227603189454e-04 5.367886384990619496e+06 0.000000000000000000e+00 2.126486814258911647e+06 0.000000000000000000e+00 -2.538159849906191448e+04
1.075116003998943526e-01 8.076326671261198649e-06 2.077000689179876063e+05 -4.307374224672639505e-05 2.831468780151619649e+04 1.521041523087525709e-04 5.012856854583046399e+06 0.000000000000000000e+00 1.819306254996553995e+06 0.000000000000000000e+00 -2.791223487250172184e+05
1.125102861506304813e-01 -1.479525778774058961e-05 1.754602668315683841e+05 6.476699582592563642e-05 4.580874329442683666e+04 -1.299491647020174854e-04 4.705094544948597439e+06 0.000000000000000000e+00 1.879799154672644334e+06 0.000000000000000000e+00 2.554275074592254823e+05
1.175500852175193622e-01 -3.722354572607026259e-05 1.574519425401792105e+05 7.805833096287868877e-05 3.479302972550135019e+04 -7.993339763191580592e-05 4.304660644574029371e+06 0.000000000000000000e+00 1.412838767742853146e+06 0.000000000000000000e+00 1.698820878964585427e+05
1.225369446564099490e-01 -8.761908825719960615e-05 1.180104156239655858e+05 2.092206766178417849e-04 2.284080556107249504e+04 -2.767068508720208885e-04 4.088318881429990288e+06 0.000000000000000000e+00 1.306121118040384026e+06 0.000000000000000000e+00 -7.251877497517378652e+04
1.275260957852891452e-01 3.582466119936939338e-05 1.143440174630123656e+05 -1.957033144858113003e-05 2.395708755760368513e+04 9.956147061833009080e-05 3.893549015765219461e+06 0.000000000000000000e+00 1.167526154741692822e+06 0.000000000000000000e+00 1.498091137521222408e+05
1.325302087090364789e-01 3.835888839010156271e-05 8.072684406037820736e+04 -3.890687250996015869e-05 2.032548386734750966e+04 2.907055755849839880e-05 3.581033209808652755e+06 0.000000000000000000e+00 1.135877271982492646e+06 0.000000000000000000e+00 7.227645227540541964e+04
1.375062694904859717e-01 -1.175587381203801467e-05 7.138350496304118133e+04 -1.134338701161562831e-06 1.738070031678986197e+04 2.603822927666314453e-06 3.424470964308341965e+06 0.000000000000000000e+00 8.146704489968321286e+05 0.000000000000000000e+00 1.883386458289334842e+05
1.425134422753508989e-01 4.588475175177576852e-05 5.642447763486273470e+04 -9.896389512142445921e-05 1.604812900748704124e+04 8.983029859677961156e-05 3.169581164906891994e+06 0.000000000000000000e+00 7.240176863121520728e+05 0.000000000000000000e+00 1.021572201958149381e+05
1.475259222195813014e-01 -9.254407945692287002e-06 5.411351186842225434e+04 9.966285479976308949e-06 3.812512570048749330e+04 -2.028850972709462887e-05 3.017956462709007319e+06 0.000000000000000000e+00 6.607082760945828632e+05 0.000000000000000000e+00 1.706907029933026570e+04
1.525299430011916868e-01 -2.014552333446060023e-05 3.745743388569496165e+04 1.766861472776462709e-05 1.837671288468041894e+04 -7.550443069411565361e-05 2.835067974298275076e+06 0.000000000000000000e+00 5.787002935407507466e+05 0.000000000000000000e+00 1.847076144741291646e+05
1.574945685492469272e-01 -2.069473652282929308e-05 3.614674291260565224e+04 -2.156359950661220344e-05 1.966987212358959732e+04 -2.687551183928499172e-05 2.681238088243620005e+06 0.000000000000000000e+00 5.409705407044930616e+05 0.000000000000000000e+00 1.191343163343713240e+05
1.625189323163163113e-01 -9.444856295620439297e-06 2.345111591240876078e+04 2.047573562956204603e-05 8.285675912408760269e+03 -3.551176864735401711e-05 2.591811569051095285e+06 0.000000000000000000e+00 4.478675900729927234e+05 0.000000000000000000e+00 9.202872992700731265e+04
1.675461007718098694e-01 1.511975681591685494e-05 2.222713211845102342e+04 -2.108076438816913281e-05 1.794393507972664884e+04 4.184436146382047172e-05 2.437610715261959005e+06 0.000000000000000000e+00 4.881413394077448756e+05 0.000000000000000000e+00 5.241664236902049743e+04
1.725292014006662711e-01 1.830028616046412040e-05 1.329543936447242777e+04 2.236433387859709362e-05 1.936306424498137858e+04 3.681584613570063443e-05 2.335581946270231158e+06 0.000000000000000000e+00 3.355681450374131091e+05 0.000000000000000000e+00 9.090918047269011731e+04
1.775301965061671094e-01 -2.976272636925794855e-05 1.206703886925795086e+04 2.363148149608783438e-05 1.195350832912670376e+04 -8.405813480013250979e-05 2.242473675921251997e+06 0.000000000000000000e+00 3.430683331650681212e+05 0.000000000000000000e+00 1.925612518929833459e+04
1.825147654490652804e-01 -9.535109050488936206e-06 1.124908103636739725e+04 9.527896411267689175e-06 1.707818889775178104e+04 1.545127637171703767e-05 2.135904813967916183e+06 0.000000000000000000e+00 2.772707268161540851e+05 0.000000000000000000e+00 4.183770510207096231e+04
1.875360723572403465e-01 1.519400314245810114e-05 7.003318882681563991e+03 -2.669179905726256946e-05 1.624316424581005595e+04 2.431517872730447124e-05 2.084628994860335253e+06 0.000000000000000000e+00 2.612397908379888395e+05 0.000000000000000000e+00 7.647599553072625713e+04
1.925323683450522461e-01 8.131919714576416253e-06 2.978738995394666290e+03 -4.919680689059654908e-05 1.623779115347542029e+04 3.194262514893702503e-05 1.988323512905644020e+06 0.000000000000000000e+00 1.892362446181857085e+05 0.000000000000000000e+00 3.123002249116418534e+04
1.975198663583639380e-01 -1.604421048003351239e-05 -1.450601340584292302e+03 1.654556793525515160e-05 1.429200859997470434e+04 -2.936154200663770752e-05 1.921230276362716453e+06 0.000000000000000000e+00 1.659233420513469027e+05 0.000000000000000000e+00 1.558146735803718038e+05
2.025153694923672032e-01 1.450637748178616313e-05 1.139388690533629415e+03 -2.820880834308356859e-05 1.105030126411270976e+04 4.437682275018395078e-05 1.847734137218952179e+06 0.000000000000000000e+00 1.206977871272797493e+05 0.000000000000000000e+00 3.136337508443501065e+04
2.075088499274508613e-01 1.610123886509881312e-06 -5.097426549726350800e+02 1.878477867594861460e-06 1.094829851839978073e+04 -9.504203496759715253e-06 1.796127468730678549e+06 0.000000000000000000e+00 9.228090956971765263e+04 0.000000000000000000e+00 9.351139087224347168e+04
2.125178062418619784e-01 -8.214017362323267294e-06 -2.267591726304765416e+03 2.138734092719060963e-05 1.325937650549834325e+04 -2.103177305498887437e-05 1.724548982370396378e+06 0.000000000000000000e+00 9.153730424157793459e+04 0.000000000000000000e+00 1.149126088322569412e+05
2.175004174234404231e-01 6.637271431276828351e-06 -6.119347529669220421e+03 -9.760693281289454952e-07 1.464114064472687460e+04 2.367481841411707942e-05 1.681039287602053722e+06 0.000000000000000000e+00 3.327276289874589565e+04 0.000000000000000000e+00 3.363654911202760559e+04
2.225093171556767890e-01 -4.309410768109375538e-06 -6.226105238273477880e+03 1.923844092905971109e-07 1.241251511987549566e+04 1.701640100175331549e-05 1.620004190303579671e+06 0.000000000000000000e+00 3.634057453556864493e+04 0.000000000000000000e+00 1.284100458225803304e+05
2.275289586476768322e-01 -6.894833202586867189e-06 -6.409075769171897264e+03 2.067515701534517131e-05 1.402104148170825101e+04 -1.374061779499273041e-05 1.573430468085106462e+06 0.000000000000000000e+00 2.028720649012704962e+04 0.000000000000000000e+00 4.990813163936935598e+04
2.325285406108919262e-01 1.726699925417932711e-05 -4.790918014297928494e+03 -1.474445409564695535e-05 1.115590096956687921e+04 6.310803996962145029e-05 1.525707061139104655e+06 0.000000000000000000e+00 1.860126884106743455e+04 0.000000000000000000e+00 8.107922769359503582e+04
2.375276552426477672e-01 -5.299941498945333071e-06 -8.464984355774302458e+03 -1.064494322925821835e-05 1.142299651959922630e+04 -1.339469020533046206e-06 1.485351293232554104e+06 0.000000000000000000e+00 -1.541804661627702626e+04 0.000000000000000000e+00 7.425021930040429288e+04
2.424991024241769377e-01 4.632790209849239771e-06 -5.801692434960242281e+03 -7.666361023416001120e-07 1.475638944507284759e+04 1.636108606583323361e-05 1.440162257660425734e+06 0.000000000000000000e+00 5.772021406985970316e+03 0.000000000000000000e+00 6.378612138503874303e+04
2.474998551644826128e-01 -2.407790986231188080e-06 -6.693390714056996330e+03 -5.112647094140249940e-06 9.305919692603265503e+03 1.185524360590778057e-05 1.407969768555875868e+06 0.000000000000000000e+00 -2.557303105987832168e+04 0.000000000000000000e+00 9.453154530899775273e+04
2.525200307756395035e-01 -8.503010941849675197e-06 -9.070937952366224636e+03 4.281711548871017513e-06 1.147386476956387378e+04 -2.738369753808382433e-05 1.369158884998453548e+06 0.000000000000000000e+00 -3.243914729353541770e+04 0.000000000000000000e+00 8.370131815651098441e+04
2.575182250600202005e-01 -2.590390060353177749e-06 -6.285294985470531174e+03 -5.864759518664778621e-06 1.156621199612547571e+04 -3.794630383354444588e-06 1.329566299977646908e+06 0.000000000000000000e+00 -3.828850523805975536e+04 0.000000000000000000e+00 7.116147649206467031e+04
2.625255687975799335e-01 1.175641510241341957e-05 -6.219926285160038788e+03 3.370915230786786214e-06 1.263502390597364138e+04 1.399208408812118514e-05 1.307485522451075492e+06 0.000000000000000000e+00 -2.777275198265533254e+04 0.000000000000000000e+00 7.091628687168368197e+04
2.675305520911575030e-01 5.717436931276839081e-06 -7.719459051932450166e+03 -2.793992764529625248e-05 1.227029110340923216e+04 3.724424717968544964e-05 1.276179466618798440e+06 0.000000000000000000e+00 -4.985270990458568122e+04 0.000000000000000000e+00 5.151503967081371229e+04
2.725404586615198799e-01 3.137788748876077389e-06 -7.396744909292853663e+03 1.209275375852858736e-05 6.854496218331834825e+03 5.653346241223488190e-05 1.249476600200983696e+06 0.000000000000000000e+00 -5.777462484793991462e+04 0.000000000000000000e+00 1.001454614692970790e+05
2.775333197047151201e-01 7.049010730348695872e-06 -6.246494377956419157e+03 -9.241966172422259784e-06 9.706186367513635560e+03 1.225451899014849992e-05 1.225521887145552784e+06 0.000000000000000000e+00 -5.067419319151136006e+04 0.000000000000000000e+00 5.423760705146431428e+04
2.825123907298719983e-01 -4.426584789723954704e-06 -8.337772815414067736e+03 -3.678769375656147629e-07 1.018619146544803334e+04 -7.184154129098993285e-06 1.197220859383684350e+06 0.000000000000000000e+00 -5.460169347248811391e+04 0.000000000000000000e+00 7.081541466065583518e+04
2.875104651677040102e-01 -1.613264041850220308e-06 -6.324655429994253609e+03 -5.412617763598927490e-06 1.112279639915724874e+04 7.978642815672284679e-07 1.172068713273319183e+06 0.000000000000000000e+00 -5.982278337483240466e+04 0.000000000000000000e+00 7.449686420226009795e+04
2.924971317655564174e-01 2.133538851448982089e-06 -5.278175634905038351e+03 2.342377310453247619e-06 8.560155544509820174e+03 -4.529536847322243670e-07 1.145606915719751734e+06 0.000000000000000000e+00 -5.961533898207122547e+04 0.000000000000000000e+00 3.328570835404408717e+04
2.975058823671092867e-01 -2.352300667125477235e-06 -5.412570819643015966e+03 -1.647152471749844708e-05 9.329307876742739609e+03 3.579534949507703575e-05 1.131197004884113325e+06 0.000000000000000000e+00 -8.516877435396501096e+04 0.000000000000000000e+00 7.494101056744516245e+04
3.025121359101998753e-01 5.003584585148177539e-06 -6.038963468937789003e+03 -1.510541616651490352e-05 7.153576412606458689e+03 2.651825617436928383e-05 1.109197986425143667e+06 0.000000000000000000e+00 -7.058110691280099854e+04 0.000000000000000000e+00 7.836979983571829507e+04
3.075010376196579687e-01 -4.460028348225949841e-06 -4.560272728222815203e+03 9.802876953022940539e-06 8.094290724773998591e+03 -1.386742223833411763e-06 1.095314962219783803e+06 0.000000000000000000e+00 -7.869350907665779232e+04 0.000000000000000000e+00 7.959874070125934668e+04
3.125134169243361515e-01 2.017731688618540236e-06 -4.725628795495676968e+03 -7.086607524381661001e-06 1.026501572491453953e+04 3.785701577581439971e-06 1.071772390106575564e+06 0.000000000000000000e+00 -9.276280715865675302e+04 0.000000000000000000e+00 5.555471288960386300e+04
3.175159688234982513e-01 1.838411932906641967e-06 -3.886956449980842990e+03 -3.641446728161134124e-06 5.692079181853012415e+03 8.270904957446507450e-06 1.051562481398158940e+06 0.000000000000000000e+00 -8.590907408317041700e+04 0.000000000000000000e+00 6.929743525459029479e+04
3.225221380836135188e-01 -3.829532599525675124e-06 -3.177762205021710542e+03 4.042988568853833048e-06 8.236774627147442516e+03 -1.084138835311408652e-05 1.037374132074759342e+06 0.000000000000000000e+00 -7.211882952614687383e+04 0.000000000000000000e+00 6.233005067019067792e+04
3.275181733526948968e-01 5.247080074509440821e-06 -3.681849685301740010e+03 -1.640785892377822955e-05 9.183223991114402452e+03 1.550340422962560294e-05 1.022754746242132504e+06 0.000000000000000000e+00 -9.043854453905961418e+04 0.000000000000000000e+00 4.030140422065901657e+04
3.325123842131759710e-01 -4.347825784801230960e-06 -2.408478432977218745e+03 9.792380850983391946e-06 6.804829305176263915e+03 -2.270935428332681249e-05 1.000291171335296356e+06 0.000000000000000000e+00 -9.995023186884546885e+04 0.000000000000000000e+00 6.148481599758043740e+04
3.374959366892091861e-01 6.453564851714956801e-06 -2.713778089198752696e+03 -9.085883716016187139e-06 6.593807238202010922e+03 1.115741815938890545e-05 9.838713116350769997e+05 0.000000000000000000e+00 -9.620965756928143674e+04 0.000000000000000000e+00 3.645259096801317355e+04
3.424919221947719805e-01 -5.807010173849269964e-06 -3.648216819875155579e+03 1.398036682008350764e-05 6.627829951078849263e+03 -1.768197973486111300e-05 9.750578709715057630e+05 0.000000000000000000e+00 -9.420876807040645508e+04 0.000000000000000000e+00 7.249153465734359634e+04
3.475179778446125245e-01 -4.259518860064691144e-06 -3.281341915248145597e+03 1.099976874162773201e-05 6.516608618943379042e+03 -1.499007643778383903e-05 9.629662945077923359e+05 0.000000000000000000e+00 -8.403170934753488109e+04 0.000000000000000000e+00 7.254352638285359717e+04
3.525052850529177828e-01 -1.590441880887753563e-06 -3.032145872585022971e+03 1.542104921762733584e-05 6.175169726967907081e+03 -2.433609966270157925e-05 9.459250603225291707e+05 0.000000000000000000e+00 -9.311261593485550839e+04 0.000000000000000000e+00 5.015835018361807306e+04
3.575133254796376558e-01 -5.609933193966475482e-06 -2.350923898797434049e+03 2.062651554272597039e-05 5.693601796567820202e+03 -2.042676225104621179e-05 9.361257607284378028e+05 0.000000000000000000e+00 -9.820202460316852375e+04 0.000000000000000000e+00 7.083972524162457557e+04
3.625250227669692404e-01 5.461088667934045865e-06 -2.133921276916126772e+03 -1.103522242273377368e-05 6.186243758470109242e+03 1.614453867605123393e-05 9.230476932992018992e+05 0.000000000000000000e+00 -9.174238964011443022e+04 0.000000000000000000e+00 5.147947212769160978e+04
3.675230446100045678e-01 -1.658822784302575588e-06 -1.333505967091689854e+03 6.368313221281776599e-06 5.100602031071160127e+03 -5.071690476255568310e-06 9.173189216805546312e+05 0.000000000000000000e+00 -9.448487095480757125e+04 0.000000000000000000e+00 5.876843939957278781e+04
3.725177060730277545e-01 5.025480301904053941e-07 -9.032531305391961496e+02 2.875691506089542130e-06 3.998438332666247788e+03 -9.080763712190519758e-06 8.981954901938361581e+05 0.000000000000000000e+00 -9.934074218079936691e+04 0.000000000000000000e+00 4.537480336211332906e+04
3.775163034622419089e-01 -5.567388899980433770e-06 -1.826379131298225730e+03 1.429557280780132632e-05 5.555888098964977871e+03 -1.809802535316409924e-05 8.938590413250494748e+05 0.000000000000000000e+00 -9.690199394570440927e+04 0.000000000000000000e+00 5.839649838299280964e+04
3.825226892977953153e-01 -1.566294077280405331e-06 -1.650722702702702691e+03 7.155547270903716482e-06 4.488662918918918876e+03 -7.976738182274070236e-06 8.826842361081080744e+05 0.000000000000000000e+00 -9.641590313513512956e+04 0.000000000000000000e+00 6.093410940540540469e+04
3.875130067694269043e-01 -4.570401255021733492e-06 -1.729266912539515488e+03 1.687993490783884430e-05 4.998328767123288344e+03 -9.418061460408572316e-06 8.777201972602739697e+05 0.000000000000000000e+00 -9.609212223393046588e+04 0.000000000000000000e+00 4.487191738672286738e+04
3.924957861003909865e-01 1.866823689376629307e-06 -1.246086879284266161e+03 -1.012296145367360733e-05 3.970888887458565478e+03 8.418777706932063191e-06 8.685880607858913718e+05 0.000000000000000000e+00 -9.738628535384418501e+04 0.000000000000000000e+00 8.024496760531651671e+04
3.975064703251052212e-01 1.706155907316771160e-06 -9.957907936311257799e+02 -2.728639412056254256e-06 2.904734229601635889e+03 3.779861358496995545e-06 8.575330381017285399e+05 0.000000000000000000e+00 -8.400285444520166493e+04 0.000000000000000000e+00 7.198711118270244333e+04
