3.798113400606732779e-03 2.884484868421052306e+04 0.000000000000000000e+00 8.281663157894735923e+04 0.000000000000000000e+00 1.127119342105263058e+05
8.299341265228576958e-03 3.087130078125000000e+04 0.000000000000000000e+00 3.423159375000000000e+04 0.000000000000000000e+00 1.487860449218750000e+04
1.293222767532251419e-02 3.672983757961783704e+04 0.000000000000000000e+00 1.350949363057324990e+04 0.000000000000000000e+00 -3.448293789808917154e+03
1.764839556552980082e-02 3.826576027397259895e+04 0.000000000000000000e+00 2.703542636986301295e+04 0.000000000000000000e+00 1.539203424657534197e+04
2.256548662787912635e-02 3.669505103969754418e+04 0.000000000000000000e+00 1.920252173913043589e+04 0.000000000000000000e+00 -1.664747637051039783e+04
2.777643688250242340e-02 3.278334878048780229e+04 0.000000000000000000e+00 2.170709268292682827e+04 0.000000000000000000e+00 6.312675000000000182e+03
3.269804980233311648e-02 2.772519399999999951e+04 0.000000000000000000e+00 1.610482899999999972e+04 0.000000000000000000e+00 -2.985900000000000091e+03
3.761648458559932462e-02 2.532897100472016245e+04 0.000000000000000000e+00 1.383412407282535423e+04 0.000000000000000000e+00 2.296112778152393730e+03
4.263843696389812976e-02 2.231564508928571377e+04 0.000000000000000000e+00 1.271522991071428442e+04 0.000000000000000000e+00 2.525058872767856883e+03
4.756514582339458480e-02 1.937789271696467404e+04 0.000000000000000000e+00 9.304715220235499146e+03 0.000000000000000000e+00 -1.527550588748364589e+03
5.262096060748640974e-02 1.827804213483145941e+04 0.000000000000000000e+00 9.413359550561797732e+03 0.000000000000000000e+00 5.947264308286517007e+02
5.756031740041873956e-02 1.715873267326732821e+04 0.000000000000000000e+00 8.394844678217821638e+03 0.000000000000000000e+00 -5.132469059405940470e+02
6.254738279606215923e-02 1.624288545499141401e+04 0.000000000000000000e+00 8.651980377728721578e+03 0.000000000000000000e+00 9.009761466764776969e+02
6.757793472572401483e-02 1.508980492091388260e+04 0.000000000000000000e+00 7.947311950790860465e+03 0.000000000000000000e+00 -6.014763290861159248e+02
7.255917516659465827e-02 1.397195759717314468e+04 0.000000000000000000e+00 7.292198623767900244e+03 0.000000000000000000e+00 1.028917612051329797e+02
7.753384299139773339e-02 1.291972547706729165e+04 0.000000000000000000e+00 5.801529963173753458e+03 0.000000000000000000e+00 2.014695137261466584e+02
8.251793356505521260e-02 1.226195412844036764e+04 0.000000000000000000e+00 6.276697821100918190e+03 0.000000000000000000e+00 3.784564936926605583e+02
8.752751931716111489e-02 1.093272722560580587e+04 0.000000000000000000e+00 5.904085525463263366e+03 0.000000000000000000e+00 8.387215887002721502e+02
9.254701955136974967e-02 1.020328441203281727e+04 0.000000000000000000e+00 4.957414311759343946e+03 0.000000000000000000e+00 3.579716556517775530e+02
9.754963178921903511e-02 9.487976551868523529e+03 0.000000000000000000e+00 4.281429498586830960e+03 0.000000000000000000e+00 6.372879592798074100e+01
1.025319613041059119e-01 8.687118198874295558e+03 0.000000000000000000e+00 4.391006378986866366e+03 0.000000000000000000e+00 4.613127579737335964e+02
1.075116003998943526e-01 8.352628532046863256e+03 0.000000000000000000e+00 3.787789455547897887e+03 0.000000000000000000e+00 -1.737977472432804973e+02
1.125102861506304813e-01 7.908666924325578293e+03 0.000000000000000000e+00 3.770809615830563871e+03 0.000000000000000000e+00 9.198249980675582265e+02
1.175500852175193622e-01 7.574618119755369662e+03 0.000000000000000000e+00 3.332126297823922869e+03 0.000000000000000000e+00 2.496104928175224131e+02
1.225369446564099490e-01 7.225070903674280089e+03 0.000000000000000000e+00 2.987895134061569024e+03 0.000000000000000000e+00 2.386767130089374405e+02
1.275260957852891452e-01 7.060362842590346190e+03 0.000000000000000000e+00 3.025591074460344316e+03 0.000000000000000000e+00 1.349832342954159685e+02
1.325302087090364789e-01 6.612013691712025320e+03 0.000000000000000000e+00 2.743383199595982205e+03 0.000000000000000000e+00 -9.268646540598170702e+01
1.375062694904859717e-01 6.432525448785639128e+03 0.000000000000000000e+00 2.777001055966209151e+03 0.000000000000000000e+00 6.511662090813093755e+02
1.425134422753508989e-01 6.088919178345171531e+03 0.000000000000000000e+00 2.408578038011134595e+03 0.000000000000000000e+00 8.290176857362257579e+01
1.475259222195813014e-01 5.785069388127021739e+03 0.000000000000000000e+00 2.388199189029112858e+03 0.000000000000000000e+00 1.883020638753473861e+02
1.525299430011916868e-01 5.514149137639499713e+03 0.000000000000000000e+00 2.293574737910043950e+03 0.000000000000000000e+00 5.064372252282718705e+02
1.574945685492469272e-01 5.240755125975653755e+03 0.000000000000000000e+00 2.170201641929873858e+03 0.000000000000000000e+00 8.312328755004649850e+00
1.625189323163163113e-01 5.034497518248175766e+03 0.000000000000000000e+00 1.961963503649635186e+03 0.000000000000000000e+00 4.676952189781022184e+02
1.675461007718098694e-01 4.830940205011389480e+03 0.000000000000000000e+00 1.989361190205011326e+03 0.000000000000000000e+00 1.738674544419134449e+01
1.725292014006662711e-01 4.667857204074232868e+03 0.000000000000000000e+00 1.819178033424531350e+03 0.000000000000000000e+00 3.092286317038600032e+02
1.775301965061671094e-01 4.502289247854619134e+03 0.000000000000000000e+00 1.643289121655729332e+03 0.000000000000000000e+00 1.085938998611812139e+02
1.825147654490652804e-01 4.371465744925994841e+03 0.000000000000000000e+00 1.621216579514904424e+03 0.000000000000000000e+00 6.876787349700138918e+01
1.875360723572403465e-01 4.248242681564245686e+03 0.000000000000000000e+00 1.559601787709497330e+03 0.000000000000000000e+00 1.363331284916201014e+02
1.925323683450522461e-01 4.132825961229516906e+03 0.000000000000000000e+00 1.436028917211095632e+03 0.000000000000000000e+00 8.540305371104209087e+01
1.975198663583639380e-01 4.015101150878967928e+03 0.000000000000000000e+00 1.413737700771468326e+03 0.000000000000000000e+00 3.115358796003541215e+02
2.025153694923672032e-01 3.869782495416385700e+03 0.000000000000000000e+00 1.336857087715912485e+03 0.000000000000000000e+00 1.494126580140886063e+02
2.075088499274508613e-01 3.758586457212210007e+03 0.000000000000000000e+00 1.183706061508163657e+03 0.000000000000000000e+00 6.154186035860679738e+01
2.125178062418619784e-01 3.647683016233199851e+03 0.000000000000000000e+00 1.268636934892651425e+03 0.000000000000000000e+00 1.325319972944667484e+02
2.175004174234404231e-01 3.550936789832505838e+03 0.000000000000000000e+00 1.179822321353421557e+03 0.000000000000000000e+00 6.452580275229358620e+01
2.225093171556767890e-01 3.428554047398593411e+03 0.000000000000000000e+00 1.086440613857095059e+03 0.000000000000000000e+00 1.923677035519394849e+02
2.275289586476768322e-01 3.360119393846624916e+03 0.000000000000000000e+00 9.798500688810654538e+02 0.000000000000000000e+00 6.937320143884892332e+01
2.325285406108919262e-01 3.247302639477562025e+03 0.000000000000000000e+00 1.048158623324177370e+03 0.000000000000000000e+00 1.462088206937951327e+02
2.375276552426477672e-01 3.171369309193180015e+03 0.000000000000000000e+00 9.563180875373527670e+02 0.000000000000000000e+00 1.691272631393918005e+02
2.424991024241769377e-01 3.126843212398493961e+03 0.000000000000000000e+00 9.098948221430621288e+02 0.000000000000000000e+00 1.004296274880556439e+01
2.474998551644826128e-01 3.047908293307717031e+03 0.000000000000000000e+00 8.812177393531860616e+02 0.000000000000000000e+00 1.147073727185398724e+02
2.525200307756395035e-01 2.992145746984225298e+03 0.000000000000000000e+00 8.800129910300031497e+02 0.000000000000000000e+00 1.575950046396535811e+02
2.575182250600202005e-01 2.905771194396840656e+03 0.000000000000000000e+00 7.547907905521198018e+02 0.000000000000000000e+00 2.088942329185604763e+01
2.625255687975799335e-01 2.856826153933930527e+03 0.000000000000000000e+00 7.487515832715239412e+02 0.000000000000000000e+00 9.357239544702459000e+01
2.675305520911575030e-01 2.777564518578864863e+03 0.000000000000000000e+00 6.828357520608662981e+02 0.000000000000000000e+00 -4.890668797724416805e+01
2.725404586615198799e-01 2.717832548791452609e+03 0.000000000000000000e+00 6.906106204051409350e+02 0.000000000000000000e+00 7.938596154863277832e+01
2.775333197047151201e-01 2.663404244319797272e+03 0.000000000000000000e+00 6.519677411016619999e+02 0.000000000000000000e+00 2.214799545066818354e+01
2.825123907298719983e-01 2.619272426357068071e+03 0.000000000000000000e+00 6.671735688260359893e+02 0.000000000000000000e+00 5.886602235533872829e+01
2.875104651677040102e-01 2.560556981421183536e+03 0.000000000000000000e+00 5.962301762114536814e+02 0.000000000000000000e+00 3.304235000478835360e+01
2.924971317655564174e-01 2.512870568380168606e+03 0.000000000000000000e+00 5.662270977586147183e+02 0.000000000000000000e+00 2.313152099781525450e+01
2.975058823671092867e-01 2.463136133558298297e+03 0.000000000000000000e+00 6.067403871769824946e+02 0.000000000000000000e+00 8.375538362490009092e+01
3.025121359101998753e-01 2.442398685746401043e+03 0.000000000000000000e+00 5.502577925727379125e+02 0.000000000000000000e+00 -4.751929229172971247e+01
3.075010376196579687e-01 2.378031750013064084e+03 0.000000000000000000e+00 5.271404713382453338e+02 0.000000000000000000e+00 1.838743010921252008e+01
3.125134169243361515e-01 2.348415041222602213e+03 0.000000000000000000e+00 5.157304645083451078e+02 0.000000000000000000e+00 -2.980335059320329805e+01
3.175159688234982513e-01 2.318625733119823963e+03 0.000000000000000000e+00 4.888012496193180141e+02 0.000000000000000000e+00 4.454025282195871682e+00
3.225221380836135188e-01 2.277063545403058470e+03 0.000000000000000000e+00 4.690963564281669278e+02 0.000000000000000000e+00 2.755632669435529891e+01
3.275181733526948968e-01 2.237341429100333244e+03 0.000000000000000000e+00 4.134052202887819476e+02 0.000000000000000000e+00 -2.267131617919289255e+01
3.325123842131759710e-01 2.218296663316046761e+03 0.000000000000000000e+00 4.436253591538646219e+02 0.000000000000000000e+00 1.020773103712072150e+01
3.374959366892091861e-01 2.167166871036681641e+03 0.000000000000000000e+00 3.936449216970886482e+02 0.000000000000000000e+00 -2.252011000945941177e+01
3.424919221947719805e-01 2.153631549558709594e+03 0.000000000000000000e+00 3.815509088333097338e+02 0.000000000000000000e+00 2.666788205585512017e+01
3.475179778446125245e-01 2.097479792204397654e+03 0.000000000000000000e+00 3.653505080537132130e+02 0.000000000000000000e+00 -1.554109226443297187e+00
3.525052850529177828e-01 2.085138495928468728e+03 0.000000000000000000e+00 3.518144339773271554e+02 0.000000000000000000e+00 -1.278837817339933025e+01
3.575133254796376558e-01 2.055317856075296277e+03 0.000000000000000000e+00 3.466676272888228141e+02 0.000000000000000000e+00 1.206506522522246350e+01
3.625250227669692404e-01 2.027659930733323108e+03 0.000000000000000000e+00 3.284056015660291905e+02 0.000000000000000000e+00 -2.328490438187019862e+01
3.675230446100045678e-01 2.007882947313168415e+03 0.000000000000000000e+00 3.030246192652858781e+02 0.000000000000000000e+00 4.211309588901282375e+00
3.725177060730277545e-01 1.973189547715707022e+03 0.000000000000000000e+00 3.132332323174567250e+02 0.000000000000000000e+00 2.968315977185659804e+01
3.775163034622419089e-01 1.950653105412319519e+03 0.000000000000000000e+00 2.787691437791768294e+02 0.000000000000000000e+00 -4.400149805890181121e+00
3.825226892977953153e-01 1.943347459459459515e+03 0.000000000000000000e+00 2.743910540540540524e+02 0.000000000000000000e+00 1.069331081081081081e+01
3.875130067694269043e-01 1.910571338250790404e+03 0.000000000000000000e+00 2.719915437302423697e+02 0.000000000000000000e+00 2.084905986564805147e+01
3.924957861003909865e-01 1.892954320471148776e+03 0.000000000000000000e+00 2.729039358928973797e+02 0.000000000000000000e+00 4.598909020693206884e+01
3.975064703251052212e-01 1.869387621584784256e+03 0.000000000000000000e+00 2.755471408215104816e+02 0.000000000000000000e+00 2.917740846292051415e+01
