3.798113400606732779e-03 1.680977763157894660e+05 0.000000000000000000e+00 1.821958105263157748e+06 0.000000000000000000e+00 6.332273684210525971e+04 7.922454231578947604e+07 0.000000000000000000e+00 2.310100075789473653e+08 0.000000000000000000e+00 1.558959427368420959e+08
8.299341265228576958e-03 6.236115625000000000e+05 0.000000000000000000e+00 7.168295000000000000e+05 0.000000000000000000e+00 5.368625625000000000e+05 3.217665600000000000e+07 0.000000000000000000e+00 5.394236400000000000e+07 0.000000000000000000e+00 -2.890053600000000000e+07
1.293222767532251419e-02 9.714775031847134233e+05 0.000000000000000000e+00 8.731327388535032514e+05 0.000000000000000000e+00 -4.021297070063694264e+05 1.482947505732484162e+07 0.000000000000000000e+00 2.804847857324840873e+07 0.000000000000000000e+00 -2.261707006369426847e+06
1.764839556552980082e-02 1.119740821917808149e+06 0.000000000000000000e+00 9.819532054794520373e+05 0.000000000000000000e+00 1.926342465753424622e+05 9.525260273972602561e+06 0.000000000000000000e+00 1.915123024657534063e+07 0.000000000000000000e+00 -1.646908054794520373e+06
2.256548662787912635e-02 9.798870018903592136e+05 0.000000000000000000e+00 8.764515689981096657e+05 0.000000000000000000e+00 -1.221343516068052995e+05 5.000234586011342704e+06 0.000000000000000000e+00 9.302753512287335470e+06 0.000000000000000000e+00 -1.547874117202268448e+06
2.777643688250242340e-02 9.008102243902438786e+05 0.000000000000000000e+00 8.716959219512195559e+05 0.000000000000000000e+00 1.297581073170731688e+05 2.836909580487804953e+06 0.000000000000000000e+00 5.355299590243902057e+06 0.000000000000000000e+00 -1.098917268292682857e+05
3.269804980233311648e-02 6.797676160000000382e+05 0.000000000000000000e+00 4.468403200000000070e+05 0.000000000000000000e+00 -1.100231040000000066e+05 1.626827776000000071e+06 0.000000000000000000e+00 2.705935871999999974e+06 0.000000000000000000e+00 -9.288008960000000661e+05
3.761648458559932462e-02 6.021419069453809643e+05 0.000000000000000000e+00 4.938795846257585799e+05 0.000000000000000000e+00 -5.517296695886716407e+03 1.215005691166554345e+06 0.000000000000000000e+00 2.358804369521240704e+06 0.000000000000000000e+00 -3.206598516520566409e+04
4.263843696389812976e-02 5.421577142857142026e+05 0.000000000000000000e+00 4.421694642857142608e+05 0.000000000000000000e+00 3.972408035714285506e+04 7.976883571428570431e+05 0.000000000000000000e+00 1.463205714285714319e+06 0.000000000000000000e+00 -1.443531919642857065e+04
4.756514582339458480e-02 4.599546306149149896e+05 0.000000000000000000e+00 3.434620427387701930e+05 0.000000000000000000e+00 1.512885128652420462e+04 5.826873161796772620e+05 0.000000000000000000e+00 1.056247961622328963e+06 0.000000000000000000e+00 -3.087330484081988834e+04
5.262096060748640974e-02 4.211764044943820336e+05 0.000000000000000000e+00 2.612702022471910168e+05 0.000000000000000000e+00 5.673152247191010974e+04 4.658756853932584054e+05 0.000000000000000000e+00 8.318681348314606585e+05 0.000000000000000000e+00 9.626739325842696417e+04
5.756031740041873956e-02 3.819420198019801755e+05 0.000000000000000000e+00 2.922518613861385966e+05 0.000000000000000000e+00 5.750788366336633771e+03 3.597103762376237428e+05 0.000000000000000000e+00 5.964641980198019883e+05 0.000000000000000000e+00 -2.111038861386138524e+04
6.254738279606215923e-02 3.745652980132449884e+05 0.000000000000000000e+00 2.570724277655138285e+05 0.000000000000000000e+00 2.712809811135638665e+04 2.898609448123620241e+05 0.000000000000000000e+00 4.416818484179543448e+05 0.000000000000000000e+00 -4.403944468972283357e+04
6.757793472572401483e-02 3.407596766256590490e+05 0.000000000000000000e+00 2.047044077328646672e+05 0.000000000000000000e+00 -3.956821792618629115e+04 2.433106502636203659e+05 0.000000000000000000e+00 3.698455957820737967e+05 0.000000000000000000e+00 -1.883716344463971836e+04
7.255917516659465827e-02 3.179718058396875858e+05 0.000000000000000000e+00 2.078611924865166366e+05 0.000000000000000000e+00 -1.581462674353728835e+04 2.057281844894922979e+05 0.000000000000000000e+00 2.934961205132973846e+05 0.000000000000000000e+00 -5.198088897154547340e+03
7.753384299139773339e-02 2.905198687646468170e+05 0.000000000000000000e+00 1.919947077335118956e+05 0.000000000000000000e+00 1.330957214596585254e+04 1.730877214596585254e+05 0.000000000000000000e+00 2.419281848008034867e+05 0.000000000000000000e+00 1.424516772681620387e+04
8.251793356505521260e-02 2.506569541284403822e+05 0.000000000000000000e+00 1.492569908256880881e+05 0.000000000000000000e+00 -2.636494036697247793e+04 1.485836238532110292e+05 0.000000000000000000e+00 1.875140183486238529e+05 0.000000000000000000e+00 -1.424892431192660661e+04
8.752751931716111489e-02 2.326990073862900317e+05 0.000000000000000000e+00 1.439566588052352017e+05 0.000000000000000000e+00 2.814868575871452776e+04 1.309542920824154571e+05 0.000000000000000000e+00 1.637273427497732337e+05 0.000000000000000000e+00 1.851700298043281146e+04
9.254701955136974967e-02 2.023126636280765815e+05 0.000000000000000000e+00 1.162708550592524989e+05 0.000000000000000000e+00 2.469756836827712050e+03 1.141036645396536042e+05 0.000000000000000000e+00 1.331301950774840370e+05 0.000000000000000000e+00 3.210070647219689818e+03
9.754963178921903511e-02 1.840721733486862795e+05 0.000000000000000000e+00 9.996308259185595671e+04 0.000000000000000000e+00 4.311625248613001531e+03 1.022016891028996179e+05 0.000000000000000000e+00 1.090408860043965251e+05 0.000000000000000000e+00 -4.110719983251334270e+03
1.025319613041059119e-01 1.715071879924953100e+05 0.000000000000000000e+00 8.921569380863039987e+04 0.000000000000000000e+00 2.941040712945591167e+03 9.330056885553471511e+04 0.000000000000000000e+00 9.408659812382739619e+04 0.000000000000000000e+00 3.040884615384615245e+03
1.075116003998943526e-01 1.639269689869055874e+05 0.000000000000000000e+00 9.460041350792556477e+04 0.000000000000000000e+00 2.575027997932460266e+02 8.698891247415576072e+04 0.000000000000000000e+00 8.396974224672639684e+04 0.000000000000000000e+00 -1.167664886285320563e+03
1.125102861506304813e-01 1.518633673958414001e+05 0.000000000000000000e+00 8.005910736646827718e+04 0.000000000000000000e+00 1.568245806601221375e+03 7.959684996521605353e+04 0.000000000000000000e+00 7.193742969776609971e+04 0.000000000000000000e+00 4.054263275875396175e+03
1.175500852175193622e-01 1.441309765324989276e+05 0.000000000000000000e+00 7.993681012658227701e+04 0.000000000000000000e+00 9.522491821931447703e+03 7.483709515004977584e+04 0.000000000000000000e+00 6.265939980088180891e+04 0.000000000000000000e+00 6.781275494239795080e+03
1.225369446564099490e-01 1.374141140019861050e+05 0.000000000000000000e+00 6.836810910294605128e+04 0.000000000000000000e+00 8.088254220456802841e+02 7.056563733862960362e+04 0.000000000000000000e+00 5.720954703740483819e+04 0.000000000000000000e+00 2.661209930486594203e+03
1.275260957852891452e-01 1.291776745088527678e+05 0.000000000000000000e+00 6.689346592287169187e+04 0.000000000000000000e+00 3.083510793111811836e+03 6.660030463254911592e+04 0.000000000000000000e+00 5.012505457191365713e+04 0.000000000000000000e+00 2.494777589134125719e+03
1.325302087090364789e-01 1.243235463778687990e+05 0.000000000000000000e+00 5.740589910779417551e+04 0.000000000000000000e+00 -6.567700577969811093e+03 6.180318500645305903e+04 0.000000000000000000e+00 4.223617170753605023e+04 0.000000000000000000e+00 -1.389948151057740915e+03
1.375062694904859717e-01 1.182507387539598712e+05 0.000000000000000000e+00 5.049671974656810926e+04 0.000000000000000000e+00 7.412195142555437997e+03 5.957614699049630144e+04 0.000000000000000000e+00 3.898104836325237557e+04 0.000000000000000000e+00 5.313322069693769663e+03
1.425134422753508989e-01 1.114741163371088478e+05 0.000000000000000000e+00 5.007642772125167539e+04 0.000000000000000000e+00 1.118421578038011148e+03 5.671116298713764263e+04 0.000000000000000000e+00 3.405583874064120027e+04 0.000000000000000000e+00 9.208702246112497960e+02
1.475259222195813014e-01 1.031169726183425228e+05 0.000000000000000000e+00 5.114795207070936885e+04 0.000000000000000000e+00 8.055597248166203826e+03 5.444814068978085561e+04 0.000000000000000000e+00 3.250795863137272681e+04 0.000000000000000000e+00 2.224167661396874792e+03
1.525299430011916868e-01 9.982134325329725107e+04 0.000000000000000000e+00 4.515843625295907987e+04 0.000000000000000000e+00 4.980008792695299235e+03 5.123116672303009545e+04 0.000000000000000000e+00 2.817800743997294558e+04 0.000000000000000000e+00 1.508080825160635641e+03
1.574945685492469272e-01 9.240200266914708482e+04 0.000000000000000000e+00 3.934452994702147407e+04 0.000000000000000000e+00 3.426939620657580690e+03 4.970017875197152171e+04 0.000000000000000000e+00 2.680686342864075414e+04 0.000000000000000000e+00 1.352638896752537676e+03
1.625189323163163113e-01 8.840642335766424367e+04 0.000000000000000000e+00 3.853357080291971215e+04 0.000000000000000000e+00 4.702289635036497202e+03 4.786369401459854271e+04 0.000000000000000000e+00 2.329345401459854111e+04 0.000000000000000000e+00 5.735685766423358700e+02
1.675461007718098694e-01 8.375292027334851446e+04 0.000000000000000000e+00 3.378334624145786074e+04 0.000000000000000000e+00 2.058429669703872378e+02 4.617675626423690119e+04 0.000000000000000000e+00 2.123191343963553300e+04 0.000000000000000000e+00 -4.032480424259680944e+02
1.725292014006662711e-01 8.146691788904638088e+04 0.000000000000000000e+00 3.549158954412104504e+04 0.000000000000000000e+00 6.691731944490226851e+03 4.447180406764017971e+04 0.000000000000000000e+00 1.993415934337607541e+04 0.000000000000000000e+00 1.374569799255035150e+03
1.775301965061671094e-01 7.705023321554770519e+04 0.000000000000000000e+00 3.170077536597678045e+04 0.000000000000000000e+00 2.365529530540131418e+03 4.310843816254416743e+04 0.000000000000000000e+00 1.794236446239273209e+04 0.000000000000000000e+00 6.487436900555275088e+02
1.825147654490652804e-01 7.449408656090284057e+04 0.000000000000000000e+00 3.093657218824780648e+04 0.000000000000000000e+00 3.472803332447044340e+03 4.229268386067535175e+04 0.000000000000000000e+00 1.721014056545244966e+04 0.000000000000000000e+00 -2.045241218352093142e+02
1.875360723572403465e-01 7.248244558659217728e+04 0.000000000000000000e+00 2.911874324022346264e+04 0.000000000000000000e+00 1.420600446927374378e+03 4.099862167597765074e+04 0.000000000000000000e+00 1.462078569832402172e+04 0.000000000000000000e+00 2.011268156424580980e+02
1.925323683450522461e-01 6.908714662097033579e+04 0.000000000000000000e+00 2.494630823605012120e+04 0.000000000000000000e+00 -9.738585198671950138e+02 4.013314426475312939e+04 0.000000000000000000e+00 1.509799550176716184e+04 0.000000000000000000e+00 -2.624277605226517949e+02
1.975198663583639380e-01 6.653722645756923885e+04 0.000000000000000000e+00 2.515883141520171921e+04 0.000000000000000000e+00 4.585230909320855062e+03 3.927466720627291943e+04 0.000000000000000000e+00 1.313054336663715549e+04 0.000000000000000000e+00 2.959411154673074407e+02
2.025153694923672032e-01 6.438234488082602184e+04 0.000000000000000000e+00 2.015774582649812146e+04 0.000000000000000000e+00 2.120179291710894631e+03 3.789662144166747021e+04 0.000000000000000000e+00 1.259311859500144783e+04 0.000000000000000000e+00 5.169857666698832190e+02
2.075088499274508613e-01 6.160586741166502907e+04 0.000000000000000000e+00 2.085796624607845297e+04 0.000000000000000000e+00 7.363283793995741462e+02 3.752924591815704480e+04 0.000000000000000000e+00 1.227671144289999756e+04 0.000000000000000000e+00 -7.434935995786485137e+02
2.125178062418619784e-01 6.044858090417175845e+04 0.000000000000000000e+00 1.996940478268458901e+04 0.000000000000000000e+00 3.358802234246814805e+03 3.658221120614418032e+04 0.000000000000000000e+00 1.144802234246814442e+04 0.000000000000000000e+00 9.491087449816722028e+02
2.175004174234404231e-01 5.773736217490110721e+04 0.000000000000000000e+00 1.728154330443565414e+04 0.000000000000000000e+00 1.107683696658530380e+03 3.560546351317228982e+04 0.000000000000000000e+00 1.095608854473529209e+04 0.000000000000000000e+00 -2.589585893443313012e+02
2.225093171556767890e-01 5.577711518685605552e+04 0.000000000000000000e+00 1.603168668859951504e+04 0.000000000000000000e+00 2.390117294773546746e+03 3.488860250980083219e+04 0.000000000000000000e+00 9.897687437205728202e+03 0.000000000000000000e+00 5.820847107030988354e+02
2.275289586476768322e-01 5.366677728455533361e+04 0.000000000000000000e+00 1.602743486912597655e+04 0.000000000000000000e+00 4.482970304607378011e+02 3.410895086484004423e+04 0.000000000000000000e+00 9.299652227154447246e+03 0.000000000000000000e+00 4.473866523802234951e+02
2.325285406108919262e-01 5.182334484201335727e+04 0.000000000000000000e+00 1.515039019154857851e+04 0.000000000000000000e+00 8.557027995561458056e+01 3.365108660615211556e+04 0.000000000000000000e+00 9.389718443599585953e+03 0.000000000000000000e+00 -4.952945627853674182e+02
2.375276552426477672e-01 5.046645582703463151e+04 0.000000000000000000e+00 1.343126342063631637e+04 0.000000000000000000e+00 2.038444717876604045e+03 3.311028356477412308e+04 0.000000000000000000e+00 8.777586500263667403e+03 0.000000000000000000e+00 -2.377181402706978588e+02
2.424991024241769377e-01 4.885299262235578499e+04 0.000000000000000000e+00 1.340984599800786782e+04 0.000000000000000000e+00 1.841503891411882023e+03 3.263647547819627653e+04 0.000000000000000000e+00 8.376029307987102584e+03 0.000000000000000000e+00 -1.547261695338746904e+03
2.474998551644826128e-01 4.737320576368876209e+04 0.000000000000000000e+00 1.291296829971181614e+04 0.000000000000000000e+00 2.747644700608389485e+03 3.197029317963496578e+04 0.000000000000000000e+00 7.740753890489913829e+03 0.000000000000000000e+00 -1.393480307396733906e+02
2.525200307756395035e-01 4.623023470460872340e+04 0.000000000000000000e+00 1.180459115372718952e+04 0.000000000000000000e+00 5.273785957315187716e+02 3.140921645530467140e+04 0.000000000000000000e+00 7.430318342097123605e+03 0.000000000000000000e+00 -6.506223940612434262e+02
2.575182250600202005e-01 4.495107452499813371e+04 0.000000000000000000e+00 1.033151031964831236e+04 0.000000000000000000e+00 1.274127293048208003e+03 3.092859202741971603e+04 0.000000000000000000e+00 7.339125251471574302e+03 0.000000000000000000e+00 -1.565268757916697666e+02
2.625255687975799335e-01 4.371199269698179705e+04 0.000000000000000000e+00 9.906742283334284366e+03 0.000000000000000000e+00 1.380673132880698404e+03 3.053048302618816524e+04 0.000000000000000000e+00 6.650850002852741454e+03 0.000000000000000000e+00 -8.097162663319450076e+02
2.675305520911575030e-01 4.268012869195398525e+04 0.000000000000000000e+00 9.602162466687837878e+03 0.000000000000000000e+00 3.853390038800899902e+02 2.994756371770618716e+04 0.000000000000000000e+00 6.068754201129506328e+03 0.000000000000000000e+00 -1.307356043136659082e+03
2.725404586615198799e-01 4.158197831490982207e+04 0.000000000000000000e+00 8.170771883429417358e+03 0.000000000000000000e+00 1.454551647537948838e+03 2.960591526947691091e+04 0.000000000000000000e+00 5.848942296503940270e+03 0.000000000000000000e+00 -1.049369968794626175e+03
2.775333197047151201e-01 4.051745092666787241e+04 0.000000000000000000e+00 8.069001783544859791e+03 0.000000000000000000e+00 1.043324217437382003e+03 2.904863504536407345e+04 0.000000000000000000e+00 5.514406389743324326e+03 0.000000000000000000e+00 -5.685326337012432987e+02
2.825123907298719983e-01 3.970554782930896181e+04 0.000000000000000000e+00 7.352206805409745357e+03 0.000000000000000000e+00 1.227324300623726458e+03 2.878327217933675274e+04 0.000000000000000000e+00 5.563934243191502901e+03 0.000000000000000000e+00 -3.146154758228864239e+02
2.875104651677040102e-01 3.853897720743152604e+04 0.000000000000000000e+00 6.927824554683010319e+03 0.000000000000000000e+00 4.516854050948094255e+02 2.819323194790269918e+04 0.000000000000000000e+00 5.019796590691438723e+03 0.000000000000000000e+00 -9.634226201877035010e+02
2.924971317655564174e-01 3.748594426013478369e+04 0.000000000000000000e+00 5.913553318151868552e+03 0.000000000000000000e+00 8.254113444843888203e+01 2.817471920840605890e+04 0.000000000000000000e+00 5.264887214047093039e+03 0.000000000000000000e+00 -1.459633841565617331e+03
2.975058823671092867e-01 3.676744871681022778e+04 0.000000000000000000e+00 6.434870082585915952e+03 0.000000000000000000e+00 8.213679957375011327e+02 2.780714181689015095e+04 0.000000000000000000e+00 5.088691235236657121e+03 0.000000000000000000e+00 -4.840146967409643821e+02
3.025121359101998753e-01 3.604460300030262442e+04 0.000000000000000000e+00 6.425598201547706594e+03 0.000000000000000000e+00 6.176268211491072861e+02 2.743209995244477250e+04 0.000000000000000000e+00 4.859557476978946397e+03 0.000000000000000000e+00 -7.412663525139423655e+02
3.075010376196579687e-01 3.522815505042587756e+04 0.000000000000000000e+00 4.947638438626744573e+03 0.000000000000000000e+00 6.266193865287140170e+02 2.679063477034018069e+04 0.000000000000000000e+00 4.393060730522025551e+03 0.000000000000000000e+00 -4.276916967131734850e+02
3.125134169243361515e-01 3.436281616730344103e+04 0.000000000000000000e+00 4.440701709229841072e+03 0.000000000000000000e+00 2.001071988739191738e+02 2.649917361753468867e+04 0.000000000000000000e+00 4.267329016690126991e+03 0.000000000000000000e+00 -1.139367303438568342e+03
3.175159688234982513e-01 3.362477295635174232e+04 0.000000000000000000e+00 4.118824807694197261e+03 0.000000000000000000e+00 8.871410046074799993e+01 2.628823813500211327e+04 0.000000000000000000e+00 4.351446395064396711e+03 0.000000000000000000e+00 -9.923220716959259562e+02
3.225221380836135188e-01 3.263301884085331403e+04 0.000000000000000000e+00 3.703007438172550792e+03 0.000000000000000000e+00 7.727377760996790812e+02 2.586751444213706054e+04 0.000000000000000000e+00 3.687700962809137309e+03 0.000000000000000000e+00 -9.304687936567869428e+02
3.275181733526948968e-01 3.242353735653461626e+04 0.000000000000000000e+00 3.682272935949648399e+03 0.000000000000000000e+00 1.398694002221399444e+02 2.581014320621992010e+04 0.000000000000000000e+00 3.547079452054794729e+03 0.000000000000000000e+00 -1.714169418733802331e+03
3.325123842131759710e-01 3.184310984993373131e+04 0.000000000000000000e+00 3.162651912077355064e+03 0.000000000000000000e+00 6.882771111130879262e+02 2.549731261286104564e+04 0.000000000000000000e+00 3.394563882686782563e+03 0.000000000000000000e+00 -8.304342581638009051e+02
3.374959366892091861e-01 3.128225512384823014e+04 0.000000000000000000e+00 2.696679395999019107e+03 0.000000000000000000e+00 -1.041197382020110140e+01 2.524040668465122872e+04 0.000000000000000000e+00 3.223433556388607030e+03 0.000000000000000000e+00 -1.104829134989314525e+03
3.424919221947719805e-01 3.054624113877105628e+04 0.000000000000000000e+00 2.321096500512547209e+03 0.000000000000000000e+00 -2.597478102159364539e+02 2.492376094475327045e+04 0.000000000000000000e+00 3.236699630799490023e+03 0.000000000000000000e+00 -1.256484777771295740e+03
3.475179778446125245e-01 3.020374476426960973e+04 0.000000000000000000e+00 2.222832423955304421e+03 0.000000000000000000e+00 4.443075440258764388e+02 2.464783297938379837e+04 0.000000000000000000e+00 3.024446956578560275e+03 0.000000000000000000e+00 -6.807464958996307587e+02
3.525052850529177828e-01 2.949107124381286849e+04 0.000000000000000000e+00 2.528518090372026109e+03 0.000000000000000000e+00 4.055471419447549408e+01 2.450099032412581801e+04 0.000000000000000000e+00 3.065186907232955491e+03 0.000000000000000000e+00 -1.190754718186172795e+03
3.575133254796376558e-01 2.929325486889807144e+04 0.000000000000000000e+00 2.149871159108154188e+03 0.000000000000000000e+00 4.336704095162909880e+02 2.412490426224984913e+04 0.000000000000000000e+00 2.674722566700646439e+03 0.000000000000000000e+00 -7.503820465850649271e+02
3.625250227669692404e-01 2.877366950760427426e+04 0.000000000000000000e+00 1.660533534106309162e+03 0.000000000000000000e+00 2.830214425538322303e+02 2.411185207047131189e+04 0.000000000000000000e+00 2.835824966119560031e+03 0.000000000000000000e+00 -1.050511549465441931e+03
3.675230446100045678e-01 2.813186536316514685e+04 0.000000000000000000e+00 8.582780657437176615e+02 0.000000000000000000e+00 1.019995946606011557e+03 2.363394224642594054e+04 0.000000000000000000e+00 2.394144682836501033e+03 0.000000000000000000e+00 -1.952806246309297364e+02
3.725177060730277545e-01 2.765999931385442324e+04 0.000000000000000000e+00 1.336660872548459110e+03 0.000000000000000000e+00 7.724012808050774765e+02 2.353268545943164281e+04 0.000000000000000000e+00 2.325839327577334643e+03 0.000000000000000000e+00 -7.877227971868031773e+02
3.775163034622419089e-01 2.727132318767626930e+04 0.000000000000000000e+00 1.116456016714820635e+03 0.000000000000000000e+00 3.789092062528874862e+02 2.343217404375917977e+04 0.000000000000000000e+00 2.458021059019038603e+03 0.000000000000000000e+00 -8.902218023596582270e+02
3.825226892977953153e-01 2.706991913513513646e+04 0.000000000000000000e+00 1.117186918918918991e+03 0.000000000000000000e+00 1.111536756756756859e+03 2.316440562162162314e+04 0.000000000000000000e+00 2.396145729729729737e+03 0.000000000000000000e+00 -4.654956216216216376e+02
3.875130067694269043e-01 2.673116796628029624e+04 0.000000000000000000e+00 8.855534246575342650e+02 0.000000000000000000e+00 3.584330347734457405e+02 2.300915827186512252e+04 0.000000000000000000e+00 2.538126027397260259e+03 0.000000000000000000e+00 -5.095357744994731775e+02
3.924957861003909865e-01 2.627155161072313786e+04 0.000000000000000000e+00 7.601683261995945031e+02 0.000000000000000000e+00 1.600719853248801201e+03 2.288270413542303868e+04 0.000000000000000000e+00 1.940585949216361541e+03 0.000000000000000000e+00 5.903304476555209135e+01
3.975064703251052212e-01 2.603429755281581311e+04 0.000000000000000000e+00 6.516028994486091506e+02 0.000000000000000000e+00 7.418867728145716001e+02 2.266622033331268176e+04 0.000000000000000000e+00 2.158897119137599930e+03 0.000000000000000000e+00 -2.709505297069574681e+01
