3.798113400606732779e-03 4.497327302631578698e-05 -2.544088842105262913e+06 -1.124331825657894708e-04 -4.951899789473683573e+06 1.517847964638157938e-04
8.299341265228576958e-03 -3.814697265625000000e-06 -2.001527125000000000e+06 3.623962402343750000e-05 -1.425104125000000000e+06 -5.960464477539062500e-05
1.293222767532251419e-02 -6.220143312101911141e-06 -1.360254573248407803e+06 3.110071656050955570e-06 -3.965796815286624042e+04 -1.166276871019108360e-05
1.764839556552980082e-02 -2.565775832084760195e-05 -9.983186849315067520e+05 1.912312964870504996e-04 -2.615826575342465658e+05 -6.151199340820312500e-05
2.256548662787912635e-02 -4.231501617143194790e-05 -7.861532551984877791e+05 1.237865657121337373e-04 -3.646698676748582511e+04 -1.235449922558040062e-04
2.777643688250242340e-02 3.126190929878048592e-06 -6.087871999999999534e+05 -2.567942549542682836e-05 -1.610309560975609638e+05 1.321187833460365757e-06
3.269804980233311648e-02 1.123046874999999981e-05 -4.082965119999999879e+05 -7.983398437500000314e-05 -6.527381999999999971e+04 5.230712890624999902e-05
3.761648458559932462e-02 1.382859912339851665e-05 -3.005976857720835833e+05 -3.523000252865812309e-05 -4.339861092380309856e+04 3.728782977916385468e-05
4.263843696389812976e-02 -2.720526286533900428e-05 -2.345136964285714203e+05 4.512497356959751577e-05 -2.120271875000000000e+04 -6.484240293502807617e-05
4.756514582339458480e-02 -2.273180263301351897e-05 -1.875121151330135181e+05 4.493124454862625679e-05 -1.877658089838639353e+04 -3.548184181476232198e-05
5.262096060748640974e-02 7.029329792837078880e-06 -1.568650337078651646e+05 -1.483017139220505513e-05 -1.130558216292134784e+04 2.372398805082514037e-05
5.756031740041873956e-02 -1.102862971844059369e-05 -1.359421188118811988e+05 1.760048441367574127e-05 -2.070010396039604166e+04 -2.521099430499690631e-05
6.254738279606215923e-02 -2.994120983566347661e-06 -1.130569732646553748e+05 -1.515025217684571896e-05 -1.347912288447387618e+04 3.518092155690458332e-06
6.757793472572401483e-02 -4.076161577328646132e-06 -9.534430228471000737e+04 1.729686985116432222e-05 -9.865985940246044265e+03 -1.399169278270540277e-05
7.255917516659465827e-02 1.452947740375674205e-06 -8.422821350195276318e+04 -8.536067974707086561e-06 -1.164347480007439117e+04 7.128524851218151705e-06
7.753384299139773339e-02 4.342139505565785240e-07 -7.075908670907265332e+04 -8.686833210840727180e-06 -1.013957080682959531e+04 -1.906071532957921967e-06
8.251793356505521260e-02 3.499722262041284598e-07 -5.835704128440367640e+04 3.184747258457569196e-06 -1.885180762614678997e+03 4.015931295692373706e-06
8.752751931716111489e-02 1.392016003628353075e-06 -5.265277180251393293e+04 -3.859680737333160481e-06 -9.611189840611637919e+03 6.817714745043410844e-06
9.254701955136974967e-02 8.206641337169553170e-07 -4.351815496809480101e+04 5.403864677102324679e-06 -6.970912488605286853e+03 -3.378284770788229311e-06
9.754963178921903511e-02 -1.942289071495865239e-06 -3.724198722914268001e+04 1.635611849680728566e-06 -4.865015806552914910e+03 -8.561405775672563831e-06
1.025319613041059119e-01 7.042518028846154237e-07 -3.237907091932457843e+04 -1.073554577568011249e-06 -3.972171857410881785e+03 1.509918728196822232e-05
1.075116003998943526e-01 2.602722462418159876e-06 -2.835312749827704829e+04 -5.468346183666437203e-06 -3.554019641626464363e+03 4.700674507882494519e-06
1.125102861506304813e-01 -2.152530728844593081e-07 -2.602379160547267747e+04 4.274690133706858752e-06 -4.602777769189147875e+03 2.434497510962078460e-06
1.175500852175193622e-01 -3.645962967572180531e-07 -2.306019627364528787e+04 2.682387040428104358e-06 -3.558096145640733994e+03 -3.363834880795762030e-07
1.225369446564099490e-01 -6.849029450099304961e-07 -2.022125018205892047e+04 -1.398090967394902385e-06 -3.745821648460774668e+03 -3.151765764647467695e-07
1.275260957852891452e-01 -1.424844479520373408e-06 -1.789253456221198212e+04 -6.933626317873817456e-06 -3.082865631821488932e+03 -3.805907640588997522e-06
1.325302087090364789e-01 6.027825318444531210e-07 -1.667158520846192550e+04 6.849801498232422215e-07 -2.326702205263453379e+03 5.411343183603613486e-07
1.375062694904859717e-01 -7.959706226900738573e-07 -1.475071087645195257e+04 2.608656757358764460e-06 -2.660623442449841605e+03 -2.428596601315007934e-06
1.425134422753508989e-01 2.284863787435208294e-07 -1.357923747360337802e+04 2.639310605742464730e-06 -1.919742752927625133e+03 -6.290698696816806898e-07
1.475259222195813014e-01 5.839620398423618591e-07 -1.172900378149346216e+04 -2.655636895473597867e-06 -1.786566312816073605e+03 3.095694004069092181e-06
1.525299430011916868e-01 5.418237577147446389e-08 -1.092761176868447728e+04 -7.753239961584798911e-07 -2.048436422049374414e+03 -8.030602123272108596e-08
1.574945685492469272e-01 7.010144528248473064e-07 -9.915401949286204399e+03 -2.957096177761151461e-06 -1.718281716342459504e+03 3.506306444498928108e-06
1.625189323163163113e-01 -1.149421190693430676e-06 -8.750189197080293525e+03 -3.434898209397810395e-06 -1.907102481751825053e+03 -2.141799369867701096e-06
1.675461007718098694e-01 -5.039918938638952422e-07 -8.149470387243735786e+03 1.807419205580865492e-06 -1.396219390660592126e+03 -2.719818323782744698e-06
1.725292014006662711e-01 -1.384190509938359195e-06 -7.460111678808057150e+03 1.754380995154431973e-06 -1.368246168045621062e+03 -2.345881009575765875e-06
1.775301965061671094e-01 -1.274775158931726444e-06 -6.712056537102473158e+03 1.877501178184944412e-06 -1.191213907117617282e+03 -2.758001089697832468e-06
1.825147654490652804e-01 -1.939523765588532830e-07 -6.143798635114774697e+03 -1.718580340693918180e-06 -1.245506809654642666e+03 3.596881196017723002e-07
1.875360723572403465e-01 -3.290442781075418912e-07 -5.143674189944134014e+03 2.766188296525837824e-06 -1.094442793296089349e+03 -8.155780131590432935e-07
1.925323683450522461e-01 2.384951835502402999e-07 -4.862070900717574659e+03 -1.799029942382080295e-06 -1.266121666488165374e+03 1.981565576173182101e-06
1.975198663583639380e-01 4.168329881750347467e-07 -4.515902162640697497e+03 -3.319225646578980675e-07 -9.808320728468445395e+02 3.245893917177816864e-07
2.025153694923672032e-01 -3.018480901102480346e-07 -4.038215188651935023e+03 1.755872426616930649e-06 -7.272143201775547823e+02 -1.534087701871290931e-06
2.075088499274508613e-01 -2.999218261092591055e-07 -3.582794568229178822e+03 1.627802316497535177e-07 -9.524738372758707783e+02 -1.388211272034685281e-06
2.125178062418619784e-01 -4.048413226566591113e-07 -3.444047477744807111e+03 7.590774799812358999e-07 -6.222353813929132684e+02 -2.474992099201976965e-06
2.175004174234404231e-01 2.337429180519316671e-07 -2.978977190472182428e+03 -3.788690155237353779e-07 -5.279400303004797479e+02 1.883107437327718741e-06
2.225093171556767890e-01 4.328649209038435326e-07 -2.794256062725320589e+03 -1.019637369240164627e-06 -4.981382951478497603e+02 6.090168956605464640e-07
2.275289586476768322e-01 7.987916515192102076e-07 -2.572542476656972212e+03 -6.936874868456298893e-07 -7.421412061839889702e+02 1.475545689611874294e-06
2.325285406108919262e-01 -2.353783334546050134e-07 -2.475820202644934852e+03 2.504780756007494762e-06 -5.458606588688993497e+02 -1.103613506857912218e-06
2.375276552426477672e-01 4.438969221029618866e-08 -2.134651995078221262e+03 -2.697579029637787716e-07 -4.496106169801371379e+02 -1.348973913087139198e-06
2.424991024241769377e-01 6.027985482121452233e-07 -1.881412185774821410e+03 -5.342752944410210108e-07 -4.498313777792784549e+02 2.394449788731577039e-07
2.474998551644826128e-01 2.355022839617355096e-07 -1.726005251360870943e+03 -2.741012060218540125e-07 -5.824926032660903275e+02 6.291868592774375149e-07
2.525200307756395035e-01 5.821749554158290200e-07 -1.423061305289205166e+03 -1.234555443558131024e-06 -4.197013300340241813e+02 1.263021132247646407e-06
2.575182250600202005e-01 2.740579020576428882e-07 -1.321808032188361494e+03 -4.832253052148918175e-07 -4.071089784665822435e+02 8.680987274599682576e-07
2.625255687975799335e-01 -1.815175169470673687e-07 -1.103740058195926167e+03 -1.455404839118752484e-06 -3.143115478975295218e+02 -7.916906089867596867e-08
2.675305520911575030e-01 3.640820687369685324e-07 -9.855382278620841134e+02 -4.011645016638819734e-07 -4.467847447563551668e+02 8.183418720916584101e-07
2.725404586615198799e-01 3.002205284418469355e-07 -8.658536520865287685e+02 4.890689253649441877e-07 -2.961304807743163678e+02 7.872718427285528303e-07
2.775333197047151201e-01 -1.626967841466448570e-07 -7.493929743841600839e+02 -4.562412243918337960e-07 -1.694416212164292972e+02 -3.625426673401069711e-07
2.825123907298719983e-01 -1.598153909096523367e-07 -6.436936948063978434e+02 9.031077278762428305e-07 -3.394061878589513981e+02 -6.637615646035323805e-07
2.875104651677040102e-01 2.352676727698237905e-07 -5.172005362957287389e+02 3.704369878704989391e-07 -2.623317132733192807e+02 -2.668680667055221495e-07
2.924971317655564174e-01 9.454173481949854158e-08 -5.036396675490411212e+02 -1.820281162942583900e-07 -2.494078303991492191e+02 -1.739144599478088796e-07
2.975058823671092867e-01 2.547422381449249372e-07 -4.535043957019802860e+02 -8.482374525463990364e-07 -2.520038628896190289e+02 1.226963280001221061e-06
3.025121359101998753e-01 -3.298341849141844241e-10 -3.259008473477151711e+02 -1.205543945861344202e-07 -1.848826682806623012e+02 1.018734109380572797e-06
3.075010376196579687e-01 2.270838232220306457e-07 -3.584269216700632796e+02 -4.733039236818728247e-07 -2.834943826096044290e+02 3.434961764187176853e-07
3.125134169243361515e-01 2.028931081354941799e-07 -1.400992157651317029e+02 -2.973592187853471171e-07 -3.083374019706414515e+02 -6.789631846443450788e-08
3.175159688234982513e-01 2.806186512068846848e-07 -1.363941409358391184e+02 -4.868853520939964786e-07 -2.288429821889951086e+02 3.022047012997219723e-07
3.225221380836135188e-01 1.333739727381064869e-07 -8.732045497451387916e+01 -1.940115996525155946e-07 -2.172106097791202615e+02 -2.363211077430326340e-07
3.275181733526948968e-01 3.581663186088485742e-07 1.823005368382080826e+00 -7.507934344340058958e-07 -1.626742502776749291e+02 1.112773037980724693e-06
3.325123842131759710e-01 7.546800500591548237e-08 -3.293346424473166678e+01 -5.014007382946974863e-07 -2.134713610930731136e+02 6.282439949098557948e-07
3.374959366892091861e-01 1.905811687902901092e-07 1.386472777914024448e+02 3.430728332992108622e-07 -2.342550362610797947e+02 5.326850585595363135e-07
3.424919221947719805e-01 4.015336944623569866e-07 1.444530581970014111e+02 -1.182887107669114590e-06 -1.414870529798564860e+02 1.546437240654123857e-06
3.475179778446125245e-01 -3.770981610189381293e-07 9.824328584964223410e+01 1.003567184022988244e-06 -1.806058581370274680e+02 -1.493808425278650716e-06
3.525052850529177828e-01 1.744418484552131603e-07 1.801097716749161748e+02 -2.441211342906753725e-07 -1.939493214114641546e+02 -3.264693811871307826e-08
3.575133254796376558e-01 -2.675852057162127843e-07 1.589686290440021139e+02 6.015989065577791788e-07 -3.054379593932751504e+02 -6.691969174423818265e-07
3.625250227669692404e-01 -7.295084365824047569e-08 1.877369221502785592e+02 4.764207065365720197e-07 -2.194642824875771510e+02 -3.987309301210049129e-07
3.675230446100045678e-01 1.156904302356946571e-07 2.568929422828773568e+02 5.695528873141890759e-08 -1.383784236963162186e+02 2.669779159285261190e-09
3.725177060730277545e-01 4.755011743989079165e-08 3.127232546171879903e+02 -3.465923697797544431e-07 -2.076365000857682048e+02 2.928803678551071505e-07
3.775163034622419089e-01 8.333248934637052106e-08 2.602398549175636617e+02 -2.899802280790368427e-07 -1.434610159907875300e+02 1.918120304020624528e-07
3.825226892977953153e-01 7.299474767736485780e-08 2.999171621621621853e+02 4.350816881334459622e-08 -2.256226891891891739e+02 1.164513665276604773e-07
3.875130067694269043e-01 -1.640038445073761837e-07 2.613131190727081048e+02 5.113061034641728796e-07 -2.788344836670179347e+02 2.291230180617755609e-07
3.924957861003909865e-01 -1.693183943858012011e-07 2.689617867602098613e+02 6.456491442530492728e-07 -2.759424838284040788e+02 -3.479178724545828012e-07
3.975064703251052212e-01 1.368857354717799516e-07 2.975426553497305235e+02 -6.995541729911406549e-08 -3.247358899696425283e+02 4.574517085275850709e-07
