3.798113400606732779e-03 6.399590526315788738e+05 0.000000000000000000e+00 4.051606315789473243e+06 0.000000000000000000e+00 8.405146947368420660e+06 2.087560084210526347e+08 0.000000000000000000e+00 9.408171385263156891e+08 0.000000000000000000e+00 1.531611674947368383e+09
8.299341265228576958e-03 9.815526250000000000e+05 0.000000000000000000e+00 1.465498000000000000e+06 0.000000000000000000e+00 3.824319062500000000e+05 3.779183200000000000e+07 0.000000000000000000e+00 8.342468800000000000e+07 0.000000000000000000e+00 3.099873800000000000e+07
1.293222767532251419e-02 8.468937579617834417e+05 0.000000000000000000e+00 5.940359745222930796e+05 0.000000000000000000e+00 5.628931847133758129e+04 1.359469900636942685e+07 0.000000000000000000e+00 2.599640377070063725e+07 0.000000000000000000e+00 -4.771580738853503019e+06
1.764839556552980082e-02 9.245710684931506403e+05 0.000000000000000000e+00 1.032013589041095809e+06 0.000000000000000000e+00 5.443139726027396973e+05 8.045281315068492666e+06 0.000000000000000000e+00 1.812197523287671059e+07 0.000000000000000000e+00 3.311365041095890105e+06
2.256548662787912635e-02 9.681841965973535553e+05 0.000000000000000000e+00 6.556429792060491163e+05 0.000000000000000000e+00 -5.938656786389413755e+05 4.559284990548204631e+06 0.000000000000000000e+00 8.032441345935728401e+06 0.000000000000000000e+00 -3.471685928166351747e+06
2.777643688250242340e-02 8.032074926829268225e+05 0.000000000000000000e+00 6.871626146341463318e+05 0.000000000000000000e+00 2.628324878048780374e+05 2.628049795121951029e+06 0.000000000000000000e+00 5.426456351219512522e+06 0.000000000000000000e+00 5.405610926829267992e+05
3.269804980233311648e-02 6.841634560000000056e+05 0.000000000000000000e+00 4.522702079999999842e+05 0.000000000000000000e+00 -1.157700240000000049e+05 1.593058304000000004e+06 0.000000000000000000e+00 2.885305344000000041e+06 0.000000000000000000e+00 -4.983886080000000075e+05
3.761648458559932462e-02 5.874935886716116220e+05 0.000000000000000000e+00 4.897759028995279805e+05 0.000000000000000000e+00 7.684087929871880624e+04 1.074236590694538085e+06 0.000000000000000000e+00 2.022706923803101759e+06 0.000000000000000000e+00 -1.311912178017531987e+05
4.263843696389812976e-02 4.900979642857142608e+05 0.000000000000000000e+00 3.338126428571428405e+05 0.000000000000000000e+00 3.390835937500000000e+04 7.674562142857142026e+05 0.000000000000000000e+00 1.441367142857142724e+06 0.000000000000000000e+00 5.843081696428571013e+04
4.756514582339458480e-02 4.240880593109463807e+05 0.000000000000000000e+00 2.484127204535542987e+05 0.000000000000000000e+00 -2.285265939816833998e+04 5.341367431312691187e+05 0.000000000000000000e+00 8.903779921500218334e+05 0.000000000000000000e+00 -1.473166402093327488e+05
5.262096060748640974e-02 3.876089438202247256e+05 0.000000000000000000e+00 2.665013033707864815e+05 0.000000000000000000e+00 2.273844943820224580e+04 4.062543370786516462e+05 0.000000000000000000e+00 6.781234606741572497e+05 0.000000000000000000e+00 -5.039839887640448978e+03
5.756031740041873956e-02 3.554262574257425731e+05 0.000000000000000000e+00 2.090755247524752631e+05 0.000000000000000000e+00 -1.911933539603960526e+04 3.317277623762376024e+05 0.000000000000000000e+00 5.324526336633663159e+05 0.000000000000000000e+00 -2.949045544554455410e+04
6.254738279606215923e-02 3.338516595535933156e+05 0.000000000000000000e+00 2.271090625459896692e+05 0.000000000000000000e+00 4.033636104979150696e+04 2.617615383860681613e+05 0.000000000000000000e+00 3.913138641157713719e+05 0.000000000000000000e+00 -1.288972577875888965e+04
6.757793472572401483e-02 3.018472548330404097e+05 0.000000000000000000e+00 1.920681476274165034e+05 0.000000000000000000e+00 -1.462713181019332114e+04 2.181616168717047258e+05 0.000000000000000000e+00 3.233923093145869789e+05 0.000000000000000000e+00 -1.394464147627416423e+04
7.255917516659465827e-02 2.791113676771433675e+05 0.000000000000000000e+00 1.843548506602194684e+05 0.000000000000000000e+00 -3.848782592523712083e+03 1.838239137065278192e+05 0.000000000000000000e+00 2.569368733494513726e+05 0.000000000000000000e+00 -8.012403198809745845e+03
7.753384299139773339e-02 2.482623421493137139e+05 0.000000000000000000e+00 1.408993639102778689e+05 0.000000000000000000e+00 -3.825522263140274845e+03 1.576413418145296455e+05 0.000000000000000000e+00 2.056649963173753058e+05 0.000000000000000000e+00 4.670969534650151218e+03
8.251793356505521260e-02 2.369355779816513823e+05 0.000000000000000000e+00 1.529881100917431177e+05 0.000000000000000000e+00 -8.182731508027522977e+02 1.368698348623853235e+05 0.000000000000000000e+00 1.664902935779816471e+05 0.000000000000000000e+00 -1.075161926605504595e+04
8.752751931716111489e-02 2.064299308021251927e+05 0.000000000000000000e+00 1.300551986523260421e+05 0.000000000000000000e+00 2.104585097835946726e+04 1.203291227160813869e+05 0.000000000000000000e+00 1.412355184657250356e+05 0.000000000000000000e+00 5.232107295581185099e+03
9.254701955136974967e-02 1.901702971741112124e+05 0.000000000000000000e+00 1.072900711030082020e+05 0.000000000000000000e+00 2.485997493163172294e+03 1.062258304466727423e+05 0.000000000000000000e+00 1.173767073837739299e+05 0.000000000000000000e+00 1.726362465815861469e+03
9.754963178921903511e-02 1.723731904113891069e+05 0.000000000000000000e+00 9.389708447608081042e+04 0.000000000000000000e+00 -8.566930597717993805e+03 9.748789113367527898e+04 0.000000000000000000e+00 1.061836708887260611e+05 0.000000000000000000e+00 7.223645765728043443e+03
1.025319613041059119e-01 1.553571302063789917e+05 0.000000000000000000e+00 8.619687504690431524e+04 0.000000000000000000e+00 9.670761726078799256e+03 8.685941313320826157e+04 0.000000000000000000e+00 8.811249230769230053e+04 0.000000000000000000e+00 6.865843151969981591e+03
1.075116003998943526e-01 1.478491853893866355e+05 0.000000000000000000e+00 7.746524603721570747e+04 0.000000000000000000e+00 -3.117475878704341994e+03 7.994572019297035877e+04 0.000000000000000000e+00 7.266418745692625816e+04 0.000000000000000000e+00 -6.711377929014471988e+01
1.125102861506304813e-01 1.369738814253690944e+05 0.000000000000000000e+00 7.236820406585761521e+04 0.000000000000000000e+00 1.684640952307335465e+04 7.361314431475613674e+04 0.000000000000000000e+00 6.438094766947515018e+04 0.000000000000000000e+00 4.967725747854990004e+03
1.175500852175193622e-01 1.313996552410752338e+05 0.000000000000000000e+00 6.679997041672593332e+04 0.000000000000000000e+00 2.680983359408334763e+03 6.967884625231119571e+04 0.000000000000000000e+00 5.557923026596501586e+04 0.000000000000000000e+00 9.069178210780828522e+03
1.225369446564099490e-01 1.224456474015226850e+05 0.000000000000000000e+00 5.495214988414432446e+04 0.000000000000000000e+00 5.699481231380337704e+03 6.476293677590202424e+04 0.000000000000000000e+00 5.127018179410791345e+04 0.000000000000000000e+00 5.556691426679907636e+03
1.275260957852891452e-01 1.207100383216104674e+05 0.000000000000000000e+00 5.749661508610234887e+04 0.000000000000000000e+00 1.706920082464225061e+03 6.130282997817123396e+04 0.000000000000000000e+00 4.200880135823429737e+04 0.000000000000000000e+00 3.032200097016735072e+03
1.325302087090364789e-01 1.112208167891813064e+05 0.000000000000000000e+00 5.015682262499298668e+04 0.000000000000000000e+00 -5.111539756467089468e+00 5.752728758206609928e+04 0.000000000000000000e+00 3.725020144773020729e+04 0.000000000000000000e+00 2.181248190337242704e+03
1.375062694904859717e-01 1.065090365364308382e+05 0.000000000000000000e+00 4.799688447729672771e+04 0.000000000000000000e+00 8.662877296726504937e+03 5.585892967265047628e+04 0.000000000000000000e+00 3.405912734952481696e+04 0.000000000000000000e+00 4.760375079197465311e+03
1.425134422753508989e-01 1.004026999424073729e+05 0.000000000000000000e+00 4.416871414858898061e+04 0.000000000000000000e+00 7.977443847187560095e+02 5.180226223843348271e+04 0.000000000000000000e+00 3.090038625455941656e+04 0.000000000000000000e+00 -1.450473987329621878e+03
1.475259222195813014e-01 9.475245924643491162e+04 0.000000000000000000e+00 4.041843327714246698e+04 0.000000000000000000e+00 1.954740899357601620e+03 5.010254972891703801e+04 0.000000000000000000e+00 2.856675821221923616e+04 0.000000000000000000e+00 1.567513964189712624e+03
1.525299430011916868e-01 8.908230774433547049e+04 0.000000000000000000e+00 3.964394994927290827e+04 0.000000000000000000e+00 8.487439296584376279e+03 4.763814135948596231e+04 0.000000000000000000e+00 2.503762732499154299e+04 0.000000000000000000e+00 1.911477849171457592e+03
1.574945685492469272e-01 8.394075075828041008e+04 0.000000000000000000e+00 3.812212917054232094e+04 0.000000000000000000e+00 9.020677801593399181e+02 4.578446168156265776e+04 0.000000000000000000e+00 2.258901055526347409e+04 0.000000000000000000e+00 9.176461358029683879e+02
1.625189323163163113e-01 8.018803854014599347e+04 0.000000000000000000e+00 3.310699211678832216e+04 0.000000000000000000e+00 6.794778394160584867e+03 4.432566656934306957e+04 0.000000000000000000e+00 2.130398364963503991e+04 0.000000000000000000e+00 2.385771386861314113e+03
1.675461007718098694e-01 7.626392255125285010e+04 0.000000000000000000e+00 3.227705239179954151e+04 0.000000000000000000e+00 7.346804527334851400e+02 4.248081548974943144e+04 0.000000000000000000e+00 1.996862186788154941e+04 0.000000000000000000e+00 1.652103075170842658e+03
1.725292014006662711e-01 7.279062161716715491e+04 0.000000000000000000e+00 3.060950997132214980e+04 0.000000000000000000e+00 5.654141147773346347e+03 4.101496021360055602e+04 0.000000000000000000e+00 1.682567109470284049e+04 0.000000000000000000e+00 5.883966113986222126e+02
1.775301965061671094e-01 6.963466532054517302e+04 0.000000000000000000e+00 2.504192226148409827e+04 0.000000000000000000e+00 9.580242932862190628e+02 4.009289853609288548e+04 0.000000000000000000e+00 1.539295911155981776e+04 0.000000000000000000e+00 1.244980060575466950e+03
1.825147654490652804e-01 6.755769588466425193e+04 0.000000000000000000e+00 2.475642482791220027e+04 0.000000000000000000e+00 3.792455611687199166e+02 3.895981706992821273e+04 0.000000000000000000e+00 1.472762917663741973e+04 0.000000000000000000e+00 -2.079542379390823896e+02
1.875360723572403465e-01 6.449109810055865819e+04 0.000000000000000000e+00 2.313166122905027805e+04 0.000000000000000000e+00 1.346220335195530652e+03 3.793502748603351938e+04 0.000000000000000000e+00 1.480423418994413441e+04 0.000000000000000000e+00 2.114027486033519381e+03
1.925323683450522461e-01 6.230613516118667758e+04 0.000000000000000000e+00 2.069566327514190925e+04 0.000000000000000000e+00 2.595388454535718211e+03 3.691610067473492381e+04 0.000000000000000000e+00 1.238854364356859696e+04 0.000000000000000000e+00 5.141006211845345888e+02
1.975198663583639380e-01 6.020317713418489438e+04 0.000000000000000000e+00 2.006503037814594427e+04 0.000000000000000000e+00 4.891299355001896402e+03 3.578549113443783426e+04 0.000000000000000000e+00 1.261981252055140976e+04 0.000000000000000000e+00 1.362898090299734349e+03
2.025153694923672032e-01 5.761245662452957913e+04 0.000000000000000000e+00 1.846280961111647412e+04 0.000000000000000000e+00 1.776015053555920304e+03 3.518316472064074333e+04 0.000000000000000000e+00 1.164006407410981410e+04 0.000000000000000000e+00 -5.494493872430763304e+02
2.075088499274508613e-01 5.548072051111773180e+04 0.000000000000000000e+00 1.540889582999381855e+04 0.000000000000000000e+00 7.380162586732006957e+02 3.446575795186516916e+04 0.000000000000000000e+00 1.006102086148068520e+04 0.000000000000000000e+00 -8.122264306487439853e+02
2.125178062418619784e-01 5.342109827194973332e+04 0.000000000000000000e+00 1.703366451387676716e+04 0.000000000000000000e+00 2.711579682318031246e+03 3.375393960551579949e+04 0.000000000000000000e+00 9.749482981323093554e+03 0.000000000000000000e+00 5.692078460464305181e+02
2.175004174234404231e-01 5.163903644474370958e+04 0.000000000000000000e+00 1.562401952697584420e+04 0.000000000000000000e+00 1.277453833852369371e+03 3.274377577644979465e+04 0.000000000000000000e+00 9.178593721067250954e+03 0.000000000000000000e+00 -7.037466964060264445e+02
2.225093171556767890e-01 4.964541061050807184e+04 0.000000000000000000e+00 1.450917609976162930e+04 0.000000000000000000e+00 2.659184492031283753e+03 3.193684096057997522e+04 0.000000000000000000e+00 8.565401627233506588e+03 0.000000000000000000e+00 1.337482122101613413e+02
2.275289586476768322e-01 4.829500443900199025e+04 0.000000000000000000e+00 1.205477299862237851e+04 0.000000000000000000e+00 7.902818000918414327e+02 3.160441083728761805e+04 0.000000000000000000e+00 8.487908770855656257e+03 0.000000000000000000e+00 -5.983558855043625044e+02
2.325285406108919262e-01 4.665965910537901073e+04 0.000000000000000000e+00 1.268769468648245493e+04 0.000000000000000000e+00 3.131965437578448018e+03 3.066860487875866602e+04 0.000000000000000000e+00 7.843149182325869333e+03 0.000000000000000000e+00 -2.336310552453022638e+01
2.375276552426477672e-01 4.492616853577079019e+04 0.000000000000000000e+00 1.136511977500439571e+04 0.000000000000000000e+00 2.604651784144840803e+03 3.003849956055545772e+04 0.000000000000000000e+00 7.208237089119353186e+03 0.000000000000000000e+00 -5.338167340481630845e+02
2.424991024241769377e-01 4.403027123394054070e+04 0.000000000000000000e+00 1.060768801175020781e+04 0.000000000000000000e+00 6.218863809025374394e+02 2.959493849712153678e+04 0.000000000000000000e+00 6.995036415511624000e+03 0.000000000000000000e+00 -7.652986679722451981e+02
2.474998551644826128e-01 4.240660493115593999e+04 0.000000000000000000e+00 9.244552033301313713e+03 0.000000000000000000e+00 1.229434902337495942e+03 2.899020275376240897e+04 0.000000000000000000e+00 6.491447966698687196e+03 0.000000000000000000e+00 -3.003522574447646321e+02
2.525200307756395035e-01 4.162044911846582545e+04 0.000000000000000000e+00 9.591534302505413507e+03 0.000000000000000000e+00 2.526776616145994467e+03 2.885011914630374304e+04 0.000000000000000000e+00 6.066718960717600567e+03 0.000000000000000000e+00 -9.338939684503557146e+02
2.575182250600202005e-01 4.026866075553237170e+04 0.000000000000000000e+00 7.519076790105059445e+03 0.000000000000000000e+00 3.496361821026749226e+02 2.829242911854556223e+04 0.000000000000000000e+00 5.867586379554429186e+03 0.000000000000000000e+00 -7.350909768273601230e+02
2.625255687975799335e-01 3.935798801848576113e+04 0.000000000000000000e+00 7.206902265076738331e+03 0.000000000000000000e+00 1.868767729788326506e+03 2.792711952986820324e+04 0.000000000000000000e+00 5.666025218234723070e+03 0.000000000000000000e+00 -2.478798140012551983e+02
2.675305520911575030e-01 3.793324300962427515e+04 0.000000000000000000e+00 6.434246420237223901e+03 0.000000000000000000e+00 -2.243796136479750203e+02 2.749305709669847056e+04 0.000000000000000000e+00 5.038797475870258495e+03 0.000000000000000000e+00 -9.831754877728834572e+02
2.725404586615198799e-01 3.711780314169354824e+04 0.000000000000000000e+00 6.314754112233564229e+03 0.000000000000000000e+00 2.204116570582323675e+03 2.709718432326651237e+04 0.000000000000000000e+00 4.849724229121488861e+03 0.000000000000000000e+00 1.972468794626328759e+02
2.775333197047151201e-01 3.620209041796986276e+04 0.000000000000000000e+00 5.577013880631736356e+03 0.000000000000000000e+00 7.947769534985911832e+02 2.672474702096311375e+04 0.000000000000000000e+00 5.079785974616796011e+03 0.000000000000000000e+00 -4.623502468529480325e+02
2.825123907298719983e-01 3.553281897116037726e+04 0.000000000000000000e+00 5.989587006731303518e+03 0.000000000000000000e+00 1.364758599394800285e+03 2.633087343914037046e+04 0.000000000000000000e+00 4.770416451553140178e+03 0.000000000000000000e+00 -3.099285617242018134e+02
2.875104651677040102e-01 3.459870522888335108e+04 0.000000000000000000e+00 5.351722658494541065e+03 0.000000000000000000e+00 1.333015610036391536e+03 2.587352307986975575e+04 0.000000000000000000e+00 4.300274276958436531e+03 0.000000000000000000e+00 -4.887581880865734547e+02
2.924971317655564174e-01 3.378769136159243499e+04 0.000000000000000000e+00 4.115018599220889882e+03 0.000000000000000000e+00 1.216457108508941246e+03 2.570932578113259660e+04 0.000000000000000000e+00 4.413549757828664951e+03 0.000000000000000000e+00 -6.394638245731657662e+02
2.975058823671092867e-01 3.274527803925050830e+04 0.000000000000000000e+00 5.060793890418257433e+03 0.000000000000000000e+00 1.410717964656779941e+03 2.516219589734481633e+04 0.000000000000000000e+00 4.089961459905869560e+03 0.000000000000000000e+00 -2.463346505638930637e+02
3.025121359101998753e-01 3.236770325537157987e+04 0.000000000000000000e+00 3.610809389996109076e+03 0.000000000000000000e+00 2.953737192512213028e+02 2.501279702563659157e+04 0.000000000000000000e+00 3.803635640482469171e+03 0.000000000000000000e+00 -1.232385456746357704e+03
3.075010376196579687e-01 3.134082909546951123e+04 0.000000000000000000e+00 3.899929309714166720e+03 0.000000000000000000e+00 1.202578962219783762e+03 2.458851573391858983e+04 0.000000000000000000e+00 3.475157192872446103e+03 0.000000000000000000e+00 -3.927602445524377117e+02
3.125134169243361515e-01 3.101211180374019750e+04 0.000000000000000000e+00 3.576970681681078077e+03 0.000000000000000000e+00 -1.700854816006434760e+02 2.436048743213352282e+04 0.000000000000000000e+00 3.202107058113814674e+03 0.000000000000000000e+00 -1.261968308867886662e+03
3.175159688234982513e-01 3.032851171518110641e+04 0.000000000000000000e+00 3.125020640331660161e+03 0.000000000000000000e+00 7.236831546993348638e+02 2.411244058905011116e+04 0.000000000000000000e+00 3.314123095362065214e+03 0.000000000000000000e+00 -9.350176734681848529e+02
3.225221380836135188e-01 2.965301355484236410e+04 0.000000000000000000e+00 2.915597810081178068e+03 0.000000000000000000e+00 6.119586558429300567e+02 2.359617051161034760e+04 0.000000000000000000e+00 3.391804568623749674e+03 0.000000000000000000e+00 -1.004992108740796766e+03
3.275181733526948968e-01 2.911605716401332757e+04 0.000000000000000000e+00 2.063297297297297519e+03 0.000000000000000000e+00 1.986009255831173732e+02 2.352303058126619726e+04 0.000000000000000000e+00 2.950736467974824336e+03 0.000000000000000000e+00 -9.873246945575713198e+02
3.325123842131759710e-01 2.872694286451337393e+04 0.000000000000000000e+00 2.557851428164779463e+03 0.000000000000000000e+00 9.579199587251039247e+02 2.327220971917059069e+04 0.000000000000000000e+00 2.854177571007943698e+03 0.000000000000000000e+00 -6.117738776163747616e+02
3.374959366892091861e-01 2.786560179378481917e+04 0.000000000000000000e+00 1.815738639946747071e+03 0.000000000000000000e+00 3.363997127141506098e+02 2.296007567529692096e+04 0.000000000000000000e+00 2.589720772168307576e+03 0.000000000000000000e+00 -1.131391654696423075e+03
3.424919221947719805e-01 2.746667564526748538e+04 0.000000000000000000e+00 1.376141479635633232e+03 0.000000000000000000e+00 5.800143013109535559e+02 2.262598018151663928e+04 0.000000000000000000e+00 2.377558209502537920e+03 0.000000000000000000e+00 -5.747382176699530874e+02
3.475179778446125245e-01 2.688145326232560910e+04 0.000000000000000000e+00 1.485980984742052442e+03 0.000000000000000000e+00 4.443277681576109899e+02 2.236859698761720938e+04 0.000000000000000000e+00 2.415662560852092611e+03 0.000000000000000000e+00 -3.699354069330545371e+02
3.525052850529177828e-01 2.657789711001117757e+04 0.000000000000000000e+00 9.820800255468625437e+02 0.000000000000000000e+00 1.912598275586779550e+02 2.225567657672042333e+04 0.000000000000000000e+00 2.372171547181861570e+03 0.000000000000000000e+00 -1.044277311192719253e+03
3.575133254796376558e-01 2.619473286784036463e+04 0.000000000000000000e+00 1.389946148952640897e+03 0.000000000000000000e+00 7.854831801703061274e+02 2.203436349840194453e+04 0.000000000000000000e+00 2.210673881552222610e+03 0.000000000000000000e+00 -8.742301354323949170e+01
3.625250227669692404e-01 2.577447010992320429e+04 0.000000000000000000e+00 1.008269899111579548e+03 0.000000000000000000e+00 1.335760879385634610e+02 2.189543984339707822e+04 0.000000000000000000e+00 1.874301701550971075e+03 0.000000000000000000e+00 -8.977807559102544701e+02
3.675230446100045678e-01 2.554377551779192072e+04 0.000000000000000000e+00 6.615977079369245075e+02 0.000000000000000000e+00 4.658736886614322543e+02 2.169652489994094867e+04 0.000000000000000000e+00 2.037964612995647713e+03 0.000000000000000000e+00 -6.658789084997339387e+02
3.725177060730277545e-01 2.489104694379324428e+04 0.000000000000000000e+00 8.901151009205786977e+02 0.000000000000000000e+00 8.968943335811081852e+02 2.147721653610841167e+04 0.000000000000000000e+00 1.801094059122877297e+03 0.000000000000000000e+00 -7.849459660357939583e+02
3.775163034622419089e-01 2.463258016425207461e+04 0.000000000000000000e+00 4.216473200433040915e+02 0.000000000000000000e+00 4.834756345632701482e+02 2.124936984298825701e+04 0.000000000000000000e+00 1.795424166155246439e+03 0.000000000000000000e+00 -6.382705401286709730e+02
3.825226892977953153e-01 2.446643372972972793e+04 0.000000000000000000e+00 3.216836756756756586e+02 0.000000000000000000e+00 6.968081081081080583e+02 2.110993297297297249e+04 0.000000000000000000e+00 1.546600540540540578e+03 0.000000000000000000e+00 -3.059366486486486565e+02
3.875130067694269043e-01 2.398204425711275326e+04 0.000000000000000000e+00 1.616992096944151740e+02 0.000000000000000000e+00 8.043070600632245259e+02 2.105174457323498427e+04 0.000000000000000000e+00 1.793487460484720941e+03 0.000000000000000000e+00 -4.629337723919916243e+02
3.924957861003909865e-01 2.361555140475654116e+04 0.000000000000000000e+00 6.669977922955621352e+02 0.000000000000000000e+00 1.380737025713642197e+03 2.078065355775110220e+04 0.000000000000000000e+00 1.602117027644578911e+03 0.000000000000000000e+00 8.389388858494513102e+01
3.975064703251052212e-01 2.345531126943807976e+04 0.000000000000000000e+00 4.967685769159284064e+02 0.000000000000000000e+00 8.339929372405675849e+02 2.064376165045536254e+04 0.000000000000000000e+00 1.723928083761848939e+03 0.000000000000000000e+00 -3.613267579456044132e+02
