3.798113400606732779e-03 1.792945065789473665e+04 0.000000000000000000e+00 4.152940789473683981e+04 0.000000000000000000e+00 8.526738815789473301e+04
8.299341265228576958e-03 3.682015625000000000e+04 0.000000000000000000e+00 3.602091015625000000e+04 0.000000000000000000e+00 1.513894824218750000e+04
1.293222767532251419e-02 3.912963057324841066e+04 0.000000000000000000e+00 2.805233439490446108e+04 0.000000000000000000e+00 -4.106980891719745159e+03
1.764839556552980082e-02 3.755819520547945285e+04 0.000000000000000000e+00 2.770436472602739741e+04 0.000000000000000000e+00 9.317177226027397410e+03
2.256548662787912635e-02 3.817857466918714636e+04 0.000000000000000000e+00 2.190936672967864070e+04 0.000000000000000000e+00 -9.432005671077504303e+03
2.777643688250242340e-02 3.228085853658536507e+04 0.000000000000000000e+00 1.591751463414634054e+04 0.000000000000000000e+00 -1.792250304878048837e+03
3.269804980233311648e-02 2.856645400000000154e+04 0.000000000000000000e+00 1.424886399999999958e+04 0.000000000000000000e+00 -1.016605099999999948e+04
3.761648458559932462e-02 2.529268240053944828e+04 0.000000000000000000e+00 1.712096965610249390e+04 0.000000000000000000e+00 4.880883007417397494e+03
4.263843696389812976e-02 2.299066741071428623e+04 0.000000000000000000e+00 1.104269977678571377e+04 0.000000000000000000e+00 -1.980024832589285552e+03
4.756514582339458480e-02 2.138426515481901515e+04 0.000000000000000000e+00 1.235099694723070206e+04 0.000000000000000000e+00 -1.127559896969036259e+02
5.262096060748640974e-02 1.946120926966292245e+04 0.000000000000000000e+00 1.032044873595505669e+04 0.000000000000000000e+00 7.755953300561797050e+02
5.756031740041873956e-02 1.769492326732673246e+04 0.000000000000000000e+00 8.932980816831683114e+03 0.000000000000000000e+00 -1.179095761138613909e+02
6.254738279606215923e-02 1.667644836889869839e+04 0.000000000000000000e+00 8.993419671326955722e+03 0.000000000000000000e+00 9.041824258032867192e+02
6.757793472572401483e-02 1.583323198594024507e+04 0.000000000000000000e+00 8.868072056239016092e+03 0.000000000000000000e+00 2.891563873022847133e+02
7.255917516659465827e-02 1.494656797470708625e+04 0.000000000000000000e+00 7.337114376046122743e+03 0.000000000000000000e+00 -1.726178398735354449e+02
7.753384299139773339e-02 1.394285236022765457e+04 0.000000000000000000e+00 6.876133244057583397e+03 0.000000000000000000e+00 3.790949949782390718e+02
8.251793356505521260e-02 1.273642775229357903e+04 0.000000000000000000e+00 6.671435779816513786e+03 0.000000000000000000e+00 -2.758596975344036650e+02
8.752751931716111489e-02 1.164164416223921216e+04 0.000000000000000000e+00 5.877871711805106315e+03 0.000000000000000000e+00 6.148001814176493554e+02
9.254701955136974967e-02 1.072116955332725593e+04 0.000000000000000000e+00 5.363655879671831826e+03 0.000000000000000000e+00 -1.434727951230628946e+02
9.754963178921903511e-02 9.780383125719668897e+03 0.000000000000000000e+00 4.914047943054537427e+03 0.000000000000000000e+00 6.524117554694860246e+02
1.025319613041059119e-01 9.178878799249530857e+03 0.000000000000000000e+00 4.484622138836773047e+03 0.000000000000000000e+00 1.852691955909943715e+02
1.075116003998943526e-01 8.617968986905581914e+03 0.000000000000000000e+00 4.195656099241901757e+03 0.000000000000000000e+00 -4.128979152308752418e+02
1.125102861506304813e-01 8.180201283141377644e+03 0.000000000000000000e+00 4.037720027827162539e+03 0.000000000000000000e+00 7.886387106748087490e+02
1.175500852175193622e-01 7.961838145356279711e+03 0.000000000000000000e+00 3.725091452140520687e+03 0.000000000000000000e+00 3.275179917508178278e+02
1.225369446564099490e-01 7.597317444554783833e+03 0.000000000000000000e+00 3.660812446209864447e+03 0.000000000000000000e+00 5.542010923535253397e+01
1.275260957852891452e-01 7.321439728353140708e+03 0.000000000000000000e+00 3.438281833616298627e+03 0.000000000000000000e+00 3.198169718651467406e+02
1.325302087090364789e-01 6.981122944840356467e+03 0.000000000000000000e+00 3.234941922451040682e+03 0.000000000000000000e+00 2.390534481791145254e+02
1.375062694904859717e-01 6.619005702217528778e+03 0.000000000000000000e+00 2.709545723336853371e+03 0.000000000000000000e+00 4.340600052798310458e+02
1.425134422753508989e-01 6.296827798041850656e+03 0.000000000000000000e+00 2.647103666730658460e+03 0.000000000000000000e+00 1.213231186408139735e+02
1.475259222195813014e-01 6.119007517426762206e+03 0.000000000000000000e+00 2.646309171260649691e+03 0.000000000000000000e+00 2.235215955168800406e+02
1.525299430011916868e-01 5.668564761582684696e+03 0.000000000000000000e+00 2.439324822455190770e+03 0.000000000000000000e+00 5.358271474467364897e+02
1.574945685492469272e-01 5.436292959113518918e+03 0.000000000000000000e+00 2.261374691632628128e+03 0.000000000000000000e+00 -3.473825929146276792e+01
1.625189323163163113e-01 5.259699854014598714e+03 0.000000000000000000e+00 2.210317372262773915e+03 0.000000000000000000e+00 6.744589416058394704e+01
1.675461007718098694e-01 5.031433371298405291e+03 0.000000000000000000e+00 2.093784738041002129e+03 0.000000000000000000e+00 1.821857025911161543e+02
1.725292014006662711e-01 4.849466196393842438e+03 0.000000000000000000e+00 1.870286185186406101e+03 0.000000000000000000e+00 1.159576919273494440e+02
1.775301965061671094e-01 4.708197375063099571e+03 0.000000000000000000e+00 1.896636799596163428e+03 0.000000000000000000e+00 2.276450025239777801e+02
1.825147654490652804e-01 4.520444089928801077e+03 0.000000000000000000e+00 1.800700404738692441e+03 0.000000000000000000e+00 8.088982687819432726e+01
1.875360723572403465e-01 4.488828156424580811e+03 0.000000000000000000e+00 1.743127262569832510e+03 0.000000000000000000e+00 2.254596089385474897e+02
1.925323683450522461e-01 4.271485487844061026e+03 0.000000000000000000e+00 1.627889471993145435e+03 0.000000000000000000e+00 1.596320686516011449e+02
1.975198663583639380e-01 4.185364057164537371e+03 0.000000000000000000e+00 1.469159580118881877e+03 0.000000000000000000e+00 3.244068293916782295e+02
2.025153694923672032e-01 4.053046801119367046e+03 0.000000000000000000e+00 1.398578596931390621e+03 0.000000000000000000e+00 5.560343288622986080e+01
2.075088499274508613e-01 3.887048844718221517e+03 0.000000000000000000e+00 1.270317341821429409e+03 0.000000000000000000e+00 2.010083583319975276e+02
2.125178062418619784e-01 3.816566241927037936e+03 0.000000000000000000e+00 1.307807296212253505e+03 0.000000000000000000e+00 2.497949467620876476e+02
2.175004174234404231e-01 3.701237606262099234e+03 0.000000000000000000e+00 1.249415874084673078e+03 0.000000000000000000e+00 -8.346818449625452274e+01
2.225093171556767890e-01 3.579860759244301789e+03 0.000000000000000000e+00 1.229261834873229418e+03 0.000000000000000000e+00 1.671964106302082484e+02
2.275289586476768322e-01 3.497943058319302054e+03 0.000000000000000000e+00 1.172212689422929770e+03 0.000000000000000000e+00 5.427098480789836543e+01
2.325285406108919262e-01 3.404422098120895953e+03 0.000000000000000000e+00 1.124015935095410441e+03 0.000000000000000000e+00 1.598488166918305353e+02
2.375276552426477672e-01 3.331759395324310390e+03 0.000000000000000000e+00 1.075138829319739898e+03 0.000000000000000000e+00 2.097278256284056965e+02
2.424991024241769377e-01 3.271448280519305172e+03 0.000000000000000000e+00 9.945257542248408527e+02 0.000000000000000000e+00 1.105611314638799314e+02
2.474998551644826128e-01 3.182848030739673504e+03 0.000000000000000000e+00 9.800370797310278022e+02 0.000000000000000000e+00 8.419832692923471029e+01
2.525200307756395035e-01 3.130913207547169804e+03 0.000000000000000000e+00 9.125665944942778651e+02 0.000000000000000000e+00 9.093417104856170852e+01
2.575182250600202005e-01 3.048739736234259908e+03 0.000000000000000000e+00 9.109807018851054181e+02 0.000000000000000000e+00 1.771569555174726318e+01
2.625255687975799335e-01 2.983719974895875112e+03 0.000000000000000000e+00 8.893888857191760735e+02 0.000000000000000000e+00 4.429224196953271786e+01
2.675305520911575030e-01 2.917809806547824337e+03 0.000000000000000000e+00 8.218570304193534639e+02 0.000000000000000000e+00 3.239737438035928818e+01
2.725404586615198799e-01 2.857309779446765788e+03 0.000000000000000000e+00 8.454044004865921806e+02 0.000000000000000000e+00 9.304571719468978586e+01
2.775333197047151201e-01 2.800468787964949570e+03 0.000000000000000000e+00 7.579003282756481212e+02 0.000000000000000000e+00 1.413536947973479396e+00
2.825123907298719983e-01 2.731167887358735243e+03 0.000000000000000000e+00 7.150143395294263655e+02 0.000000000000000000e+00 6.745136787500771902e+01
2.875104651677040102e-01 2.698185213560620468e+03 0.000000000000000000e+00 6.975769967439188122e+02 0.000000000000000000e+00 1.671663564211836928e+01
2.924971317655564174e-01 2.619104139453698281e+03 0.000000000000000000e+00 6.791703059797246169e+02 0.000000000000000000e+00 -3.238295292975297279e+00
2.975058823671092867e-01 2.581586360003551817e+03 0.000000000000000000e+00 6.324395701980286049e+02 0.000000000000000000e+00 4.844023621348014785e+01
3.025121359101998753e-01 2.533255458043318413e+03 0.000000000000000000e+00 6.041325493925900219e+02 0.000000000000000000e+00 3.627364251437464659e+00
3.075010376196579687e-01 2.494334535193604097e+03 0.000000000000000000e+00 6.198320739927888781e+02 0.000000000000000000e+00 1.232805768929299290e+02
3.125134169243361515e-01 2.454213553187210891e+03 0.000000000000000000e+00 5.794945505730946707e+02 0.000000000000000000e+00 -2.717675447416046808e+01
3.175159688234982513e-01 2.430141918244245517e+03 0.000000000000000000e+00 5.324787063689324214e+02 0.000000000000000000e+00 2.226982493540686292e+01
3.225221380836135188e-01 2.373057655276571950e+03 0.000000000000000000e+00 5.175004719652633867e+02 0.000000000000000000e+00 -4.213777403483103812e-01
3.275181733526948968e-01 2.333008663457978400e+03 0.000000000000000000e+00 4.964690855238800395e+02 0.000000000000000000e+00 -1.970386199555720097e+01
3.325123842131759710e-01 2.299885889144880366e+03 0.000000000000000000e+00 4.638519796827882260e+02 0.000000000000000000e+00 3.830031045126627021e+01
3.374959366892091861e-01 2.259908629085940447e+03 0.000000000000000000e+00 4.484579406509477053e+02 0.000000000000000000e+00 -1.632835984304383103e+01
3.424919221947719805e-01 2.241343856520180907e+03 0.000000000000000000e+00 4.325678853894940517e+02 0.000000000000000000e+00 4.415462563234963334e+00
3.475179778446125245e-01 2.187139543241742103e+03 0.000000000000000000e+00 4.403898127879243134e+02 0.000000000000000000e+00 2.396117309765739734e+01
3.525052850529177828e-01 2.174147341529618188e+03 0.000000000000000000e+00 4.204561711639789223e+02 0.000000000000000000e+00 -1.643322489222417460e+01
3.575133254796376558e-01 2.139795418138896821e+03 0.000000000000000000e+00 3.969971564562239905e+02 0.000000000000000000e+00 4.097602532363514172e+01
3.625250227669692404e-01 2.111923385032374426e+03 0.000000000000000000e+00 3.592411082668272684e+02 0.000000000000000000e+00 -2.004856572805300274e+01
3.675230446100045678e-01 2.088414729275565151e+03 0.000000000000000000e+00 3.819039870524681533e+02 0.000000000000000000e+00 4.439747319000648673e+01
3.725177060730277545e-01 2.058801761106981758e+03 0.000000000000000000e+00 3.267422665675567828e+02 0.000000000000000000e+00 1.097906719938247022e+01
3.775163034622419089e-01 2.035615807365829824e+03 0.000000000000000000e+00 2.980241206445962803e+02 0.000000000000000000e+00 2.807873859647913051e+01
3.825226892977953153e-01 2.002041081081081074e+03 0.000000000000000000e+00 3.163807297297297509e+02 0.000000000000000000e+00 3.896118581081081089e+01
3.875130067694269043e-01 1.991291043203372055e+03 0.000000000000000000e+00 3.107806902002107563e+02 0.000000000000000000e+00 2.111568921232876761e+00
3.924957861003909865e-01 1.966277810317639251e+03 0.000000000000000000e+00 2.674782866153896066e+02 0.000000000000000000e+00 5.543426769220867101e+01
3.975064703251052212e-01 1.945251074902422488e+03 0.000000000000000000e+00 2.925972368502571044e+02 0.000000000000000000e+00 5.746958057121616292e+01
