3.798113400606732779e-03 -4.882812500000000000e-04 -3.180442526315789204e+06 1.233552631578947300e-03 -4.499015578947368078e+06 -1.657586348684210367e-03
8.299341265228576958e-03 8.153915405273437500e-05 -2.049020250000000000e+06 -1.924037933349609375e-04 1.067560000000000000e+05 2.875924110412597656e-04
1.293222767532251419e-02 4.509603901273885704e-05 -1.362175592356687877e+06 -9.407966759554140749e-05 3.444171974522293312e+05 1.413138808718153027e-04
1.764839556552980082e-02 -1.923025470890410852e-05 -1.029191013698630035e+06 -5.434637200342465452e-06 -3.699249041095889988e+05 -4.703051423373287834e-06
2.256548662787912635e-02 1.938356568998109852e-05 -7.231349716446124949e+05 -5.584312972589792524e-05 -1.563722022684310105e+04 4.880504932655954474e-05
2.777643688250242340e-02 4.465987042682926561e-06 -5.576202926829268690e+05 -1.592868711890243962e-05 -9.460094634146340832e+04 1.120218416539634125e-05
3.269804980233311648e-02 3.906250000000000081e-06 -4.201538560000000289e+05 1.367187500000000028e-05 -5.058039600000000064e+04 7.324218749999999729e-06
3.761648458559932462e-02 1.238812004804450386e-05 -3.145248712070127949e+05 -4.743291812415711403e-05 -4.461430074173971661e+04 3.308471762000589637e-05
4.263843696389812976e-02 -1.030308859688895113e-05 -2.282751250000000000e+05 1.376867294311523438e-05 -2.231500000000000000e+04 -6.011341299329484825e-05
4.756514582339458480e-02 -1.767437581770606080e-05 -1.908531495856955880e+05 2.459506514391626654e-05 -1.443730309638028848e+04 -5.432741121075011282e-05
5.262096060748640974e-02 -5.271997344627809160e-06 -1.475922921348314558e+05 1.832340540510884691e-05 -1.023618117977527982e+04 -1.890739698088570855e-05
5.756031740041873956e-02 -1.510771194306930764e-06 -1.311122277227722807e+05 4.683390702351485073e-06 -1.211246039603960344e+04 -1.816702361154084078e-05
6.254738279606215923e-02 -6.706831003188618794e-06 -1.164926995339710556e+05 1.389272136374785267e-05 -2.796966396860436362e+04 -1.856355009811135482e-05
6.757793472572401483e-02 7.937788334797891352e-06 -9.250336028119506955e+04 -1.662644853910368929e-05 -2.072044156414762710e+03 2.266024034764938230e-05
7.255917516659465827e-02 2.979677983192300513e-06 -8.358786237679002807e+04 -7.812431893074669675e-06 -1.107499869815882448e+04 7.786182348937024280e-06
7.753384299139773339e-02 -1.726639003389688775e-06 -6.948510746568463219e+04 1.210690662140107207e-06 -1.050618680950786802e+04 -4.969195534163667835e-06
8.251793356505521260e-02 -7.331918138976491339e-06 -5.815419724770642642e+04 1.734987311406966696e-05 -3.774673165137614887e+03 -1.589092639608120696e-05
8.752751931716111489e-02 -8.502370476707270135e-07 -4.852397149151224585e+04 -5.951659333695089306e-07 -6.122850848775431587e+03 -5.637763679467815137e-06
9.254701955136974967e-02 9.841014823809252287e-07 -4.427405651777575258e+04 -4.018124603855685500e-06 -6.289356882406563273e+03 5.825063588951757542e-06
9.754963178921903511e-02 1.296989083926515268e-06 -3.706540605045535631e+04 -8.277090434614780480e-06 -6.892481942845179219e+03 5.699883677329765412e-06
1.025319613041059119e-01 6.870749296435272039e-07 -3.165283902439024314e+04 -3.000227192776735616e-06 -3.777057410881800934e+03 6.029082507621951492e-06
1.075116003998943526e-01 2.334563178411440433e-06 -2.893015851137146819e+04 -1.024263304402136386e-05 -4.297187801516195577e+03 8.144680998557030067e-06
1.125102861506304813e-01 0.000000000000000000e+00 -2.544873896575713297e+04 1.245519150498570143e-06 -4.057515961969545060e+03 1.226647648218288577e-07
1.175500852175193622e-01 -2.517450620466505572e-06 -2.251890655667757164e+04 8.168693220203385104e-06 -3.399868866448584868e+03 -1.129163411921312812e-05
1.225369446564099490e-01 5.535793714829526755e-07 -2.046711525984773471e+04 -1.521333090243296996e-06 -2.706921946375372499e+03 3.813939629623883066e-06
1.275260957852891452e-01 3.367814224320882870e-07 -1.797945185544506239e+04 -2.226088193328583569e-06 -2.433157894736842081e+03 2.058622705800539533e-07
1.325302087090364789e-01 -2.020691441978564680e-07 -1.632216373940856283e+04 9.418477060069580016e-08 -2.176052971213736782e+03 -1.990295447830158280e-06
1.375062694904859717e-01 2.062434002111932371e-07 -1.467768532206969394e+04 -5.671693505807814153e-07 -2.791985638859556275e+03 2.397579527455121481e-06
1.425134422753508989e-01 -7.850557628623535985e-07 -1.365499404876175868e+04 7.540050498536186920e-06 -2.534862737569590990e+03 -3.881339126091860146e-07
1.475259222195813014e-01 5.116619777666408801e-07 -1.157425449906601716e+04 -4.338003724543259268e-07 -1.560768144334593899e+03 5.144427493849377879e-07
1.525299430011916868e-01 -2.167295030858978556e-07 -1.084911531958065643e+04 -1.800918966118532272e-06 -1.754870815015218113e+03 1.975076602526843042e-06
1.574945685492469272e-01 9.379770847656407266e-08 -1.002126517571884870e+04 5.553811686112346341e-07 -1.591031504023941352e+03 -5.917894896646378287e-07
1.625189323163163113e-01 1.984756358348540416e-06 -8.690110948905110490e+03 -4.070866717039234280e-06 -1.316845839416058425e+03 6.814385852674498539e-06
1.675461007718098694e-01 -1.542388985531748339e-07 -8.285040432801821225e+03 3.855972463829370582e-07 -1.383453302961275540e+03 -3.120079127422497791e-07
1.725292014006662711e-01 -7.605000185417147595e-07 -7.375635033127864517e+03 1.024059548777071071e-06 -1.462556350331278736e+03 6.744910878733065584e-07
1.775301965061671094e-01 4.929644119131751576e-07 -6.722201413427561420e+03 -2.464822059565875788e-07 -1.387933493185259977e+03 -1.170790478293791105e-06
1.825147654490652804e-01 5.842237769210316635e-07 -6.022933853289609942e+03 -1.150415955788945114e-06 -1.332471033117669549e+03 -9.367415188594936588e-07
1.875360723572403465e-01 4.466818697625698166e-07 -5.220753966480447161e+03 6.154662403980447212e-07 -8.997525139664804783e+02 -2.969922966131284833e-06
1.925323683450522461e-01 -4.020201466611330873e-07 -4.795297418871157788e+03 7.280486802338812953e-07 -8.407592374424333457e+02 -1.153969414882490270e-06
1.975198663583639380e-01 9.888204775041101955e-07 -4.477036347540153656e+03 -5.133221058081446251e-08 -8.928502845579865834e+02 2.855595436351887333e-06
2.025153694923672032e-01 -7.627185886688217710e-07 -3.944230049213548682e+03 2.354415102859934744e-06 -7.839639100646531915e+02 -1.181624840553531845e-07
2.075088499274508613e-01 2.166399326467287973e-07 -3.540754310838352467e+03 -2.564737267140305463e-07 -8.189498271084751195e+02 4.897110735554684146e-07
2.125178062418619784e-01 3.222750002727352046e-07 -3.369972770116949050e+03 -4.860759301634229653e-07 -7.451548263222202877e+02 -4.943991481456733216e-07
2.175004174234404231e-01 1.807654709659856241e-07 -3.191604410403164820e+03 -7.755577177945617654e-07 -5.775337092837303317e+02 1.803199787973083436e-06
2.225093171556767890e-01 6.372733557751028918e-08 -2.773304544827722111e+03 9.108199377351707412e-07 -6.475950434388605572e+02 9.423830048844092984e-08
2.275289586476768322e-01 1.051041646735802919e-07 -2.616391244451247530e+03 -4.519479080963952630e-07 -8.014439767335068154e+02 4.148694944476599561e-07
2.325285406108919262e-01 2.020700787204627733e-07 -2.396459207247194172e+03 -2.165036557719244019e-07 -5.879251268804686106e+02 4.521595580159805786e-07
2.375276552426477672e-01 1.885556110201705043e-07 -2.138794445420987813e+03 -6.151526228659474392e-07 -2.345864651081033685e+02 1.820178542369320118e-07
2.424991024241769377e-01 -5.950703616966049583e-07 -1.759532692924552293e+03 8.086259157427025891e-07 -3.824579204159843471e+02 1.255830308775302659e-08
2.474998551644826128e-01 -3.969825844790665900e-07 -1.779749215497918613e+03 6.988114971706892879e-07 -5.653358949727826257e+02 -1.248571302430430460e-06
2.525200307756395035e-01 3.575172506911151107e-07 -1.519672007423445848e+03 -4.628845460268133569e-07 -2.777768017321373577e+02 -4.610556624011657234e-08
2.575182250600202005e-01 2.110149206467476277e-07 -1.200781581104239649e+03 -8.258687411519260614e-07 -3.985365024960881897e+02 6.557834387340734711e-07
2.625255687975799335e-01 3.537850405245300237e-07 -1.252053060991612938e+03 -1.051615422672653274e-06 -3.906170194556969477e+02 1.166165708210067415e-06
2.675305520911575030e-01 -5.730921452341171710e-08 -9.620276991480370725e+02 -5.545509287706604638e-07 -1.821941287748028913e+02 2.827535510677151269e-07
2.725404586615198799e-01 3.482901123808724807e-07 -1.009823345850743067e+03 -1.084390294137608435e-06 -3.485182207647960695e+02 1.226373368734003578e-06
2.775333197047151201e-01 2.603826449613595405e-07 -7.577575412929408003e+02 3.256185089228864030e-07 -3.020170858427895837e+02 -8.523023565757128875e-07
2.825123907298719983e-01 -1.040307733279812263e-07 -6.883225097264249825e+02 6.098615624807015584e-07 -1.663668375223862199e+02 -3.209500126404928197e-07
2.875104651677040102e-01 -2.206547738400210596e-07 -5.919265945221221727e+02 8.512013626610083815e-07 -3.850928461980463453e+02 -7.048897121263586496e-07
2.924971317655564174e-01 -3.224296478545584637e-07 -4.724393068929244350e+02 3.432429402215376218e-07 -2.173517206302234399e+02 -4.997835925579274198e-07
2.975058823671092867e-01 4.766254375929646388e-07 -4.359617707130805115e+02 -1.283704403524192981e-06 -3.142302193410886844e+02 1.980434587439850521e-07
3.025121359101998753e-01 -1.055469391725390157e-08 -3.012761877999221838e+02 5.250960223833816499e-07 -2.305326834118715169e+02 -2.968507664227659765e-08
3.075010376196579687e-01 3.189379539635261513e-08 -2.664372054135967005e+02 -2.404792172884987455e-07 -2.094650363170821095e+02 3.940478421219366049e-07
3.125134169243361515e-01 -1.636185253886612813e-07 -2.447700985320732059e+02 1.623528405931090397e-07 -2.352457269253971504e+02 -4.592422218407133252e-07
3.175159688234982513e-01 -4.107345642664872176e-07 -1.291050977001896172e+02 7.995832721888477173e-07 -1.533858297884881665e+02 -1.389676926289222530e-06
3.225221380836135188e-01 -2.085588688172550599e-07 -9.940362469322258221e+01 9.811484905960921800e-07 -1.608018878610534443e+02 -1.600631705225245434e-06
3.275181733526948968e-01 -2.404841084429088886e-07 -3.744465707145501909e+01 4.194436890687910832e-07 -1.550605516475379488e+02 7.209491835660909466e-08
3.325123842131759710e-01 2.084871505199391781e-07 4.310892480674631599e+01 -9.990009295747085398e-08 -1.678497736107528340e+02 7.481648266054067211e-07
3.374959366892091861e-01 -1.002355375825508929e-07 5.716622289177732341e+01 5.200219689782739915e-07 -2.888263146831097288e+02 -9.894249914773599504e-07
3.424919221947719805e-01 2.411109690263274128e-07 1.059078998908233302e+02 -5.361412686787956098e-07 -2.171964596754702654e+02 6.859454466919885117e-07
3.475179778446125245e-01 -2.851644180661286357e-07 1.488200411670532901e+02 6.770162233108438537e-07 -1.142363838337635116e+02 -9.075905998066209972e-07
3.525052850529177828e-01 -1.130461140827079715e-07 1.334811512054925799e+02 6.412443367794986886e-07 -2.111195752834105122e+02 -4.555953304626377262e-07
3.575133254796376558e-01 2.481273872717045418e-07 2.199109687210184632e+02 -4.621999375287719964e-07 -1.974682496493473707e+02 6.991931692987495897e-07
3.625250227669692404e-01 1.475100523735130271e-07 1.729301761782863878e+02 -6.978006683152009736e-07 -3.098926667670531288e+02 5.056584856090479761e-07
3.675230446100045678e-01 5.669387285540555910e-07 2.505080010789610014e+02 -9.083089283480825129e-07 -7.843734371468772792e+01 1.854683067365661890e-06
3.725177060730277545e-01 3.859493620529668232e-07 2.247957144490822827e+02 -1.298160466821192799e-06 -2.851199611184172795e+02 1.383283424693715288e-06
3.775163034622419089e-01 -1.376248687690058744e-07 2.909974141676033241e+02 2.651488297384516904e-07 -2.391928065590500694e+02 -2.798793202794767711e-08
3.825226892977953153e-01 1.266067092483107988e-07 2.797878108108108108e+02 -5.258096230996621516e-08 -1.923699729729729597e+02 4.459071803737331196e-08
3.875130067694269043e-01 6.692803948646601477e-08 3.241083508956796777e+02 -1.239073163465654698e-07 -2.198035036880927464e+02 4.361125515936800406e-07
3.924957861003909865e-01 -2.471027147764940889e-07 2.925368519293277245e+02 -9.860537584880765229e-08 -3.184221671547646224e+02 -1.305244467162005703e-07
3.975064703251052212e-01 -1.773464362880242880e-07 2.722097515643392853e+02 7.413383546752060714e-07 -3.526346570844433472e+02 -9.974791697724350853e-07
