3.798113400606732779e-03 -6.578947368421052266e-03 2.890345094736842066e+07 2.302631578947368293e-02 1.082838736842105165e+06 -2.713815789473683973e-02 7.046347452631577849e+07 0.000000000000000000e+00 -7.868114189473684132e+07 0.000000000000000000e+00 6.742129178947368264e+07
8.299341265228576958e-03 5.371093750000000000e-03 2.425313000000000000e+07 -8.056640625000000000e-03 2.387955000000000000e+06 1.629638671875000000e-02 8.350114400000000000e+07 0.000000000000000000e+00 -1.403589000000000000e+06 0.000000000000000000e+00 3.389648400000000000e+07
1.293222767532251419e-02 -1.492834394904458701e-03 3.123236198726114631e+07 2.935907643312102126e-03 6.912217681528662331e+06 -6.033539012738853465e-03 8.407940728662420809e+07 0.000000000000000000e+00 3.524977814012739062e+07 0.000000000000000000e+00 2.577363974522293080e+06
1.764839556552980082e-02 -3.638698630136986099e-03 2.657608416438356042e+07 1.038099315068493136e-02 1.067504482191780768e+07 -1.431399828767123197e-02 7.979198772602739930e+07 0.000000000000000000e+00 5.377324536986301094e+07 0.000000000000000000e+00 5.299754783561643213e+07
2.256548662787912635e-02 -1.524840500945179615e-03 1.834093755765595660e+07 2.364795014177694006e-03 7.878442344045368955e+05 -3.854098978024574768e-03 6.043647225708884746e+07 0.000000000000000000e+00 2.895583189413988590e+07 0.000000000000000000e+00 7.157007485822306480e+05
2.777643688250242340e-02 4.001524390243902198e-04 1.398203441951219551e+07 -1.610137195121951132e-03 4.116754731707317289e+06 1.922160823170731680e-03 4.675079492682927102e+07 0.000000000000000000e+00 3.176788667317073047e+07 0.000000000000000000e+00 1.271751305365853570e+07
3.269804980233311648e-02 -2.656250000000000191e-04 8.739593216000000015e+06 -4.921875000000000035e-04 8.073766400000000140e+05 -9.042968750000000442e-04 3.701571993600000441e+07 0.000000000000000000e+00 2.775193190399999917e+07 0.000000000000000000e+00 -2.879277055999999866e+06
3.761648458559932462e-02 -1.573826281186783450e-04 5.526175158462575637e+06 2.670236640256237336e-04 4.487577720836143126e+05 -4.732179545262980153e-04 2.872396920836142823e+07 0.000000000000000000e+00 2.165402601213755831e+07 0.000000000000000000e+00 4.016416625758597162e+06
4.263843696389812976e-02 -3.880092075892856911e-04 3.862672571428571362e+06 1.004900251116071274e-03 5.553338928571428405e+05 -1.126425606863839255e-03 2.326728457142857090e+07 0.000000000000000000e+00 1.633347200000000000e+07 0.000000000000000000e+00 2.961464857142856810e+06
4.756514582339458480e-02 4.531454426515481868e-04 2.880172378543393221e+06 -7.785243131269080309e-04 1.727673859572612273e+05 1.399895742477104280e-03 1.970059175577845797e+07 0.000000000000000000e+00 1.347300691844744980e+07 0.000000000000000000e+00 7.145615351068469463e+05
5.262096060748640974e-02 2.702005793539325666e-04 2.341564044943820219e+06 -2.688290028089887701e-04 3.394617977528089541e+05 4.971964975421348668e-04 1.676121743820224702e+07 0.000000000000000000e+00 1.264739379775280878e+07 0.000000000000000000e+00 3.378658876404494513e+06
5.756031740041873956e-02 -6.949547493811881431e-06 1.981586534653465264e+06 1.430700321008663417e-04 3.372555643564356724e+05 -1.128923774945853981e-04 1.430480348514851555e+07 0.000000000000000000e+00 9.214540673267327249e+06 0.000000000000000000e+00 1.549606811881188070e+06
6.254738279606215923e-02 -4.455252023546725021e-05 1.552305385332352016e+06 5.006170284522933045e-05 3.672172126563649508e+05 -3.922298488471915402e-05 1.279175977630610578e+07 0.000000000000000000e+00 8.376650533235221170e+06 0.000000000000000000e+00 2.694766135884228628e+06
6.757793472572401483e-02 2.454278339191563784e-04 1.271803163444639649e+06 -3.595603580843584769e-04 1.181363796133567521e+05 5.365515844683655441e-04 1.152260139191563986e+07 0.000000000000000000e+00 6.926829553602811880e+06 0.000000000000000000e+00 1.060450305799648399e+06
7.255917516659465827e-02 -2.905895480751348494e-05 9.471837173144876724e+05 -7.264738701878371235e-06 3.668268551236749045e+04 7.954888878556816455e-05 9.938283170541193336e+06 0.000000000000000000e+00 5.251579715082759969e+06 0.000000000000000000e+00 2.228737333085363498e+05
7.753384299139773339e-02 1.641226565115500643e-04 7.774019792433880502e+05 -3.736896342484097799e-04 6.975875728155340767e+04 5.735302194928021272e-04 8.941284145965851843e+06 0.000000000000000000e+00 4.618857759625041857e+06 0.000000000000000000e+00 6.063620970873787301e+05
8.251793356505521260e-02 1.856602660012901553e-05 6.642672293577982346e+05 1.350105355638976700e-04 8.799481651376147056e+04 3.410260611717854214e-05 7.904877798165137880e+06 0.000000000000000000e+00 4.044002055045871995e+06 0.000000000000000000e+00 -3.654686238532110583e+05
8.752751931716111489e-02 3.448403281715692685e-06 4.969532906569910701e+05 1.432352831006220126e-04 6.122188000518336776e+04 -2.295600482801768850e-04 6.883955112090190873e+06 0.000000000000000000e+00 3.084030573538940400e+06 0.000000000000000000e+00 5.989336457172476221e+05
9.254701955136974967e-02 4.209033336656791031e-05 4.071866982680036454e+05 -1.277036849433113043e-04 2.134353144940747370e+04 1.733792078092952248e-04 6.155171587967183441e+06 0.000000000000000000e+00 2.686043945305378176e+06 0.000000000000000000e+00 1.883625159525979834e+05
9.754963178921903511e-02 -2.371637182037056538e-05 3.032541484350466053e+05 1.557920286820893931e-04 3.584356411598451086e+04 -1.462850348058201586e-04 5.509983534387103282e+06 0.000000000000000000e+00 2.071223458180676214e+06 0.000000000000000000e+00 3.563193602009839960e+05
1.025319613041059119e-01 -6.046259380863039818e-06 2.799651302063789917e+05 3.856780605065665974e-05 2.954736510318949513e+04 -2.480340496013133222e-05 5.064360105065666139e+06 0.000000000000000000e+00 1.869407867917448515e+06 0.000000000000000000e+00 3.907216570356472512e+05
1.075116003998943526e-01 -5.939465239490006630e-05 2.225653370089593227e+05 6.233914649379738581e-05 2.255862577532736032e+04 3.644863052420744480e-05 4.657797381116471253e+06 0.000000000000000000e+00 1.617398649207443232e+06 0.000000000000000000e+00 9.953896623018608079e+04
1.125102861506304813e-01 -5.585964674963284088e-05 1.864384855839839438e+05 2.000379241709824673e-04 1.535278843626806884e+04 -2.060390618961119443e-04 4.310554793228724040e+06 0.000000000000000000e+00 1.506886643889619038e+06 0.000000000000000000e+00 2.401005537605318241e+05
1.175500852175193622e-01 4.461964203171668494e-05 1.555071836154174525e+05 2.623357163810268887e-05 2.091525188451145004e+04 1.530870403169890592e-05 4.076625121888778638e+06 0.000000000000000000e+00 1.213080995590954321e+06 0.000000000000000000e+00 2.293649130991324200e+05
1.225369446564099490e-01 -3.310162197947699665e-05 1.314811000331016257e+05 9.154667328699106791e-05 2.365720278053624861e+04 -1.126230966567361857e-04 3.846334902615028434e+06 0.000000000000000000e+00 1.269594587222774047e+06 0.000000000000000000e+00 2.424370505130751699e+05
1.275260957852891452e-01 2.321201188455008371e-05 1.116400679117147665e+05 -2.487001273344652044e-05 1.861548581130244929e+04 3.262708813364055403e-05 3.534306817365995608e+06 0.000000000000000000e+00 1.015117675479020108e+06 0.000000000000000000e+00 2.306339112296871026e+05
1.325302087090364789e-01 1.885065372313562580e-05 9.299353347174680675e+04 -1.303106237023735927e-04 1.490986409292407734e+04 1.090214406458672324e-04 3.380232906346444972e+06 0.000000000000000000e+00 8.526248861455585575e+05 0.000000000000000000e+00 2.358997766679759661e+04
1.375062694904859717e-01 -4.086197366684266166e-06 7.031148806758184219e+04 5.765147546528511175e-05 1.805253136219640874e+04 -8.531709407173970313e-06 3.160140556705385447e+06 0.000000000000000000e+00 7.688207678986272076e+05 0.000000000000000000e+00 1.454321131995776086e+05
1.425134422753508989e-01 1.124856018429640876e-06 6.940545056632750493e+04 -3.805762862353618523e-05 2.947401190247648265e+04 8.609835441063544339e-05 3.001049322326742113e+06 0.000000000000000000e+00 7.202395607602227246e+05 0.000000000000000000e+00 1.645971142253791622e+05
1.475259222195813014e-01 3.292433596063601927e-06 5.193124279010433384e+04 2.522716012119003028e-05 1.408979579935304537e+04 -3.604992325960180673e-05 2.808487929655109532e+06 0.000000000000000000e+00 5.894782501252904767e+05 0.000000000000000000e+00 5.843087739760353725e+04
1.525299430011916868e-01 -2.621394942086574050e-06 4.492654176530266705e+04 2.174519347628508527e-05 1.937511531958065461e+04 -1.165437101713096058e-05 2.655105428474805318e+06 0.000000000000000000e+00 5.653565207981062122e+05 0.000000000000000000e+00 5.465924112275955122e+04
1.574945685492469272e-01 1.358585756460549179e-05 3.363741335382375109e+04 -4.439099971690864198e-05 2.118146738383143747e+04 2.965982276458931319e-05 2.544518123832248151e+06 0.000000000000000000e+00 5.121330574675455573e+05 0.000000000000000000e+00 -1.183036907024709762e+04
1.625189323163163113e-01 -1.443459169708029332e-05 3.093572204379562390e+04 2.567931683394160958e-05 1.447479824817518420e+04 -7.341593721487226615e-05 2.384584464817518368e+06 0.000000000000000000e+00 3.707081810218978208e+05 0.000000000000000000e+00 1.192785938686131558e+05
1.675461007718098694e-01 -1.633628897351936069e-06 2.601363781321184433e+04 3.189052156000854162e-05 1.332736218678815385e+04 -1.455059355646711241e-05 2.277985384965831414e+06 0.000000000000000000e+00 4.257855854214122519e+05 0.000000000000000000e+00 1.330877722095671925e+05
1.725292014006662711e-01 4.007714383426179495e-06 1.992515964004351190e+04 2.816666735339684667e-07 9.855077034644164087e+03 1.301098841245838577e-05 2.186593372317632195e+06 0.000000000000000000e+00 3.403213385634704027e+05 0.000000000000000000e+00 1.249752727032996045e+05
1.775301965061671094e-01 3.620207399987379879e-06 1.479675416456335188e+04 -8.804036294011862330e-06 1.797387582029278201e+04 8.705828540076034251e-06 2.104730039374053478e+06 0.000000000000000000e+00 2.660728924785461859e+05 0.000000000000000000e+00 8.591605855628469726e+04
1.825147654490652804e-01 2.446527223847085511e-05 1.600907938196106261e+04 -3.415905935182723447e-05 1.701227545865461434e+04 8.793649738544713945e-05 2.023074770894265734e+06 0.000000000000000000e+00 2.609933046175662603e+05 0.000000000000000000e+00 8.007721445242104528e+04
1.875360723572403465e-01 -7.733392981843574716e-06 1.112730279329609039e+04 -4.013317257332402237e-05 2.134924513966480299e+04 -2.559043841655028029e-06 1.943753138770949794e+06 0.000000000000000000e+00 1.797623848044692713e+05 0.000000000000000000e+00 5.785885318435754016e+04
1.925323683450522461e-01 -1.183181244644960805e-05 6.322089750455177636e+03 2.968412172338545275e-05 1.473708985755596041e+04 -5.057446129561823402e-05 1.859529383742101258e+06 0.000000000000000000e+00 1.726120509799721476e+05 0.000000000000000000e+00 4.166562450465888105e+04
1.975198663583639380e-01 -9.435863791577082902e-06 4.616141039585177168e+03 2.457770804350575217e-05 1.285574240546351211e+04 -2.428746877766535677e-05 1.795369784950044239e+06 0.000000000000000000e+00 1.755868353610724444e+05 0.000000000000000000e+00 1.136991995952953002e+05
2.025153694923672032e-01 -6.337337462607353143e-06 -3.205958506224066696e+03 -2.298168288019878451e-05 1.009584792048634699e+04 3.072371828409968319e-05 1.717760741098137805e+06 0.000000000000000000e+00 9.654221210074303963e+04 0.000000000000000000e+00 6.917895435684647236e+04
2.075088499274508613e-01 -6.999566339966566922e-06 -1.955709725434518759e+03 2.827780075682978853e-05 1.401431019716503761e+04 -3.515157616816277073e-05 1.670311637820879929e+06 0.000000000000000000e+00 8.711608656026014069e+04 0.000000000000000000e+00 5.052884490141748392e+04
2.125178062418619784e-01 5.838238021469715371e-06 -1.342676645138767753e+03 -2.360864134229359500e-05 1.364878617559783561e+04 -2.456747605384884147e-05 1.623732616512480425e+06 0.000000000000000000e+00 9.862754128120091627e+04 0.000000000000000000e+00 1.034646074358526821e+05
2.175004174234404231e-01 -8.219531184243750800e-08 -2.551077855399377313e+03 -3.863179656594562519e-06 1.099727969026176288e+04 -1.438417957242656291e-07 1.561562508206380066e+06 0.000000000000000000e+00 4.413727060011783760e+04 0.000000000000000000e+00 4.087714367477485212e+04
2.225093171556767890e-01 -8.734252181793108745e-06 -4.052878075688028275e+03 3.299392619333740519e-05 1.352407840665077492e+04 -3.217629245385236945e-06 1.510917335749886697e+06 0.000000000000000000e+00 5.107617328263825038e+04 0.000000000000000000e+00 1.030097077677744819e+05
2.275289586476768322e-01 -1.195851829174957959e-06 -3.894444512475126430e+03 2.391703658349915918e-06 9.686986682994031071e+03 2.032948109597428488e-05 1.471104764120618580e+06 0.000000000000000000e+00 2.323960446961579873e+04 0.000000000000000000e+00 4.399709046379917709e+04
2.325285406108919262e-01 -9.657173322585634395e-06 -5.456772160878977047e+03 2.559073211224146714e-05 1.052089542138868273e+04 -3.056115642494384039e-05 1.425464925108689815e+06 0.000000000000000000e+00 1.290535615665872501e+04 0.000000000000000000e+00 3.635171826169210544e+04
2.375276552426477672e-01 8.261042417384426964e-06 -4.102464686236597117e+03 -3.383594230642467929e-05 1.026069622077693748e+04 1.716955744501450333e-05 1.391508038108630804e+06 0.000000000000000000e+00 -3.026522481982774025e+03 0.000000000000000000e+00 1.020408980137106701e+05
2.424991024241769377e-01 8.062044173011665441e-06 -6.093585400030388882e+03 -6.405120984079820765e-06 1.009092093934124568e+04 9.708663113256124367e-06 1.346509883071936201e+06 0.000000000000000000e+00 -4.168844583255955513e+04 0.000000000000000000e+00 6.139984076443874073e+04
2.474998551644826128e-01 1.485325608389369238e-05 -7.348676528978546230e+03 -2.399973483029138810e-05 1.053248389369196229e+04 4.515780724663784980e-05 1.319905112776176771e+06 0.000000000000000000e+00 -3.596397925072046201e+04 0.000000000000000000e+00 9.192286186359269777e+04
2.525200307756395035e-01 9.167544656665636707e-06 -6.256295948035880429e+03 -3.798414301732137608e-06 1.179755570677389551e+04 3.089515409932725359e-05 1.280586970862975577e+06 0.000000000000000000e+00 -4.134362387875038985e+04 0.000000000000000000e+00 2.258169427776059456e+04
2.575182250600202005e-01 7.552878883838759854e-06 -5.789769227330302783e+03 -2.583113683779152223e-06 8.770533104835705672e+03 8.697089100104313778e-06 1.263509518038894283e+06 0.000000000000000000e+00 -3.684936216377319215e+04 0.000000000000000000e+00 9.674508760897100728e+04
2.625255687975799335e-01 9.646110732726650750e-07 -7.444221600958520867e+03 2.881644993260398383e-06 1.090296068922234190e+04 -8.904805381741384853e-06 1.225745585667826701e+06 0.000000000000000000e+00 -3.236414674502196431e+04 0.000000000000000000e+00 9.030165938266673766e+04
2.675305520911575030e-01 6.095003521078140110e-06 -5.577055494953120615e+03 -1.637020857209925252e-05 1.179851722566658827e+04 2.852650431159470314e-05 1.198408914099501446e+06 0.000000000000000000e+00 -5.653572350561300846e+04 0.000000000000000000e+00 6.580718233661506383e+04
2.725404586615198799e-01 -1.411359301449198567e-05 -6.426980060295128169e+03 1.761939402403871338e-05 1.114773745173745192e+04 -1.615218724794388282e-05 1.167980671708890935e+06 0.000000000000000000e+00 -7.296718294811445230e+04 0.000000000000000000e+00 9.856831353466969449e+04
2.775333197047151201e-01 -5.553383565538811048e-07 -5.562289347842944153e+03 8.557259221443895653e-06 1.001534655052084599e+04 -1.936426985324527539e-05 1.135905807325458154e+06 0.000000000000000000e+00 -7.857124842970506870e+04 0.000000000000000000e+00 7.030939054462738568e+04
2.825123907298719983e-01 -2.255507781139998879e-06 -5.401358908170197537e+03 -2.635446257642191349e-06 1.077401049836349011e+04 -1.518095444404989905e-05 1.118368521311677992e+06 0.000000000000000000e+00 -6.651681531525967875e+04 0.000000000000000000e+00 7.397669926511455560e+04
2.875104651677040102e-01 1.288273169651407712e-05 -5.514930473089446423e+03 -1.979171031052480223e-05 8.341736832024516843e+03 3.776849857396810949e-05 1.095034827044627396e+06 0.000000000000000000e+00 -9.585420723999233451e+04 0.000000000000000000e+00 5.822008657345335814e+04
2.924971317655564174e-01 4.718620316961240541e-06 -5.032647239015593186e+03 -8.251941272006381052e-06 8.782816123177934060e+03 4.258611278884277640e-06 1.069313334612583509e+06 0.000000000000000000e+00 -8.548596053589798976e+04 0.000000000000000000e+00 4.425989915500121424e+04
2.975058823671092867e-01 -7.094842334717164868e-06 -5.346042092176538063e+03 1.921135878946141431e-05 9.548489832164106701e+03 -2.018357983131771144e-05 1.054146301749400562e+06 0.000000000000000000e+00 -8.027703401118905458e+04 0.000000000000000000e+00 5.710436231240564666e+04
3.025121359101998753e-01 5.871048491472482838e-07 -4.313713025809519422e+03 -3.494263354980869652e-06 8.786017033418356732e+03 9.918608691646896503e-06 1.030989195106134634e+06 0.000000000000000000e+00 -8.953469681379965914e+04 0.000000000000000000e+00 6.636286196014007146e+04
3.075010376196579687e-01 -1.393120982912682380e-06 -5.610874682552124796e+03 2.992913759993729532e-06 8.101908386894498108e+03 -1.277474080805507712e-05 1.011704851209698594e+06 0.000000000000000000e+00 -7.783937846057376009e+04 0.000000000000000000e+00 6.924084452108481491e+04
3.125134169243361515e-01 1.200329435200080529e-06 -4.888453327971044018e+03 5.403937119822039248e-06 8.577472913734165559e+03 2.881373626567841292e-05 9.931681486426704796e+05 0.000000000000000000e+00 -8.857972700583148981e+04 0.000000000000000000e+00 5.097362557812185696e+04
3.175159688234982513e-01 -3.453768014853965473e-07 -3.656655224921653371e+03 -1.496632806436718319e-06 7.323140788478352988e+03 2.273730609778860670e-06 9.745922389209262328e+05 0.000000000000000000e+00 -8.910819007574343414e+04 0.000000000000000000e+00 4.138791240875912627e+04
3.225221380836135188e-01 -4.609035774966962920e-08 -3.855017708136681449e+03 -2.903692538229186758e-07 7.122432169152350980e+03 -2.469290916438550347e-06 9.617746691334717907e+05 0.000000000000000000e+00 -8.716425448367001081e+04 0.000000000000000000e+00 6.637661468755900569e+04
3.275181733526948968e-01 5.197366137541651181e-06 -3.772427989633469224e+03 -1.172345022676786431e-05 7.620087967419473898e+03 1.304990845404479846e-05 9.457039970381340245e+05 0.000000000000000000e+00 -1.022740851536467962e+05 0.000000000000000000e+00 4.214032017771196115e+04
3.325123842131759710e-01 -1.789514708629477796e-06 -3.177921346415577773e+03 2.658211169129224177e-06 7.219400055151801098e+03 -8.109281458765133212e-06 9.309069710097227944e+05 0.000000000000000000e+00 -9.469929081900425081e+04 0.000000000000000000e+00 6.080002846544561908e+04
3.374959366892091861e-01 -3.015084970483130705e-07 -3.039887608170129624e+03 -1.966220305219318199e-06 6.356157656868584127e+03 6.872950340960349810e-06 9.102918370178327896e+05 0.000000000000000000e+00 -9.236386364432610571e+04 0.000000000000000000e+00 3.665684027607469761e+04
3.424919221947719805e-01 -6.612748095658768753e-06 -2.917603980364866857e+03 5.121319063622498706e-06 6.451729008492445246e+03 -8.242027491843003522e-06 9.009389402028520126e+05 0.000000000000000000e+00 -9.996061692321796727e+04 0.000000000000000000e+00 6.406264467576194875e+04
3.475179778446125245e-01 -1.460719833800274290e-06 -2.643875714705786322e+03 3.851215261470006571e-06 7.235986016270787331e+03 -6.650886731321163944e-06 8.879936495572908316e+05 0.000000000000000000e+00 -1.114308773809912673e+05 0.000000000000000000e+00 6.089236475316104043e+04
3.525052850529177828e-01 -4.521844563308318860e-07 -2.698344691042631439e+03 -5.223510098994092522e-07 5.601725946032252978e+03 1.215635540575602699e-05 8.742641571132045938e+05 0.000000000000000000e+00 -1.009963204853903881e+05 0.000000000000000000e+00 5.004756263771355589e+04
3.575133254796376558e-01 1.103274386645308125e-05 -2.266924971832821029e+03 -3.029887867802040299e-05 4.879995217327988939e+03 3.236471131515815966e-05 8.676320739474672591e+05 0.000000000000000000e+00 -9.905583015382729354e+04 0.000000000000000000e+00 4.968685871956220217e+04
3.625250227669692404e-01 2.779254818551422699e-06 -2.670334226773076352e+03 -6.007013721578074945e-06 5.743150489384128377e+03 2.705545745652010049e-05 8.595369343171208166e+05 0.000000000000000000e+00 -9.961162379159765260e+04 0.000000000000000000e+00 4.193699406715855730e+04
3.675230446100045678e-01 -7.461142823815876994e-06 -2.676963337197179953e+03 1.665942195394003083e-05 4.799028118598225774e+03 -1.468734508161465065e-05 8.453939273159387521e+05 0.000000000000000000e+00 -9.384583117176621454e+04 0.000000000000000000e+00 5.439147002602629072e+04
3.725177060730277545e-01 -5.274136879342015478e-07 -1.993969466521813729e+03 2.379468950237470836e-06 4.220698724912802390e+03 -3.421754437331590528e-07 8.327319764423351735e+05 0.000000000000000000e+00 -9.387646909485962533e+04 0.000000000000000000e+00 6.098019463662874477e+04
3.775163034622419089e-01 4.020161304224905339e-06 -1.200483350687141865e+03 -1.223219934526723637e-05 5.240031167899821412e+03 1.509664844875914481e-05 8.265791323463498848e+05 0.000000000000000000e+00 -9.774090273822411837e+04 0.000000000000000000e+00 4.353433039352921332e+04
3.825226892977953153e-01 2.706991659628378173e-06 -1.679188756756756675e+03 -8.997736750422297551e-06 4.399695567567567196e+03 6.862949680637669039e-06 8.190430789189189672e+05 0.000000000000000000e+00 -9.476103610810810642e+04 0.000000000000000000e+00 6.274322681081081100e+04
3.875130067694269043e-01 -1.358960777740960864e-06 -1.107714330874604912e+03 1.699479789452507709e-06 3.375981664910432301e+03 -5.319686282673425151e-06 8.127562453108535847e+05 0.000000000000000000e+00 -9.289254710221286223e+04 0.000000000000000000e+00 5.603708493150685536e+04
3.924957861003909865e-01 -4.041641859492164145e-06 -7.630308499340263779e+02 8.177567743700319054e-06 4.103119029382422013e+03 -8.199567349467384582e-06 8.006796419785666512e+05 0.000000000000000000e+00 -9.571554365526342008e+04 0.000000000000000000e+00 5.677776652399189334e+04
3.975064703251052212e-01 4.719154637259154119e-06 -1.249716275323709851e+03 -4.483196905396196074e-06 2.758060789294343977e+03 8.798500809274519555e-06 7.960998389690850163e+05 0.000000000000000000e+00 -8.937464513970635016e+04 0.000000000000000000e+00 5.941367142060591141e+04
