3.798113400606732779e-03 1.606287263157894602e+06 0.000000000000000000e+00 2.658129263157894369e+06 0.000000000000000000e+00 -5.020181473684210330e+06 1.456780934736841917e+08 0.000000000000000000e+00 3.026597456842105389e+08 0.000000000000000000e+00 -1.253884766315789372e+08
8.299341265228576958e-03 1.186156875000000000e+06 0.000000000000000000e+00 9.858830468750000000e+04 0.000000000000000000e+00 4.007773125000000000e+05 3.013345000000000000e+07 0.000000000000000000e+00 4.279868000000000000e+07 0.000000000000000000e+00 -1.627728600000000000e+07
1.293222767532251419e-02 1.006121783439490478e+06 0.000000000000000000e+00 6.249029299363057362e+05 0.000000000000000000e+00 -1.424220636942675337e+05 1.481491077707006410e+07 0.000000000000000000e+00 2.544993345222930238e+07 0.000000000000000000e+00 -4.742267108280255459e+06
1.764839556552980082e-02 9.694961095890410943e+05 0.000000000000000000e+00 8.267240000000000000e+05 0.000000000000000000e+00 1.328577534246575378e+05 7.869556602739725262e+06 0.000000000000000000e+00 1.576276515068493038e+07 0.000000000000000000e+00 5.482759452054793946e+05
2.256548662787912635e-02 9.347503062381852651e+05 0.000000000000000000e+00 8.527822759924385464e+05 0.000000000000000000e+00 -3.522362797731569153e+05 4.781162465028355829e+06 0.000000000000000000e+00 8.585933187145557255e+06 0.000000000000000000e+00 -2.647433194706994575e+06
2.777643688250242340e-02 8.275651121951219393e+05 0.000000000000000000e+00 6.087597658536585514e+05 0.000000000000000000e+00 -1.786929170731707418e+05 2.700509970731707290e+06 0.000000000000000000e+00 5.337678048780487850e+06 0.000000000000000000e+00 1.406729756097561039e+04
3.269804980233311648e-02 7.553580799999999581e+05 0.000000000000000000e+00 5.808673919999999925e+05 0.000000000000000000e+00 -1.541585920000000042e+05 1.751072767999999924e+06 0.000000000000000000e+00 3.350729472000000067e+06 0.000000000000000000e+00 -2.512257920000000158e+05
3.761648458559932462e-02 5.868927309507754399e+05 0.000000000000000000e+00 3.657599136884693289e+05 0.000000000000000000e+00 3.685857855697909690e+04 1.134229836817262229e+06 0.000000000000000000e+00 2.074345904248145642e+06 0.000000000000000000e+00 -8.166959946055292676e+04
4.263843696389812976e-02 5.561050357142856810e+05 0.000000000000000000e+00 3.993875714285714203e+05 0.000000000000000000e+00 3.040853348214285506e+04 7.910550000000000000e+05 0.000000000000000000e+00 1.424085285714285681e+06 0.000000000000000000e+00 1.419329241071428442e+03
4.756514582339458480e-02 4.945163610989969457e+05 0.000000000000000000e+00 3.917844151766245486e+05 0.000000000000000000e+00 -5.315356650675970741e+04 6.167002040994330309e+05 0.000000000000000000e+00 1.086533554295682581e+06 0.000000000000000000e+00 -6.986583166157871892e+04
5.262096060748640974e-02 4.245435505617977469e+05 0.000000000000000000e+00 3.121789887640449451e+05 0.000000000000000000e+00 1.128825617977528018e+05 4.545259325842696708e+05 0.000000000000000000e+00 8.150992359550561523e+05 0.000000000000000000e+00 7.916467415730336506e+04
5.756031740041873956e-02 3.781532277227722807e+05 0.000000000000000000e+00 2.701797425742574269e+05 0.000000000000000000e+00 2.366381683168316886e+04 3.471763168316831579e+05 0.000000000000000000e+00 5.709247524752474856e+05 0.000000000000000000e+00 1.296025000000000000e+04
6.254738279606215923e-02 3.627973038999263663e+05 0.000000000000000000e+00 2.188166279126808804e+05 0.000000000000000000e+00 -3.758546970811871233e+03 2.827651861662987503e+05 0.000000000000000000e+00 4.302251106205543038e+05 0.000000000000000000e+00 -3.793846848172675527e+04
6.757793472572401483e-02 3.372164780316344113e+05 0.000000000000000000e+00 2.383614762741651793e+05 0.000000000000000000e+00 1.531905096660808340e+04 2.354792548330404097e+05 0.000000000000000000e+00 3.608084358523725532e+05 0.000000000000000000e+00 8.760121265377854797e+03
7.255917516659465827e-02 3.146934870745769003e+05 0.000000000000000000e+00 2.195223328993862669e+05 0.000000000000000000e+00 1.019239352798958578e+02 1.992964641993676778e+05 0.000000000000000000e+00 2.786899936767714680e+05 0.000000000000000000e+00 -3.311412906825367099e+04
7.753384299139773339e-02 2.846947974556411500e+05 0.000000000000000000e+00 1.834267639772346884e+05 0.000000000000000000e+00 1.740258988952125947e+04 1.676304412453967379e+05 0.000000000000000000e+00 2.279186983595580969e+05 0.000000000000000000e+00 1.108202075661198614e+04
8.251793356505521260e-02 2.554376880733945000e+05 0.000000000000000000e+00 1.612623853211009409e+05 0.000000000000000000e+00 2.669938933486238511e+03 1.468369816513761471e+05 0.000000000000000000e+00 1.882286422018348821e+05 0.000000000000000000e+00 -6.923978784403670033e+03
8.752751931716111489e-02 2.295268233769599756e+05 0.000000000000000000e+00 1.425011045743164432e+05 0.000000000000000000e+00 2.136244032655176852e+04 1.275194401969677419e+05 0.000000000000000000e+00 1.530605820914863434e+05 0.000000000000000000e+00 2.349247635091357097e+03
9.254701955136974967e-02 2.081014694621695380e+05 0.000000000000000000e+00 1.256504503190519608e+05 0.000000000000000000e+00 1.114083295350957087e+03 1.154453163172288041e+05 0.000000000000000000e+00 1.344899471285323671e+05 0.000000000000000000e+00 9.536159525979945101e+03
9.754963178921903511e-02 1.898931250915942655e+05 0.000000000000000000e+00 1.092789180362189945e+05 0.000000000000000000e+00 8.755092641055165586e+03 1.049987966083952633e+05 0.000000000000000000e+00 1.160444275096828205e+05 0.000000000000000000e+00 5.207355176384381593e+03
1.025319613041059119e-01 1.721067106941838574e+05 0.000000000000000000e+00 1.080651407129455911e+05 0.000000000000000000e+00 1.256535534709193234e+04 9.236708142589118506e+04 0.000000000000000000e+00 9.707207804878048773e+04 0.000000000000000000e+00 7.171187992495309118e+03
1.075116003998943526e-01 1.593903459682977118e+05 0.000000000000000000e+00 8.792855134390076273e+04 0.000000000000000000e+00 -1.351901274982770474e+03 8.662010751206064015e+04 0.000000000000000000e+00 8.383150930392832379e+04 0.000000000000000000e+00 3.388261543762922088e+02
1.125102861506304813e-01 1.552366329133493127e+05 0.000000000000000000e+00 8.470239962897117948e+04 0.000000000000000000e+00 -4.853362294194945207e+03 8.069596598902373808e+04 0.000000000000000000e+00 7.505401746927418571e+04 0.000000000000000000e+00 5.261318698307180966e+03
1.175500852175193622e-01 1.434744827193855890e+05 0.000000000000000000e+00 7.812440221874555573e+04 0.000000000000000000e+00 1.037814677855212722e+03 7.347802588536481198e+04 0.000000000000000000e+00 6.130534603897027409e+04 0.000000000000000000e+00 3.038840563220025615e+03
1.225369446564099490e-01 1.358053137371731282e+05 0.000000000000000000e+00 7.110644475339291967e+04 0.000000000000000000e+00 5.609425223435949192e+03 6.916101423369745316e+04 0.000000000000000000e+00 5.388718225753062143e+04 0.000000000000000000e+00 6.875136709698775803e+02
1.275260957852891452e-01 1.292950569973320380e+05 0.000000000000000000e+00 6.853098423478049517e+04 0.000000000000000000e+00 8.782331312151345628e+03 6.483281105990783544e+04 0.000000000000000000e+00 4.845076303662381542e+04 0.000000000000000000e+00 3.349025466893038811e+03
1.325302087090364789e-01 1.239824189439425390e+05 0.000000000000000000e+00 6.222181201952752599e+04 0.000000000000000000e+00 -6.400915773525615805e+03 6.220285012064417970e+04 0.000000000000000000e+00 4.237468335110263433e+04 0.000000000000000000e+00 -3.893014757869928872e+03
1.375062694904859717e-01 1.170712734952481551e+05 0.000000000000000000e+00 5.851598394931362418e+04 0.000000000000000000e+00 7.749397254487856117e+03 5.902259767687434214e+04 0.000000000000000000e+00 3.946841140443505719e+04 0.000000000000000000e+00 2.220561985216473204e+03
1.425134422753508989e-01 1.115854313687847898e+05 0.000000000000000000e+00 5.257781839124592079e+04 0.000000000000000000e+00 2.875570358994048547e+03 5.625129429832981259e+04 0.000000000000000000e+00 3.596290113265501714e+04 0.000000000000000000e+00 3.049263582261470674e+03
1.475259222195813014e-01 1.041960005467219453e+05 0.000000000000000000e+00 4.682428830470636603e+04 0.000000000000000000e+00 7.913635245341473592e+02 5.326030488860540208e+04 0.000000000000000000e+00 3.024319431409175741e+04 0.000000000000000000e+00 6.284573329081051725e+02
1.525299430011916868e-01 9.773683057152519177e+04 0.000000000000000000e+00 4.672889550219817465e+04 0.000000000000000000e+00 6.054888062225228168e+03 5.105615150490361702e+04 0.000000000000000000e+00 2.819924518092661310e+04 0.000000000000000000e+00 4.901653703077442970e+02
1.574945685492469272e-01 9.337943462611718860e+04 0.000000000000000000e+00 4.086627378978444176e+04 0.000000000000000000e+00 8.328808994216847168e+02 4.956426901767298841e+04 0.000000000000000000e+00 2.563492085574473094e+04 0.000000000000000000e+00 1.201064423504670913e+03
1.625189323163163113e-01 8.803017810218979139e+04 0.000000000000000000e+00 3.804276554744526220e+04 0.000000000000000000e+00 4.648434452554744894e+03 4.744372321167883638e+04 0.000000000000000000e+00 2.432971211678832333e+04 0.000000000000000000e+00 1.534309927007299393e+03
1.675461007718098694e-01 8.254693394077448465e+04 0.000000000000000000e+00 3.325559681093393738e+04 0.000000000000000000e+00 2.784686218678815294e+03 4.549186788154896931e+04 0.000000000000000000e+00 2.173942824601366738e+04 0.000000000000000000e+00 1.025458250284738000e+02
1.725292014006662711e-01 7.960419448198570171e+04 0.000000000000000000e+00 3.414134502422784135e+04 0.000000000000000000e+00 7.672844645152784324e+03 4.399457507334278489e+04 0.000000000000000000e+00 1.975916722154464878e+04 0.000000000000000000e+00 3.522108052872729786e+03
1.775301965061671094e-01 7.703481474003028416e+04 0.000000000000000000e+00 3.290705300353356870e+04 0.000000000000000000e+00 5.863744068652195892e+03 4.281734881373043754e+04 0.000000000000000000e+00 1.752038364462392565e+04 0.000000000000000000e+00 7.223248990408884538e+02
1.825147654490652804e-01 7.426963183550474059e+04 0.000000000000000000e+00 2.635790717598747506e+04 0.000000000000000000e+00 -2.347366539631894682e+02 4.227046376554698509e+04 0.000000000000000000e+00 1.748553587993736801e+04 0.000000000000000000e+00 3.690667375697952934e+02
1.875360723572403465e-01 7.194670480446927832e+04 0.000000000000000000e+00 2.740516469273743132e+04 0.000000000000000000e+00 5.796787039106145130e+03 4.104543463687151234e+04 0.000000000000000000e+00 1.647170324022346540e+04 0.000000000000000000e+00 1.337322458100558606e+03
1.925323683450522461e-01 6.752552468673020485e+04 0.000000000000000000e+00 2.551867709114276295e+04 0.000000000000000000e+00 1.616781300203491355e+03 4.002375066937988595e+04 0.000000000000000000e+00 1.439371446931562605e+04 0.000000000000000000e+00 -2.915736117061154431e+01
1.975198663583639380e-01 6.632511587201213115e+04 0.000000000000000000e+00 2.442673843429872068e+04 0.000000000000000000e+00 4.335934842544580533e+03 3.886942830403439439e+04 0.000000000000000000e+00 1.396831769318325496e+04 0.000000000000000000e+00 1.562571999494118927e+03
2.025153694923672032e-01 6.387677390716974332e+04 0.000000000000000000e+00 2.107714136832963413e+04 0.000000000000000000e+00 2.047437807584676420e+03 3.765461275692367053e+04 0.000000000000000000e+00 1.232147370452571704e+04 0.000000000000000000e+00 1.811361212969217434e+02
2.075088499274508613e-01 6.131051391147037793e+04 0.000000000000000000e+00 2.047438539925347504e+04 0.000000000000000000e+00 3.455317410520048725e+03 3.702129675513521943e+04 0.000000000000000000e+00 1.135529332020426409e+04 0.000000000000000000e+00 2.014948132542535859e+02
2.125178062418619784e-01 5.923472019549660035e+04 0.000000000000000000e+00 1.853186385058474480e+04 0.000000000000000000e+00 2.624563100017455326e+03 3.599820980973992118e+04 0.000000000000000000e+00 1.106428277186245396e+04 0.000000000000000000e+00 3.204348490137895169e+02
2.175004174234404231e-01 5.720117027186264022e+04 0.000000000000000000e+00 1.792184630923323130e+04 0.000000000000000000e+00 2.862337766181298093e+02 3.547106943859944295e+04 0.000000000000000000e+00 1.089013652049490884e+04 0.000000000000000000e+00 -5.488616278091069489e+02
2.225093171556767890e-01 5.548303871082130354e+04 0.000000000000000000e+00 1.510391804731979391e+04 0.000000000000000000e+00 2.596654597033155369e+03 3.499474257796339953e+04 0.000000000000000000e+00 9.775923405764267955e+03 0.000000000000000000e+00 5.883354937845983841e+02
2.275289586476768322e-01 5.293184509413746127e+04 0.000000000000000000e+00 1.574543150160722507e+04 0.000000000000000000e+00 3.308397061074544581e+03 3.398072309811725427e+04 0.000000000000000000e+00 8.611152609827031483e+03 0.000000000000000000e+00 -2.684703620082657380e+02
2.325285406108919262e-01 5.219868546377313032e+04 0.000000000000000000e+00 1.501068990231568387e+04 0.000000000000000000e+00 1.589930183908464187e+03 3.317674873119531549e+04 0.000000000000000000e+00 8.661912720790207459e+03 0.000000000000000000e+00 -7.435520710166809977e+02
2.375276552426477672e-01 5.003927917032870755e+04 0.000000000000000000e+00 1.360940819124626432e+04 0.000000000000000000e+00 1.785872807171735076e+03 3.263950725962383513e+04 0.000000000000000000e+00 8.780771875549306060e+03 0.000000000000000000e+00 -3.005666022148005254e+02
2.424991024241769377e-01 4.841080451775193069e+04 0.000000000000000000e+00 1.201863663836037449e+04 0.000000000000000000e+00 -2.523246332280992021e+02 3.215275809092904456e+04 0.000000000000000000e+00 7.997921158813499460e+03 0.000000000000000000e+00 -4.729804669694258337e+02
2.474998551644826128e-01 4.742293025936599588e+04 0.000000000000000000e+00 1.135080883765609906e+04 0.000000000000000000e+00 2.214233749599743987e+03 3.155366199167467130e+04 0.000000000000000000e+00 7.367756131924431429e+03 0.000000000000000000e+00 -1.853496157540826061e+02
2.525200307756395035e-01 4.571695589236004162e+04 0.000000000000000000e+00 1.104331679554593393e+04 0.000000000000000000e+00 7.242248066811011995e+02 3.107456752242499351e+04 0.000000000000000000e+00 6.780079430869162024e+03 0.000000000000000000e+00 -4.124408908134859644e+02
2.575182250600202005e-01 4.454594560762983019e+04 0.000000000000000000e+00 1.034225503315699279e+04 0.000000000000000000e+00 2.556710587884658253e+03 3.078527513598092628e+04 0.000000000000000000e+00 6.910153103345503041e+03 0.000000000000000000e+00 -7.010736010729453938e+02
2.625255687975799335e-01 4.310007280196268403e+04 0.000000000000000000e+00 1.021367535801905615e+04 0.000000000000000000e+00 7.173429565812746205e+02 3.031650641866834121e+04 0.000000000000000000e+00 6.846962971415529864e+03 0.000000000000000000e+00 -4.301749871626633421e+02
2.675305520911575030e-01 4.231964452299747063e+04 0.000000000000000000e+00 9.151654464865163391e+03 0.000000000000000000e+00 1.308522113751536153e+03 2.954977589373247974e+04 0.000000000000000000e+00 6.234032228221095465e+03 0.000000000000000000e+00 -1.267025531268554687e+03
2.725404586615198799e-01 4.134540138573015429e+04 0.000000000000000000e+00 8.184475167927222174e+03 0.000000000000000000e+00 8.263292431374622993e+02 2.939022034167239326e+04 0.000000000000000000e+00 6.437207383508753082e+03 0.000000000000000000e+00 -4.088989527688157750e+02
2.775333197047151201e-01 4.067524160570734239e+04 0.000000000000000000e+00 7.200840385659264939e+03 0.000000000000000000e+00 2.252095018998629996e+02 2.896746173133093544e+04 0.000000000000000000e+00 6.257476051386770450e+03 0.000000000000000000e+00 -9.341884353917336057e+02
2.825123907298719983e-01 3.927031779163836472e+04 0.000000000000000000e+00 7.480184672389304069e+03 0.000000000000000000e+00 1.614804421663681978e+03 2.869888529611560807e+04 0.000000000000000000e+00 5.519973717038226823e+03 0.000000000000000000e+00 -5.908093126659667860e+02
2.875104651677040102e-01 3.832380310285386076e+04 0.000000000000000000e+00 6.259072208389196931e+03 0.000000000000000000e+00 1.621309902317563683e+03 2.821813139245355342e+04 0.000000000000000000e+00 5.104323309710783178e+03 0.000000000000000000e+00 -5.566722371193258141e+02
2.924971317655564174e-01 3.732349142863748420e+04 0.000000000000000000e+00 7.059908217642094314e+03 0.000000000000000000e+00 6.733051590007975165e+02 2.786586736640118397e+04 0.000000000000000000e+00 4.963754152747113039e+03 0.000000000000000000e+00 -1.507915985619993307e+03
2.975058823671092867e-01 3.624607121925228421e+04 0.000000000000000000e+00 5.804427315513719805e+03 0.000000000000000000e+00 5.824064914306011360e+02 2.736320539916526104e+04 0.000000000000000000e+00 4.806298552526418462e+03 0.000000000000000000e+00 -2.184777772844329888e+02
3.025121359101998753e-01 3.576450097272059065e+04 0.000000000000000000e+00 5.142331243785396509e+03 0.000000000000000000e+00 5.375638320868099527e+02 2.700511140893173797e+04 0.000000000000000000e+00 4.565390169037223131e+03 0.000000000000000000e+00 -1.219458302710648013e+03
3.075010376196579687e-01 3.506293023984950560e+04 0.000000000000000000e+00 4.860425270418561013e+03 0.000000000000000000e+00 1.087570256571040545e+03 2.669258504467784951e+04 0.000000000000000000e+00 4.079123958823222438e+03 0.000000000000000000e+00 -8.232726132622668729e+02
3.125134169243361515e-01 3.403984073999597604e+04 0.000000000000000000e+00 4.652608887995173973e+03 0.000000000000000000e+00 8.751140961190428698e+02 2.665016368389302443e+04 0.000000000000000000e+00 4.166679589784837844e+03 0.000000000000000000e+00 -1.330872632213955285e+03
3.175159688234982513e-01 3.385982336355866573e+04 0.000000000000000000e+00 4.089502293915964856e+03 0.000000000000000000e+00 7.326756196520320827e+02 2.606013152439803162e+04 0.000000000000000000e+00 3.768488766197404402e+03 0.000000000000000000e+00 -7.629685139157685398e+02
3.225221380836135188e-01 3.290303673777609947e+04 0.000000000000000000e+00 2.811235038701152007e+03 0.000000000000000000e+00 9.618496318670946721e+01 2.587998097036058243e+04 0.000000000000000000e+00 3.669067925240702607e+03 0.000000000000000000e+00 -2.284552388144232680e+02
3.275181733526948968e-01 3.202128752313957739e+04 0.000000000000000000e+00 3.512191928915216522e+03 0.000000000000000000e+00 -5.767391336542021918e+02 2.562713780081451478e+04 0.000000000000000000e+00 3.454551055164753961e+03 0.000000000000000000e+00 -9.633484635320252210e+02
3.325123842131759710e-01 3.142987128281309924e+04 0.000000000000000000e+00 2.984180115107145866e+03 0.000000000000000000e+00 3.512037859042671926e+02 2.527732026294955358e+04 0.000000000000000000e+00 3.625999626391026595e+03 0.000000000000000000e+00 -1.037239563411227891e+03
3.374959366892091861e-01 3.137786833899730482e+04 0.000000000000000000e+00 3.059145850120870364e+03 0.000000000000000000e+00 1.712170234383211493e+02 2.504961748940195685e+04 0.000000000000000000e+00 3.115145850120870364e+03 0.000000000000000000e+00 -1.325496549066320995e+03
3.424919221947719805e-01 3.053837481769162332e+04 0.000000000000000000e+00 2.605902874430156317e+03 0.000000000000000000e+00 -6.232515063880855877e+01 2.480577466267741329e+04 0.000000000000000000e+00 3.121137570944003528e+03 0.000000000000000000e+00 -1.027672336630857899e+03
3.475179778446125245e-01 3.003042598098473900e+04 0.000000000000000000e+00 2.426102264187930814e+03 0.000000000000000000e+00 7.184033064331688365e+02 2.452404430359067919e+04 0.000000000000000000e+00 2.803621393798804093e+03 0.000000000000000000e+00 -8.750385205998627498e+02
3.525052850529177828e-01 2.936429749321411509e+04 0.000000000000000000e+00 2.368688743413699740e+03 0.000000000000000000e+00 -6.791305764010857047e+02 2.418263758582149239e+04 0.000000000000000000e+00 2.879227718345840458e+03 0.000000000000000000e+00 -8.952353185374421400e+02
3.575133254796376558e-01 2.903296567053215040e+04 0.000000000000000000e+00 1.569092288707835451e+03 0.000000000000000000e+00 5.560628185573806377e+02 2.419518354270297641e+04 0.000000000000000000e+00 2.567161254225076846e+03 0.000000000000000000e+00 -6.641127606901151239e+02
3.625250227669692404e-01 2.834819527179641591e+04 0.000000000000000000e+00 1.434572865532299375e+03 0.000000000000000000e+00 2.776952266224965911e+02 2.383444035536816591e+04 0.000000000000000000e+00 2.476202258695979253e+03 0.000000000000000000e+00 -1.234664297545550198e+03
3.675230446100045678e-01 2.803714448599902244e+04 0.000000000000000000e+00 1.467156573278218957e+03 0.000000000000000000e+00 5.682789551575064024e+02 2.361040993227332729e+04 0.000000000000000000e+00 2.508506849215201782e+03 0.000000000000000000e+00 -6.932329608001807628e+02
3.725177060730277545e-01 2.760050957744868356e+04 0.000000000000000000e+00 1.018792498141689066e+03 0.000000000000000000e+00 9.777274858482475111e+02 2.342933729773000232e+04 0.000000000000000000e+00 2.297129166904911926e+03 0.000000000000000000e+00 -2.374819457944994099e+02
3.775163034622419089e-01 2.727605232345660261e+04 0.000000000000000000e+00 1.150490149702456847e+03 0.000000000000000000e+00 5.394253797725846198e+02 2.328222213334620392e+04 0.000000000000000000e+00 2.472712889857330993e+03 0.000000000000000000e+00 -6.134224974314064411e+02
3.825226892977953153e-01 2.701128648648648596e+04 0.000000000000000000e+00 6.116719459459459358e+02 0.000000000000000000e+00 7.451488108108108008e+02 2.302498421621621674e+04 0.000000000000000000e+00 2.260869189189189001e+03 0.000000000000000000e+00 -1.204203783783783734e+02
3.875130067694269043e-01 2.649973614330874625e+04 0.000000000000000000e+00 6.510189146469969046e+02 0.000000000000000000e+00 5.032903582718651592e+02 2.284765943097998024e+04 0.000000000000000000e+00 2.305665542676501900e+03 0.000000000000000000e+00 -6.800477344573234859e+02
3.924957861003909865e-01 2.604839916326071034e+04 0.000000000000000000e+00 4.968025488366105833e+02 0.000000000000000000e+00 1.597023061822160798e+03 2.265994055289157768e+04 0.000000000000000000e+00 2.153088687928426680e+03 0.000000000000000000e+00 -2.092929939175490119e+02
3.975064703251052212e-01 2.598756062201846362e+04 0.000000000000000000e+00 7.599756148937489115e+02 0.000000000000000000e+00 9.878239018648163210e+02 2.238547044173223549e+04 0.000000000000000000e+00 1.953426231336348565e+03 0.000000000000000000e+00 -4.051474382008549924e+02
