3.798113400606732779e-03 1.018149506578947330e+04 0.000000000000000000e+00 9.876755756578946603e+03 0.000000000000000000e+00 2.367015460526315655e+04
8.299341265228576958e-03 3.849573437500000000e+04 0.000000000000000000e+00 2.843861328125000000e+04 0.000000000000000000e+00 4.174619531250000000e+04
1.293222767532251419e-02 4.042248726114649617e+04 0.000000000000000000e+00 7.673395700636942820e+03 0.000000000000000000e+00 2.122866042993630799e+03
1.764839556552980082e-02 4.249838698630136787e+04 0.000000000000000000e+00 1.049597688356164326e+04 0.000000000000000000e+00 8.376055650684931607e+03
2.256548662787912635e-02 4.502248015122873767e+04 0.000000000000000000e+00 1.207682136105860081e+04 0.000000000000000000e+00 -1.208953969754253376e+04
2.777643688250242340e-02 3.976377317073170707e+04 0.000000000000000000e+00 2.368904634146341414e+04 0.000000000000000000e+00 7.180879878048780483e+03
3.269804980233311648e-02 3.615961600000000180e+04 0.000000000000000000e+00 1.710663400000000183e+04 0.000000000000000000e+00 -8.311102500000000873e+03
3.761648458559932462e-02 3.081912339851651996e+04 0.000000000000000000e+00 1.223470128118678258e+04 0.000000000000000000e+00 5.500246122724207453e+03
4.263843696389812976e-02 2.887600446428571377e+04 0.000000000000000000e+00 1.337876674107142753e+04 0.000000000000000000e+00 -7.965669642857142208e+02
4.756514582339458480e-02 2.566352376798953264e+04 0.000000000000000000e+00 1.216925163541212351e+04 0.000000000000000000e+00 -1.919349978194504956e+03
5.262096060748640974e-02 2.328014325842696417e+04 0.000000000000000000e+00 9.723807584269663494e+03 0.000000000000000000e+00 1.947817415730336961e+03
5.756031740041873956e-02 2.236593316831683114e+04 0.000000000000000000e+00 1.032427846534653509e+04 0.000000000000000000e+00 -1.552996441831683114e+03
6.254738279606215923e-02 2.080867500613195807e+04 0.000000000000000000e+00 8.944125582536178626e+03 0.000000000000000000e+00 -1.056852710326220176e+03
6.757793472572401483e-02 1.978821441124780176e+04 0.000000000000000000e+00 9.330420035149383693e+03 0.000000000000000000e+00 9.398587434094903301e+02
7.255917516659465827e-02 1.856423730704854097e+04 0.000000000000000000e+00 7.609240840617444519e+03 0.000000000000000000e+00 7.070760182257764654e+02
7.753384299139773339e-02 1.769609507867425782e+04 0.000000000000000000e+00 8.167379979912956514e+03 0.000000000000000000e+00 2.528731837964513034e+03
8.251793356505521260e-02 1.609115711009174447e+04 0.000000000000000000e+00 6.842866972477064337e+03 0.000000000000000000e+00 -1.667081242832568932e+02
8.752751931716111489e-02 1.470977944797201053e+04 0.000000000000000000e+00 6.965582480238434982e+03 0.000000000000000000e+00 1.670249319683814974e+03
9.254701955136974967e-02 1.355115679124886083e+04 0.000000000000000000e+00 7.055581586144028734e+03 0.000000000000000000e+00 5.965720145852324094e+02
9.754963178921903511e-02 1.236819009735161671e+04 0.000000000000000000e+00 5.262369098712446430e+03 0.000000000000000000e+00 -2.085207395582539505e+02
1.025319613041059119e-01 1.182756848030018773e+04 0.000000000000000000e+00 5.165593621013133088e+03 0.000000000000000000e+00 5.402813320825515575e+02
1.075116003998943526e-01 1.077209441764300391e+04 0.000000000000000000e+00 4.089195382494830938e+03 0.000000000000000000e+00 -1.880551990006891856e+02
1.125102861506304813e-01 1.046313921310968544e+04 0.000000000000000000e+00 4.110851665764860627e+03 0.000000000000000000e+00 5.871297441447012488e+02
1.175500852175193622e-01 1.021575195562508998e+04 0.000000000000000000e+00 4.299756791352581786e+03 0.000000000000000000e+00 1.759822215901009770e+02
1.225369446564099490e-01 9.657156173452500298e+03 0.000000000000000000e+00 3.594048593181066281e+03 0.000000000000000000e+00 1.288917742469380983e+02
1.275260957852891452e-01 9.457692942032499559e+03 0.000000000000000000e+00 3.903922386611690399e+03 0.000000000000000000e+00 1.854000424448217359e+02
1.325302087090364789e-01 9.236519611694067862e+03 0.000000000000000000e+00 3.181601256944054512e+03 0.000000000000000000e+00 -3.134591212614331539e+02
1.375062694904859717e-01 8.702590073917634072e+03 0.000000000000000000e+00 3.475074762407602975e+03 0.000000000000000000e+00 6.956982576557550146e+02
1.425134422753508989e-01 8.365246304473026612e+03 0.000000000000000000e+00 3.202916874640045990e+03 0.000000000000000000e+00 2.211761854482626291e+02
1.475259222195813014e-01 8.004101143560071250e+03 0.000000000000000000e+00 3.198394095402979474e+03 0.000000000000000000e+00 4.881348580800947730e+02
1.525299430011916868e-01 7.560528914440310473e+03 0.000000000000000000e+00 3.206137639499492707e+03 0.000000000000000000e+00 1.388051762766317268e+02
1.574945685492469272e-01 7.170750677397176332e+03 0.000000000000000000e+00 2.801803696364298048e+03 0.000000000000000000e+00 9.241572976907832526e+01
1.625189323163163113e-01 6.843250802919708804e+03 0.000000000000000000e+00 2.603134890510948935e+03 0.000000000000000000e+00 1.677137591240876020e+02
1.675461007718098694e-01 6.634646355353074796e+03 0.000000000000000000e+00 2.519135250569475829e+03 0.000000000000000000e+00 5.548108716543279684e+01
1.725292014006662711e-01 6.440139499620925562e+03 0.000000000000000000e+00 2.326834426607772912e+03 0.000000000000000000e+00 3.768269439957807663e+02
1.775301965061671094e-01 6.238183745583039126e+03 0.000000000000000000e+00 2.352597425542655401e+03 0.000000000000000000e+00 1.372788837708228016e+02
1.825147654490652804e-01 6.133983751366362412e+03 0.000000000000000000e+00 2.199134509143549167e+03 0.000000000000000000e+00 8.091164436172412877e+01
1.875360723572403465e-01 5.961697877094971773e+03 0.000000000000000000e+00 2.123276424581005813e+03 0.000000000000000000e+00 3.646309497206704009e+02
1.925323683450522461e-01 5.830183999143193432e+03 0.000000000000000000e+00 1.871864838813323331e+03 0.000000000000000000e+00 5.714131948163221608e+01
1.975198663583639380e-01 5.656680510939673695e+03 0.000000000000000000e+00 1.980648438092829110e+03 0.000000000000000000e+00 3.189943341343113730e+02
2.025153694923672032e-01 5.492003859886133796e+03 0.000000000000000000e+00 1.822592685515777475e+03 0.000000000000000000e+00 2.423876109717263461e+01
2.075088499274508613e-01 5.326507682795576329e+03 0.000000000000000000e+00 1.779263642400787830e+03 0.000000000000000000e+00 1.633451304128787172e+02
2.125178062418619784e-01 5.150408099144702646e+03 0.000000000000000000e+00 1.892792459417001282e+03 0.000000000000000000e+00 2.123889422237737961e+02
2.175004174234404231e-01 5.021663833010689814e+03 0.000000000000000000e+00 1.723926437168588564e+03 0.000000000000000000e+00 -3.577030289958757692e+01
2.225093171556767890e-01 4.883852091172357177e+03 0.000000000000000000e+00 1.662960619373140844e+03 0.000000000000000000e+00 1.862026752822048365e+02
2.275289586476768322e-01 4.782863309352518627e+03 0.000000000000000000e+00 1.573579978570335243e+03 0.000000000000000000e+00 7.110130300015306659e+01
2.325285406108919262e-01 4.641917741436705910e+03 0.000000000000000000e+00 1.585946119003874628e+03 0.000000000000000000e+00 1.654832372255471000e+02
2.375276552426477672e-01 4.546976691861486870e+03 0.000000000000000000e+00 1.469587625241694468e+03 0.000000000000000000e+00 1.448199507822112935e+02
2.424991024241769377e-01 4.434732800972430596e+03 0.000000000000000000e+00 1.401963365016122907e+03 0.000000000000000000e+00 1.472945317643880969e+02
2.474998551644826128e-01 4.356125776496957769e+03 0.000000000000000000e+00 1.409338200448286898e+03 0.000000000000000000e+00 1.338218299711815575e+02
2.525200307756395035e-01 4.276451098051345980e+03 0.000000000000000000e+00 1.283162759047324471e+03 0.000000000000000000e+00 5.287426925456232851e+01
2.575182250600202005e-01 4.198499664704567294e+03 0.000000000000000000e+00 1.349766485358766204e+03 0.000000000000000000e+00 1.565346397436852612e+02
2.625255687975799335e-01 4.120970844982027302e+03 0.000000000000000000e+00 1.188423118616990905e+03 0.000000000000000000e+00 1.370652279340446285e+02
2.675305520911575030e-01 4.057788321067093420e+03 0.000000000000000000e+00 1.124731997624998257e+03 0.000000000000000000e+00 5.557770881374186445e+01
2.725404586615198799e-01 3.957568731157772163e+03 0.000000000000000000e+00 1.139543766858835397e+03 0.000000000000000000e+00 1.443112074892896715e+02
2.775333197047151201e-01 3.902038824411300993e+03 0.000000000000000000e+00 1.077576860444076829e+03 0.000000000000000000e+00 8.152961589164318923e+01
2.825123907298719983e-01 3.816821589575742564e+03 0.000000000000000000e+00 1.052942975359723278e+03 0.000000000000000000e+00 9.152606064348792358e+01
2.875104651677040102e-01 3.765924535529592049e+03 0.000000000000000000e+00 1.071548649683968506e+03 0.000000000000000000e+00 6.115210208772265332e+01
2.924971317655564174e-01 3.665317412061172490e+03 0.000000000000000000e+00 9.524472135847137224e+02 0.000000000000000000e+00 -2.591067114404281568e+01
2.975058823671092867e-01 3.608789627919367831e+03 0.000000000000000000e+00 9.355448894414349752e+02 0.000000000000000000e+00 9.465074149720273056e+01
3.025121359101998753e-01 3.561287276814664438e+03 0.000000000000000000e+00 9.694293372530370334e+02 0.000000000000000000e+00 1.966925743590851994e+01
3.075010376196579687e-01 3.491773381407744182e+03 0.000000000000000000e+00 9.352352406333282033e+02 0.000000000000000000e+00 1.341175314835136305e+02
3.125134169243361515e-01 3.454441825859641995e+03 0.000000000000000000e+00 8.918363965413232108e+02 0.000000000000000000e+00 4.705031671023527196e+01
3.175159688234982513e-01 3.395121061783458117e+03 0.000000000000000000e+00 8.584466603137801712e+02 0.000000000000000000e+00 -2.424177972512304535e+01
3.225221380836135188e-01 3.323066792524070479e+03 0.000000000000000000e+00 7.643289409099490967e+02 0.000000000000000000e+00 5.795081649990561345e+01
3.275181733526948968e-01 3.287839466864124461e+03 0.000000000000000000e+00 8.306768604220659427e+02 0.000000000000000000e+00 2.024718391336541856e+01
3.325123842131759710e-01 3.234500974051967205e+03 0.000000000000000000e+00 8.021214584982698170e+02 0.000000000000000000e+00 2.404540238576016264e+01
3.374959366892091861e-01 3.193043197981992307e+03 0.000000000000000000e+00 7.665824895771293086e+02 0.000000000000000000e+00 7.015483218302210844e+01
3.424919221947719805e-01 3.171047479352273967e+03 0.000000000000000000e+00 7.363825017293252131e+02 0.000000000000000000e+00 1.948457358591204169e+01
3.475179778446125245e-01 3.107131309831084309e+03 0.000000000000000000e+00 6.999170124481327093e+02 0.000000000000000000e+00 2.054224932205050891e+01
3.525052850529177828e-01 3.088473638831231256e+03 0.000000000000000000e+00 6.717523231678109141e+02 0.000000000000000000e+00 -2.646053608494331755e+01
3.575133254796376558e-01 3.022750741544098219e+03 0.000000000000000000e+00 6.625423887300626120e+02 0.000000000000000000e+00 4.634123291765986608e+01
3.625250227669692404e-01 2.973489052853485646e+03 0.000000000000000000e+00 5.902911609697334825e+02 0.000000000000000000e+00 -4.955958063544646564e+01
3.675230446100045678e-01 2.967816226698452283e+03 0.000000000000000000e+00 6.155607753938571705e+02 0.000000000000000000e+00 4.283363223468859360e+01
3.725177060730277545e-01 2.925678083366687588e+03 0.000000000000000000e+00 5.921610726742524093e+02 0.000000000000000000e+00 5.089981202470124089e+01
3.775163034622419089e-01 2.874510477792871370e+03 0.000000000000000000e+00 5.696822391239888930e+02 0.000000000000000000e+00 4.231053433640644812e+01
3.825226892977953153e-01 2.855410810810810744e+03 0.000000000000000000e+00 5.687513513513513317e+02 0.000000000000000000e+00 6.259579729729729536e+01
3.875130067694269043e-01 2.825397049525816783e+03 0.000000000000000000e+00 5.541153846153846416e+02 0.000000000000000000e+00 2.442608337723920187e+01
3.924957861003909865e-01 2.782702204486210121e+03 0.000000000000000000e+00 5.285271200077237381e+02 0.000000000000000000e+00 7.084370353683262067e+01
3.975064703251052212e-01 2.773765987237470199e+03 0.000000000000000000e+00 5.230128988290688312e+02 0.000000000000000000e+00 1.382422898209528626e+02
