3.798113400606732779e-03 3.155474342105262986e+04 0.000000000000000000e+00 5.931702631578947330e+04 0.000000000000000000e+00 1.287371447368420922e+05
8.299341265228576958e-03 3.826946875000000000e+04 0.000000000000000000e+00 7.018994140625000000e+03 0.000000000000000000e+00 -6.824955078125000000e+03
1.293222767532251419e-02 4.392736942675159662e+04 0.000000000000000000e+00 1.385325159235668798e+04 0.000000000000000000e+00 -2.208701751592356959e+04
1.764839556552980082e-02 4.549207876712328289e+04 0.000000000000000000e+00 1.615578424657534197e+04 0.000000000000000000e+00 7.769452910958903885e+03
2.256548662787912635e-02 4.462180718336484279e+04 0.000000000000000000e+00 2.076619470699433077e+04 0.000000000000000000e+00 -3.933423913043478478e+03
2.777643688250242340e-02 3.944859512195122079e+04 0.000000000000000000e+00 2.298733170731707287e+04 0.000000000000000000e+00 1.174971989329268354e+02
3.269804980233311648e-02 3.592580799999999726e+04 0.000000000000000000e+00 1.714681799999999930e+04 0.000000000000000000e+00 -7.378788749999999936e+02
3.761648458559932462e-02 3.204373297370195360e+04 0.000000000000000000e+00 1.737416048550236155e+04 0.000000000000000000e+00 1.343309086311530564e+03
4.263843696389812976e-02 2.812942410714285506e+04 0.000000000000000000e+00 1.407046651785714130e+04 0.000000000000000000e+00 9.071205357142856940e+01
4.756514582339458480e-02 2.519084692542520861e+04 0.000000000000000000e+00 1.290550806803314481e+04 0.000000000000000000e+00 -2.784658089838639626e+03
5.262096060748640974e-02 2.370109831460674104e+04 0.000000000000000000e+00 9.867264747191011338e+03 0.000000000000000000e+00 4.373391415028089568e+02
5.756031740041873956e-02 2.205059158415841739e+04 0.000000000000000000e+00 9.716933168316831143e+03 0.000000000000000000e+00 -1.440438737623762336e+03
6.254738279606215923e-02 2.104896345351974378e+04 0.000000000000000000e+00 1.024170419426048466e+04 0.000000000000000000e+00 1.218404341427520194e+03
6.757793472572401483e-02 1.990340421792618508e+04 0.000000000000000000e+00 8.742734622144111199e+03 0.000000000000000000e+00 -9.529038884007029537e+02
7.255917516659465827e-02 1.879303403384787089e+04 0.000000000000000000e+00 8.343098381997397155e+03 0.000000000000000000e+00 2.119754742421424680e+02
7.753384299139773339e-02 1.721673384666889979e+04 0.000000000000000000e+00 6.908932708403080142e+03 0.000000000000000000e+00 -1.130998284231670681e+02
8.251793356505521260e-02 1.607615711009174447e+04 0.000000000000000000e+00 7.529302752293578123e+03 0.000000000000000000e+00 -3.156912987385321117e+02
8.752751931716111489e-02 1.485339898924452609e+04 0.000000000000000000e+00 5.879112090190488743e+03 0.000000000000000000e+00 9.220127640274719170e+02
9.254701955136974967e-02 1.324523883318140361e+04 0.000000000000000000e+00 5.519416134913400128e+03 0.000000000000000000e+00 6.209509457611668495e+02
9.754963178921903511e-02 1.263484978540772499e+04 0.000000000000000000e+00 5.640982309222234107e+03 0.000000000000000000e+00 9.221285460064900690e+02
1.025319613041059119e-01 1.163598724202626727e+04 0.000000000000000000e+00 5.265134333958723801e+03 0.000000000000000000e+00 9.775162406191370223e+01
1.075116003998943526e-01 1.108861405926947009e+04 0.000000000000000000e+00 5.092609924190213860e+03 0.000000000000000000e+00 6.777481909028256268e+02
1.125102861506304813e-01 1.050194759217747560e+04 0.000000000000000000e+00 4.301885754038803498e+03 0.000000000000000000e+00 -7.429756222462704329e+01
1.175500852175193622e-01 1.024152581425117387e+04 0.000000000000000000e+00 4.651628786801308706e+03 0.000000000000000000e+00 7.640422415019201026e+02
1.225369446564099490e-01 9.827552730883813638e+03 0.000000000000000000e+00 3.953888646143661390e+03 0.000000000000000000e+00 -2.927026150281363925e+02
1.275260957852891452e-01 9.528963376182391585e+03 0.000000000000000000e+00 3.972648314334222505e+03 0.000000000000000000e+00 5.502994785350472284e+02
1.325302087090364789e-01 9.211008136468211887e+03 0.000000000000000000e+00 3.790941024633858888e+03 0.000000000000000000e+00 1.181867038886706638e+02
1.375062694904859717e-01 8.728556705385428359e+03 0.000000000000000000e+00 3.553695036958817127e+03 0.000000000000000000e+00 7.279054910242872438e+02
1.425134422753508989e-01 8.423344979842580869e+03 0.000000000000000000e+00 3.393064695718947860e+03 0.000000000000000000e+00 6.681687943943174446e+01
1.475259222195813014e-01 7.988597567087338575e+03 0.000000000000000000e+00 3.075647728825914783e+03 0.000000000000000000e+00 4.427221741309398908e+02
1.525299430011916868e-01 7.509605681433885366e+03 0.000000000000000000e+00 3.022617517754481014e+03 0.000000000000000000e+00 8.477266866756848174e+01
1.574945685492469272e-01 7.195428478990576878e+03 0.000000000000000000e+00 2.763154123023415650e+03 0.000000000000000000e+00 3.566053175678407960e+00
1.625189323163163113e-01 6.908594452554744748e+03 0.000000000000000000e+00 2.815743649635036945e+03 0.000000000000000000e+00 4.072181021897810638e+02
1.675461007718098694e-01 6.677854214123006386e+03 0.000000000000000000e+00 2.559900911161731074e+03 0.000000000000000000e+00 1.099097202448747055e+02
1.725292014006662711e-01 6.443823449912648357e+03 0.000000000000000000e+00 2.402128094406170931e+03 0.000000000000000000e+00 2.678219006493720826e+02
1.775301965061671094e-01 6.265364462392731184e+03 0.000000000000000000e+00 2.367463402322059665e+03 0.000000000000000000e+00 2.884075593134780320e+02
1.825147654490652804e-01 6.060809831900499375e+03 0.000000000000000000e+00 2.171981210670920973e+03 0.000000000000000000e+00 2.150451859729977286e+02
1.875360723572403465e-01 5.918880446927374578e+03 0.000000000000000000e+00 2.160094525139664711e+03 0.000000000000000000e+00 2.077764106145251333e+02
1.925323683450522461e-01 5.744098961122415858e+03 0.000000000000000000e+00 1.932386848023990524e+03 0.000000000000000000e+00 6.299190719717253728e+01
1.975198663583639380e-01 5.720906336157834630e+03 0.000000000000000000e+00 2.087472467433919064e+03 0.000000000000000000e+00 4.396662198052358121e+02
2.025153694923672032e-01 5.540529576377497506e+03 0.000000000000000000e+00 1.898973849271446625e+03 0.000000000000000000e+00 2.308282833156422100e+02
2.075088499274508613e-01 5.362194325494057921e+03 0.000000000000000000e+00 1.887776500492340119e+03 0.000000000000000000e+00 1.990667979573610751e+02
2.125178062418619784e-01 5.164030371792634469e+03 0.000000000000000000e+00 1.831870658055507192e+03 0.000000000000000000e+00 2.750377465526269702e+02
2.175004174234404231e-01 5.041274976853800581e+03 0.000000000000000000e+00 1.757733187442134522e+03 0.000000000000000000e+00 1.579280468815756251e+02
2.225093171556767890e-01 4.890956442938476357e+03 0.000000000000000000e+00 1.638024782805697441e+03 0.000000000000000000e+00 2.053630740135143071e+02
2.275289586476768322e-01 4.779423235879381537e+03 0.000000000000000000e+00 1.569569876014082411e+03 0.000000000000000000e+00 1.547971835297719281e+02
2.325285406108919262e-01 4.696117730522256352e+03 0.000000000000000000e+00 1.591639968711913298e+03 0.000000000000000000e+00 1.922864315209284598e+02
2.375276552426477672e-01 4.561957461768324720e+03 0.000000000000000000e+00 1.548775812972402946e+03 0.000000000000000000e+00 2.047775355950079188e+02
2.424991024241769377e-01 4.461772863099960887e+03 0.000000000000000000e+00 1.398873870984079758e+03 0.000000000000000000e+00 6.770727044046392962e+01
2.474998551644826128e-01 4.386930003202049193e+03 0.000000000000000000e+00 1.443813256484149861e+03 0.000000000000000000e+00 9.644654178674350931e+01
2.525200307756395035e-01 4.297748963810702662e+03 0.000000000000000000e+00 1.280419177234766494e+03 0.000000000000000000e+00 9.132847200742345706e+01
2.575182250600202005e-01 4.217555174726175210e+03 0.000000000000000000e+00 1.304821518515758953e+03 0.000000000000000000e+00 1.254612025929513379e+02
2.625255687975799335e-01 4.156201517658470038e+03 0.000000000000000000e+00 1.236173218462942941e+03 0.000000000000000000e+00 1.705947538084098767e+02
2.675305520911575030e-01 4.024675273746564926e+03 0.000000000000000000e+00 1.134173678905289762e+03 0.000000000000000000e+00 -3.360893939603153768e+01
2.725404586615198799e-01 3.973837414714126680e+03 0.000000000000000000e+00 1.165505262601152936e+03 0.000000000000000000e+00 2.087024382503834374e+02
2.775333197047151201e-01 3.888742781813011788e+03 0.000000000000000000e+00 1.113087497092046306e+03 0.000000000000000000e+00 1.005296272003515412e+01
2.825123907298719983e-01 3.824239708516025530e+03 0.000000000000000000e+00 1.128903600321126532e+03 0.000000000000000000e+00 -4.208363181621688653e+00
2.875104651677040102e-01 3.752524037540701102e+03 0.000000000000000000e+00 1.049287109749090178e+03 0.000000000000000000e+00 1.789871582311817733e+01
2.924971317655564174e-01 3.671523656498167838e+03 0.000000000000000000e+00 1.036323896935578887e+03 0.000000000000000000e+00 8.722060132471764859e+01
2.975058823671092867e-01 3.625432554835272185e+03 0.000000000000000000e+00 9.736653938371370032e+02 0.000000000000000000e+00 3.927933243051238321e+01
3.025121359101998753e-01 3.541713890450045255e+03 0.000000000000000000e+00 9.339396480913060259e+02 0.000000000000000000e+00 5.996653570965371216e+00
3.075010376196579687e-01 3.500532789883472105e+03 0.000000000000000000e+00 9.806658096880389621e+02 0.000000000000000000e+00 4.526436745571406561e+01
3.125134169243361515e-01 3.457503478785441530e+03 0.000000000000000000e+00 8.338409812990147429e+02 0.000000000000000000e+00 2.741325155841544259e+01
3.175159688234982513e-01 3.381003978740753155e+03 0.000000000000000000e+00 8.291786110756353310e+02 0.000000000000000000e+00 1.752015158511066772e+01
3.225221380836135188e-01 3.326337474041910809e+03 0.000000000000000000e+00 8.270514630923164532e+02 0.000000000000000000e+00 1.061927978100811885e+02
3.275181733526948968e-01 3.298003406145871850e+03 0.000000000000000000e+00 8.101400962606442135e+02 0.000000000000000000e+00 -4.103150684931507186e+01
3.325123842131759710e-01 3.217152423565830759e+03 0.000000000000000000e+00 7.685305247426990718e+02 0.000000000000000000e+00 5.423678358255424570e+01
3.374959366892091861e-01 3.189590162211400639e+03 0.000000000000000000e+00 7.550857303016501874e+02 0.000000000000000000e+00 4.233405300774270330e+01
3.424919221947719805e-01 3.147588528948487237e+03 0.000000000000000000e+00 6.921506471426547478e+02 0.000000000000000000e+00 1.399266807790714218e+01
3.475179778446125245e-01 3.104125722873852283e+03 0.000000000000000000e+00 7.338125265462149400e+02 0.000000000000000000e+00 9.831914267977913369e+01
3.525052850529177828e-01 3.051637362286444386e+03 0.000000000000000000e+00 6.901778700303368623e+02 0.000000000000000000e+00 1.771389509819575281e+01
3.575133254796376558e-01 3.034042507530409239e+03 0.000000000000000000e+00 6.603912287021637439e+02 0.000000000000000000e+00 7.787972806217473476e+01
3.625250227669692404e-01 2.976886854389399105e+03 0.000000000000000000e+00 6.681700346333383322e+02 0.000000000000000000e+00 1.187658861617226336e+01
3.675230446100045678e-01 2.959080025370163639e+03 0.000000000000000000e+00 6.402269317411368093e+02 0.000000000000000000e+00 2.798531009193039409e+01
3.725177060730277545e-01 2.904853107667676795e+03 0.000000000000000000e+00 5.640781634170050438e+02 0.000000000000000000e+00 2.689537352049860175e+01
3.775163034622419089e-01 2.883217189234662783e+03 0.000000000000000000e+00 5.869620537715227329e+02 0.000000000000000000e+00 4.187831417518842159e+01
3.825226892977953153e-01 2.853708756756756884e+03 0.000000000000000000e+00 5.370788648648648405e+02 0.000000000000000000e+00 6.672383108108108729e+01
3.875130067694269043e-01 2.821288935721812777e+03 0.000000000000000000e+00 5.678134351949420306e+02 0.000000000000000000e+00 7.036775553213909973e+01
3.924957861003909865e-01 2.794648472950793348e+03 0.000000000000000000e+00 5.452638625172979800e+02 0.000000000000000000e+00 1.451458822772181634e+02
3.975064703251052212e-01 2.766549978316089437e+03 0.000000000000000000e+00 5.175168329099808489e+02 0.000000000000000000e+00 8.032410011771266056e+01
