3.798113400606732779e-03 -1.644736842105263067e-02 1.182107486315789372e+08 3.947368421052631360e-02 -6.771032252631577849e+07 -5.592105263157894079e-02 2.160735124210526049e+08 0.000000000000000000e+00 6.616893305263157189e+07 0.000000000000000000e+00 2.566793162105262876e+08
8.299341265228576958e-03 -9.063720703125000000e-03 6.865556000000000000e+07 1.924133300781250000e-02 7.006525600000000000e+07 -3.486251831054687500e-02 1.302499760000000000e+08 0.000000000000000000e+00 6.002493600000000000e+07 0.000000000000000000e+00 1.280693040000000000e+08
1.293222767532251419e-02 -2.637340764331210473e-03 3.063023042038216814e+07 1.017615445859872646e-02 4.220582726114650257e+06 -1.198621616242038362e-02 1.099594810700636953e+08 0.000000000000000000e+00 6.216589207643312216e+07 0.000000000000000000e+00 2.844408173248407617e+07
1.764839556552980082e-02 2.514982876712328411e-03 3.176017709589041024e+07 -3.718964041095890096e-03 6.952885479452054016e+06 1.175219392123287576e-02 1.009467265753424615e+08 0.000000000000000000e+00 5.903872000000000000e+07 0.000000000000000000e+00 1.316408284931506775e+07
2.256548662787912635e-02 -2.658317580340264553e-04 2.097555018525519967e+07 5.316635160680529106e-04 4.951578132325141691e+06 4.873582230623818437e-04 7.607705212854442000e+07 0.000000000000000000e+00 5.336458501323251426e+07 0.000000000000000000e+00 1.084524110396975465e+07
2.777643688250242340e-02 -7.526676829268292863e-04 1.376342665365853719e+07 2.186547256097561183e-03 4.558391882926829159e+06 -2.425924161585366057e-03 5.549343219512195140e+07 0.000000000000000000e+00 4.650313678048780560e+07 0.000000000000000000e+00 2.005944944390244037e+07
3.269804980233311648e-02 3.437499999999999801e-04 9.126159359999999404e+06 -1.421874999999999962e-03 1.251824384000000078e+06 1.082031250000000094e-03 4.576359628800000250e+07 0.000000000000000000e+00 3.530570137600000203e+07 0.000000000000000000e+00 1.154935091200000048e+07
3.761648458559932462e-02 -6.532366824005394687e-04 6.115808582602832466e+06 1.317009440323668214e-03 6.988762886041806778e+05 -1.946539952798381594e-03 3.480637730006743222e+07 0.000000000000000000e+00 2.746258349831422791e+07 0.000000000000000000e+00 3.042826012137558777e+06
4.263843696389812976e-02 -1.220703125000000000e-04 4.850983428571428172e+06 2.354213169642856911e-04 7.085709285714285215e+05 1.286097935267857182e-04 2.907071542857142538e+07 0.000000000000000000e+00 2.303498285714285448e+07 0.000000000000000000e+00 3.477903428571428172e+06
4.756514582339458480e-02 4.906236371565634398e-04 3.608194846925425343e+06 -3.884103794156127548e-04 5.462853554295682115e+05 5.638764718709115328e-04 2.417219299084169418e+07 0.000000000000000000e+00 1.713767293153074756e+07 0.000000000000000000e+00 8.316238709114696831e+05
5.262096060748640974e-02 2.448264132724719253e-04 2.630936089887640439e+06 -4.776515317766854012e-04 3.353193932584269787e+05 1.490817980819873637e-03 2.031947793258427083e+07 0.000000000000000000e+00 1.435056035955056176e+07 0.000000000000000000e+00 3.947325842696628999e+06
5.756031740041873956e-02 5.801361386138613593e-05 2.012498534653465264e+06 -2.223855198019802058e-04 1.219319504950495029e+05 1.182027382425742540e-03 1.803475263366336748e+07 0.000000000000000000e+00 1.184419104950495064e+07 0.000000000000000000e+00 1.183347089108910877e+06
6.254738279606215923e-02 6.323583517292125881e-05 1.640684346333087888e+06 -1.120998896247240515e-04 6.164533529556045687e+04 9.078174822173165322e-05 1.579752754672553204e+07 0.000000000000000000e+00 9.809355380917340517e+06 0.000000000000000000e+00 6.080707029678685358e+05
6.757793472572401483e-02 9.096276362038663733e-05 1.331850685413005296e+06 -3.990347649384885700e-04 1.757597750439367082e+05 9.437386725615113216e-04 1.389947905799648352e+07 0.000000000000000000e+00 8.313559057996484451e+06 0.000000000000000000e+00 5.705504956063268473e+05
7.255917516659465827e-02 -4.631270922447461461e-06 1.098861503440580331e+06 -2.951300097638088393e-06 1.617718489864236617e+05 6.210216474683838688e-05 1.201713533643295616e+07 0.000000000000000000e+00 7.459070428863679059e+06 0.000000000000000000e+00 3.703087848242514301e+05
7.753384299139773339e-02 2.435684842651490074e-05 8.677351831268832320e+05 -1.498191381402745386e-04 3.430825309675259632e+04 1.829011327732674944e-04 1.102049780515567586e+07 0.000000000000000000e+00 6.660107655841981992e+06 0.000000000000000000e+00 7.787561995313023217e+05
8.251793356505521260e-02 1.063915567660550518e-05 6.988235596330275293e+05 8.091357869839450499e-05 5.415967431192661024e+04 -6.712467298595184071e-05 9.667827082568807527e+06 0.000000000000000000e+00 5.293556256880734116e+06 0.000000000000000000e+00 -2.465800458715596324e+04
8.752751931716111489e-02 -6.631058053647790587e-05 5.541952821044448065e+05 -1.035153719061811587e-04 4.890808345211869892e+04 -2.182934187508098981e-05 8.715545974860697985e+06 0.000000000000000000e+00 4.656458275495659560e+06 0.000000000000000000e+00 4.816527707658417057e+05
9.254701955136974967e-02 4.851655082041932674e-05 4.390087584320874885e+05 -1.431015696216955397e-04 4.868721239744758350e+04 3.367783051788969984e-04 7.579028652689152397e+06 0.000000000000000000e+00 3.607645578851412982e+06 0.000000000000000000e+00 2.860918140382862184e+05
9.754963178921903511e-02 -7.912272322830523903e-05 3.402996771694755298e+05 2.258166609965455785e-04 2.018420349628389158e+04 -3.994726378493666948e-04 6.744967195226630196e+06 0.000000000000000000e+00 3.137819414215429686e+06 0.000000000000000000e+00 4.332979947660421021e+05
1.025319613041059119e-01 -8.794559099437148210e-05 2.937723917448405409e+05 3.488508442776735389e-04 2.632084652908067437e+04 -2.557750938086303751e-04 6.339686976360225119e+06 0.000000000000000000e+00 2.964459827392119914e+06 0.000000000000000000e+00 1.754427797373358335e+05
1.075116003998943526e-01 1.346054445210199845e-06 2.384720055134390132e+05 5.047704169538249621e-05 2.878128738800826977e+04 -3.533392918676774515e-06 5.767952760854583234e+06 0.000000000000000000e+00 2.349562177808408160e+06 0.000000000000000000e+00 -1.498886285320468596e+04
1.125102861506304813e-01 4.257410914431475709e-05 2.176650834041895578e+05 5.887908711447785591e-06 4.121656149029914377e+04 -9.635789064311664357e-05 5.341913472366082482e+06 0.000000000000000000e+00 1.921380979206925957e+06 0.000000000000000000e+00 -7.105358954935456859e+04
1.175500852175193622e-01 2.388973830180628904e-05 1.607168254871284298e+05 2.694540250320011561e-05 1.992588934717678785e+04 8.007229145925189018e-05 4.956524684397667646e+06 0.000000000000000000e+00 1.884601728345896816e+06 0.000000000000000000e+00 2.437616270800739585e+05
1.225369446564099490e-01 -5.850970291294274117e-05 1.382634052300562907e+05 5.524479683879510367e-05 2.941869632571996408e+04 -2.771210252192982397e-04 4.753943151009599678e+06 0.000000000000000000e+00 1.818738026348891202e+06 0.000000000000000000e+00 5.650013214167494880e+04
1.275260957852891452e-01 1.468515037593984881e-05 1.186344001940334711e+05 -4.014730626970652280e-05 2.622945622119815744e+04 8.304807823490177403e-05 4.425484107688575983e+06 0.000000000000000000e+00 1.471863897162260488e+06 0.000000000000000000e+00 1.411456279408197734e+05
1.325302087090364789e-01 -9.754117333482970149e-06 9.492843005443016591e+04 1.715190295157398707e-05 1.802318433309017564e+04 -8.645819451068963710e-05 4.252069069075809792e+06 0.000000000000000000e+00 1.268643086695471546e+06 0.000000000000000000e+00 -8.724823612591886194e+04
1.375062694904859717e-01 3.629883843717001058e-05 7.221531573389651021e+04 -8.156926478352692308e-05 2.888184498416050701e+04 1.145939892423442416e-04 3.976978544456177391e+06 0.000000000000000000e+00 1.248828553326293593e+06 0.000000000000000000e+00 2.741914086589228828e+05
1.425134422753508989e-01 2.877756647149164800e-05 6.863660894605489739e+04 -7.574030524092916134e-05 3.005533499712036792e+04 1.260776120656555871e-05 3.768378581685543992e+06 0.000000000000000000e+00 1.174768224227298982e+06 0.000000000000000000e+00 1.192184603570742911e+05
1.475259222195813014e-01 -2.124509516378878294e-05 5.703741582760034362e+04 2.712920790810515460e-05 2.996807799899767633e+04 -8.958811922667319510e-05 3.520369893115859479e+06 0.000000000000000000e+00 9.270014612055219477e+05 0.000000000000000000e+00 1.783009033668959746e+05
1.525299430011916868e-01 6.770216858302333113e-06 4.767734866418667661e+04 4.747408162833953134e-05 2.563748123097734060e+04 3.994015128297260657e-05 3.321458451132904738e+06 0.000000000000000000e+00 8.142835360162326833e+05 0.000000000000000000e+00 2.077307757862698636e+05
1.574945685492469272e-01 -1.184813159703967234e-07 4.529004116957171937e+04 3.125932053018967059e-05 2.119036324665345455e+04 5.031012879392970867e-05 3.149512414445747156e+06 0.000000000000000000e+00 8.276226660735227633e+05 0.000000000000000000e+00 5.125857241072511533e+04
1.625189323163163113e-01 -9.765625000000000203e-06 3.083895824817518587e+04 3.467866104014599103e-05 2.603419328467153537e+04 -3.381436758667883351e-05 3.000621070948905312e+06 0.000000000000000000e+00 6.890924286131387344e+05 0.000000000000000000e+00 1.527376537226277578e+05
1.675461007718098694e-01 1.039266043208997700e-05 2.581658314350797082e+04 -3.487971486154612744e-05 2.128896355353074978e+04 1.505458545033100796e-05 2.870200856492027175e+06 0.000000000000000000e+00 5.558375580865603406e+05 0.000000000000000000e+00 -1.897231662870159198e+04
1.725292014006662711e-01 -1.004745262591884560e-05 2.219059762006790697e+04 2.511863156479711569e-05 1.363211181066025165e+04 -2.055110466772217239e-05 2.744164460823417176e+06 0.000000000000000000e+00 5.976243167089693015e+05 0.000000000000000000e+00 1.778081977782905451e+05
1.775301965061671094e-01 2.008829978546188789e-05 1.164812317011610321e+04 -2.159800329694598739e-05 2.002156284704694554e+04 2.464051802672261374e-05 2.635962346289752517e+06 0.000000000000000000e+00 5.415796304896516958e+05 0.000000000000000000e+00 1.639618778394749970e+05
1.825147654490652804e-01 9.809189340896333136e-07 9.562184998079706929e+03 4.463181150107831693e-05 1.374573050902537761e+04 -2.369351984179739396e-05 2.518345293036722112e+06 0.000000000000000000e+00 4.210237608201128314e+05 0.000000000000000000e+00 4.392185246240656852e+04
1.875360723572403465e-01 -1.945623472416201064e-05 6.406930055865921531e+03 2.013478199196927368e-05 1.929414972067038980e+04 -7.595552412491271489e-05 2.438179696983240079e+06 0.000000000000000000e+00 4.156814444692737306e+05 0.000000000000000000e+00 1.440285890502793191e+05
1.925323683450522461e-01 1.249857756774124415e-05 5.945118560565491862e+03 7.608966678269251392e-06 1.760534989825425509e+04 3.395926279519653122e-05 2.341986155724536628e+06 0.000000000000000000e+00 3.501540417693048948e+05 0.000000000000000000e+00 9.008641919246010366e+04
1.975198663583639380e-01 -6.718730239028708320e-06 6.297107879094472764e+02 9.979290502086757310e-06 1.224941545466042589e+04 4.668529467560389078e-06 2.266353527760212310e+06 0.000000000000000000e+00 3.328566975085367449e+05 0.000000000000000000e+00 2.252537621854053286e+05
2.025153694923672032e-01 2.827065039081347164e-07 -4.852430763292483107e+02 -1.314585243172826423e-05 1.138508539998070046e+04 5.383203011917398931e-06 2.193184089549358469e+06 0.000000000000000000e+00 2.904416466274245176e+05 0.000000000000000000e+00 1.148956556981569156e+05
2.075088499274508613e-01 -3.667504408161396133e-06 5.261844786919782564e+02 -3.130796445991435413e-07 1.832440220751562811e+04 -1.867296451716320559e-06 2.102502340790950228e+06 0.000000000000000000e+00 2.815798806475989986e+05 0.000000000000000000e+00 1.450787859580022632e+05
2.125178062418619784e-01 -6.392231410368301981e-07 -2.676865421539535873e+03 2.614422646840635411e-05 1.577492337231628699e+04 3.979164052954267734e-06 2.036325971024611732e+06 0.000000000000000000e+00 1.634874805376156582e+05 0.000000000000000000e+00 9.358229917961249885e+04
2.175004174234404231e-01 2.003510726159414174e-05 -2.773619223971046267e+03 -5.058094002503997944e-05 1.513452133658782986e+04 6.124835034009132231e-05 1.974080834946553456e+06 0.000000000000000000e+00 2.021633141991414886e+05 0.000000000000000000e+00 7.826998535476812685e+04
2.225093171556767890e-01 -1.616029038041015827e-05 -4.482451645948661280e+03 3.112779742321861160e-05 1.285735300722995999e+04 -5.393496914461890174e-05 1.910130516892890213e+06 0.000000000000000000e+00 1.519647893461515778e+05 0.000000000000000000e+00 1.804082397115896165e+05
2.275289586476768322e-01 6.651925799785703410e-06 -5.957828868819838135e+03 8.184110955916117964e-06 1.484128088167763781e+04 -8.716638723595592566e-06 1.867630699525485979e+06 0.000000000000000000e+00 1.013437305984999257e+05 0.000000000000000000e+00 9.339156650849533617e+04
2.325285406108919262e-01 2.948890819129391155e-06 -6.347870845687883957e+03 -1.687618239863205703e-06 1.146700292871045895e+04 7.074673305531807351e-06 1.819235870409110095e+06 0.000000000000000000e+00 1.147427084568788414e+05 0.000000000000000000e+00 8.908224415622215020e+04
2.375276552426477672e-01 1.363823002724556153e-05 -6.249646124099139342e+03 -4.267847628098084137e-05 1.595193981367551532e+04 8.521748041725259434e-06 1.749501174055194249e+06 0.000000000000000000e+00 8.296723754614168138e+04 0.000000000000000000e+00 1.328311506415890472e+05
2.424991024241769377e-01 -2.374098897573987621e-06 -8.335185048874782296e+03 -7.320138267519794918e-06 1.497414589840122972e+04 6.677153149426839787e-06 1.707986568027957343e+06 0.000000000000000000e+00 4.984942744753768784e+04 0.000000000000000000e+00 6.350159242314250878e+04
2.474998551644826128e-01 4.377801793147614210e-07 -8.414266282420749121e+03 -3.596051472942683199e-06 1.229462542427153312e+04 -1.899653278097982786e-06 1.665177190137688071e+06 0.000000000000000000e+00 5.058398514249119762e+04 0.000000000000000000e+00 1.230506338776817138e+05
2.525200307756395035e-01 -1.219570397077018395e-06 -7.241417878131766884e+03 3.758768824427776100e-06 1.460819004021033106e+04 -1.312123707783985474e-05 1.621393428270955803e+06 0.000000000000000000e+00 5.781969440148469585e+04 0.000000000000000000e+00 5.493229866996598139e+04
2.575182250600202005e-01 -2.590390060353177749e-06 -6.162804679234036485e+03 4.962488823485582106e-06 1.361347094851352267e+04 7.749341051337455822e-07 1.580752271574398270e+06 0.000000000000000000e+00 4.056068501601967000e+04 0.000000000000000000e+00 7.432488953133150062e+04
2.625255687975799335e-01 2.841597963142580159e-06 -9.232315855537171956e+03 -8.552652692987961649e-06 1.518694676784389776e+04 1.903452753252125133e-05 1.543371841844012029e+06 0.000000000000000000e+00 3.144050208250128435e+03 0.000000000000000000e+00 8.660781468591316661e+04
2.675305520911575030e-01 -1.650505378274257431e-05 -6.763835241159331417e+03 -1.874348427942171274e-06 1.065558155783543407e+04 -3.757798907602766643e-05 1.512040201378053287e+06 0.000000000000000000e+00 -4.878840336366522934e+03 0.000000000000000000e+00 4.837720594855082891e+04
2.725404586615198799e-01 -8.522389194478234700e-07 -6.702202147352832071e+03 8.909770521499973604e-07 9.010552282223514339e+03 8.383577552295445483e-06 1.472645124874385074e+06 0.000000000000000000e+00 -1.115429586925477270e+04 0.000000000000000000e+00 7.004702004548579862e+04
2.775333197047151201e-01 -3.455088070605112599e-06 -6.829807222064258895e+03 -2.317591039141054967e-06 9.755172745366660820e+03 -8.696882643475198339e-07 1.444863550029725768e+06 0.000000000000000000e+00 -1.038764732339028524e+04 0.000000000000000000e+00 9.025188781761315477e+04
2.825123907298719983e-01 4.728123263138393213e-06 -6.520626542333106954e+03 -1.785107762613475109e-06 1.035298511702587530e+04 8.431015716667695833e-06 1.408213147310566390e+06 0.000000000000000000e+00 -2.407541273389736307e+04 0.000000000000000000e+00 1.118308041252393014e+05
2.875104651677040102e-01 -1.064403558046830161e-05 -7.115994637042711474e+03 1.384426044609509685e-05 9.510710591840643247e+03 -5.506067252255015935e-05 1.382986431718061678e+06 0.000000000000000000e+00 -4.146905497031220148e+04 0.000000000000000000e+00 5.056124420609078516e+04
2.924971317655564174e-01 -2.935026991411298058e-06 -5.484826041221143896e+03 1.399782103596157574e-05 1.094690744315620213e+04 -1.424616947369637690e-05 1.365132421366562834e+06 0.000000000000000000e+00 -2.734661725369614578e+04 0.000000000000000000e+00 3.465813101527008257e+04
2.975058823671092867e-01 -8.607035620726401020e-06 -6.221639996447917838e+03 1.635770371747624505e-05 1.001521641062072558e+04 -7.964759977743983278e-06 1.334720574016517028e+06 0.000000000000000000e+00 -4.779666175295267021e+04 0.000000000000000000e+00 8.358374993339844514e+04
3.025121359101998753e-01 -3.720529605832000151e-07 -4.376400501491504656e+03 2.700022637707513831e-05 1.018070917815918074e+04 7.794971292076921133e-06 1.309266009424581658e+06 0.000000000000000000e+00 -4.766541040162552235e+04 0.000000000000000000e+00 5.277913518654619111e+04
3.075010376196579687e-01 -1.632962324293254022e-06 -4.851228426608141490e+03 3.894615143439410720e-05 8.909244792809740829e+03 -1.369647149500966857e-05 1.297289434958457481e+06 0.000000000000000000e+00 -6.392776832314365311e+04 0.000000000000000000e+00 6.432087152636254905e+04
3.125134169243361515e-01 4.477302433138950813e-06 -5.202833862859441069e+03 -6.323207822240097075e-06 9.540901990750049663e+03 2.847407249145385348e-07 1.263202446491051698e+06 0.000000000000000000e+00 -6.796990468530062935e+04 0.000000000000000000e+00 6.524016633822642325e+04
3.175159688234982513e-01 -6.312720427149748031e-06 -3.901007829768840111e+03 2.552910190979556311e-05 7.684706742246367867e+03 -3.356630789436197362e-05 1.240540785570433596e+06 0.000000000000000000e+00 -7.128141953610829660e+04 0.000000000000000000e+00 4.546760291184878588e+04
3.225221380836135188e-01 -9.863336558429300780e-06 -4.558561600906173226e+03 2.926737717104021185e-05 8.281835000943930936e+03 -1.934181862964886087e-05 1.218220999358127359e+06 0.000000000000000000e+00 -7.034769809326034738e+04 0.000000000000000000e+00 6.008995642816689360e+04
3.275181733526948968e-01 -6.733978734727878459e-07 -3.647373861532765659e+03 -4.571422476629025914e-06 8.481278933728248376e+03 -1.323633571767400877e-06 1.201558112106627086e+06 0.000000000000000000e+00 -7.061712610144390783e+04 0.000000000000000000e+00 4.682101147723065515e+04
3.325123842131759710e-01 1.390783033260094233e-05 -4.088467189126200083e+03 -3.317117434418281961e-05 8.003584938221088123e+03 3.945076388302036572e-05 1.175895115649768384e+06 0.000000000000000000e+00 -7.998679089461558033e+04 0.000000000000000000e+00 5.661051150626684830e+04
3.374959366892091861e-01 -3.549674504256735714e-07 -2.488010090039589613e+03 9.571291012682618939e-06 8.952497495007533871e+03 -4.323760149160915267e-06 1.159371486949514830e+06 0.000000000000000000e+00 -7.166526854219949746e+04 0.000000000000000000e+00 3.813195921942332643e+04
3.424919221947719805e-01 -5.941299827484185934e-07 -2.910554534165632049e+03 7.801008061155606575e-06 6.031909191675904367e+03 2.471133096054638423e-06 1.145229706856461940e+06 0.000000000000000000e+00 -7.545303492820175597e+04 0.000000000000000000e+00 5.679909671719907783e+04
3.475179778446125245e-01 3.828780997810958106e-07 -2.183312706243669709e+03 3.701154964550592941e-06 6.776075015519325461e+03 -9.220980903061390586e-06 1.130149124056588393e+06 0.000000000000000000e+00 -8.043109824549939367e+04 0.000000000000000000e+00 5.827331002711797919e+04
3.525052850529177828e-01 4.490659428388951436e-06 -2.787767906753951593e+03 -1.378382963436053088e-05 5.589205428708286490e+03 2.826932480440683362e-05 1.105064306817818899e+06 0.000000000000000000e+00 -7.023581338016924565e+04 0.000000000000000000e+00 3.659241437011017115e+04
3.575133254796376558e-01 5.987920687355811076e-08 -3.046788451073418855e+03 -1.766436602769964320e-06 5.679435276804807472e+03 -5.830737769312721208e-06 1.104562086103425361e+06 0.000000000000000000e+00 -9.560660045527358307e+04 0.000000000000000000e+00 6.375260390431590349e+04
3.625250227669692404e-01 -3.757140773226923499e-06 -1.903846649600963701e+03 -5.165149497440143923e-06 4.566477578677910060e+03 3.855480808142598444e-06 1.082372163228429388e+06 0.000000000000000000e+00 -9.307520867339255346e+04 0.000000000000000000e+00 5.684681029965366179e+04
3.675230446100045678e-01 5.738245339690455309e-06 -1.556768191063578570e+03 -2.641301514919551892e-06 5.435017416471651813e+03 -1.008642566377971768e-05 1.073848059313693317e+06 0.000000000000000000e+00 -9.715982450845307903e+04 0.000000000000000000e+00 4.412068336140090105e+04
3.725177060730277545e-01 -3.350320201269369647e-07 -2.441033792669678405e+03 1.729602803905311981e-05 4.786679627194236673e+03 -1.971803035122076942e-06 1.059027486534393160e+06 0.000000000000000000e+00 -9.816069620904569456e+04 0.000000000000000000e+00 5.479911349991423776e+04
3.775163034622419089e-01 3.063942032533219533e-06 -1.747822342971018088e+03 -1.005713719909530282e-05 5.403613545624426479e+03 1.254280226010370960e-05 1.050894282731466461e+06 0.000000000000000000e+00 -8.654490061439377314e+04 0.000000000000000000e+00 4.392536760882906674e+04
3.825226892977953153e-01 2.187368032094594614e-06 -2.557881081081080993e+03 -2.330883129222972882e-05 3.890041081081080847e+03 2.295499234586148682e-05 1.036639370378378313e+06 0.000000000000000000e+00 -8.607540583783783950e+04 0.000000000000000000e+00 5.825394162162161956e+04
3.875130067694269043e-01 -1.808865932066649248e-06 -3.312787934668072012e+02 9.924644413939014674e-06 4.511947734457323349e+03 -3.414937894638270814e-06 1.028507002739726100e+06 0.000000000000000000e+00 -8.111518482613278320e+04 0.000000000000000000e+00 4.197124383561644208e+04
3.924957861003909865e-01 3.865645013355646593e-07 -8.725867473369163463e+02 -1.469259385157532254e-06 3.905768841116081603e+03 -6.942054169817848503e-06 1.020642790641392930e+06 0.000000000000000000e+00 -8.717180543880540063e+04 0.000000000000000000e+00 7.538157232323882636e+04
3.975064703251052212e-01 -1.651704123040703984e-06 -1.352437544142246452e+03 1.074817719627036840e-05 6.068768576915928861e+03 -2.224582270111827097e-05 1.012675337785763084e+06 0.000000000000000000e+00 -8.963154917291369929e+04 0.000000000000000000e+00 8.919472032711729116e+04
