3.798113400606732779e-03 7.401315789473683800e-03 9.269764210526315495e+06 -5.345394736842104533e-03 1.765851115789473429e+07 1.953125000000000000e-03 1.147792976842105240e+08 0.000000000000000000e+00 -7.115870315789473057e+07 0.000000000000000000e+00 2.161678315789473429e+07
8.299341265228576958e-03 1.220703125000000000e-03 2.939323800000000000e+07 -4.028320312500000000e-03 2.249879600000000000e+07 5.828857421875000000e-03 9.865616000000000000e+07 0.000000000000000000e+00 -2.850265800000000000e+07 0.000000000000000000e+00 7.470664000000000000e+07
1.293222767532251419e-02 -6.680433917197452914e-03 3.297569915923567116e+07 1.789535230891719716e-02 4.077601019108280540e+06 -2.224789759156051150e-02 8.168207979617834091e+07 0.000000000000000000e+00 3.551496152866242081e+07 0.000000000000000000e+00 -4.433350114649681374e+06
1.764839556552980082e-02 -7.491438356164383146e-04 2.716230136986301094e+07 5.886130136986301043e-04 1.000420821917808242e+07 3.076840753424657363e-04 7.131266454794520140e+07 0.000000000000000000e+00 5.489984526027397066e+07 0.000000000000000000e+00 5.185848109589041024e+07
2.256548662787912635e-02 7.827268431001890283e-04 1.611739414744801633e+07 -2.370333175803402727e-03 3.702645595463138074e+06 3.306282490548204285e-03 5.219198306238185614e+07 0.000000000000000000e+00 3.441698455954631418e+07 0.000000000000000000e+00 5.669853156899810769e+06
2.777643688250242340e-02 -1.238567073170731723e-04 7.959020019512195140e+06 5.430640243902439511e-04 -2.733043317073170911e+05 -9.694169207317073107e-04 3.717730403902439028e+07 0.000000000000000000e+00 2.805687320975609869e+07 0.000000000000000000e+00 5.173666965853658505e+06
3.269804980233311648e-02 2.343749999999999913e-04 7.328774144000000320e+06 -4.921875000000000035e-04 1.973505792000000132e+06 2.267578125000000062e-03 3.175950745600000024e+07 0.000000000000000000e+00 2.937445376000000164e+07 0.000000000000000000e+00 8.376989696000000462e+06
3.761648458559932462e-02 -2.265256237356709317e-04 4.218246818610923365e+06 1.382859912339851624e-03 8.002163830074174330e+05 -2.109190618678354577e-03 2.349509515306810662e+07 0.000000000000000000e+00 2.091036862575859576e+07 0.000000000000000000e+00 5.762441925826027989e+06
4.263843696389812976e-02 -3.291538783482142547e-04 2.948159714285714086e+06 1.764569963727678509e-03 -2.449728571428571304e+05 -9.452274867466517547e-04 1.883908571428571269e+07 0.000000000000000000e+00 1.364804228571428545e+07 0.000000000000000000e+00 2.120620142857142724e+06
4.756514582339458480e-02 3.747819450501526381e-04 2.202910032272132579e+06 -5.689871347579589884e-04 3.517372455298735294e+05 1.043427006105538584e-03 1.565593555342346244e+07 0.000000000000000000e+00 1.240209137374618463e+07 0.000000000000000000e+00 1.173030852158744121e+06
5.262096060748640974e-02 2.376684981785463367e-04 1.720541662921348354e+06 -3.061401710081636230e-04 3.268050337078651646e+05 3.035631072655152842e-04 1.362339667415730283e+07 0.000000000000000000e+00 1.065529959550561756e+07 0.000000000000000000e+00 4.111825617977527902e+06
5.756031740041873956e-02 2.405147741336633631e-04 1.315478811881188070e+06 -8.430103264232673707e-04 -4.340284034653465824e+03 3.258733466120049553e-04 1.159322740594059415e+07 0.000000000000000000e+00 7.290839445544554852e+06 0.000000000000000000e+00 8.034495049504950875e+05
6.254738279606215923e-02 -1.815634964434633064e-04 1.307186860927152215e+06 3.293533081922982359e-04 3.302949423595780972e+05 -4.887004269376992848e-04 1.079959176257051714e+07 0.000000000000000000e+00 8.362615428991905414e+06 0.000000000000000000e+00 2.001472549423595658e+06
6.757793472572401483e-02 1.572540229569419936e-04 9.488663620386642870e+05 -3.467955363027240751e-04 6.160288224956062913e+04 3.809870232178163446e-04 9.553624857644990087e+06 0.000000000000000000e+00 6.576550917398945428e+06 0.000000000000000000e+00 9.425630931458699051e+05
7.255917516659465827e-02 -2.252068997582295091e-05 7.145367067137809936e+05 -2.542658545657429805e-06 3.260675915938255639e+04 1.635474300260368315e-04 8.467538841733308509e+06 0.000000000000000000e+00 5.469245131485958584e+06 0.000000000000000000e+00 1.262192264831690583e+06
7.753384299139773339e-02 -4.805982172748577417e-05 6.290518647472381126e+05 -1.623244999163040044e-04 4.411739939738868998e+04 2.484316805113826712e-04 7.673034605959156528e+06 0.000000000000000000e+00 4.293375571476398036e+06 0.000000000000000000e+00 8.760001178439906798e+05
8.251793356505521260e-02 -3.023760034403669893e-05 5.034894311926605878e+05 1.327094681766055086e-04 3.039944036697247793e+04 -8.105356758887615214e-05 6.798764623853211291e+06 0.000000000000000000e+00 3.769054238532110117e+06 0.000000000000000000e+00 -1.655359082568807353e+05
8.752751931716111489e-02 3.037125826098224890e-05 3.869045069327459205e+05 1.751409226383309771e-04 6.690649216016587161e+03 -2.417045969936503988e-04 6.196287825839056633e+06 0.000000000000000000e+00 3.157266013217571657e+06 0.000000000000000000e+00 4.595734757029933971e+05
9.254701955136974967e-02 -2.381316943938012627e-05 3.145759562443026225e+05 4.818272134229717392e-05 1.857474589790337177e+03 -6.673807650125342203e-05 5.473786865998176858e+06 0.000000000000000000e+00 2.682777319963536691e+06 0.000000000000000000e+00 -6.862496262534183916e+04
9.754963178921903511e-02 -6.787789176175023265e-05 2.532738532398199604e+05 1.517029990578875850e-04 3.079238103213650174e+04 -1.877886854914686404e-04 4.973271615618130192e+06 0.000000000000000000e+00 2.304365951638228726e+06 0.000000000000000000e+00 2.358950897100387374e+05
1.025319613041059119e-01 -4.195737570356472665e-05 1.998297936210131447e+05 4.589660530018761997e-05 2.013574784240150257e+04 -1.017557970802063808e-04 4.505923145966229029e+06 0.000000000000000000e+00 1.961992645403377013e+06 0.000000000000000000e+00 5.330485313320825808e+05
1.075116003998943526e-01 -3.903557891109579319e-05 1.638004245348035765e+05 1.029731650585802934e-04 1.144065403170227364e+04 -1.223226977084769160e-04 4.239687454169537872e+06 0.000000000000000000e+00 1.929129902136457618e+06 0.000000000000000000e+00 1.117408573397656728e+05
1.125102861506304813e-01 4.357901664073974104e-05 1.459783554147020332e+05 -8.539590675605821023e-05 2.025492154286156074e+04 5.513722205296581527e-05 3.988690309036098421e+06 0.000000000000000000e+00 1.857216855839839205e+06 0.000000000000000000e+00 5.200742206075597205e+05
1.175500852175193622e-01 1.362895680735315090e-05 1.368502688095576887e+05 -3.129451547166121412e-05 2.377865794339354397e+04 6.669290949789326208e-05 3.719141493386431597e+06 0.000000000000000000e+00 1.615984871568766888e+06 0.000000000000000000e+00 1.049632951216043293e+05
1.225369446564099490e-01 6.516881827209534245e-05 1.070494718305197021e+05 -1.507675438596491307e-04 6.397642634889110013e+03 1.994502027474346414e-04 3.511859420324396342e+06 0.000000000000000000e+00 1.403924541012909729e+06 0.000000000000000000e+00 8.725815504799735209e+04
1.275260957852891452e-01 4.808202461799660415e-05 9.607247538200339477e+04 -4.618716650497210430e-06 2.759070385641523171e+04 -2.484040557543051191e-05 3.367969528983749449e+06 0.000000000000000000e+00 1.343851851564394776e+06 0.000000000000000000e+00 1.335717099199611985e+05
1.325302087090364789e-01 -5.113590874727322819e-06 7.625571449413613300e+04 1.714697965674712986e-06 1.789510352954379641e+03 -4.462940003506549873e-06 3.218981148083721288e+06 0.000000000000000000e+00 1.193685091521238908e+06 0.000000000000000000e+00 -1.104483277032714250e+05
1.375062694904859717e-01 4.537354804646251322e-06 6.157349440337908891e+04 1.959312302006335779e-05 1.191184287222808780e+04 1.149806956177402219e-05 3.056608425765575375e+06 0.000000000000000000e+00 1.172820179936642060e+06 0.000000000000000000e+00 3.463221795142555493e+05
1.425134422753508989e-01 3.420704727919826301e-05 5.783470147821078717e+04 -6.508273386319051042e-05 1.365164292570550970e+04 8.081259299981477788e-05 2.901921050489537418e+06 0.000000000000000000e+00 9.962159646765213693e+05 0.000000000000000000e+00 -1.221538844307928521e+05
1.475259222195813014e-01 -7.830652877124243109e-06 4.962376709645086521e+04 2.633946876850881542e-05 2.008112624720943859e+04 -3.399215226206205135e-05 2.771037213904961478e+06 0.000000000000000000e+00 9.814855951523986878e+05 0.000000000000000000e+00 -9.654110601849741943e+04
1.525299430011916868e-01 -7.760980300980722704e-06 4.272073047007101559e+04 2.833996264161312145e-05 1.583380047345282401e+04 -5.896590551815606557e-05 2.623980953669259325e+06 0.000000000000000000e+00 8.727120514034493826e+05 0.000000000000000000e+00 1.172053838349678699e+05
1.574945685492469272e-01 1.421775791644760596e-05 3.636687734055890178e+04 -3.680819549480325169e-05 1.396585109394588835e+04 3.262185566384922841e-05 2.501912236502608284e+06 0.000000000000000000e+00 8.894631222550248494e+05 0.000000000000000000e+00 -2.065411736158854637e+03
1.625189323163163113e-01 1.425638686131386984e-05 2.963918481751824947e+04 -2.879790145985401792e-05 1.680128934306569499e+04 4.112967609489051385e-05 2.379750586861314252e+06 0.000000000000000000e+00 7.530129751824818086e+05 0.000000000000000000e+00 5.412860729927007924e+04
1.675461007718098694e-01 3.823386781036446037e-06 2.771339179954441715e+04 3.788628719390660618e-06 1.500103644646924840e+04 -4.753164930061218588e-06 2.293685357630979270e+06 0.000000000000000000e+00 7.804108246013666503e+05 0.000000000000000000e+00 5.138793166287015629e+04
1.725292014006662711e-01 -3.214219125984771319e-05 2.275180063948314273e+04 3.966671525282658715e-05 1.315054962586940201e+04 -1.057758954360599315e-04 2.213230131390711293e+06 0.000000000000000000e+00 6.945348099020997761e+05 0.000000000000000000e+00 8.724615354187955381e+04
1.775301965061671094e-01 2.218339853609288209e-06 1.710489651691065228e+04 -1.971857647652700631e-05 1.232878546188793553e+04 1.220086919485108536e-05 2.117915267036850099e+06 0.000000000000000000e+00 6.342810943967693020e+05 0.000000000000000000e+00 2.808938112064613961e+04
1.825147654490652804e-01 2.264768715471653546e-05 1.518209837809093369e+04 -8.154609903542201562e-05 1.315895512422819047e+04 9.051501590704304039e-05 2.057655954858341487e+06 0.000000000000000000e+00 5.776979692162249703e+05 0.000000000000000000e+00 1.830535023191231630e+03
1.875360723572403465e-01 -5.346543296089385596e-06 1.199827039106145276e+04 7.583362430167597729e-06 6.340454078212290369e+03 -5.360182437150838434e-06 2.002053863687150879e+06 0.000000000000000000e+00 5.876748585474860156e+05 0.000000000000000000e+00 7.620428513966480386e+04
1.925323683450522461e-01 -7.975033803684266880e-07 1.263429881118132107e+04 1.297577221337153176e-05 1.139781171682553213e+04 -1.558236625371505713e-05 1.929607964870943455e+06 0.000000000000000000e+00 5.607418297097568866e+05 0.000000000000000000e+00 -4.007093327621291246e+04
1.975198663583639380e-01 3.141994435310484143e-05 7.251146578980649792e+03 -7.627734918426710118e-05 1.155476008599974557e+04 1.238024851397495857e-04 1.885975770734791877e+06 0.000000000000000000e+00 4.881463816871126764e+05 0.000000000000000000e+00 8.312274349310736579e+04
2.025153694923672032e-01 9.070167000385989458e-07 1.877344398340249199e+03 -8.487084836075461391e-06 5.054977130174660488e+03 2.242657688033750083e-05 1.819629917205442674e+06 0.000000000000000000e+00 4.497612444272894063e+05 0.000000000000000000e+00 2.091599266621634888e+04
2.075088499274508613e-01 7.066654835237812330e-06 4.685949300419061728e+03 2.330207069087911287e-05 1.233830863999633584e+04 -2.538181404428771035e-06 1.764095958964024903e+06 0.000000000000000000e+00 4.246754917218164192e+05 0.000000000000000000e+00 3.470175877624860004e+04
2.125178062418619784e-01 -5.326859508640251595e-09 -4.993664252050969026e+02 2.058831200089457034e-06 9.904779891778669480e+03 -1.416611700579016945e-05 1.710580113806947134e+06 0.000000000000000000e+00 3.880754002443707432e+05 0.000000000000000000e+00 3.865977308430791163e+04
2.175004174234404231e-01 -5.753671828970625163e-07 1.191282167957242777e+01 8.630507743455937956e-06 5.062520326571837359e+03 2.190505060600959466e-05 1.658237209662486333e+06 0.000000000000000000e+00 3.785933386078613112e+05 0.000000000000000000e+00 1.416956417809948653e+04
2.225093171556767890e-01 3.539873130946986989e-06 3.205641181221804345e+03 -1.069657315655719927e-05 1.118230704674848857e+04 2.133543099032721971e-05 1.609226661413289839e+06 0.000000000000000000e+00 3.594761471208211151e+05 0.000000000000000000e+00 5.790636181320305332e+04
2.275289586476768322e-01 -1.680498810725355994e-06 -1.627716975355885552e+03 1.510580411169734576e-06 7.305485994183377443e+03 -7.259924196821066983e-06 1.584106996479412308e+06 0.000000000000000000e+00 3.527339868360630935e+05 0.000000000000000000e+00 2.960093065972753902e+04
2.325285406108919262e-01 -3.552880504975169984e-07 -8.111014498026304409e+02 -2.096199497935350232e-06 9.470117475851782729e+03 1.716929504029250832e-05 1.537963692721881671e+06 0.000000000000000000e+00 3.360415459225437953e+05 0.000000000000000000e+00 6.362307139868663216e+04
2.375276552426477672e-01 -5.063911715591492591e-06 -4.676078045350676803e+03 2.282193432501318479e-05 4.802493513798558524e+03 -2.883211089932325772e-05 1.497491840112497797e+06 0.000000000000000000e+00 3.048621696607487975e+05 0.000000000000000000e+00 4.028278122692916077e+04
2.424991024241769377e-01 -5.275775327942194902e-06 -2.210152043624330872e+03 4.550356220350142764e-06 9.949743420053011505e+03 -1.516785406783380865e-05 1.472497512940421700e+06 0.000000000000000000e+00 2.934297905559401261e+05 0.000000000000000000e+00 3.640036655242854613e+04
2.474998551644826128e-01 -1.550992635286583477e-05 -3.714390009606147942e+03 3.780544548511047205e-05 7.115212295869356240e+03 -5.502740503922510108e-05 1.432089477041306440e+06 0.000000000000000000e+00 2.855656637848222745e+05 0.000000000000000000e+00 5.195185552353506500e+04
2.525200307756395035e-01 1.638679728580266087e-06 -4.247137890504175630e+03 -8.869259636947108674e-06 7.629352799257655533e+03 8.143369826302970403e-06 1.404092963315805886e+06 0.000000000000000000e+00 2.519653513145685429e+05 0.000000000000000000e+00 3.753197946180019062e+04
2.575182250600202005e-01 -2.692259332389538919e-06 -4.147752209224349826e+03 9.233721872438714715e-06 9.673323656955517436e+03 4.520448946613516390e-06 1.381985089635645505e+06 0.000000000000000000e+00 2.450796324565978721e+05 0.000000000000000000e+00 2.685044965352805229e+04
2.625255687975799335e-01 1.014060449592057896e-05 -4.214931477149541024e+03 -2.139556113425001492e-05 5.774899070006275906e+03 3.393202273634963404e-05 1.350781904033776373e+06 0.000000000000000000e+00 2.232633737661892956e+05 0.000000000000000000e+00 1.806491926741598581e+04
2.675305520911575030e-01 7.011950953452727478e-06 -3.791270266911531053e+03 -5.933189268306153743e-07 8.514576932105328524e+03 6.971497390259730939e-06 1.322447451871694531e+06 0.000000000000000000e+00 2.341196194473978539e+05 0.000000000000000000e+00 4.598437779097222665e+04
2.725404586615198799e-01 4.162735176621092509e-06 -4.200218331834769742e+03 -1.333802331601721458e-05 6.379951129211402986e+03 1.088884522814384143e-05 1.294760721425926778e+06 0.000000000000000000e+00 1.937174083672713605e+05 0.000000000000000000e+00 3.619568456127359968e+04
2.775333197047151201e-01 -1.520869817380515374e-06 -5.363147310466048111e+03 -3.795863880308630639e-06 7.126273528575490673e+03 1.364680904599736290e-07 1.269930882828857284e+06 0.000000000000000000e+00 1.840526514849949453e+05 0.000000000000000000e+00 -5.013811151032646194e+03
2.825123907298719983e-01 -3.889846307046254733e-06 -5.179745322052738629e+03 4.224554012536280919e-06 6.923939183597851297e+03 -1.267592357615945228e-05 1.238809083035879768e+06 0.000000000000000000e+00 1.698704006916568906e+05 0.000000000000000000e+00 1.878642554190082228e+04
2.875104651677040102e-01 -3.051173296542807739e-06 -4.530943497414288686e+03 -5.137895263718636138e-06 5.163558705228882900e+03 2.129099374072256284e-06 1.228925033518482931e+06 0.000000000000000000e+00 1.729259773989657115e+05 0.000000000000000000e+00 2.612647079103619762e+04
2.924971317655564174e-01 5.237894323134009207e-06 -4.243918205042249610e+03 -1.483317487197863786e-05 8.552272156654220453e+03 1.267141460715070121e-05 1.201409086037290748e+06 0.000000000000000000e+00 1.650964652463905513e+05 0.000000000000000000e+00 -5.115612202198614796e+03
2.975058823671092867e-01 -6.948501048974336109e-06 -5.361435751709439501e+03 -6.390236144103543068e-06 5.631609626143326750e+03 -2.626961580274287284e-05 1.188864454666548176e+06 0.000000000000000000e+00 1.537967342154337966e+05 0.000000000000000000e+00 1.795606784477399924e+04
3.025121359101998753e-01 -6.952904617991007877e-07 -4.882576282910379632e+03 -1.405192577989899980e-05 6.021895464960442951e+03 -1.161271952391237687e-05 1.162482198953785002e+06 0.000000000000000000e+00 1.329499936881241738e+05 0.000000000000000000e+00 2.034529765250097171e+03
3.075010376196579687e-01 -3.970139650937973741e-06 -5.231200209019178146e+03 -2.279513344568114214e-05 3.379306683388201236e+03 -5.549520398965355257e-07 1.139791824591106270e+06 0.000000000000000000e+00 1.330691986413753475e+05 0.000000000000000000e+00 4.948317734232116345e+04
3.125134169243361515e-01 -1.178237482404986959e-07 -3.960441745425296631e+03 1.767356223607480306e-07 5.936666639855217909e+03 -5.645721269857229077e-07 1.126313516991755459e+06 0.000000000000000000e+00 1.037318486225618399e+05 0.000000000000000000e+00 2.493311047657349627e+04
3.175159688234982513e-01 3.643245565668870706e-06 -4.121280348950300322e+03 -5.539220298823078844e-06 2.362739810002849026e+03 1.990383721685242370e-05 1.106191293454234721e+06 0.000000000000000000e+00 1.298515114302836155e+05 0.000000000000000000e+00 2.303648660490613111e+04
3.225221380836135188e-01 1.585508306588635128e-06 -4.913773683216915742e+03 -1.369805432320181384e-05 7.602444855578630268e+03 1.117691175429488409e-05 1.098465774891447974e+06 0.000000000000000000e+00 1.039552350387011538e+05 0.000000000000000000e+00 2.643843745516330091e+04
3.275181733526948968e-01 -5.626713774990743994e-06 -4.200919659385413070e+03 2.404798714596445653e-05 4.559984894483524840e+03 -1.837268929620973680e-05 1.078102988818955841e+06 0.000000000000000000e+00 8.519536882636060182e+04 0.000000000000000000e+00 1.703526338393187689e+04
3.325123842131759710e-01 -6.671588816638053700e-06 -3.288520988818417209e+03 1.431611766903582236e-05 6.916785041408328652e+03 -1.893758283889447565e-05 1.059808346424473217e+06 0.000000000000000000e+00 9.371670918099576375e+04 0.000000000000000000e+00 1.451060932065435009e+04
3.374959366892091861e-01 -2.104144404932908146e-06 -4.181264197876887920e+03 4.618853571803945414e-06 4.880556633850681465e+03 3.618101964579756846e-06 1.049018706092562061e+06 0.000000000000000000e+00 8.133445482254844683e+04 0.000000000000000000e+00 -1.759841502294783368e+03
3.424919221947719805e-01 1.106872296627190868e-06 -5.334557801131770248e+03 1.084083749343689958e-05 4.589939144421572564e+03 -4.240297548108576791e-06 1.030278309911741992e+06 0.000000000000000000e+00 8.632048871146522288e+04 0.000000000000000000e+00 1.053236600021668710e+04
3.475179778446125245e-01 -3.709131591629365830e-07 -3.067459077988695299e+03 -4.241571449137451694e-06 5.423676413892246273e+03 1.476174548765396702e-06 1.016971479726859834e+06 0.000000000000000000e+00 7.929642447806056589e+04 0.000000000000000000e+00 3.832928571895317873e+04
3.525052850529177828e-01 -7.601376636595881037e-06 -3.824811623822449292e+03 -6.116184586060992915e-06 5.323142008622065987e+03 -7.999961642284050001e-06 1.005701154334983206e+06 0.000000000000000000e+00 7.680533827239341917e+04 0.000000000000000000e+00 -4.863291330033530357e+03
3.575133254796376558e-01 3.652631619287044651e-06 -4.087344835250745291e+03 -1.242493542626330761e-05 4.882003449042315879e+03 1.312103120616842080e-05 9.976511836653356440e+05 0.000000000000000000e+00 5.975097019260985689e+04 0.000000000000000000e+00 1.982647215089943347e+04
3.625250227669692404e-01 -3.322307791736466278e-06 -3.678505285348591769e+03 7.188185531140594111e-06 4.739372022285800085e+03 -1.755066618756381965e-05 9.801890828489684500e+05 0.000000000000000000e+00 6.395283601867188554e+04 0.000000000000000000e+00 6.633228489685287968e+03
3.675230446100045678e-01 -9.112846197027025215e-07 -2.790256340718383854e+03 1.321362698568918577e-05 6.639380034847524257e+03 -4.727288964707769535e-06 9.749497064788691932e+05 0.000000000000000000e+00 5.239725337357566605e+04 0.000000000000000000e+00 9.920981212956279705e+03
3.725177060730277545e-01 -2.791933501057807862e-07 -3.245310080622105488e+03 -2.093950125793356056e-06 4.051470066899194080e+03 -1.125847184301561029e-05 9.607544015095203649e+05 0.000000000000000000e+00 5.200818800388816453e+04 0.000000000000000000e+00 1.320377746011778981e+04
3.775163034622419089e-01 -7.895542929989449489e-07 -2.444031360975307052e+03 -7.204472488036215268e-06 4.446479006488715640e+03 -1.140371447012415380e-05 9.514435688072761986e+05 0.000000000000000000e+00 5.090010324022038549e+04 0.000000000000000000e+00 1.471585935829983327e+03
3.825226892977953153e-01 4.117398648648648437e-06 -2.048988324324324367e+03 -1.097972972972972973e-05 4.223138162162162189e+03 1.831714527027027088e-05 9.450484929729729192e+05 0.000000000000000000e+00 3.400188886486486444e+04 0.000000000000000000e+00 1.890342227027027184e+04
3.875130067694269043e-01 1.839415667808219245e-06 -2.269864910432033867e+03 2.604766942175974663e-06 3.821221074815595784e+03 -9.510615100599315811e-06 9.362688809272919316e+05 0.000000000000000000e+00 3.910069884088514664e+04 0.000000000000000000e+00 1.178648008429926267e+04
3.924957861003909865e-01 2.187389373411000189e-06 -2.126046303865091886e+03 -6.222745631255431023e-06 3.343421748785119235e+03 6.288744448556625066e-06 9.193223587809352903e+05 0.000000000000000000e+00 4.346036525601004541e+04 0.000000000000000000e+00 4.003064906510475703e+04
3.975064703251052212e-01 -4.688903645994672484e-07 -2.703825339198314850e+03 -3.667932690818412829e-06 3.217893909918840563e+03 2.144417143260950728e-06 9.187291711789852707e+05 0.000000000000000000e+00 4.443553504739483469e+04 0.000000000000000000e+00 3.435525075274147093e+04
