3.798113400606732779e-03 2.775493421052631533e-03 1.221780480000000000e+08 -6.938733552631578400e-03 2.448769616842105091e+08 1.018965871710526307e-02 1.125153818947368413e+08 0.000000000000000000e+00 1.353512016842105091e+08 0.000000000000000000e+00 -1.524142349473684132e+08
8.299341265228576958e-03 -5.004882812500000000e-03 4.519631200000000000e+07 1.788330078125000000e-02 2.328471800000000000e+07 -1.872253417968750000e-02 1.164787200000000000e+08 0.000000000000000000e+00 1.318671280000000000e+08 0.000000000000000000e+00 9.692245600000000000e+07
1.293222767532251419e-02 5.224920382165605020e-04 3.064357829299363121e+07 1.978005573248407638e-03 1.380608163057324849e+07 -2.590689689490445827e-03 8.221660779617834091e+07 0.000000000000000000e+00 5.241212249681528658e+07 0.000000000000000000e+00 1.265504529936305806e+07
1.764839556552980082e-02 -8.427868150684930497e-04 2.116495956164383516e+07 3.605254708904109470e-03 7.285879671232876368e+06 -5.680450021404109470e-03 6.806850630136986077e+07 0.000000000000000000e+00 5.890951364383561164e+07 0.000000000000000000e+00 4.999944416438356042e+07
2.256548662787912635e-02 1.883897979678639039e-03 1.509654164083175920e+07 -4.119007709120983338e-03 1.548708173913043458e+06 4.379185927162098681e-03 4.755955030623818934e+07 0.000000000000000000e+00 3.635711806427221000e+07 0.000000000000000000e+00 -6.228472741020794492e+05
2.777643688250242340e-02 -1.052782012195122019e-03 8.042765112195122056e+06 2.255621189024390079e-03 -4.742479609756097780e+05 -2.885027629573170584e-03 3.602801639024390280e+07 0.000000000000000000e+00 2.625260519024390355e+07 0.000000000000000000e+00 8.730429190243901685e+06
3.269804980233311648e-02 -3.984375000000000286e-04 6.165860864000000060e+06 1.871093750000000144e-03 5.047490879999999888e+05 -8.134765624999999636e-04 2.974454988800000027e+07 0.000000000000000000e+00 2.653821132800000161e+07 0.000000000000000000e+00 2.606194720000000088e+05
3.761648458559932462e-02 4.951955495616992397e-04 4.414731565745111555e+06 -8.639581928523264046e-04 8.813978152393796481e+05 1.828009103169251585e-03 2.364929035738367960e+07 0.000000000000000000e+00 1.786975978422117233e+07 0.000000000000000000e+00 3.676585688469318673e+06
4.263843696389812976e-02 -2.136230468750000000e-04 2.932666000000000000e+06 -2.332414899553571274e-04 6.146101339285713766e+04 -8.256094796316963821e-04 1.966932571428571269e+07 0.000000000000000000e+00 1.574870971428571269e+07 0.000000000000000000e+00 4.585025142857142724e+06
4.756514582339458480e-02 2.453118185782817199e-04 2.317194103794156108e+06 -3.441179677278674164e-04 1.661890902747492364e+05 -7.240105756650676457e-05 1.660226517575228959e+07 0.000000000000000000e+00 1.308440405407762714e+07 0.000000000000000000e+00 -2.391991766245093895e+05
5.262096060748640974e-02 -2.297390712780898728e-05 1.897647280898876255e+06 9.035260489817415776e-05 1.922464719101123628e+05 -1.625746823428721925e-04 1.440454903370786458e+07 0.000000000000000000e+00 1.071816125842696615e+07 0.000000000000000000e+00 1.777259325842696475e+06
5.756031740041873956e-02 9.306350556930693203e-05 1.374108198019802105e+06 -4.411451887376237476e-05 2.454997029702970467e+05 3.273841178063118603e-04 1.195777394059406035e+07 0.000000000000000000e+00 8.669931722772277892e+06 0.000000000000000000e+00 1.428780673267326783e+06
6.254738279606215923e-02 7.090078489085111370e-05 1.083161430463575991e+06 -3.851637233259749609e-04 1.243967230806965817e+05 6.663715661025263132e-04 1.045607630708854459e+07 0.000000000000000000e+00 7.048506207505518571e+06 0.000000000000000000e+00 1.280004018641157541e+06
6.757793472572401483e-02 1.045857246814586969e-04 9.050639297012301395e+05 1.228211843695079032e-05 9.259893145869947330e+04 2.635158009185522643e-04 9.454788161687169224e+06 0.000000000000000000e+00 6.643563978910368867e+06 0.000000000000000000e+00 -3.327882601054481347e+04
7.255917516659465827e-02 -7.555328249953506287e-05 7.441516265575599391e+05 1.830714152873349392e-04 1.252939259810303156e+04 -4.075518411753766153e-04 8.423208040171099827e+06 0.000000000000000000e+00 5.616110003347591497e+06 0.000000000000000000e+00 3.716700792263344047e+05
7.753384299139773339e-02 -2.223175426849682043e-05 6.139349233344492968e+05 3.857863240709742209e-05 2.804806160026782891e+04 -1.263613680113826712e-04 7.775808964178105816e+06 0.000000000000000000e+00 4.518551011717442423e+06 0.000000000000000000e+00 3.327136739203213947e+05
8.251793356505521260e-02 2.799777809633027678e-06 4.755991192660550587e+05 -3.004161589736238885e-04 2.284736467889908454e+04 2.709484975272362286e-04 6.764874568807340227e+06 0.000000000000000000e+00 3.774530055045871995e+06 0.000000000000000000e+00 -8.982126605504588224e+04
8.752751931716111489e-02 2.379081897110276079e-05 3.736760710120513104e+05 1.543872294933264192e-05 7.500576078787093866e+04 7.928163875210574865e-05 6.142902354801088572e+06 0.000000000000000000e+00 3.942406634702604730e+06 0.000000000000000000e+00 8.146840896721524186e+05
9.254701955136974967e-02 -6.698844860984503496e-05 3.008087803099362063e+05 5.530441687556973359e-05 -2.003628076572470309e+04 -6.648770439266180742e-06 5.521819653600729071e+06 0.000000000000000000e+00 2.745512021877848543e+06 0.000000000000000000e+00 -6.957389243391065975e+04
9.754963178921903511e-02 -5.438409400188422499e-05 2.480092251648696838e+05 1.236931461321051108e-04 1.198583230398827618e+04 -1.244598391866429414e-04 5.016146483827070333e+06 0.000000000000000000e+00 2.582642266094420571e+06 0.000000000000000000e+00 2.353408562755155435e+05
1.025319613041059119e-01 -1.630657833020637940e-05 2.158702228893058200e+05 9.243448053470919507e-05 2.647310769230769074e+04 -9.488504778377110469e-05 4.559964986116322689e+06 0.000000000000000000e+00 2.291254369981238153e+06 0.000000000000000000e+00 1.322202056285178114e+05
1.075116003998943526e-01 1.682568056512749807e-07 1.657242067539627897e+05 6.982657434527912055e-06 -3.730824948311509161e+03 2.563813076111302500e-05 4.280241312198483385e+06 0.000000000000000000e+00 1.991732223294279771e+06 0.000000000000000000e+00 -3.714183762922122842e+05
1.125102861506304813e-01 -4.170602003942181277e-05 1.460278061374352837e+05 5.051901160431321547e-05 1.199033098863724263e+04 -1.324543566297248318e-04 4.061067645358275156e+06 0.000000000000000000e+00 1.986370349849269725e+06 0.000000000000000000e+00 2.926103547963206656e+05
1.175500852175193622e-01 -5.361301735172806270e-05 1.330795664912530337e+05 6.847465687668895630e-05 2.806551329825060384e+04 -4.121674326198264773e-05 3.741146060588821303e+06 0.000000000000000000e+00 1.601067473759067012e+06 0.000000000000000000e+00 2.471669623097710137e+05
1.225369446564099490e-01 -3.056404646640185332e-05 9.315696789142668422e+04 9.321953357745780112e-05 5.363093545183714014e+03 -1.012787602666749478e-04 3.605743916319099721e+06 0.000000000000000000e+00 1.567484695134061622e+06 0.000000000000000000e+00 -7.631928606421715813e+04
1.275260957852891452e-01 3.150201612903225719e-05 9.058402910502061422e+04 -3.612073277952946508e-05 1.686687169536745205e+04 4.497327302631578698e-05 3.465636726655347738e+06 0.000000000000000000e+00 1.341010704826582456e+06 0.000000000000000000e+00 9.936720834343923343e+03
1.325302087090364789e-01 4.911307674232646476e-06 7.677302957185343257e+04 -6.610058445794287956e-07 1.341519420907917629e+04 -1.142632512423896012e-05 3.257847524605802260e+06 0.000000000000000000e+00 1.358902759665563004e+06 0.000000000000000000e+00 6.286423971718758548e+04
1.375062694904859717e-01 8.455979408658922033e-06 6.927537064413938788e+04 3.660820353748679750e-05 1.085223738120380040e+04 5.122570452745511826e-05 3.099352153748679906e+06 0.000000000000000000e+00 1.160188431678986177e+06 0.000000000000000000e+00 1.951248219640971511e+05
1.425134422753508989e-01 3.018363649452869909e-05 5.713029602610865550e+04 -1.037679677001343776e-04 8.951169898253023348e+03 9.310527002543674067e-05 2.915504727970819455e+06 0.000000000000000000e+00 1.059047279708197340e+06 0.000000000000000000e+00 7.942212631983106257e+04
1.475259222195813014e-01 -7.296744726411225801e-06 4.749440029158503603e+04 1.575029044603398727e-05 1.660953519522529677e+04 -1.599499834844411939e-05 2.783999078591279685e+06 0.000000000000000000e+00 8.660301433322702069e+05 0.000000000000000000e+00 6.519830370404118730e+04
1.525299430011916868e-01 -4.458435492052755704e-06 3.546567737571863108e+04 2.897983069834291547e-05 1.402557592154210215e+04 -3.983694675769360797e-06 2.639935199188366532e+06 0.000000000000000000e+00 9.451669773419005796e+05 0.000000000000000000e+00 1.530010145417652966e+05
1.574945685492469272e-01 -1.184813159703967276e-05 4.111505253366765101e+04 2.290638775427669773e-06 2.032159307639422332e+04 9.103314443725481737e-06 2.490489420633315574e+06 0.000000000000000000e+00 8.542662954664940480e+05 0.000000000000000000e+00 6.400465887491405738e+04
1.625189323163163113e-01 2.751482664233576752e-05 2.350312408759124446e+04 -3.207687043795620925e-06 2.449090072992701153e+03 4.139698334854014991e-05 2.424600291970802937e+06 0.000000000000000000e+00 7.620908472992700990e+05 0.000000000000000000e+00 6.412054890510949190e+04
1.675461007718098694e-01 5.248467308513667264e-06 3.246289749430523807e+04 -8.394071887457288530e-06 1.655187471526195804e+04 1.917341575535663281e-05 2.323740719817767385e+06 0.000000000000000000e+00 7.432682277904327493e+05 0.000000000000000000e+00 -2.271649886104783582e+04
1.725292014006662711e-01 5.665523947654679338e-06 2.076324804693938131e+04 -1.178171457296370848e-05 9.630987375152455570e+03 2.576847681873619894e-05 2.239392712001846172e+06 0.000000000000000000e+00 6.517449292942611501e+05 0.000000000000000000e+00 4.144530889672677586e+04
1.775301965061671094e-01 -2.954898008127997104e-06 1.808259262998485428e+04 2.858471473258652348e-05 7.407653205451792019e+03 8.636625772290371710e-06 2.148360399798081722e+06 0.000000000000000000e+00 6.274804240282685496e+05 0.000000000000000000e+00 -6.380342251388187833e+03
1.825147654490652804e-01 -1.523309403527430607e-05 1.157229247540547658e+04 3.300503707642766203e-05 1.092900162486336376e+04 -9.884200788797305735e-05 2.104028400957192294e+06 0.000000000000000000e+00 5.670014665130432695e+05 0.000000000000000000e+00 3.858206788974563824e+04
1.875360723572403465e-01 1.279351431564245748e-05 1.564343240223463727e+04 -2.789204347067039214e-05 7.124968044692737749e+03 2.244661640188547473e-05 2.030331823910614476e+06 0.000000000000000000e+00 5.856382998882681131e+05 0.000000000000000000e+00 5.938727329608938453e+04
1.925323683450522461e-01 -9.831517082574703110e-06 9.602218271393381656e+03 1.202791983506479603e-05 1.117675227589161295e+04 -5.430867282049908523e-05 1.974729328906500945e+06 0.000000000000000000e+00 5.223186342508299858e+05 0.000000000000000000e+00 1.171353454000214151e+04
1.975198663583639380e-01 -1.079443056785127062e-05 7.199729657265713286e+03 2.752950313013785010e-05 1.436322367522448440e+04 -4.410093014891867708e-05 1.914169636423422256e+06 0.000000000000000000e+00 4.645254588592385990e+05 0.000000000000000000e+00 8.256022339698999713e+04
2.025153694923672032e-01 -3.745861176782785271e-06 3.321443211425263144e+03 3.898993866399691816e-06 5.518300492135482273e+03 -2.323494078994982265e-06 1.876321355592010077e+06 0.000000000000000000e+00 4.880058608511049533e+05 0.000000000000000000e+00 2.923099797355978080e+04
2.075088499274508613e-01 -1.776726983100139894e-05 1.425756303098307853e+03 4.003505955311548268e-05 7.493913577137100219e+03 -7.519362410620234296e-05 1.803165208820902742e+06 0.000000000000000000e+00 4.125546371109940810e+05 0.000000000000000000e+00 5.357023792621768371e+04
2.125178062418619784e-01 6.520076038575668317e-06 3.536201780415430221e+03 -2.141397522473381280e-05 1.056333182056205260e+04 6.067292980341246565e-06 1.753268169663117500e+06 0.000000000000000000e+00 4.273316083086053841e+05 0.000000000000000000e+00 5.712618886367603409e+04
2.175004174234404231e-01 -4.084079557171114057e-06 1.255724686474202599e+03 4.662015343563252207e-06 8.166997390792021179e+03 6.610943245452298390e-06 1.710023288275397848e+06 0.000000000000000000e+00 3.744104179782846477e+05 0.000000000000000000e+00 -1.072576719131386199e+04
2.225093171556767890e-01 -5.232855932704241967e-06 1.661670337463800934e+03 6.464116152164063307e-06 7.455410571107739997e+03 -1.315909359547684365e-05 1.661747062823821558e+06 0.000000000000000000e+00 3.623357459466913715e+05 0.000000000000000000e+00 6.303755276688796584e+04
2.275289586476768322e-01 -2.905546241198530855e-06 -1.009067733047604520e+03 7.263865602996326291e-06 1.104241849073932462e+04 -1.369273700886365405e-05 1.612303909383131890e+06 0.000000000000000000e+00 3.741206257462115609e+05 0.000000000000000000e+00 9.443682228685136579e+03
2.325285406108919262e-01 -3.552880504975169984e-07 -1.841715569461372013e+02 3.680784203154275995e-05 1.057730012915431325e+04 -1.613007749258727085e-05 1.569937125497971894e+06 0.000000000000000000e+00 3.326729802630382474e+05 0.000000000000000000e+00 2.871209764793626164e+04
2.375276552426477672e-01 -8.299665472842328133e-06 -1.183648303744067562e+03 1.745332961636491376e-05 1.161544988574441959e+04 -2.650078035737827499e-05 1.535369724310072139e+06 0.000000000000000000e+00 3.333342295658288058e+05 0.000000000000000000e+00 2.774807129548251032e+04
2.424991024241769377e-01 1.313997792615602786e-05 -1.581279489473773083e+03 3.750746522208904082e-06 1.147482302095115847e+04 5.000239718041463573e-05 1.516262954501713626e+06 0.000000000000000000e+00 2.820792485270035104e+05 0.000000000000000000e+00 2.491487650465112438e+03
2.474998551644826128e-01 1.273862146773935340e-05 -2.400044316362471818e+03 -3.997675699947966652e-05 7.195362920268971720e+03 4.659671642976504689e-05 1.462362366442523198e+06 0.000000000000000000e+00 2.947488092219019891e+05 0.000000000000000000e+00 4.581587243035542633e+04
2.525200307756395035e-01 1.451402045313949939e-05 -4.627666687287349305e+03 -5.132767795004640102e-05 8.142639034952057045e+03 3.646439972065419494e-05 1.446705172904423205e+06 0.000000000000000000e+00 2.478344630992886086e+05 0.000000000000000000e+00 5.248921002165171558e+03
2.575182250600202005e-01 -5.238991133298562243e-06 -4.050422233812681498e+03 1.001229416585947391e-05 9.079491781536398776e+03 -8.557018851054317964e-06 1.402879969480664702e+06 0.000000000000000000e+00 2.315476185679159535e+05 0.000000000000000000e+00 1.395542770285373626e+04
2.625255687975799335e-01 -7.090065506076338966e-06 -2.987463228162263931e+03 -3.001786083613853055e-06 8.137830775375135090e+03 -5.695384152842756949e-06 1.371172982484167209e+06 0.000000000000000000e+00 2.091701406972100085e+05 0.000000000000000000e+00 3.326016135105837020e+04
2.675305520911575030e-01 1.294176909149279796e-05 -5.758827301473329499e+03 -4.522371251950400720e-06 6.949208213087364129e+03 3.205481352633386509e-05 1.350707877991190413e+06 0.000000000000000000e+00 2.161780778503472684e+05 0.000000000000000000e+00 -6.937173692713438868e+03
2.725404586615198799e-01 -6.301907322323164088e-06 -4.395599513407732047e+03 9.568016135775192588e-07 7.298109694822022902e+03 9.602946027567191671e-07 1.316350239805363119e+06 0.000000000000000000e+00 2.200320067699793726e+05 0.000000000000000000e+00 4.380543587031258357e+04
2.775333197047151201e-01 8.014542191175330247e-06 -3.908106392328172205e+03 -8.020852854317988043e-06 6.613939359474758930e+03 2.677141071693979951e-05 1.289975840980174253e+06 0.000000000000000000e+00 1.987989184997544216e+05 0.000000000000000000e+00 4.007546100757360546e+04
2.825123907298719983e-01 3.618461680973260414e-07 -2.835041511764342886e+03 9.528615759896252142e-06 9.764243611437041181e+03 -8.159631090594702361e-06 1.278511421577224741e+06 0.000000000000000000e+00 1.882206855801889906e+05 0.000000000000000000e+00 4.811978015191749591e+02
2.875104651677040102e-01 1.589883403562535939e-05 -5.140686841601225751e+03 -3.254584849645661589e-05 6.931292855774755481e+03 1.304639616452786775e-05 1.254938968013790436e+06 0.000000000000000000e+00 1.689865880099597853e+05 0.000000000000000000e+00 3.461400651216242113e+04
2.924971317655564174e-01 -3.646206608560958754e-06 -3.971632824330416042e+03 4.758130295691777435e-06 7.527719520512316194e+03 -3.596819135147787849e-06 1.229358323781340616e+06 0.000000000000000000e+00 1.420660945797546883e+05 0.000000000000000000e+00 5.953529459362608804e+02
2.975058823671092867e-01 5.584004060612956382e-06 -5.830640262854098182e+03 -1.482721777074915573e-05 6.335582985525264121e+03 1.290564151293388047e-05 1.201306677559719421e+06 0.000000000000000000e+00 1.467039701625077578e+05 0.000000000000000000e+00 3.266781706775597195e+04
3.025121359101998753e-01 -1.666586169534391108e-05 -6.201698499848687788e+03 4.343256546949980603e-06 3.543102848990532038e+03 -4.370830684808806504e-05 1.187640963901258074e+06 0.000000000000000000e+00 1.328545816436816240e+05 0.000000000000000000e+00 1.124478630409407197e+04
3.075010376196579687e-01 2.371622625672780585e-06 -4.025738454303182607e+03 -1.099123976949103904e-05 5.909657062235460216e+03 3.676876202268511317e-06 1.168170467345979065e+06 0.000000000000000000e+00 1.252212288237445900e+05 0.000000000000000000e+00 2.791924736374562417e+04
3.125134169243361515e-01 -6.258159294565654958e-06 -5.336121616730343703e+03 1.192351785579630068e-06 7.857739312286346831e+03 1.655362296243464677e-07 1.146326426382465288e+06 0.000000000000000000e+00 1.100086618137944897e+05 0.000000000000000000e+00 1.616482606072793169e+04
3.175159688234982513e-01 5.247808622569775462e-06 -4.049519820023381271e+03 -1.103766694747079855e-05 6.218680394140936187e+03 1.527692734070300757e-05 1.134355915945417481e+06 0.000000000000000000e+00 1.201815516106532014e+05 0.000000000000000000e+00 1.514194693047518967e+03
3.225221380836135188e-01 -6.710756088351897439e-06 -4.571407815744761137e+03 1.559697706248820261e-05 5.121815971304512459e+03 -2.205884521899188400e-05 1.113956109193883371e+06 0.000000000000000000e+00 1.181871821785916691e+05 0.000000000000000000e+00 1.372160120823107536e+04
3.275181733526948968e-01 2.232607714735283306e-06 -3.732633839318770697e+03 -5.943075192058496638e-06 6.198178452425027899e+03 4.154503323421880934e-06 1.094476525138837518e+06 0.000000000000000000e+00 1.109423342465753376e+05 0.000000000000000000e+00 1.356049907441688219e+03
3.325123842131759710e-01 1.294357726144622420e-06 -4.449016216408550463e+03 -1.144941934938665848e-05 6.474089861853634829e+03 -7.079876153072933739e-06 1.083057282795306761e+06 0.000000000000000000e+00 9.535154576265155629e+04 0.000000000000000000e+00 2.444671450047590770e+04
3.374959366892091861e-01 -5.132059524226605545e-07 -3.610788774830957209e+03 1.346310281855446158e-05 4.838809095049574353e+03 -5.803503978646253347e-06 1.066155019444347126e+06 0.000000000000000000e+00 9.151603125109484245e+04 0.000000000000000000e+00 3.455184949024279376e+03
3.424919221947719805e-01 5.534361483135954340e-07 -3.210991407545691800e+03 2.653238005150472408e-06 6.374165098467359712e+03 6.327891254615006743e-06 1.053943002908600029e+06 0.000000000000000000e+00 7.720188857311921311e+04 0.000000000000000000e+00 2.301920236021635355e+04
3.475179778446125245e-01 -4.099986318489234636e-06 -4.043027019962753457e+03 1.420637282729440986e-05 5.831077073871990251e+03 4.766034679566765727e-06 1.036379135230502812e+06 0.000000000000000000e+00 8.262774502564771683e+04 0.000000000000000000e+00 2.416857633874603562e+04
3.525052850529177828e-01 -2.175163160625898193e-06 -3.598251317260098858e+03 6.248721409468305924e-06 5.494443940603544434e+03 -5.891066893361807889e-06 1.025968473638831289e+06 0.000000000000000000e+00 6.446541069774868083e+04 0.000000000000000000e+00 7.374427846080153358e+03
3.575133254796376558e-01 -2.731988813606088737e-07 -2.786612565244383859e+03 -2.730117588391290023e-06 5.877075886595488555e+03 4.691629419804018279e-06 1.006514825823363033e+06 0.000000000000000000e+00 6.956054737068008399e+04 0.000000000000000000e+00 2.540922093032168050e+04
3.625250227669692404e-01 2.540297724363800497e-06 -2.932585333534106212e+03 -5.350800778308989724e-06 5.406906670682125878e+03 5.647199481676328737e-06 1.000565896461376222e+06 0.000000000000000000e+00 7.024588345128746005e+04 0.000000000000000000e+00 -5.900149495557897353e+03
3.675230446100045678e-01 7.603531045644424345e-06 -2.287979120646793490e+03 -1.852826736543971366e-05 4.020845059743819547e+03 2.777549244681742850e-05 9.915085126231145114e+05 0.000000000000000000e+00 6.051643365483454545e+04 0.000000000000000000e+00 2.499332204798460225e+04
3.725177060730277545e-01 -2.948979760492309747e-07 -3.521415975756189710e+03 -1.552140530744325111e-06 4.306081765681286015e+03 -4.359560537940813092e-06 9.770741709646063391e+05 0.000000000000000000e+00 6.642048739207502513e+04 0.000000000000000000e+00 7.032764366173023518e+03
3.775163034622419089e-01 4.821499989656670109e-06 -3.078507195509615940e+03 -1.224230025306679664e-05 6.008187834865295372e+03 1.478436204928941267e-05 9.698344876397211337e+05 0.000000000000000000e+00 5.052892168720392510e+04 0.000000000000000000e+00 1.586767334386054426e+04
3.825226892977953153e-01 8.709881756756756309e-07 -2.501014054054054213e+03 -9.633657094594594452e-07 4.605313729729729857e+03 -2.827412373310810815e-06 9.564592847567567369e+05 0.000000000000000000e+00 5.482437535135135113e+04 0.000000000000000000e+00 2.102022572972972921e+04
3.875130067694269043e-01 -9.808073053872498287e-07 -2.086990937829294126e+03 1.083872466494336154e-05 3.176904531085353028e+03 -2.654209277652463146e-06 9.480100282402529847e+05 0.000000000000000000e+00 5.238382128556375392e+04 0.000000000000000000e+00 1.958951991570073733e+04
3.924957861003909865e-01 2.677666301934155206e-06 -2.040186451259936348e+03 -4.733058040742767310e-06 4.889430283525891355e+03 1.184050210391658375e-05 9.390370462330641458e+05 0.000000000000000000e+00 4.083212605155601341e+04 0.000000000000000000e+00 3.234553450262285696e+04
3.975064703251052212e-01 -4.325891750820890958e-07 -1.973865113685645383e+03 1.027777428210767628e-05 3.464684666377548183e+03 -1.916778433995725368e-06 9.265811278111641295e+05 0.000000000000000000e+00 4.629540097887368029e+04 0.000000000000000000e+00 2.161354503438448955e+04
