3.798113400606732779e-03 1.217902315789473709e+06 0.000000000000000000e+00 -1.541374736842105165e+06 0.000000000000000000e+00 -6.101666842105262913e+05 5.706607157894736528e+07 0.000000000000000000e+00 1.475330425263157785e+08 0.000000000000000000e+00 4.876406568421052396e+07
8.299341265228576958e-03 3.329554687500000000e+05 0.000000000000000000e+00 -1.271333281250000000e+05 0.000000000000000000e+00 6.904246250000000000e+05 2.865056600000000000e+07 0.000000000000000000e+00 6.112402000000000000e+07 0.000000000000000000e+00 3.366232000000000000e+07
1.293222767532251419e-02 1.127354700636942638e+06 0.000000000000000000e+00 1.373211414012738969e+06 0.000000000000000000e+00 5.287935796178344171e+05 1.722755587261146680e+07 0.000000000000000000e+00 3.775880642038216442e+07 0.000000000000000000e+00 5.768796127388535067e+06
1.764839556552980082e-02 1.040615452054794412e+06 0.000000000000000000e+00 7.835591232876712456e+05 0.000000000000000000e+00 1.356410273972602736e+05 7.817141479452054016e+06 0.000000000000000000e+00 1.528129928767123260e+07 0.000000000000000000e+00 -3.972575342465753201e+05
2.256548662787912635e-02 9.435030623818525346e+05 0.000000000000000000e+00 8.584676899810964242e+05 0.000000000000000000e+00 -2.552926124763705302e+05 4.875728574669186957e+06 0.000000000000000000e+00 9.416051659735349938e+06 0.000000000000000000e+00 -2.283948521739130374e+06
2.777643688250242340e-02 7.595355317073171027e+05 0.000000000000000000e+00 7.478480390243902802e+05 0.000000000000000000e+00 3.960432780487805139e+05 2.623450536585365888e+06 0.000000000000000000e+00 5.556042926829268225e+06 0.000000000000000000e+00 9.899528585365853505e+05
3.269804980233311648e-02 6.751387519999999786e+05 0.000000000000000000e+00 5.650178560000000289e+05 0.000000000000000000e+00 1.302624400000000023e+05 1.616111743999999948e+06 0.000000000000000000e+00 2.988065535999999847e+06 0.000000000000000000e+00 -1.369318720000000030e+05
3.761648458559932462e-02 5.469375697909642477e+05 0.000000000000000000e+00 3.855950370869858307e+05 0.000000000000000000e+00 9.634640593391774019e+03 1.017543207012811908e+06 0.000000000000000000e+00 1.975658853674983140e+06 0.000000000000000000e+00 1.187401968981793616e+05
4.263843696389812976e-02 4.673808928571428405e+05 0.000000000000000000e+00 2.773677678571428405e+05 0.000000000000000000e+00 -2.140091071428571377e+04 7.114938571428571595e+05 0.000000000000000000e+00 1.289503285714285681e+06 0.000000000000000000e+00 -4.665137500000000000e+04
4.756514582339458480e-02 4.013224247710423078e+05 0.000000000000000000e+00 2.413546061927605770e+05 0.000000000000000000e+00 -3.019357348451809958e+04 4.979067701700828620e+05 0.000000000000000000e+00 8.105858735281290719e+05 0.000000000000000000e+00 -1.196583131269079895e+05
5.262096060748640974e-02 3.764306516853932408e+05 0.000000000000000000e+00 2.741680898876404390e+05 0.000000000000000000e+00 5.457250561797752744e+04 3.981517303370786249e+05 0.000000000000000000e+00 7.098148314606741769e+05 0.000000000000000000e+00 4.981415168539325532e+04
5.756031740041873956e-02 3.571573069306930993e+05 0.000000000000000000e+00 2.491280198019802046e+05 0.000000000000000000e+00 -1.513293688118811951e+04 3.257061386138614034e+05 0.000000000000000000e+00 5.512849900990099413e+05 0.000000000000000000e+00 1.123476856435643640e+04
6.254738279606215923e-02 3.244273809173411573e+05 0.000000000000000000e+00 2.090995849889624515e+05 0.000000000000000000e+00 1.476542163355408229e+04 2.559291714495952765e+05 0.000000000000000000e+00 3.846519617365709855e+05 0.000000000000000000e+00 -3.299862840323767159e+04
6.757793472572401483e-02 3.001177926186291734e+05 0.000000000000000000e+00 1.691339050966608047e+05 0.000000000000000000e+00 -2.172617750439367228e+04 2.118016871704744990e+05 0.000000000000000000e+00 3.113978207381370594e+05 0.000000000000000000e+00 -1.391172056239015728e+04
7.255917516659465827e-02 2.767025062302399310e+05 0.000000000000000000e+00 1.824079032917984005e+05 0.000000000000000000e+00 3.109073461037753441e+04 1.831507770132043806e+05 0.000000000000000000e+00 2.652273788357820595e+05 0.000000000000000000e+00 2.972745397061558378e+03
7.753384299139773339e-02 2.483542176096417825e+05 0.000000000000000000e+00 1.525121392701707373e+05 0.000000000000000000e+00 2.694863073317710223e+04 1.526728891864747275e+05 0.000000000000000000e+00 2.057538078339471249e+05 0.000000000000000000e+00 1.103878741211918350e+04
8.251793356505521260e-02 2.256953027522935881e+05 0.000000000000000000e+00 1.228290366972477204e+05 0.000000000000000000e+00 3.015471330275229320e+03 1.316508073394495586e+05 0.000000000000000000e+00 1.678637247706422058e+05 0.000000000000000000e+00 -1.252173881880733916e+03
8.752751931716111489e-02 1.987274723338084877e+05 0.000000000000000000e+00 1.174872805494363129e+05 0.000000000000000000e+00 1.616489309317092193e+04 1.173588244136322464e+05 0.000000000000000000e+00 1.440372704418815556e+05 0.000000000000000000e+00 2.500527666191525441e+03
9.254701955136974967e-02 1.811868878760255175e+05 0.000000000000000000e+00 9.614025888787602889e+04 0.000000000000000000e+00 9.993175934366454385e+03 1.008595952597994474e+05 0.000000000000000000e+00 1.172152999088422948e+05 0.000000000000000000e+00 5.638939380127621007e+03
9.754963178921903511e-02 1.663315984507484536e+05 0.000000000000000000e+00 9.633843023134094256e+04 0.000000000000000000e+00 1.045652507065843201e+04 9.103120695069611247e+04 0.000000000000000000e+00 9.959205945776196313e+04 0.000000000000000000e+00 2.928896681670679300e+03
1.025319613041059119e-01 1.514411347091932548e+05 0.000000000000000000e+00 8.170271219512194511e+04 0.000000000000000000e+00 5.229821388367729924e+03 8.429922101313321036e+04 0.000000000000000000e+00 8.575421838649155688e+04 0.000000000000000000e+00 1.192761125703564721e+04
1.075116003998943526e-01 1.401327636113025364e+05 0.000000000000000000e+00 7.573574638180565671e+04 0.000000000000000000e+00 -6.146227429359062626e+03 7.700313163335630088e+04 0.000000000000000000e+00 6.944999035148174153e+04 0.000000000000000000e+00 -5.728660923501033722e+03
1.125102861506304813e-01 1.334300020097395172e+05 0.000000000000000000e+00 6.740834010976270656e+04 0.000000000000000000e+00 7.372853057122981227e+03 7.134424858931745985e+04 0.000000000000000000e+00 6.353229094844245265e+04 0.000000000000000000e+00 7.473361675813558577e+03
1.175500852175193622e-01 1.249554623808846518e+05 0.000000000000000000e+00 5.974451429384155927e+04 0.000000000000000000e+00 7.685106528232115124e+03 6.563137647560801997e+04 0.000000000000000000e+00 5.458875494239795080e+04 0.000000000000000000e+00 4.241047077229412935e+03
1.225369446564099490e-01 1.216107111552466085e+05 0.000000000000000000e+00 5.953869791459781845e+04 0.000000000000000000e+00 2.590410857332009527e+03 6.158010089374379459e+04 0.000000000000000000e+00 4.828723945713340072e+04 0.000000000000000000e+00 6.002219662363456337e+03
1.275260957852891452e-01 1.137188726655348000e+05 0.000000000000000000e+00 4.849532476352170488e+04 0.000000000000000000e+00 8.194568032985689570e+03 5.809200679117147229e+04 0.000000000000000000e+00 4.083681203007518343e+04 0.000000000000000000e+00 7.218539898132427879e+03
1.325302087090364789e-01 1.075589365355479531e+05 0.000000000000000000e+00 4.909498501767577545e+04 0.000000000000000000e+00 -2.757765108579765183e+03 5.583191784972784808e+04 0.000000000000000000e+00 3.671885169182425307e+04 0.000000000000000000e+00 1.525759833903821345e+03
1.375062694904859717e-01 1.028530280887011613e+05 0.000000000000000000e+00 4.563103357972544472e+04 0.000000000000000000e+00 1.192445279831045445e+04 5.182459809926082380e+04 0.000000000000000000e+00 3.381379514255543472e+04 0.000000000000000000e+00 4.835566209081309353e+03
1.425134422753508989e-01 9.771008638894221804e+04 0.000000000000000000e+00 4.266524553657131764e+04 0.000000000000000000e+00 -8.372548473795353630e+02 5.024698176233442064e+04 0.000000000000000000e+00 2.829613054329045917e+04 0.000000000000000000e+00 9.119543098483394488e+02
1.475259222195813014e-01 9.065531040138502431e+04 0.000000000000000000e+00 3.867872905371543311e+04 0.000000000000000000e+00 1.981327987607635805e+03 4.761011581393229426e+04 0.000000000000000000e+00 2.614554394277643587e+04 0.000000000000000000e+00 -2.319653230215499562e+01
1.525299430011916868e-01 8.498780114981399674e+04 0.000000000000000000e+00 3.557056205613797647e+04 0.000000000000000000e+00 1.320258285424416499e+03 4.578386743320932874e+04 0.000000000000000000e+00 2.416943659113966714e+04 0.000000000000000000e+00 3.048352384173148494e+03
1.574945685492469272e-01 7.967575265903667605e+04 0.000000000000000000e+00 3.194140170663646859e+04 0.000000000000000000e+00 1.259000444857847697e+03 4.343015100901848200e+04 0.000000000000000000e+00 2.027337113276984383e+04 0.000000000000000000e+00 4.243571399684554990e+02
1.625189323163163113e-01 7.713682218978102901e+04 0.000000000000000000e+00 2.908271416058394243e+04 0.000000000000000000e+00 4.818547153284672277e+03 4.208491445255474537e+04 0.000000000000000000e+00 1.967475620437956240e+04 0.000000000000000000e+00 2.749841751824817948e+03
1.675461007718098694e-01 7.471139863325739861e+04 0.000000000000000000e+00 2.792788382687927151e+04 0.000000000000000000e+00 1.372065916856491867e+03 3.994292938496582792e+04 0.000000000000000000e+00 1.682930637813211797e+04 0.000000000000000000e+00 4.707384681093394079e+02
1.725292014006662711e-01 7.079360727824109199e+04 0.000000000000000000e+00 2.720491123051059913e+04 0.000000000000000000e+00 4.753520519497643363e+03 3.903185258924745722e+04 0.000000000000000000e+00 1.580976260012526109e+04 0.000000000000000000e+00 1.532924152025579360e+03
1.775301965061671094e-01 6.759080868248359184e+04 0.000000000000000000e+00 2.494790711761736384e+04 0.000000000000000000e+00 1.338929959616355291e+03 3.779247248864210269e+04 0.000000000000000000e+00 1.509141746592629897e+04 0.000000000000000000e+00 7.472645128722866730e+02
1.825147654490652804e-01 6.533374268072911946e+04 0.000000000000000000e+00 2.322261809802357675e+04 0.000000000000000000e+00 5.825371502850896377e+02 3.725537014387426461e+04 0.000000000000000000e+00 1.381002830216549955e+04 0.000000000000000000e+00 4.019745930455848111e+02
1.875360723572403465e-01 6.316581899441340647e+04 0.000000000000000000e+00 2.171246837988826883e+04 0.000000000000000000e+00 3.963596871508379991e+03 3.580504670391061518e+04 0.000000000000000000e+00 1.270127731843575384e+04 0.000000000000000000e+00 1.702356312849162123e+03
1.925323683450522461e-01 6.007065224376137485e+04 0.000000000000000000e+00 2.142806126164720990e+04 0.000000000000000000e+00 1.032869658348505936e+03 3.499048688015422522e+04 0.000000000000000000e+00 1.176686558851879636e+04 0.000000000000000000e+00 -3.486879083217307311e+02
1.975198663583639380e-01 5.790361917288478435e+04 0.000000000000000000e+00 1.981789502972050104e+04 0.000000000000000000e+00 1.735210623498166115e+03 3.406708263563930814e+04 0.000000000000000000e+00 1.114080060705703727e+04 0.000000000000000000e+00 1.298177715947894285e+03
2.025153694923672032e-01 5.583367905046801752e+04 0.000000000000000000e+00 1.739379098716588123e+04 0.000000000000000000e+00 2.300651355785004398e+03 3.345158892212680075e+04 0.000000000000000000e+00 1.076422271542989620e+04 0.000000000000000000e+00 -4.648084531506320900e+02
2.075088499274508613e-01 5.409100203805903584e+04 0.000000000000000000e+00 1.506309739174242713e+04 0.000000000000000000e+00 1.882121596555909264e+03 3.259413936659873070e+04 0.000000000000000000e+00 9.665785797705466393e+03 0.000000000000000000e+00 -1.396608807162976120e+02
2.125178062418619784e-01 5.215211869436201960e+04 0.000000000000000000e+00 1.609096316983766883e+04 0.000000000000000000e+00 4.510902077151335106e+03 3.192076522953395033e+04 0.000000000000000000e+00 9.254307558038051866e+03 0.000000000000000000e+00 1.696768371443532942e+03
2.175004174234404231e-01 5.013749549701203796e+04 0.000000000000000000e+00 1.370262705159498364e+04 0.000000000000000000e+00 4.712004040063968205e+03 3.144262200151502475e+04 0.000000000000000000e+00 8.694003535055971952e+03 0.000000000000000000e+00 1.346577781752377767e+01
2.225093171556767890e-01 4.891027237446070649e+04 0.000000000000000000e+00 1.449746443135478148e+04 0.000000000000000000e+00 4.660433955201828212e+03 3.065136904316306027e+04 0.000000000000000000e+00 8.305442682374263313e+03 0.000000000000000000e+00 1.298035184492031249e+03
2.275289586476768322e-01 4.681938466248277837e+04 0.000000000000000000e+00 1.308803796112046621e+04 0.000000000000000000e+00 1.581484769631103745e+03 3.012591581203122769e+04 0.000000000000000000e+00 7.136675952854738171e+03 0.000000000000000000e+00 2.998869202510332457e+02
2.325285406108919262e-01 4.516757768359012698e+04 0.000000000000000000e+00 1.179174125479781105e+04 0.000000000000000000e+00 3.192324668473614565e+03 2.951903108798864923e+04 0.000000000000000000e+00 7.150836665272043319e+03 0.000000000000000000e+00 -3.941087442926527729e+02
2.375276552426477672e-01 4.387688352961856435e+04 0.000000000000000000e+00 1.130611355246967832e+04 0.000000000000000000e+00 2.799978344172965535e+03 2.881820439444542353e+04 0.000000000000000000e+00 6.539352153278256083e+03 0.000000000000000000e+00 9.948113200914044683e+02
2.424991024241769377e-01 4.241309702361858945e+04 0.000000000000000000e+00 9.895455843870815443e+03 0.000000000000000000e+00 5.691756284503570669e+02 2.843227417149224129e+04 0.000000000000000000e+00 6.241592085492884507e+03 0.000000000000000000e+00 1.060041024428950038e+02
2.474998551644826128e-01 4.125203099583733274e+04 0.000000000000000000e+00 9.075947998719180760e+03 0.000000000000000000e+00 1.196265898174831818e+03 2.784351866794748639e+04 0.000000000000000000e+00 6.168752097342298839e+03 0.000000000000000000e+00 -1.672162183797630348e+02
2.525200307756395035e-01 4.005045963501391816e+04 0.000000000000000000e+00 8.674111227961646364e+03 0.000000000000000000e+00 1.222473492112588929e+03 2.742083860191772692e+04 0.000000000000000000e+00 5.467379647386328543e+03 0.000000000000000000e+00 -6.228666254253016632e+02
2.575182250600202005e-01 3.911623157737873407e+04 0.000000000000000000e+00 8.768766798301168819e+03 0.000000000000000000e+00 1.334794843901348713e+03 2.704103145816257893e+04 0.000000000000000000e+00 5.437330511884360021e+03 0.000000000000000000e+00 -5.120346844497429117e+01
2.625255687975799335e-01 3.796392948023050121e+04 0.000000000000000000e+00 6.421295601072631143e+03 0.000000000000000000e+00 4.794247161522222882e+02 2.651594819421464126e+04 0.000000000000000000e+00 4.712395732298738949e+03 0.000000000000000000e+00 -9.055517915216522340e+01
2.675305520911575030e-01 3.691700561991687573e+04 0.000000000000000000e+00 6.743341737893704703e+03 0.000000000000000000e+00 1.884667948523218328e+01 2.648969376285883845e+04 0.000000000000000000e+00 4.634058298007484154e+03 0.000000000000000000e+00 -4.701832341447922090e+02
2.725404586615198799e-01 3.617723636748293939e+04 0.000000000000000000e+00 6.166526260115300829e+03 0.000000000000000000e+00 1.421124662823292965e+03 2.587446173374940190e+04 0.000000000000000000e+00 4.628804992859787490e+03 0.000000000000000000e+00 -3.607349394404188843e+02
2.775333197047151201e-01 3.522355726729908929e+04 0.000000000000000000e+00 5.211246775402590174e+03 0.000000000000000000e+00 1.515096647452632624e+03 2.555079111846356682e+04 0.000000000000000000e+00 4.451932690567890859e+03 0.000000000000000000e+00 -4.486551037816320786e+02
2.825123907298719983e-01 3.452517211140616564e+04 0.000000000000000000e+00 5.197448181312913221e+03 0.000000000000000000e+00 1.135768788982893966e+03 2.522856681282035424e+04 0.000000000000000000e+00 4.144280022231828298e+03 0.000000000000000000e+00 -7.619390477366764003e+01
2.875104651677040102e-01 3.381528749281746423e+04 0.000000000000000000e+00 5.261027389389006203e+03 0.000000000000000000e+00 1.309875981612717851e+03 2.483012296494924158e+04 0.000000000000000000e+00 3.648419459873587130e+03 0.000000000000000000e+00 -3.546928031028538726e+02
2.924971317655564174e-01 3.254122831150515776e+04 0.000000000000000000e+00 4.591771584459420410e+03 0.000000000000000000e+00 1.329105919615300081e+03 2.468849955495959875e+04 0.000000000000000000e+00 3.952603497901952323e+03 0.000000000000000000e+00 -8.212299760718537982e+02
2.975058823671092867e-01 3.188634757126365366e+04 0.000000000000000000e+00 3.968135334339756355e+03 0.000000000000000000e+00 9.979035609626142787e+02 2.402759541781369262e+04 0.000000000000000000e+00 3.718290737945120327e+03 0.000000000000000000e+00 -1.598453179113755311e+02
3.025121359101998753e-01 3.144973446889455590e+04 0.000000000000000000e+00 3.922527517184730186e+03 0.000000000000000000e+00 2.796003631490207795e+02 2.393398573343132739e+04 0.000000000000000000e+00 3.406802991656219092e+03 0.000000000000000000e+00 -1.049664260083870204e+03
3.075010376196579687e-01 3.050996147776558792e+04 0.000000000000000000e+00 2.893573203741443649e+03 0.000000000000000000e+00 4.289488634582223199e+02 2.370357201233213345e+04 0.000000000000000000e+00 3.179959241260386079e+03 0.000000000000000000e+00 -7.366818205570361897e+02
3.125134169243361515e-01 2.997814051880153056e+04 0.000000000000000000e+00 2.597534365574100320e+03 0.000000000000000000e+00 2.332252966016489211e+02 2.342563442589986153e+04 0.000000000000000000e+00 3.240279911522220118e+03 0.000000000000000000e+00 -8.370962396943494923e+02
3.175159688234982513e-01 2.942556414614258756e+04 0.000000000000000000e+00 3.197628081068070969e+03 0.000000000000000000e+00 3.987058580817557640e+02 2.315388983308936804e+04 0.000000000000000000e+00 2.531174976176675955e+03 0.000000000000000000e+00 -9.257428259865803284e+02
3.225221380836135188e-01 2.865141415895790124e+04 0.000000000000000000e+00 2.705852822352274870e+03 0.000000000000000000e+00 1.168527015291674616e+03 2.295849273173494657e+04 0.000000000000000000e+00 2.709230432320181535e+03 0.000000000000000000e+00 -6.498636209175004979e+02
3.275181733526948968e-01 2.825295757126990065e+04 0.000000000000000000e+00 2.375791780821917655e+03 0.000000000000000000e+00 1.771562199185486861e+02 2.263399215105516487e+04 0.000000000000000000e+00 2.577703072935949876e+03 0.000000000000000000e+00 -1.082037097371343862e+03
3.325123842131759710e-01 2.775526463079427776e+04 0.000000000000000000e+00 1.864956083154683029e+03 0.000000000000000000e+00 5.759753062259267153e+02 2.240511353265075741e+04 0.000000000000000000e+00 2.667278578862627455e+03 0.000000000000000000e+00 -5.993641531085156657e+02
3.374959366892091861e-01 2.728842462249938762e+04 0.000000000000000000e+00 1.517828399257261026e+03 0.000000000000000000e+00 -2.232507313526959436e+01 2.204040892688224994e+04 0.000000000000000000e+00 2.157513926356725278e+03 0.000000000000000000e+00 -9.926478646253021907e+02
3.424919221947719805e-01 2.665133477235413375e+04 0.000000000000000000e+00 1.885913675420247046e+03 0.000000000000000000e+00 -1.291102767753710907e+02 2.188386415421413767e+04 0.000000000000000000e+00 2.300082840927085272e+03 0.000000000000000000e+00 -5.883463984198551771e+02
3.475179778446125245e-01 2.607489267161106909e+04 0.000000000000000000e+00 7.836061685235403047e+02 0.000000000000000000e+00 2.134088117097395809e+02 2.168101780638415948e+04 0.000000000000000000e+00 2.142455255333747118e+03 0.000000000000000000e+00 -4.844910314633906978e+02
3.525052850529177828e-01 2.579545802331151208e+04 0.000000000000000000e+00 8.575024748523071594e+02 0.000000000000000000e+00 -3.624759380488583815e+02 2.141606565543669058e+04 0.000000000000000000e+00 2.071225930065463672e+03 0.000000000000000000e+00 -1.138126137633721783e+03
3.575133254796376558e-01 2.548115820373876340e+04 0.000000000000000000e+00 6.194340811368043660e+02 0.000000000000000000e+00 4.313215043956128056e+02 2.125230881958442842e+04 0.000000000000000000e+00 1.983800967264756309e+03 0.000000000000000000e+00 -8.314487663925317520e+02
3.625250227669692404e-01 2.501707863273603289e+04 0.000000000000000000e+00 1.087860382472519177e+03 0.000000000000000000e+00 3.570918235205541009e+02 2.093123035687396259e+04 0.000000000000000000e+00 1.904579792199969688e+03 0.000000000000000000e+00 -1.091905315464538489e+03
3.675230446100045678e-01 2.445849333304172251e+04 0.000000000000000000e+00 9.364052227544124207e+02 0.000000000000000000e+00 5.742148153008332656e+02 2.076978395993263985e+04 0.000000000000000000e+00 2.002893365118940892e+03 0.000000000000000000e+00 -7.953542855893095975e+02
3.725177060730277545e-01 2.402228234890502790e+04 0.000000000000000000e+00 6.754325004288410810e+02 0.000000000000000000e+00 8.909813025330207665e+02 2.069952633083652836e+04 0.000000000000000000e+00 1.634092057864943854e+03 0.000000000000000000e+00 -4.071499799874206929e+02
3.775163034622419089e-01 2.378137455954654797e+04 0.000000000000000000e+00 4.825640976134490643e+02 0.000000000000000000e+00 6.183335103191951703e+02 2.044716083877507481e+04 0.000000000000000000e+00 1.396043883299660138e+03 0.000000000000000000e+00 -9.540085918591100835e+02
3.825226892977953153e-01 2.345314248648648572e+04 0.000000000000000000e+00 6.193528108108107517e+02 0.000000000000000000e+00 5.850309729729730179e+02 2.032161037837837648e+04 0.000000000000000000e+00 1.774092540540540540e+03 0.000000000000000000e+00 -2.188779729729729695e+02
3.875130067694269043e-01 2.324430600632244750e+04 0.000000000000000000e+00 3.912523709167545007e+02 0.000000000000000000e+00 1.019514541622760817e+03 2.020211422550052885e+04 0.000000000000000000e+00 1.329213698630137060e+03 0.000000000000000000e+00 -9.828383561643836401e+02
3.924957861003909865e-01 2.290745967238438607e+04 0.000000000000000000e+00 4.991383644965082453e+02 0.000000000000000000e+00 1.449064074920348958e+03 1.997821759083448705e+04 0.000000000000000000e+00 1.349261828597174372e+03 0.000000000000000000e+00 -1.380277282528240050e+02
3.975064703251052212e-01 2.273186266030605475e+04 0.000000000000000000e+00 1.301419986370113406e+02 0.000000000000000000e+00 1.292221002416207284e+03 1.971440916919645679e+04 0.000000000000000000e+00 1.437162307168081270e+03 0.000000000000000000e+00 -5.247918964128616892e+01
