3.798113400606732779e-03 2.627886677631578641e+04 0.000000000000000000e+00 2.695678947368420995e+04 0.000000000000000000e+00 -2.358306578947368325e+04
8.299341265228576958e-03 3.829938281250000000e+04 0.000000000000000000e+00 7.100949707031250000e+03 0.000000000000000000e+00 -1.157403808593750000e+04
1.293222767532251419e-02 3.957119108280255023e+04 0.000000000000000000e+00 3.620981687898089149e+03 0.000000000000000000e+00 4.085820063694267787e+02
1.764839556552980082e-02 4.560186986301369325e+04 0.000000000000000000e+00 1.724767465753424403e+04 0.000000000000000000e+00 1.725501070205479436e+03
2.256548662787912635e-02 4.489145179584121070e+04 0.000000000000000000e+00 2.127700000000000000e+04 0.000000000000000000e+00 -1.604953308128544450e+04
2.777643688250242340e-02 4.117096585365853389e+04 0.000000000000000000e+00 1.577011829268292604e+04 0.000000000000000000e+00 3.840089024390244049e+03
3.269804980233311648e-02 3.561206399999999849e+04 0.000000000000000000e+00 1.461638199999999961e+04 0.000000000000000000e+00 -3.189541500000000269e+03
3.761648458559932462e-02 3.229947673634524472e+04 0.000000000000000000e+00 1.390881995954146987e+04 0.000000000000000000e+00 4.242175657451112784e+03
4.263843696389812976e-02 2.814854910714285506e+04 0.000000000000000000e+00 1.309284486607142753e+04 0.000000000000000000e+00 3.111523158482142662e+03
4.756514582339458480e-02 2.488152464020933257e+04 0.000000000000000000e+00 8.544914086349759600e+03 0.000000000000000000e+00 -2.926995202791103566e+03
5.262096060748640974e-02 2.371636797752809071e+04 0.000000000000000000e+00 1.079042415730337052e+04 0.000000000000000000e+00 4.914712780898876190e+03
5.756031740041873956e-02 2.239374009900990131e+04 0.000000000000000000e+00 1.114832054455445541e+04 0.000000000000000000e+00 -9.934293007425742417e+02
6.254738279606215923e-02 2.054545204807456321e+04 0.000000000000000000e+00 9.875195486877604708e+03 0.000000000000000000e+00 1.005184817267598646e+03
6.757793472572401483e-02 1.953247978910369056e+04 0.000000000000000000e+00 8.833658172231986100e+03 0.000000000000000000e+00 2.862278119507908514e+02
7.255917516659465827e-02 1.877557597173145041e+04 0.000000000000000000e+00 8.326562767342384177e+03 0.000000000000000000e+00 -2.982963083503812527e+02
7.753384299139773339e-02 1.703321191831268879e+04 0.000000000000000000e+00 7.659279544693673415e+03 0.000000000000000000e+00 2.176684800803481721e+03
8.251793356505521260e-02 1.614580160550458822e+04 0.000000000000000000e+00 6.576436353211009191e+03 0.000000000000000000e+00 -3.614723337155963350e+02
8.752751931716111489e-02 1.458068783205909131e+04 0.000000000000000000e+00 6.562781910068680190e+03 0.000000000000000000e+00 9.713598548658806067e+02
9.254701955136974967e-02 1.395792251595259768e+04 0.000000000000000000e+00 6.130031449407474611e+03 0.000000000000000000e+00 6.910243846855058791e+02
9.754963178921903511e-02 1.227723228305244447e+04 0.000000000000000000e+00 4.933367947241704314e+03 0.000000000000000000e+00 -2.042825683031508390e+02
1.025319613041059119e-01 1.182976135084427733e+04 0.000000000000000000e+00 5.169692682926829548e+03 0.000000000000000000e+00 -2.422341697936210281e+01
1.075116003998943526e-01 1.104193590627153753e+04 0.000000000000000000e+00 4.249308063404548193e+03 0.000000000000000000e+00 3.472282262232942571e+02
1.125102861506304813e-01 1.041267434490221967e+04 0.000000000000000000e+00 4.048481100718868674e+03 0.000000000000000000e+00 5.869099095617222019e+02
1.175500852175193622e-01 1.014487725785805742e+04 0.000000000000000000e+00 4.290409899018632132e+03 0.000000000000000000e+00 4.264840349879107180e+02
1.225369446564099490e-01 9.864772724263490090e+03 0.000000000000000000e+00 3.992610129096326091e+03 0.000000000000000000e+00 -5.287197947699437606e+01
1.275260957852891452e-01 9.419643948581129735e+03 0.000000000000000000e+00 3.999335435362600037e+03 0.000000000000000000e+00 3.559756851806936311e+02
1.325302087090364789e-01 9.132092699624039597e+03 0.000000000000000000e+00 3.417955445822344245e+03 0.000000000000000000e+00 -1.358021295101285091e+02
1.375062694904859717e-01 8.803032734952481405e+03 0.000000000000000000e+00 3.683547624076029479e+03 0.000000000000000000e+00 5.544419218585005638e+02
1.425134422753508989e-01 8.288739489345363836e+03 0.000000000000000000e+00 3.163680552889230057e+03 0.000000000000000000e+00 5.452058936456133154e+01
1.475259222195813014e-01 7.932540343523623051e+03 0.000000000000000000e+00 2.906467173903139155e+03 0.000000000000000000e+00 2.756478882864823277e+02
1.525299430011916868e-01 7.471118701386540124e+03 0.000000000000000000e+00 3.087083192424754543e+03 0.000000000000000000e+00 3.132606315522488671e+02
1.574945685492469272e-01 7.098612528814655889e+03 0.000000000000000000e+00 2.732791846968900245e+03 0.000000000000000000e+00 2.367868928701419406e+02
1.625189323163163113e-01 6.885142773722628590e+03 0.000000000000000000e+00 2.807258686131387094e+03 0.000000000000000000e+00 3.778430656934306739e+02
1.675461007718098694e-01 6.640985193621867438e+03 0.000000000000000000e+00 2.517735763097949985e+03 0.000000000000000000e+00 1.050245319618450992e+02
1.725292014006662711e-01 6.428952632099417315e+03 0.000000000000000000e+00 2.467873817450637944e+03 0.000000000000000000e+00 5.061982397732142545e+02
1.775301965061671094e-01 6.196409893992932666e+03 0.000000000000000000e+00 2.127854114083796048e+03 0.000000000000000000e+00 2.311755899798081657e+02
1.825147654490652804e-01 6.092206682619870662e+03 0.000000000000000000e+00 2.363952849419480572e+03 0.000000000000000000e+00 1.585119944459216015e+02
1.875360723572403465e-01 5.924032625698324409e+03 0.000000000000000000e+00 2.123394413407821048e+03 0.000000000000000000e+00 3.878742178770949636e+02
1.925323683450522461e-01 5.776376994752061364e+03 0.000000000000000000e+00 1.935397022598264812e+03 0.000000000000000000e+00 1.264209997857984291e+02
1.975198663583639380e-01 5.712618388769444209e+03 0.000000000000000000e+00 1.990563500695586072e+03 0.000000000000000000e+00 2.438139370178322736e+02
2.025153694923672032e-01 5.465503811637557192e+03 0.000000000000000000e+00 1.975942680690919815e+03 0.000000000000000000e+00 1.728990760397568351e+02
2.075088499274508613e-01 5.300003572328196242e+03 0.000000000000000000e+00 1.820227804621127234e+03 0.000000000000000000e+00 1.496321303441800978e+02
2.125178062418619784e-01 5.191470064583697422e+03 0.000000000000000000e+00 1.782838191656484696e+03 0.000000000000000000e+00 1.712962777098970264e+02
2.175004174234404231e-01 5.026553657099570955e+03 0.000000000000000000e+00 1.705399882164801056e+03 0.000000000000000000e+00 1.404033435737732702e+02
2.225093171556767890e-01 4.895681645357656635e+03 0.000000000000000000e+00 1.623864935678966276e+03 0.000000000000000000e+00 1.885107661393589638e+02
2.275289586476768322e-01 4.758305525792132357e+03 0.000000000000000000e+00 1.619338282565437112e+03 0.000000000000000000e+00 1.765593142507270841e+02
2.325285406108919262e-01 4.675819183963036267e+03 0.000000000000000000e+00 1.543969730595019428e+03 0.000000000000000000e+00 1.164094191694104410e+02
2.375276552426477672e-01 4.514462295658287985e+03 0.000000000000000000e+00 1.405658639479697740e+03 0.000000000000000000e+00 9.347883635085253218e+01
2.424991024241769377e-01 4.465180693194672131e+03 0.000000000000000000e+00 1.401353704860466223e+03 0.000000000000000000e+00 8.698170783178295551e+01
2.474998551644826128e-01 4.358223246878002101e+03 0.000000000000000000e+00 1.359291706692283014e+03 0.000000000000000000e+00 1.768265930195325097e+02
2.525200307756395035e-01 4.297753912774513083e+03 0.000000000000000000e+00 1.286651902257964821e+03 0.000000000000000000e+00 1.994746056294463585e+02
2.575182250600202005e-01 4.194607972580284695e+03 0.000000000000000000e+00 1.280327129125996635e+03 0.000000000000000000e+00 1.842229491096043432e+02
2.625255687975799335e-01 4.140210646431220084e+03 0.000000000000000000e+00 1.213530781080618453e+03 0.000000000000000000e+00 1.851966109431163261e+02
2.675305520911575030e-01 4.043773822510045193e+03 0.000000000000000000e+00 1.175558249678960465e+03 0.000000000000000000e+00 8.812325672111679609e+00
2.725404586615198799e-01 3.970605172687364302e+03 0.000000000000000000e+00 1.105235838578304310e+03 0.000000000000000000e+00 5.353401848521711059e+01
2.775333197047151201e-01 3.865516375009693093e+03 0.000000000000000000e+00 1.055828262723912303e+03 0.000000000000000000e+00 3.740462235376224243e+01
2.825123907298719983e-01 3.800986994380287797e+03 0.000000000000000000e+00 1.097726474402519671e+03 0.000000000000000000e+00 1.070297165441857601e+02
2.875104651677040102e-01 3.747189810381152711e+03 0.000000000000000000e+00 1.028651407776288124e+03 0.000000000000000000e+00 1.125558561578241665e+02
2.924971317655564174e-01 3.690137950964639458e+03 0.000000000000000000e+00 9.913621010530695230e+02 0.000000000000000000e+00 -1.523432533031245306e+01
2.975058823671092867e-01 3.608141372879850678e+03 0.000000000000000000e+00 9.503118728354497762e+02 0.000000000000000000e+00 1.002424962259124328e+02
3.025121359101998753e-01 3.533303359128442480e+03 0.000000000000000000e+00 8.833882668280662074e+02 0.000000000000000000e+00 6.746911612122260316e+00
3.075010376196579687e-01 3.497634613575795811e+03 0.000000000000000000e+00 9.438210795840518585e+02 0.000000000000000000e+00 1.142302973297800150e+02
3.125134169243361515e-01 3.441587130504725792e+03 0.000000000000000000e+00 8.820374824049869176e+02 0.000000000000000000e+00 7.890477076211541885e+01
3.175159688234982513e-01 3.379660677270092492e+03 0.000000000000000000e+00 8.006411568802742522e+02 0.000000000000000000e+00 -7.176008930062579338e+00
3.225221380836135188e-01 3.329228166886917279e+03 0.000000000000000000e+00 8.384385123654899417e+02 0.000000000000000000e+00 1.556783320747593002e+01
3.275181733526948968e-01 3.282481451314327842e+03 0.000000000000000000e+00 7.484687893372824874e+02 0.000000000000000000e+00 -3.292346815994076081e+01
3.325123842131759710e-01 3.250779793091792271e+03 0.000000000000000000e+00 7.768208722879992365e+02 0.000000000000000000e+00 4.033127107110134801e+01
3.374959366892091861e-01 3.191543145429702690e+03 0.000000000000000000e+00 7.547814875801423113e+02 0.000000000000000000e+00 1.587776556423641594e+01
3.424919221947719805e-01 3.146109460033836513e+03 0.000000000000000000e+00 7.123488986490428942e+02 0.000000000000000000e+00 -3.916577444078207515e-01
3.475179778446125245e-01 3.105552324631620195e+03 0.000000000000000000e+00 6.985545790178716743e+02 0.000000000000000000e+00 9.182767014081746026e+01
3.525052850529177828e-01 3.063487019000478995e+03 0.000000000000000000e+00 6.914649848315503959e+02 0.000000000000000000e+00 -5.758444435574006093e+01
3.575133254796376558e-01 3.021654651225176622e+03 0.000000000000000000e+00 6.608407385549279525e+02 0.000000000000000000e+00 4.800004215496164051e+01
3.625250227669692404e-01 2.983823159162776392e+03 0.000000000000000000e+00 6.852437885860563256e+02 0.000000000000000000e+00 2.769181222707423373e+01
3.675230446100045678e-01 2.950828131720724286e+03 0.000000000000000000e+00 6.253582660805284377e+02 0.000000000000000000e+00 2.973395045527779601e+01
3.725177060730277545e-01 2.916801418034192920e+03 0.000000000000000000e+00 5.811319114872205773e+02 0.000000000000000000e+00 -5.953439930098920030e+00
3.775163034622419089e-01 2.873173292143896560e+03 0.000000000000000000e+00 5.618820446693927124e+02 0.000000000000000000e+00 1.879198874645740958e+01
3.825226892977953153e-01 2.856689729729729606e+03 0.000000000000000000e+00 5.889650270270270767e+02 0.000000000000000000e+00 1.170976216216216272e+02
3.875130067694269043e-01 2.816395574288725129e+03 0.000000000000000000e+00 5.498895679662803104e+02 0.000000000000000000e+00 2.418056836143308885e+01
3.924957861003909865e-01 2.799961793196665894e+03 0.000000000000000000e+00 5.683466932706852504e+02 0.000000000000000000e+00 9.304543494352010669e+01
3.975064703251052212e-01 2.756732098382999993e+03 0.000000000000000000e+00 5.177508208908990355e+02 0.000000000000000000e+00 1.355289387274642365e+02
