3.798113400606732779e-03 -2.071982935855262958e-04 -6.225078315789473243e+06 5.308452405427631750e-04 -9.588037052631579340e+06 -7.153561240748354750e-04
8.299341265228576958e-03 1.354217529296875000e-04 -1.879949375000000000e+06 -2.775192260742187500e-04 -5.060726250000000000e+05 1.671314239501953125e-04
1.293222767532251419e-02 9.330214968152867558e-06 -1.210670267515923595e+06 -3.576582404458598610e-05 2.262590063694267592e+05 5.325997710987261319e-05
1.764839556552980082e-02 -1.421366652397260195e-05 -1.054408547945205355e+06 2.717318600171232895e-05 -3.599015890410958673e+05 -4.002819322559931581e-05
2.256548662787912635e-02 -3.692107750472589807e-05 -6.552584952741020825e+05 1.033790170132325119e-04 4.505625708884688356e+04 -1.624527410207939569e-04
2.777643688250242340e-02 -2.084127286585366011e-05 -5.375193756097560981e+05 3.662109374999999864e-05 -1.098975902439024358e+05 -4.681843083079268385e-05
3.269804980233311648e-02 2.832031250000000144e-05 -3.588373759999999893e+05 -6.933593750000000737e-05 -2.433695200000000114e+04 8.520507812500000791e-05
3.761648458559932462e-02 6.585047201618341111e-07 -2.924686284558327752e+05 4.938785401213755463e-06 -4.563562508428860019e+04 -1.094764097269049277e-05
4.263843696389812976e-02 -1.089913504464285654e-06 -2.212471250000000000e+05 1.144409179687500000e-05 -4.794996428571428260e+04 -1.730237688337053523e-05
4.756514582339458480e-02 -7.107015577300479815e-06 -1.604791068469254242e+05 -5.656332622383340347e-06 -1.748883035324902085e+04 -2.899036831695649854e-05
5.262096060748640974e-02 -9.751051999209972434e-07 -1.397708202247190929e+05 -9.911783625570575700e-07 -2.446487359550561814e+04 -3.348575549179248833e-08
5.756031740041873956e-02 9.064627165841583739e-07 -1.194227227722772222e+05 -8.913550046410890536e-06 -2.390776732673267179e+04 -4.041312944771039805e-06
6.254738279606215923e-02 -1.736590170468481584e-06 -9.682004611233749893e+04 -9.910540455604609708e-06 -1.284830708854549812e+04 -1.325647065474000409e-05
6.757793472572401483e-02 2.788952658172231765e-06 -8.416982776801405998e+04 -6.543312005711774411e-06 -1.053908435852372531e+04 1.166533082985500761e-05
7.255917516659465827e-02 -5.664225956620792610e-06 -7.107641584526687802e+04 1.660106304921424541e-05 -8.907003905523526555e+03 -9.981921243694207206e-06
7.753384299139773339e-02 -1.798156595246066445e-06 -6.223614864412454335e+04 2.370297330097087597e-06 -1.135195179109474520e+04 -5.946176922915969422e-06
8.251793356505521260e-02 -3.142094393388940848e-06 -4.884204587155963236e+04 5.335435954802626786e-06 -3.924380733944954500e+03 -9.274674118111986897e-06
8.752751931716111489e-02 -3.667883077742322295e-07 -4.161359699365038250e+04 -3.512171060290997391e-06 -6.846128288194894594e+03 -2.571719907271487065e-07
9.254701955136974967e-02 -3.755581628874202316e-07 -3.636261804922515876e+04 7.441615449806289461e-07 -6.620189152233363529e+03 -7.213846378795863439e-06
9.754963178921903511e-02 -4.267924670260650842e-06 -3.104391918768973119e+04 1.158984334109703691e-05 -5.909687009316445256e+03 -1.412312497546582154e-05
1.025319613041059119e-01 1.007709896810506566e-06 -2.646368480300187730e+04 -2.244444770168855639e-06 -5.197739962476547589e+03 7.683787963180112749e-06
1.075116003998943526e-01 -1.051605035320468662e-07 -2.270928049620951060e+04 -4.195904090928670133e-06 -3.008737767057201836e+03 -6.769707414875516717e-06
1.125102861506304813e-01 -1.653615387309654654e-06 -2.074389673030841732e+04 3.001748331457254725e-06 -4.040899126536291533e+03 -5.939510475495430035e-06
1.175500852175193622e-01 1.215320989190726879e-06 -1.833532072251457794e+04 -1.857704940620111065e-06 -2.799585265253875605e+03 4.683326240488550831e-06
1.225369446564099490e-01 9.455297293942404143e-07 -1.554406620324395954e+04 -1.862774381413439436e-06 -3.033426812313803566e+03 1.409202962077954497e-06
1.275260957852891452e-01 -1.313817636960344405e-07 -1.352856366723259634e+04 -1.600636980240419577e-07 -2.181821731748726506e+03 -3.652089202458957336e-06
1.325302087090364789e-01 -1.130217247208349761e-06 -1.207542472364064815e+04 2.846092522515571518e-06 -1.565858257112395449e+03 -3.894968376932410938e-06
1.375062694904859717e-01 5.268874364770326952e-07 -1.099177106652587099e+04 -2.296874742195749786e-06 -2.522190707497360108e+03 1.249746385068802680e-06
1.425134422753508989e-01 1.745870278604338584e-06 -9.506966404300248541e+03 -3.122647176161451255e-06 -1.193272989057400537e+03 5.968474316537483182e-06
1.475259222195813014e-01 1.890924700441933561e-07 -8.349891111212355099e+03 -2.452640567337919893e-06 -1.408917855027563974e+03 2.100872957623354122e-06
1.525299430011916868e-01 -1.006244121470240091e-07 -7.600882651335812625e+03 7.882245618183547158e-07 -1.407511920865742240e+03 -4.324914637473051310e-07
1.574945685492469272e-01 1.086078729728636631e-07 -6.935588789582237951e+03 -5.232924788692521684e-07 -1.094699963602539583e+03 -1.678485309580620248e-07
1.625189323163163113e-01 4.856081774635037046e-07 -6.214161751824817657e+03 -8.754312557025548528e-07 -1.150723941605839627e+03 -1.100971750969434436e-06
1.675461007718098694e-01 -7.940044707209211283e-07 -5.403685079726651566e+03 1.845978930219159187e-06 -7.296712699316628914e+02 -2.123636102350534604e-06
1.725292014006662711e-01 2.736190542901407539e-07 -4.865736229686522165e+03 -1.850952426080364157e-07 -6.701772093483206163e+02 2.279488150814187496e-06
1.775301965061671094e-01 2.881242192676126151e-07 -4.357752145381120499e+03 -9.744953230617624917e-07 -1.028683051489146919e+03 8.241447880074329500e-07
1.825147654490652804e-01 3.534193218411179271e-07 -3.976682797128423317e+03 9.520683772046441297e-07 -8.431448491831368983e+02 -5.716016582838488294e-07
1.875360723572403465e-01 -4.360262908083100513e-07 -3.580966703910614797e+03 -3.829615076160963989e-07 -7.052259217877094670e+02 1.787473369577077614e-07
1.925323683450522461e-01 -2.271577251459248079e-07 -2.955390596551354520e+03 7.901493532953571596e-07 -4.812806040484095433e+02 -6.718720845368225188e-07
1.975198663583639380e-01 -4.878489787530036240e-07 -2.706768787150625940e+03 1.160957063361578223e-06 -8.642335146073098713e+02 2.538049750221322866e-06
2.025153694923672032e-01 1.649121272797452557e-07 -2.444919231882659460e+03 -1.107267140306860968e-06 -4.301331660716008969e+02 5.948616019733668047e-07
2.075088499274508613e-01 3.689867239918477830e-07 -1.988066408665185918e+03 -7.212013241658843199e-07 -3.508284137488836336e+02 2.949098437965146827e-07
2.125178062418619784e-01 2.843211262736734360e-07 -1.775138418572176761e+03 -3.166152120448049538e-07 -4.162842991796125034e+02 1.524230909089514388e-06
2.175004174234404231e-01 -3.332763034861333445e-07 -1.515539937715680480e+03 5.532129777520305934e-07 -4.926455264708358186e+02 -1.924285362108158476e-06
2.225093171556767890e-01 4.773538155522941133e-07 -1.404108981304544841e+03 -1.171741292835543168e-06 -8.820221232836232161e+01 1.522692539471124580e-06
2.275289586476768322e-01 -5.234771312770262497e-07 -1.291382519516301954e+03 6.220122856585077915e-07 -1.359221356956987563e+02 -1.162970283212841392e-06
2.325285406108919262e-01 -6.350773902643116565e-07 -1.024727920979389864e+03 1.527738617139322950e-06 -3.214818547286849935e+02 -2.096199497935350232e-06
2.375276552426477672e-01 -1.807773567960098521e-07 -9.979878361750747899e+02 1.039872125071409734e-06 -9.260807699068378440e+01 -9.781154686882030441e-07
2.424991024241769377e-01 -6.947639677470751709e-07 -8.630660611483464209e+02 1.116594148386984558e-06 -2.610747387436057920e+02 -1.604886733060540542e-06
2.474998551644826128e-01 -2.736126120717259278e-07 -6.806186359269933064e+02 6.918490333813640683e-07 -1.970413064361191289e+02 -1.003571973563080282e-06
2.525200307756395035e-01 -1.982273865218063847e-08 -5.910824002474482768e+02 -5.616442618117847733e-08 -2.189342561088772072e+02 1.936256793346930152e-07
2.575182250600202005e-01 4.190738133102973062e-07 -5.393258922584010406e+02 -3.673433236043327454e-07 -1.883227777363832729e+02 6.894651037349349822e-07
2.625255687975799335e-01 6.877642128929651799e-08 -4.301869116220688056e+02 -2.659645152389884408e-07 -1.777104752667313221e+02 -1.674792917155495685e-07
2.675305520911575030e-01 -8.427825665207605651e-08 -3.551211388961764897e+02 1.634998179050275457e-07 -7.896904212866432715e+01 -6.670624014011819287e-07
2.725404586615198799e-01 1.124818176117806888e-08 -2.805313111545988249e+02 -1.927575183871837992e-07 -1.922674802983022175e+02 5.391372052783494472e-07
2.775333197047151201e-01 1.156626229115238919e-07 -1.978152997130819131e+02 8.262531531859457874e-07 -2.186877504071134979e+02 -2.022616839277607885e-08
2.825123907298719983e-01 -3.456384751512999800e-07 -8.817892299141604440e+01 9.828269617851849383e-07 -1.586060025937133275e+02 -5.774932919751204144e-07
2.875104651677040102e-01 -2.484192818066462404e-07 -6.718101177935261603e+01 6.765772204498659362e-07 -1.066429204175445307e+02 -1.365210082516819072e-06
2.924971317655564174e-01 -1.079469061745020719e-07 -4.732987319238460344e+01 1.061830678383173986e-07 -1.384625645886555105e+02 -7.142663342379839043e-07
2.975058823671092867e-01 1.070459404970695311e-07 -8.060392061095816985e+01 -1.754740417008924636e-07 -2.785252197850990186e+01 9.371601088137432060e-07
3.025121359101998753e-01 -2.411912477184973601e-08 7.589673490121481336e+01 3.188878129023449095e-07 -1.375529051921663495e+02 -1.170241380757247725e-07
3.075010376196579687e-01 1.862597651146992951e-07 5.544500705439724442e+01 -8.891990156503109434e-07 -1.659511626691749200e+02 1.058555069204943305e-06
3.125134169243361515e-01 -1.472796853006233698e-08 1.220035592197868510e+02 4.645446740523828637e-07 -9.329820028152020939e+01 -3.214072299008395217e-07
3.175159688234982513e-01 1.558992506704915004e-07 1.376381016003379614e+02 -6.008117275839710987e-07 -9.551652896621509115e+01 6.556762715699325025e-07
3.225221380836135188e-01 -1.094645996554653644e-07 1.767700207664715890e+02 -2.177769403671889936e-07 -8.949864074004153736e+01 -6.999973083231075174e-08
3.275181733526948968e-01 -2.989633045387197234e-07 1.570099222510181391e+02 4.576383277867644684e-08 -4.785625694187338297e+01 -5.121442486912354604e-07
3.325123842131759710e-01 1.129305398649670460e-07 1.550005959952676164e+02 -6.732397568873035409e-08 -1.135960842221372218e+02 5.266472291779712980e-08
3.374959366892091861e-01 -2.091915669347837064e-07 2.371777318431839774e+02 2.687982999505406400e-08 -1.400752899134639051e+02 -3.831294600056377621e-07
3.424919221947719805e-01 7.401191137833468671e-08 1.974305144638258582e+02 -4.124065783504112828e-07 -1.629888906483094502e+02 1.100323132647836501e-07
3.475179778446125245e-01 -8.076334917257489175e-08 2.247918286666448751e+02 -1.889463539284313973e-07 -1.719942660175776723e+02 3.446152167626074084e-07
3.525052850529177828e-01 8.381005009580074001e-08 2.365428708286763424e+02 -3.011314590651445056e-07 -1.248785007185055065e+02 2.365684844273910273e-07
3.575133254796376558e-01 3.356510229045151767e-08 2.208125943696300340e+02 -2.635503763468031232e-07 -1.145609752358761710e+02 -4.951437345721223736e-08
3.625250227669692404e-01 1.432593732942139584e-07 2.493725643728353987e+02 -8.903449422856120032e-09 -1.324075139286252067e+02 -2.600238043542834978e-07
3.675230446100045678e-01 -1.779852772856840837e-07 2.362245988525104110e+02 -2.153621855156777371e-07 -1.088990806960756430e+02 5.851265990766863896e-07
3.725177060730277545e-01 3.259255182777835566e-07 2.582952713133969951e+02 -5.321305287123558177e-07 -1.962319314997998845e+02 9.124155920851980262e-07
3.775163034622419089e-01 -5.606003828755835558e-07 2.460390426214134436e+02 -6.439328722219541166e-08 -1.770868632818695119e+02 -6.482468015946828143e-07
3.825226892977953153e-01 1.553715886296452609e-07 2.509135405405405379e+02 -1.661455309068834483e-07 -1.353480675675675684e+02 8.104814065469278045e-07
3.875130067694269043e-01 1.607880828503688185e-09 2.322752634351949439e+02 -5.024627589074025337e-07 -1.719881454162276100e+02 1.445082894617689866e-07
3.924957861003909865e-01 3.925554654060599481e-07 2.204936246902455537e+02 -9.852680582821099121e-07 -1.705138094165352527e+02 1.193085762760274199e-06
3.975064703251052212e-01 -1.309300715665850910e-07 2.594708134564153852e+02 3.121996832842218703e-07 -1.956555975466204131e+02 -3.791181846634250559e-07
