3.798113400606732779e-03 1.651543750000000000e+04 0.000000000000000000e+00 1.804330921052631311e+04 0.000000000000000000e+00 1.701168750000000000e+04
8.299341265228576958e-03 3.384762500000000000e+04 0.000000000000000000e+00 2.341123242187500000e+04 0.000000000000000000e+00 -3.640203125000000000e+03
1.293222767532251419e-02 3.985588535031847277e+04 0.000000000000000000e+00 1.333350796178343990e+04 0.000000000000000000e+00 -1.479359394904458713e+04
1.764839556552980082e-02 3.949566780821917928e+04 0.000000000000000000e+00 2.196288356164383367e+04 0.000000000000000000e+00 7.984556506849314246e+03
2.256548662787912635e-02 3.952170888468809426e+04 0.000000000000000000e+00 2.263774858223062620e+04 0.000000000000000000e+00 -9.699742911153120076e+03
2.777643688250242340e-02 3.284014390243902744e+04 0.000000000000000000e+00 1.791814878048780520e+04 0.000000000000000000e+00 2.688101829268292477e+03
3.269804980233311648e-02 2.976514199999999983e+04 0.000000000000000000e+00 2.161329600000000210e+04 0.000000000000000000e+00 -1.338985374999999976e+03
3.761648458559932462e-02 2.482323668240054030e+04 0.000000000000000000e+00 1.368632366824005294e+04 0.000000000000000000e+00 1.733750505731625026e+03
4.263843696389812976e-02 2.246310937500000000e+04 0.000000000000000000e+00 1.325135602678571377e+04 0.000000000000000000e+00 2.565281250000000000e+03
4.756514582339458480e-02 2.117006192760575868e+04 0.000000000000000000e+00 1.111953946794592230e+04 0.000000000000000000e+00 -3.638793283907544719e+03
5.262096060748640974e-02 1.901618258426966349e+04 0.000000000000000000e+00 9.384948735955056691e+03 0.000000000000000000e+00 3.213760533707865306e+03
5.756031740041873956e-02 1.806934529702970394e+04 0.000000000000000000e+00 8.643193069306931648e+03 0.000000000000000000e+00 -2.004724009900990040e+03
6.254738279606215923e-02 1.718184939906794170e+04 0.000000000000000000e+00 9.159716458180033442e+03 0.000000000000000000e+00 1.900401030169241949e+03
6.757793472572401483e-02 1.593644288224955926e+04 0.000000000000000000e+00 9.891015817223198610e+03 0.000000000000000000e+00 8.798797231985939789e+02
7.255917516659465827e-02 1.493371173516831004e+04 0.000000000000000000e+00 7.532903105821090321e+03 0.000000000000000000e+00 3.212976101915566574e+02
7.753384299139773339e-02 1.350018881821225477e+04 0.000000000000000000e+00 6.649709407432206717e+03 0.000000000000000000e+00 3.424293605624372390e+02
8.251793356505521260e-02 1.256190711009174447e+04 0.000000000000000000e+00 6.417025802752294112e+03 0.000000000000000000e+00 -3.532322606077981959e+02
8.752751931716111489e-02 1.156064481015938873e+04 0.000000000000000000e+00 6.146391084618375316e+03 0.000000000000000000e+00 1.260072437475703055e+03
9.254701955136974967e-02 1.066578486782133041e+04 0.000000000000000000e+00 5.041530537830446519e+03 0.000000000000000000e+00 2.247301447128532175e+02
9.754963178921903511e-02 9.655594682298753469e+03 0.000000000000000000e+00 4.719881921909347511e+03 0.000000000000000000e+00 9.107252172092536284e+02
1.025319613041059119e-01 9.107142213883676959e+03 0.000000000000000000e+00 4.945300562851782161e+03 0.000000000000000000e+00 6.137884615384615472e+02
1.075116003998943526e-01 8.835758097863541479e+03 0.000000000000000000e+00 4.455223983459683041e+03 0.000000000000000000e+00 2.337844805306685032e+02
1.125102861506304813e-01 8.188963129009816839e+03 0.000000000000000000e+00 4.002965757130710699e+03 0.000000000000000000e+00 6.402889773517817957e+02
1.175500852175193622e-01 7.824341345470061242e+03 0.000000000000000000e+00 3.721253306784241431e+03 0.000000000000000000e+00 -8.640495662067985450e+01
1.225369446564099490e-01 7.511286064217147214e+03 0.000000000000000000e+00 3.489740350877193123e+03 0.000000000000000000e+00 -2.604523171135385837e+02
1.275260957852891452e-01 7.337175842832888520e+03 0.000000000000000000e+00 3.398267766189667782e+03 0.000000000000000000e+00 3.096244845985932557e+02
1.325302087090364789e-01 6.937450423657483043e+03 0.000000000000000000e+00 3.245992705235396443e+03 0.000000000000000000e+00 -3.099588617361539633e+01
1.375062694904859717e-01 6.664654699049629926e+03 0.000000000000000000e+00 2.933864836325237320e+03 0.000000000000000000e+00 3.561923970432945907e+02
1.425134422753508989e-01 6.272836244960644763e+03 0.000000000000000000e+00 2.624674985601842764e+03 0.000000000000000000e+00 8.890313039930889261e+01
1.475259222195813014e-01 6.058411408264613783e+03 0.000000000000000000e+00 2.763761993712697404e+03 0.000000000000000000e+00 3.854973347305116249e+02
1.525299430011916868e-01 5.686477510990868723e+03 0.000000000000000000e+00 2.371655563070679818e+03 0.000000000000000000e+00 1.888409071694284762e+02
1.574945685492469272e-01 5.430189185910137894e+03 0.000000000000000000e+00 2.306281716342459276e+03 0.000000000000000000e+00 2.307439489222307571e+01
1.625189323163163113e-01 5.248939562043796286e+03 0.000000000000000000e+00 2.283895036496350713e+03 0.000000000000000000e+00 4.672846715328467440e+02
1.675461007718098694e-01 5.108933940774487382e+03 0.000000000000000000e+00 2.123422408883826847e+03 0.000000000000000000e+00 -5.336467379698177638e+01
1.725292014006662711e-01 4.873062464976761476e+03 0.000000000000000000e+00 2.132326993440353363e+03 0.000000000000000000e+00 3.958547977716979744e+02
1.775301965061671094e-01 4.701648157496213571e+03 0.000000000000000000e+00 1.922341872791519336e+03 0.000000000000000000e+00 3.196466746592629988e+02
1.825147654490652804e-01 4.621666341693993672e+03 0.000000000000000000e+00 1.701619072941593458e+03 0.000000000000000000e+00 1.786888091228692019e+02
1.875360723572403465e-01 4.411658100558659498e+03 0.000000000000000000e+00 1.669950167597765358e+03 0.000000000000000000e+00 6.994527932960893679e+01
1.925323683450522461e-01 4.290693798864731434e+03 0.000000000000000000e+00 1.513560565492128035e+03 0.000000000000000000e+00 1.365351558316375531e+02
1.975198663583639380e-01 4.181858100417351125e+03 0.000000000000000000e+00 1.597418186417098696e+03 0.000000000000000000e+00 3.522540786644744912e+02
2.025153694923672032e-01 4.026894142622792970e+03 0.000000000000000000e+00 1.388782784907845326e+03 0.000000000000000000e+00 3.924930642671041170e+01
2.075088499274508613e-01 3.918139458196890246e+03 0.000000000000000000e+00 1.385349790469211712e+03 0.000000000000000000e+00 4.964499416061737236e+01
2.125178062418619784e-01 3.830799092337231741e+03 0.000000000000000000e+00 1.312550532379123752e+03 0.000000000000000000e+00 1.348591159015535084e+02
2.175004174234404231e-01 3.744562915579496803e+03 0.000000000000000000e+00 1.334641191818870539e+03 0.000000000000000000e+00 6.602278848581769921e+01
2.225093171556767890e-01 3.634964480605189237e+03 0.000000000000000000e+00 1.248861763952640786e+03 0.000000000000000000e+00 1.375161344339157949e+02
2.275289586476768322e-01 3.479264656360018307e+03 0.000000000000000000e+00 1.187780345936017284e+03 0.000000000000000000e+00 4.866488405020664487e+01
2.325285406108919262e-01 3.421095301329743961e+03 0.000000000000000000e+00 1.152361122732978174e+03 0.000000000000000000e+00 1.107853218852891501e+02
2.375276552426477672e-01 3.340416663737036288e+03 0.000000000000000000e+00 1.095958375812972463e+03 0.000000000000000000e+00 1.748126208472490930e+02
2.424991024241769377e-01 3.254102003950500603e+03 0.000000000000000000e+00 1.091382641432985110e+03 0.000000000000000000e+00 3.027325350733543985e+01
2.474998551644826128e-01 3.168079666986871416e+03 0.000000000000000000e+00 1.006900160102465634e+03 0.000000000000000000e+00 8.860516330451488898e+01
2.525200307756395035e-01 3.117211258892669775e+03 0.000000000000000000e+00 9.168144138570987707e+02 0.000000000000000000e+00 6.926104237550264031e+01
2.575182250600202005e-01 3.028036897399597819e+03 0.000000000000000000e+00 8.481726249906862449e+02 0.000000000000000000e+00 1.708513337307205049e+01
2.625255687975799335e-01 2.974853197923204334e+03 0.000000000000000000e+00 8.240250470702344501e+02 0.000000000000000000e+00 6.861058652364923205e+01
2.675305520911575030e-01 2.930175059720246736e+03 0.000000000000000000e+00 8.044346253158613536e+02 0.000000000000000000e+00 -2.203890963946921389e+01
2.725404586615198799e-01 2.863334214841063840e+03 0.000000000000000000e+00 7.657686571111228204e+02 0.000000000000000000e+00 5.038648053630929979e+01
2.775333197047151201e-01 2.805774549590301376e+03 0.000000000000000000e+00 7.968282368754361187e+02 0.000000000000000000e+00 1.944589913924573921e+01
2.825123907298719983e-01 2.744071043043290501e+03 0.000000000000000000e+00 7.532321373432964720e+02 0.000000000000000000e+00 7.120895448650651360e+01
2.875104651677040102e-01 2.706137521547595952e+03 0.000000000000000000e+00 7.268146906722849963e+02 0.000000000000000000e+00 5.392242865351465042e+01
2.924971317655564174e-01 2.614290212579037870e+03 0.000000000000000000e+00 6.554047786935462909e+02 0.000000000000000000e+00 1.205091955750268617e+01
2.975058823671092867e-01 2.606362490009767953e+03 0.000000000000000000e+00 6.703927271112689823e+02 0.000000000000000000e+00 7.737931800017760509e+01
3.025121359101998753e-01 2.539909904457221728e+03 0.000000000000000000e+00 6.228960269767843556e+02 0.000000000000000000e+00 4.329408315680255726e+01
3.075010376196579687e-01 2.493108679521346403e+03 0.000000000000000000e+00 6.185717301562418697e+02 0.000000000000000000e+00 2.437809740293672078e+01
3.125134169243361515e-01 2.457290166901266730e+03 0.000000000000000000e+00 5.734785039211743651e+02 0.000000000000000000e+00 -3.237214206716267739e+01
3.175159688234982513e-01 2.406035739898419251e+03 0.000000000000000000e+00 5.264358931536187356e+02 0.000000000000000000e+00 2.746309349549567358e+01
3.225221380836135188e-01 2.380430583349065728e+03 0.000000000000000000e+00 5.067773079101378357e+02 0.000000000000000000e+00 3.966190296394185566e+01
3.275181733526948968e-01 2.318635172158459682e+03 0.000000000000000000e+00 4.771592743428359995e+02 0.000000000000000000e+00 -1.120334598296927098e+01
3.325123842131759710e-01 2.293688676979460524e+03 0.000000000000000000e+00 4.456731988934058108e+02 0.000000000000000000e+00 3.283086855190941122e+01
3.374959366892091861e-01 2.266707493956486815e+03 0.000000000000000000e+00 4.751322916301720625e+02 0.000000000000000000e+00 -3.167994998773779969e+01
3.424919221947719805e-01 2.233220178516364285e+03 0.000000000000000000e+00 4.236870713148705363e+02 0.000000000000000000e+00 2.893423824267224553e+00
3.475179778446125245e-01 2.187640866468454988e+03 0.000000000000000000e+00 4.150345019113274816e+02 0.000000000000000000e+00 2.445597412356650224e+01
3.525052850529177828e-01 2.167690372026185742e+03 0.000000000000000000e+00 3.994798978125498934e+02 0.000000000000000000e+00 -4.488741817020596869e+01
3.575133254796376558e-01 2.124723133876493648e+03 0.000000000000000000e+00 3.707297713668171468e+02 0.000000000000000000e+00 1.853582213672003931e+01
3.625250227669692404e-01 2.098589248607137506e+03 0.000000000000000000e+00 3.687063394067158129e+02 0.000000000000000000e+00 -1.268815125734076155e+01
3.675230446100045678e-01 2.081252994481260430e+03 0.000000000000000000e+00 3.500355619709993107e+02 0.000000000000000000e+00 1.460118995545640885e+01
3.725177060730277545e-01 2.062547887243410059e+03 0.000000000000000000e+00 3.625556349705529442e+02 0.000000000000000000e+00 -3.149333822331179977e+00
3.775163034622419089e-01 2.033425779714661985e+03 0.000000000000000000e+00 3.374446735300404612e+02 0.000000000000000000e+00 6.459894601471511066e+00
3.825226892977953153e-01 2.015288000000000011e+03 0.000000000000000000e+00 3.300496756756757009e+02 0.000000000000000000e+00 6.039308108108107831e+01
3.875130067694269043e-01 1.983051001053740947e+03 0.000000000000000000e+00 2.969396996838777909e+02 0.000000000000000000e+00 1.226215341807165515e+01
3.924957861003909865e-01 1.966214784539632547e+03 0.000000000000000000e+00 2.831921217777492075e+02 0.000000000000000000e+00 3.252260805200656790e+01
3.975064703251052212e-01 1.950175280341986308e+03 0.000000000000000000e+00 2.996885199182207202e+02 0.000000000000000000e+00 5.078510315346013471e+01
