3.798113400606732779e-03 -4.127903988486841791e-04 -5.107755789473683573e+06 9.805779708059209499e-04 -8.574249263157894835e+06 -1.303221050061677483e-03
8.299341265228576958e-03 -1.373291015625000000e-04 -1.621281250000000000e+06 2.670288085937500000e-04 2.559662656250000000e+05 -2.231597900390625000e-04
1.293222767532251419e-02 -3.421078821656050873e-05 -1.323752866242038319e+06 1.166276871019108292e-04 2.125146624203821702e+05 -1.761078075238853519e-04
1.764839556552980082e-02 -1.354478809931506842e-04 -1.012300931506849243e+06 2.583542915239725782e-04 -1.772834520547944994e+05 -3.367384819135273676e-04
2.256548662787912635e-02 3.922864484877126840e-05 -7.956599773156900192e+05 -1.756058748818525481e-04 -7.581167485822306480e+04 1.647026191812381790e-04
2.777643688250242340e-02 3.278778820503048982e-05 -5.567099707317072898e+05 -7.958761075647865807e-05 -1.043233951219512237e+05 1.779463233017339969e-04
3.269804980233311648e-02 1.196289062500000046e-05 -4.151441919999999809e+05 -1.708984375000000163e-05 -5.912571600000000035e+04 5.822753906250000428e-05
3.761648458559932462e-02 -1.216175905048887319e-05 -3.261353904248145409e+05 4.159897786897336699e-05 -6.739747538772757980e+04 -6.425822818110460649e-05
4.263843696389812976e-02 -4.904610770089285230e-06 -2.429885535714285506e+05 6.811959402901785230e-06 -3.450866294642857247e+04 -1.566750662667410654e-06
4.756514582339458480e-02 -3.407108591365024075e-06 -1.892438273004797229e+05 1.277665721761884071e-05 -2.209024683820322753e+04 -2.661803587003925048e-05
5.262096060748640974e-02 3.343217828300561493e-06 -1.507054269662921433e+05 -3.900420799683988973e-06 -1.836014606741573152e+04 9.654613023393609627e-06
5.756031740041873956e-02 -3.361465907332920813e-06 -1.247384554455445614e+05 7.799356290609529854e-06 -1.022392388613861476e+04 -3.942168585144646967e-06
6.254738279606215923e-02 8.144009075300464893e-06 -1.108406063281824754e+05 -1.077883554083885124e-05 -1.827782585234240833e+04 2.748603062913907092e-05
6.757793472572401483e-02 -3.285064429097100186e-06 -9.035447451669594739e+04 1.722312350683765189e-05 -1.000491476274165143e+04 -6.742762346049812785e-06
7.255917516659465827e-02 1.634566207922633507e-06 -7.796383708387576917e+04 5.539363260182257759e-06 -1.057352129440208410e+04 5.198828633531708936e-06
7.753384299139773339e-02 6.109645704301975404e-06 -6.442762905925678206e+04 -1.151433228887680048e-05 -8.259479075995983294e+03 2.646406318656888479e-05
8.251793356505521260e-02 1.749861131020642299e-07 -5.520244036697247793e+04 -1.627370851849197232e-06 -8.174916857798165438e+03 7.852501825455132767e-06
8.752751931716111489e-02 1.486926185693922550e-06 -4.470842866398859769e+04 -4.176048010885059436e-06 -6.667422573538940014e+03 5.330788559349488718e-06
9.254701955136974967e-02 -1.752604760141294485e-06 -3.836516681859616801e+04 4.548426639414311882e-06 -6.308355970829535181e+03 -8.989054176518345037e-06
9.754963178921903511e-02 -2.031736594525280216e-06 -3.388223510938972322e+04 5.897147411153564506e-06 -5.089147283575840447e+03 -1.518850886583403163e-05
1.025319613041059119e-01 0.000000000000000000e+00 -2.982080600375234644e+04 1.374149859287054408e-06 -4.512095684803001859e+03 -2.679592225609755936e-06
1.075116003998943526e-01 3.049654602429358843e-07 -2.527438180565127550e+04 -1.635245829923328744e-06 -4.805174362508614649e+03 3.271806166140808092e-06
1.125102861506304813e-01 1.198340394797866730e-06 -2.264875257014764065e+04 2.500474052137280672e-07 -3.637711370487748354e+03 -3.787274613873966328e-06
1.175500852175193622e-01 -1.041703705020623039e-06 -1.948304138813824466e+04 6.041881489119613542e-06 -3.567448727065851472e+03 7.534990132982506608e-06
1.225369446564099490e-01 -6.505567796259517222e-07 -1.711078874544852806e+04 4.907460924569678939e-06 -2.633199867593512408e+03 -8.107210302621234674e-06
1.275260957852891452e-01 6.513574763521707099e-07 -1.552495173417414480e+04 -8.586075824642250892e-07 -2.937600048508367763e+03 1.532170427328401557e-06
1.325302087090364789e-01 -2.000142037483867194e-06 -1.325641344481230044e+04 3.739991618034902483e-06 -2.035996408731272140e+03 -8.901317046953032358e-06
1.375062694904859717e-01 1.044107213569165799e-06 -1.169081562829989343e+04 -3.048535259371699882e-06 -2.630130939809926076e+03 1.790128262770591239e-06
1.425134422753508989e-01 -9.373800153580341515e-08 -1.045416317911307306e+04 1.019400766701862044e-06 -1.445415626799769598e+03 2.094458471815607431e-06
1.475259222195813014e-01 6.965832903833887951e-07 -9.434078636839947649e+03 -1.830442917743974678e-06 -1.867704223427035458e+03 3.285481667017859499e-06
1.525299430011916868e-01 4.592601374915454665e-07 -8.363881636794047154e+03 2.371123968285001772e-06 -1.760887216773757018e+03 6.753446122944495756e-07
1.574945685492469272e-01 -3.949377199013224112e-07 -7.562357584826302627e+03 1.066331843733570616e-06 -1.158125692562785616e+03 -3.623553580094633149e-06
1.625189323163163113e-01 1.529220246920620493e-06 -6.894659854014598750e+03 -2.450873381900091526e-06 -1.189351605839416152e+03 3.829037186003079915e-06
1.675461007718098694e-01 7.929182812944902678e-07 -5.720281890660591671e+03 -1.248031650968999116e-06 -6.599382118451025008e+02 2.525118869095022190e-06
1.725292014006662711e-01 -1.239333363549461105e-06 -5.266974585489666424e+03 2.682875065411049252e-06 -5.962739229323927930e+02 -1.357281283091810414e-06
1.775301965061671094e-01 -6.739747819125441939e-07 -4.585538616860171715e+03 1.465413740101274494e-06 -6.702212266532054628e+02 -2.826361389006104746e-06
1.825147654490652804e-01 1.081895883187095590e-07 -4.211078141156312086e+03 -6.311059318591391669e-07 -5.997890041064728166e+02 1.373106191744955463e-06
1.875360723572403465e-01 -3.955350907821228902e-07 -3.548939217877094961e+03 1.016116009078212320e-06 -6.374696089385474806e+02 -3.870106276187150780e-07
1.925323683450522461e-01 2.727118372929942598e-07 -3.264489878976116415e+03 -4.791352916634592078e-07 -5.199237442433329761e+02 7.030500951486901879e-07
1.975198663583639380e-01 8.027894587074743662e-07 -2.922548425445807425e+03 -2.599802785506512908e-06 -6.927595801188820133e+02 3.833705621798722621e-06
2.025153694923672032e-01 -2.536432722136400240e-07 -2.563724983112998416e+03 7.695717136567479437e-07 -4.902473704525716585e+02 -7.161652214748224920e-07
2.075088499274508613e-01 -6.065918114108406114e-07 -2.288188692207286749e+03 1.633884395251780515e-06 -5.186683001671666489e+02 -8.662103113407108391e-07
2.125178062418619784e-01 6.914929499653626132e-07 -2.055902775353465131e+03 -1.856577003120772763e-06 -5.272712515273171903e+02 -2.657187340833437935e-07
2.175004174234404231e-01 4.777602500841679880e-07 -1.729545156131638805e+03 2.645661599928457343e-07 -3.872506943859944499e+02 -5.708721267806792568e-07
2.225093171556767890e-01 -2.705405755649022079e-08 -1.612991548629853696e+03 1.469636526596452035e-06 -5.337422824609444660e+02 -1.597316648231109951e-06
2.275289586476768322e-01 9.027279921408618499e-07 -1.365519669370886277e+03 -1.069142919540697345e-06 -4.100823894076228839e+02 2.533156346639776254e-06
2.325285406108919262e-01 5.265479935888982658e-07 -1.242085823949939140e+03 -1.100837818963400321e-06 -3.036601786331472113e+02 2.965406162101736416e-06
2.375276552426477672e-01 7.649510705967656753e-07 -1.109830620495693438e+03 -1.152790919153190342e-06 -2.945506415890314997e+02 1.984125366318224023e-06
2.424991024241769377e-01 4.348392946077355795e-07 -7.938474836661996505e+02 -1.598188971413739085e-06 -2.546097108030996310e+02 1.933334659971004505e-06
2.474998551644826128e-01 3.036611400046029492e-07 -6.704016650656419642e+02 -1.541880358116694579e-06 -2.462019372398334838e+02 -4.353066724422380156e-07
2.525200307756395035e-01 1.264879513996288426e-07 -6.633741416640891657e+02 2.897895602961645885e-07 -2.544093411691927145e+02 7.181023061736390595e-07
2.575182250600202005e-01 4.729644773116757081e-08 -4.151615229863646732e+02 9.295571073317934012e-07 -9.267451754712763545e+01 -6.312256677967364752e-07
2.625255687975799335e-01 9.010581776509100398e-08 -4.128984994579791419e+02 4.241938135849332162e-07 -1.468228162263935701e+02 -2.628086351481820949e-08
2.675305520911575030e-01 1.095617336476988668e-07 -2.503446790295632240e+02 -4.028500667969234959e-07 -3.661900898910536739e+01 3.712457205523950028e-07
2.725404586615198799e-01 -1.468820864957423102e-07 -1.975115962341989757e+02 -2.170949520184323210e-07 -1.825950970540011440e+02 1.071351482544494058e-07
2.775333197047151201e-01 -2.843742578660144081e-07 -2.550079096337270812e+02 8.813235495167950401e-07 -1.842256701217463046e+02 -1.150660680363195380e-06
2.825123907298719983e-01 -2.254000088772926658e-07 -7.257367998517878505e+01 9.057461895186192289e-07 -6.050700920150682549e+01 -8.229173401025906176e-07
2.875104651677040102e-01 -9.936771272265848823e-08 -7.040897337674775258e+01 2.842208841846628875e-07 -8.110513431334993584e+01 1.938035720565085743e-07
2.924971317655564174e-01 -2.730421744413876114e-07 2.397636951068674804e+01 1.049483810029881206e-06 -1.376235073807349352e+02 -8.354420279338710458e-07
2.975058823671092867e-01 -1.583670163999367271e-07 5.146213147145013522e+01 6.479497553347143202e-07 -1.471351678358937818e+02 -9.308296625699489579e-07
3.025121359101998753e-01 -1.345723474449872339e-07 1.204779300505814632e+02 4.089943892935886714e-08 -1.390168064502183256e+02 -5.597286117993709730e-07
3.075010376196579687e-01 2.041202905366567527e-07 1.716697392485760645e+02 -9.185413074149554004e-07 -8.791777185556775009e+01 1.189000692376025601e-06
3.125134169243361515e-01 -1.538765878713804654e-07 1.809835712849386766e+02 2.595037371729212644e-07 -9.708094711441785307e+01 -6.218155984209260998e-07
3.175159688234982513e-01 4.503089894366888937e-07 1.410414476721910546e+02 -1.327841886960782401e-06 -9.753407472173374515e+01 1.435697185862146481e-06
3.225221380836135188e-01 -3.323186809935164197e-07 2.355984897111572707e+02 5.294809886953257840e-07 -2.108685340758920290e+01 -1.272953567087189067e-06
3.275181733526948968e-01 -2.717318600171232832e-07 2.951476490188819071e+02 1.245955545255229457e-06 -1.178199185486856777e+02 -7.222644137877174840e-07
3.325123842131759710e-01 -1.737392920999492975e-07 2.301351752848768513e+02 3.724536074392662952e-07 -6.251170196678438629e+01 -2.543651823400820476e-07
3.374959366892091861e-01 -2.095590972392530703e-07 3.098259818519426858e+02 4.725771478558665886e-07 -7.918004414392321166e+01 -3.993383817288827347e-07
3.424919221947719805e-01 9.359581920009334079e-08 2.764046204235388586e+02 -2.461976983306803210e-07 -1.111526306578103060e+02 1.663360482523398005e-07
3.475179778446125245e-01 -1.070301328733776160e-08 2.592945568007318684e+02 -1.168217541995665274e-07 -9.826894991341849561e+01 4.125626033362067020e-07
3.525052850529177828e-01 2.134232671044228111e-07 2.870748523072010130e+02 -5.277109549636756027e-07 -8.713097557081270850e+01 6.533042131740978713e-07
3.575133254796376558e-01 -2.011567105908592800e-07 3.047269661457335701e+02 1.292548817122195792e-06 -1.837574020280368927e+02 -1.297343831735117365e-06
3.625250227669692404e-01 1.608365057032073390e-07 2.983126336395121143e+02 -5.408701920362144240e-07 -1.284109320885408749e+02 5.154810007787795439e-07
3.675230446100045678e-01 1.183602093949799199e-07 3.481047758604349269e+02 2.402801243356735236e-08 -1.233204587042261693e+02 4.127033617061799963e-07
3.725177060730277545e-01 1.355205612012483930e-07 3.133988221167591064e+02 -4.085997405295661658e-07 -1.531447481273943652e+02 7.029847942253923821e-07
3.775163034622419089e-01 8.291161818805552745e-08 3.049133849580405808e+02 -3.491126258222946886e-07 -2.302789940767199255e+02 2.940311129778187554e-07
3.825226892977953153e-01 -7.356179727090371395e-08 3.452387837837837878e+02 6.181613819019214809e-07 -1.979273918918918866e+02 -2.514671634983372167e-07
3.875130067694269043e-01 2.306932141833611878e-07 2.921388303477344834e+02 -2.567647505861690371e-07 -1.710291095890410986e+02 6.881463012655115365e-07
3.924957861003909865e-01 1.748182958275673448e-07 3.159599909889615219e+02 -6.517383208492904276e-07 -1.974577671933833471e+02 7.806913671535577762e-07
3.975064703251052212e-01 -5.369550949445511786e-08 2.940006195403011020e+02 2.915439283114429339e-07 -2.412292670838238280e+02 -6.107864204994269466e-07
