3.798113400606732779e-03 1.885274671052631311e+04 0.000000000000000000e+00 3.906851973684209952e+04 0.000000000000000000e+00 4.876769407894736651e+04
8.299341265228576958e-03 3.432470703125000000e+04 0.000000000000000000e+00 1.736556054687500000e+04 0.000000000000000000e+00 3.234724609375000000e+03
1.293222767532251419e-02 4.169654458598726342e+04 0.000000000000000000e+00 3.229260191082802703e+04 0.000000000000000000e+00 -1.324209474522293021e+04
1.764839556552980082e-02 3.920017465753424767e+04 0.000000000000000000e+00 2.714037157534246580e+04 0.000000000000000000e+00 8.498207191780820722e+03
2.256548662787912635e-02 3.435357655954631628e+04 0.000000000000000000e+00 1.996778260869565202e+04 0.000000000000000000e+00 -8.817645557655954690e+03
2.777643688250242340e-02 3.245959756097560967e+04 0.000000000000000000e+00 1.663426463414634054e+04 0.000000000000000000e+00 -2.037455792682926813e+03
3.269804980233311648e-02 2.836367399999999907e+04 0.000000000000000000e+00 2.099994800000000032e+04 0.000000000000000000e+00 4.348157000000000153e+03
3.761648458559932462e-02 2.436165340525960710e+04 0.000000000000000000e+00 1.481642076871207064e+04 0.000000000000000000e+00 9.565148347943357976e+02
4.263843696389812976e-02 2.152219642857142753e+04 0.000000000000000000e+00 1.161091629464285688e+04 0.000000000000000000e+00 2.509210379464285779e+03
4.756514582339458480e-02 1.950928914086349687e+04 0.000000000000000000e+00 7.866747492368076564e+03 0.000000000000000000e+00 -3.868062363715656375e+03
5.262096060748640974e-02 1.829927387640449524e+04 0.000000000000000000e+00 9.507122893258427212e+03 0.000000000000000000e+00 2.831211025280898866e+03
5.756031740041873956e-02 1.714275123762376097e+04 0.000000000000000000e+00 8.489055693069307381e+03 0.000000000000000000e+00 7.412233910891088726e+02
6.254738279606215923e-02 1.650105077262693158e+04 0.000000000000000000e+00 8.027603630120185699e+03 0.000000000000000000e+00 -6.912357431935245700e+01
6.757793472572401483e-02 1.517903163444639540e+04 0.000000000000000000e+00 7.498580843585236835e+03 0.000000000000000000e+00 1.552278558875219687e+03
7.255917516659465827e-02 1.393415510507718136e+04 0.000000000000000000e+00 7.521147108052818112e+03 0.000000000000000000e+00 8.159144504370467530e+02
7.753384299139773339e-02 1.311689588215600998e+04 0.000000000000000000e+00 6.138058921995313540e+03 0.000000000000000000e+00 7.203825744894543277e+02
8.251793356505521260e-02 1.211742545871559741e+04 0.000000000000000000e+00 5.385412844036697606e+03 0.000000000000000000e+00 3.297483156536697493e+02
8.752751931716111489e-02 1.120785382920824304e+04 0.000000000000000000e+00 5.461092652585201904e+03 0.000000000000000000e+00 5.201797330568874713e+02
9.254701955136974967e-02 1.017869735642661726e+04 0.000000000000000000e+00 4.665468550592525389e+03 0.000000000000000000e+00 1.114962055606198646e+03
9.754963178921903511e-02 9.466764367214487720e+03 0.000000000000000000e+00 4.470087721134722415e+03 0.000000000000000000e+00 8.865135559510101757e+02
1.025319613041059119e-01 8.678381238273921554e+03 0.000000000000000000e+00 4.297380112570356687e+03 0.000000000000000000e+00 1.011153553001876126e+01
1.075116003998943526e-01 8.204516884906961423e+03 0.000000000000000000e+00 3.681202618883528430e+03 0.000000000000000000e+00 1.300168418332184785e+02
1.125102861506304813e-01 7.903328437814022436e+03 0.000000000000000000e+00 3.638766019942800085e+03 0.000000000000000000e+00 3.471766541702094599e+01
1.175500852175193622e-01 7.645398378609017527e+03 0.000000000000000000e+00 3.645703598350163702e+03 0.000000000000000000e+00 1.954874839994311060e+02
1.225369446564099490e-01 7.189645283018868213e+03 0.000000000000000000e+00 3.040203376365442182e+03 0.000000000000000000e+00 3.760756372062231208e+02
1.275260957852891452e-01 7.033857870482657745e+03 0.000000000000000000e+00 2.926984234780499719e+03 0.000000000000000000e+00 1.202014082585495913e+02
1.325302087090364789e-01 6.761292407833454490e+03 0.000000000000000000e+00 2.828529936591661681e+03 0.000000000000000000e+00 -3.766252595252791480e+01
1.375062694904859717e-01 6.370887011615628580e+03 0.000000000000000000e+00 2.806006546990496190e+03 0.000000000000000000e+00 5.831630939809925849e+02
1.425134422753508989e-01 6.106729506623151792e+03 0.000000000000000000e+00 2.505454405836052956e+03 0.000000000000000000e+00 1.816168650412747070e+02
1.475259222195813014e-01 5.691689644175133253e+03 0.000000000000000000e+00 2.244287575743769594e+03 0.000000000000000000e+00 4.733241149938493777e+02
1.525299430011916868e-01 5.465766317213391631e+03 0.000000000000000000e+00 2.246473791004396389e+03 0.000000000000000000e+00 9.669259384511329358e+01
1.574945685492469272e-01 5.186402555910543015e+03 0.000000000000000000e+00 1.985779431390787295e+03 0.000000000000000000e+00 1.630827941116997408e+02
1.625189323163163113e-01 5.056064817518248674e+03 0.000000000000000000e+00 2.123529489051094970e+03 0.000000000000000000e+00 3.291594525547445755e+02
1.675461007718098694e-01 4.818463553530751597e+03 0.000000000000000000e+00 1.867895501138952113e+03 0.000000000000000000e+00 1.470927000284737858e+02
1.725292014006662711e-01 4.639179879355243429e+03 0.000000000000000000e+00 1.801954708771467267e+03 0.000000000000000000e+00 2.755593664502093247e+02
1.775301965061671094e-01 4.482778899545683998e+03 0.000000000000000000e+00 1.592233089348813792e+03 0.000000000000000000e+00 7.494544264260474620e+01
1.825147654490652804e-01 4.378622706726934666e+03 0.000000000000000000e+00 1.518387426511861577e+03 0.000000000000000000e+00 2.668985235900617425e+01
1.875360723572403465e-01 4.255794860335195153e+03 0.000000000000000000e+00 1.577885810055865932e+03 0.000000000000000000e+00 2.117291061452513929e+02
1.925323683450522461e-01 4.150350219556602497e+03 0.000000000000000000e+00 1.490923637142551115e+03 0.000000000000000000e+00 2.617905108707293493e+02
1.975198663583639380e-01 3.999660048058682150e+03 0.000000000000000000e+00 1.474099607942329385e+03 0.000000000000000000e+00 2.816591627671683113e+02
2.025153694923672032e-01 3.877759722088198487e+03 0.000000000000000000e+00 1.293639872623757583e+03 0.000000000000000000e+00 -4.107697231134807225e+00
2.075088499274508613e-01 3.747652201790744130e+03 0.000000000000000000e+00 1.239150060683780339e+03 0.000000000000000000e+00 6.173548169181799494e+01
2.125178062418619784e-01 3.649164950253098596e+03 0.000000000000000000e+00 1.222568685634491203e+03 0.000000000000000000e+00 2.470996247163554074e+02
2.175004174234404231e-01 3.528490867772073216e+03 0.000000000000000000e+00 1.102859018601127900e+03 0.000000000000000000e+00 3.285533625115731127e+01
2.225093171556767890e-01 3.445406040070132804e+03 0.000000000000000000e+00 1.074900967278028475e+03 0.000000000000000000e+00 9.777923996769173698e+01
2.275289586476768322e-01 3.371749885198224547e+03 0.000000000000000000e+00 1.081037042706260536e+03 0.000000000000000000e+00 1.542592032756773506e+02
2.325285406108919262e-01 3.307722991286631895e+03 0.000000000000000000e+00 1.023101304276645010e+03 0.000000000000000000e+00 9.239638549833554748e+01
2.375276552426477672e-01 3.182728493584109856e+03 0.000000000000000000e+00 9.793848479521884656e+02 0.000000000000000000e+00 1.757241342942520816e+02
2.424991024241769377e-01 3.125448044164570547e+03 0.000000000000000000e+00 9.325673188931845061e+02 0.000000000000000000e+00 -4.847626639710972185e+00
2.474998551644826128e-01 3.063546077489593245e+03 0.000000000000000000e+00 9.050634005763688492e+02 0.000000000000000000e+00 1.388101344860710924e+02
2.525200307756395035e-01 2.967310114444788269e+03 0.000000000000000000e+00 8.168694092174451953e+02 0.000000000000000000e+00 6.300304283946798733e+01
2.575182250600202005e-01 2.906454541390358372e+03 0.000000000000000000e+00 7.787977646971164631e+02 0.000000000000000000e+00 1.335341330750316615e+02
2.625255687975799335e-01 2.835814914132481135e+03 0.000000000000000000e+00 7.646233810692075394e+02 0.000000000000000000e+00 4.805356735322644823e+01
2.675305520911575030e-01 2.777164634567321627e+03 0.000000000000000000e+00 7.363142182516120329e+02 0.000000000000000000e+00 -2.054574639952499737e+01
2.725404586615198799e-01 2.731132807954725649e+03 0.000000000000000000e+00 6.996654678161527272e+02 0.000000000000000000e+00 1.276286296080816527e+02
2.775333197047151201e-01 2.688333341949492024e+03 0.000000000000000000e+00 6.367897226458500199e+02 0.000000000000000000e+00 5.046925000646211856e+01
2.825123907298719983e-01 2.621406089050824448e+03 0.000000000000000000e+00 6.200892237386525494e+02 0.000000000000000000e+00 4.538255110232816492e+01
2.875104651677040102e-01 2.585584370810189739e+03 0.000000000000000000e+00 6.374927217008236084e+02 0.000000000000000000e+00 7.079501651982378974e+01
2.924971317655564174e-01 2.504368331618675256e+03 0.000000000000000000e+00 6.012978996404998497e+02 0.000000000000000000e+00 -2.287169398559687394e+01
2.975058823671092867e-01 2.487430423585827157e+03 0.000000000000000000e+00 5.663552970428913795e+02 0.000000000000000000e+00 1.055647589024065383e+02
3.025121359101998753e-01 2.448020751372616814e+03 0.000000000000000000e+00 5.430491115818598473e+02 0.000000000000000000e+00 5.134758549133197647e+01
3.075010376196579687e-01 2.394910633850655813e+03 0.000000000000000000e+00 5.043575900088833350e+02 0.000000000000000000e+00 3.855300987615613906e+01
3.125134169243361515e-01 2.354479951739392618e+03 0.000000000000000000e+00 4.923716066760507033e+02 0.000000000000000000e+00 -2.147087019907500505e+01
3.175159688234982513e-01 2.300907074299299438e+03 0.000000000000000000e+00 4.620987710111895694e+02 0.000000000000000000e+00 3.229029334617009539e+01
3.225221380836135188e-01 2.262492580706060380e+03 0.000000000000000000e+00 4.425595997734566822e+02 0.000000000000000000e+00 3.438784040494619720e+00
3.275181733526948968e-01 2.231182080710847913e+03 0.000000000000000000e+00 4.229065531284709323e+02 0.000000000000000000e+00 -3.899751943724546521e+01
3.325123842131759710e-01 2.202803348248040948e+03 0.000000000000000000e+00 4.245026641878008036e+02 0.000000000000000000e+00 7.189221825880427730e+01
3.374959366892091861e-01 2.176952107346810408e+03 0.000000000000000000e+00 3.991116911326770378e+02 0.000000000000000000e+00 -6.019706561153348012e+00
3.424919221947719805e-01 2.142640942086357882e+03 0.000000000000000000e+00 3.992289959912992003e+02 0.000000000000000000e+00 2.553306969805565529e+01
3.475179778446125245e-01 2.105934459437383339e+03 0.000000000000000000e+00 3.782661482667363657e+02 0.000000000000000000e+00 1.988249624268958016e+01
3.525052850529177828e-01 2.080900015966788942e+03 0.000000000000000000e+00 3.336957688008941432e+02 0.000000000000000000e+00 -4.854043988503912033e+01
3.575133254796376558e-01 2.049170896214484401e+03 0.000000000000000000e+00 3.289289420637536523e+02 0.000000000000000000e+00 1.283672329483180263e+01
3.625250227669692404e-01 2.032764463183255430e+03 0.000000000000000000e+00 3.322456557747327111e+02 0.000000000000000000e+00 -6.707494635597048394e+00
3.675230446100045678e-01 1.998357529762555714e+03 0.000000000000000000e+00 3.139281907719674223e+02 0.000000000000000000e+00 4.221581589134570933e+00
3.725177060730277545e-01 1.983016295957459079e+03 0.000000000000000000e+00 2.937828921036079919e+02 0.000000000000000000e+00 -3.125506121705071916e+00
3.775163034622419089e-01 1.954495197247295209e+03 0.000000000000000000e+00 2.889531033436536518e+02 0.000000000000000000e+00 -1.106651795257238646e+01
3.825226892977953153e-01 1.934728000000000065e+03 0.000000000000000000e+00 2.820129999999999768e+02 0.000000000000000000e+00 5.085041891891891908e+01
3.875130067694269043e-01 1.919338250790305665e+03 0.000000000000000000e+00 2.719844046364594305e+02 0.000000000000000000e+00 2.093561643835616692e+01
3.924957861003909865e-01 1.894867956103369579e+03 0.000000000000000000e+00 2.675673671676375420e+02 0.000000000000000000e+00 5.239673671676375477e+01
3.975064703251052212e-01 1.883584907998265408e+03 0.000000000000000000e+00 2.780854965615513379e+02 0.000000000000000000e+00 4.077755095718976719e+01
