3.798113400606732779e-03 -6.907894736842104533e-02 2.705014837894736528e+08 1.661184210526315819e-01 3.635444412631579041e+08 -2.347861842105262997e-01 2.518065852631578743e+08 0.000000000000000000e+00 3.625373372631579041e+08 0.000000000000000000e+00 1.040951834947368383e+09
8.299341265228576958e-03 4.394531250000000000e-03 5.617674400000000000e+07 -7.080078125000000000e-03 5.204313200000000000e+07 2.557373046875000000e-02 1.836792160000000000e+08 0.000000000000000000e+00 1.409600000000000000e+08 0.000000000000000000e+00 8.245996800000000000e+07
1.293222767532251419e-02 -2.040207006369426732e-03 5.430525717197452486e+07 4.702428343949044409e-03 1.972067628025477752e+07 -1.016993431528662520e-02 1.789316989554140270e+08 0.000000000000000000e+00 1.444525232101911008e+08 0.000000000000000000e+00 -5.322485890445860475e+07
1.764839556552980082e-02 3.210616438356164205e-04 2.820741260273972526e+07 1.177226027397260209e-03 4.924970958904108964e+06 -2.595248287671232841e-03 1.051877909041095823e+08 0.000000000000000000e+00 9.799367890410958230e+07 0.000000000000000000e+00 1.614693873972602561e+07
2.256548662787912635e-02 -1.713137996219281757e-03 2.096035859357278049e+07 3.928402646502835750e-03 7.872470381852552295e+06 -6.224893667296786844e-03 8.368205429111531377e+07 0.000000000000000000e+00 8.095681282419660687e+07 0.000000000000000000e+00 6.990417784499054775e+06
2.777643688250242340e-02 -8.979611280487805264e-04 1.430640015609756112e+07 2.626000381097560923e-03 1.567356409756097477e+06 -4.231076124237805221e-03 6.534251894634146243e+07 0.000000000000000000e+00 5.970154770731707662e+07 0.000000000000000000e+00 1.389784163902438991e+07
3.269804980233311648e-02 1.835937500000000004e-04 9.825101824000000954e+06 3.710937499999999908e-05 1.965148160000000149e+06 -6.347656250000000556e-06 4.812400639999999851e+07 0.000000000000000000e+00 4.188869427199999988e+07 0.000000000000000000e+00 2.736389120000000112e+05
3.761648458559932462e-02 -2.357446898179366027e-04 6.380884412677005865e+06 2.205990812542144366e-04 1.648653809844909003e+06 -5.770147610418070901e-04 3.805718440997976810e+07 0.000000000000000000e+00 3.525038590964261442e+07 0.000000000000000000e+00 1.144688170465273038e+07
4.263843696389812976e-02 -4.991803850446428726e-04 4.435785142857142724e+06 1.405988420758928455e-04 1.164162000000000000e+06 -2.040045601981026538e-03 3.057201828571428359e+07 0.000000000000000000e+00 2.872983542857142538e+07 0.000000000000000000e+00 9.992761142857141793e+06
4.756514582339458480e-02 1.822803096380287821e-04 3.269718635848233942e+06 6.618308438726559686e-04 1.841786724814653280e+05 -4.137507495638901244e-04 2.470619492368076742e+07 0.000000000000000000e+00 1.762663315481901541e+07 0.000000000000000000e+00 -3.280804954208460404e+05
5.262096060748640974e-02 -4.519344715589887701e-04 2.448637662921348121e+06 1.020110055301966202e-03 1.463211348314606585e+05 -1.881888743196980266e-03 2.163341662921348214e+07 0.000000000000000000e+00 1.700576647191011161e+07 0.000000000000000000e+00 3.722200089887640439e+06
5.756031740041873956e-02 -1.474512685643564311e-04 2.034244435643564444e+06 -1.003152073019802058e-04 2.291218217821782164e+05 5.743952080754950989e-04 1.833960807920791954e+07 0.000000000000000000e+00 1.205108594059406035e+07 0.000000000000000000e+00 -1.274119762376237661e+06
6.254738279606215923e-02 6.898454746136865336e-05 1.690320090262447717e+06 -1.532989943585969894e-04 2.120819661515820189e+05 9.006315918567573060e-05 1.667459296541574597e+07 0.000000000000000000e+00 1.183746511650723405e+07 0.000000000000000000e+00 1.633582905077262549e+06
6.757793472572401483e-02 -7.379997803163444237e-05 1.328616042179261800e+06 5.174579855008787409e-04 1.533010896309314412e+05 -4.335748709358523472e-04 1.447854565905096568e+07 0.000000000000000000e+00 9.332480449912125245e+06 0.000000000000000000e+00 1.488008323374340776e+06
7.255917516659465827e-02 -8.935628603310395712e-05 1.031118390180398012e+06 1.601874883764180853e-04 1.201710515157150803e+05 -2.200307734331411738e-04 1.295885730779244937e+07 0.000000000000000000e+00 8.943877665612796322e+06 0.000000000000000000e+00 1.162233239352799021e+06
7.753384299139773339e-02 1.977972254770672984e-05 8.417190010043522343e+05 6.694046597756947068e-05 1.249674777368597279e+05 -8.766013401824574106e-06 1.157087500770003349e+07 0.000000000000000000e+00 7.267104824907935224e+06 0.000000000000000000e+00 1.995407641111483099e+06
8.251793356505521260e-02 8.959288990825688571e-06 6.190569541284403531e+05 -1.478282683486238614e-04 2.015462385321101101e+04 7.615395642201835285e-05 1.009797166972477175e+07 0.000000000000000000e+00 5.388145321100917645e+06 0.000000000000000000e+00 -4.034740917431192938e+05
8.752751931716111489e-02 -6.681676817416095098e-05 5.222168448879098287e+05 2.510690682907865774e-04 9.312740598678243987e+04 -1.923513023195542397e-04 9.052639821692368016e+06 0.000000000000000000e+00 5.190792807567708194e+06 0.000000000000000000e+00 6.160324022288453998e+05
9.254701955136974967e-02 -1.335317912488605193e-05 4.299793035551503999e+05 4.807144484958978965e-05 5.149035551504101750e+04 -5.741867023701002803e-05 7.929178311759343371e+06 0.000000000000000000e+00 4.109357739288969897e+06 0.000000000000000000e+00 4.437137793983591255e+05
9.754963178921903511e-02 6.133544436302732601e-05 3.470651464461425785e+05 -2.621067989113367311e-04 4.831963152936250117e+04 1.675479888516696425e-04 7.317917115879828110e+06 0.000000000000000000e+00 3.847228348790955730e+06 0.000000000000000000e+00 2.392050011514707294e+05
1.025319613041059119e-01 4.271315812617261128e-06 2.870659121951219277e+05 1.570538776676829308e-05 4.987897636022514052e+04 6.095356610210483342e-05 6.653046730206378736e+06 0.000000000000000000e+00 3.020901631519699935e+06 0.000000000000000000e+00 2.742813058161350782e+05
1.075116003998943526e-01 -5.504363656126162995e-05 2.355738552722260356e+05 1.275136830640775736e-04 3.243334803583735265e+04 -1.021486409855743363e-04 6.140808733287387528e+06 0.000000000000000000e+00 2.682923578221915755e+06 0.000000000000000000e+00 5.966631013094417722e+04
1.125102861506304813e-01 4.468771739970627135e-05 2.024307385019710928e+05 -1.636536677745999797e-04 3.727887701940171974e+04 1.625968636469042497e-04 5.622691945273247547e+06 0.000000000000000000e+00 2.455222249362294096e+06 0.000000000000000000e+00 3.750099417175543495e+05
1.175500852175193622e-01 1.777840989901863252e-05 1.483913685108803911e+05 -1.355603754800170700e-04 3.994835670601621678e+04 1.238932939837861008e-04 5.238626125444460660e+06 0.000000000000000000e+00 1.998209511022614315e+06 0.000000000000000000e+00 3.089811497653250117e+05
1.225369446564099490e-01 2.275736511089043393e-05 1.271367351208209293e+05 1.939548162859980172e-05 4.527766329030122870e+04 1.015030205230056315e-05 4.988168728235684335e+06 0.000000000000000000e+00 1.825124315392254386e+06 0.000000000000000000e+00 1.782920092684541596e+05
1.275260957852891452e-01 7.727468242178025062e-06 1.171166548629638564e+05 -1.656964598365874347e-04 1.980239243269463987e+04 6.054293724798387140e-05 4.671717983992238529e+06 0.000000000000000000e+00 1.600649717196216341e+06 0.000000000000000000e+00 1.816900237691001676e+05
1.325302087090364789e-01 -3.737251697435609266e-05 9.467097199932663352e+04 1.140354953425733707e-04 2.557188934403232270e+04 -6.618278207592166718e-05 4.440851895628752187e+06 0.000000000000000000e+00 1.540824021996520925e+06 0.000000000000000000e+00 5.496670220526344929e+04
1.375062694904859717e-01 7.414450237592396930e-05 7.478064118268215680e+04 -1.919610447465681187e-04 2.422078141499471894e+04 8.648043575105596452e-05 4.163863842872228008e+06 0.000000000000000000e+00 1.395565806969376979e+06 0.000000000000000000e+00 2.086685330517423281e+05
1.425134422753508989e-01 -1.551363925417546488e-05 5.686820810136302316e+04 2.378601788971011492e-05 1.274477020541370621e+04 -7.260594081457572718e-05 3.948277826838164590e+06 0.000000000000000000e+00 1.273222708389326232e+06 0.000000000000000000e+00 4.431602534075637959e+04
1.475259222195813014e-01 -8.542530411408265055e-06 4.435518994031618786e+04 2.651950472161255973e-15 2.532610251036493719e+04 -3.710661647455465245e-05 3.718911218552098144e+06 0.000000000000000000e+00 1.130040194268531632e+06 0.000000000000000000e+00 3.187248169848284451e+05
1.525299430011916868e-01 -1.498529707051065168e-05 4.674560973960094270e+04 5.199443983555968756e-05 2.677973080825160650e+04 -5.222665001743743610e-05 3.512110144064930733e+06 0.000000000000000000e+00 9.308251768684476847e+05 0.000000000000000000e+00 6.464788366587757628e+04
1.574945685492469272e-01 1.674535932381606939e-05 3.136197225704694938e+04 -7.061486431835644077e-05 1.642837060702875169e+04 1.962840467909572373e-05 3.358240280826626346e+06 0.000000000000000000e+00 9.095133462207303382e+05 0.000000000000000000e+00 1.493498637117321050e+04
1.625189323163163113e-01 2.109945255474452905e-05 2.786071357664233801e+04 -7.242244525547446386e-05 2.055261897810219307e+04 -2.722969890510949266e-05 3.161484743941606022e+06 0.000000000000000000e+00 7.458839918248176109e+05 0.000000000000000000e+00 2.314066779562043957e+05
1.675461007718098694e-01 -1.386846659666856462e-05 2.935926651480637520e+04 -2.400044156641514695e-05 2.352931207289293889e+04 1.203802017524736509e-04 3.029595845102505758e+06 0.000000000000000000e+00 7.055757266514806543e+05 0.000000000000000000e+00 3.648777448747152084e+04
1.725292014006662711e-01 -2.884266736987836692e-05 1.612371427629627397e+04 1.097051455318587884e-04 1.906313953258397305e+04 -1.358438128358110768e-04 2.919267549461054616e+06 0.000000000000000000e+00 6.772745518673567567e+05 0.000000000000000000e+00 1.745920675083231763e+05
1.775301965061671094e-01 7.656353522526501958e-06 1.211698233215547771e+04 -4.378910440197501108e-05 2.164045431600201846e+04 3.003039063978893083e-05 2.780384080767289270e+06 0.000000000000000000e+00 5.596469500252397265e+05 0.000000000000000000e+00 9.249292276627966203e+04
1.825147654490652804e-01 1.465608289757452155e-05 6.100741055865756607e+03 -3.433216269313717000e-05 2.103553452096073670e+04 5.485933391680699694e-05 2.692649823392123915e+06 0.000000000000000000e+00 5.547547907471416984e+05 0.000000000000000000e+00 1.294790506071080454e+05
1.875360723572403465e-01 -2.018592877094971971e-05 1.102778815642458176e+04 4.173577164804469446e-06 1.722218726256983427e+04 2.106565336941340830e-05 2.569645279106145259e+06 0.000000000000000000e+00 4.183814292737430078e+05 0.000000000000000000e+00 1.533859897206703899e+05
1.925323683450522461e-01 -1.072053724429688303e-06 1.366416729142122676e+03 -2.131033622951697634e-06 1.848137260362000598e+04 2.237258458451590477e-05 2.468374537431722973e+06 0.000000000000000000e+00 4.048923637142551015e+05 0.000000000000000000e+00 8.464914726357502514e+04
1.975198663583639380e-01 -1.393148476033893868e-05 1.966453016314657816e+03 3.808927216390539991e-05 2.244980457822182871e+04 -7.446180994688250275e-05 2.425053713418489788e+06 0.000000000000000000e+00 3.929166868850385654e+05 0.000000000000000000e+00 1.911656867079802614e+05
2.025153694923672032e-01 1.177943766283894740e-07 -4.575378751326836095e+02 1.778695087088681046e-06 1.483958236032037166e+04 1.467423446848161799e-05 2.324289290745923296e+06 0.000000000000000000e+00 3.253093258708868525e+05 0.000000000000000000e+00 8.674409804110779078e+04
2.075088499274508613e-01 -2.352569900844993090e-05 -4.935679956032883638e+03 2.696957509904051155e-05 1.749594595708626366e+04 -1.512286497572648883e-04 2.240353390093659051e+06 0.000000000000000000e+00 3.029647356248139404e+05 0.000000000000000000e+00 8.888476053951315407e+04
2.125178062418619784e-01 1.704595042764880458e-06 -2.137180659801012553e+03 -1.312538182928958001e-05 1.619912585093384587e+04 3.285606944929306917e-05 2.163427446325711440e+06 0.000000000000000000e+00 2.178986964566241950e+05 0.000000000000000000e+00 1.995081864199685806e+05
2.175004174234404231e-01 -1.183612490531100179e-05 -8.428937631512499138e+03 1.084978116320175164e-05 1.348946384984428914e+04 -3.805642938304856288e-05 2.097067708105378319e+06 0.000000000000000000e+00 1.866205309317397478e+05 0.000000000000000000e+00 5.233384125915326877e+04
2.225093171556767890e-01 1.015789681054352733e-05 -5.937630543133508581e+03 -2.154705384054687769e-05 1.305518299481885697e+04 2.370175922460156546e-05 2.032099344299757853e+06 0.000000000000000000e+00 1.612087289060499170e+05 0.000000000000000000e+00 8.582734240854199743e+04
2.275289586476768322e-01 1.236959235802847103e-05 -7.057410071942445938e+03 -5.140294346969233216e-05 1.596074697688657579e+04 5.979726275495561436e-05 1.978918950558701996e+06 0.000000000000000000e+00 1.579324855349762947e+05 0.000000000000000000e+00 1.215363134853819065e+05
2.325285406108919262e-01 -1.421152201990067941e-07 -8.708039801357030228e+03 3.197592454477652933e-06 1.126324792170702131e+04 -2.895597611554763571e-06 1.925669729649100685e+06 0.000000000000000000e+00 1.429142387717606907e+05 0.000000000000000000e+00 8.765391941498554661e+04
2.375276552426477672e-01 -1.373264194058709941e-06 -6.796207136579363578e+03 2.059896291088064912e-06 7.926351625944806074e+03 6.008030849006855357e-06 1.851629307365090586e+06 0.000000000000000000e+00 1.080864669361926499e+05 0.000000000000000000e+00 1.125436838811742055e+05
2.424991024241769377e-01 -3.693042729559535923e-06 -8.442961187176068051e+03 -3.791963516958452162e-06 1.523572873229449760e+04 8.235155550959769071e-06 1.794471616835210240e+06 0.000000000000000000e+00 8.769216835210102727e+04 0.000000000000000000e+00 8.104944527543768345e+04
2.474998551644826128e-01 -7.575160602785783079e-06 -1.137323035542747311e+04 1.904734655179314781e-05 1.454007351905219366e+04 -2.037143615664024909e-05 1.763465451424911851e+06 0.000000000000000000e+00 7.503126378482228029e+04 0.000000000000000000e+00 1.246421456292026851e+05
2.525200307756395035e-01 5.950597355397464362e-06 -8.392194494277760896e+03 -1.294330439993813874e-05 1.269415453139499004e+04 2.129150919231364241e-05 1.723407013176616281e+06 0.000000000000000000e+00 3.788766347046087321e+04 0.000000000000000000e+00 8.752886260439221223e+04
2.575182250600202005e-01 -5.697175470694248126e-06 -6.229496579986587676e+03 2.426103120517752106e-06 1.027525460099843440e+04 -2.328818534189947291e-05 1.683891022606363054e+06 0.000000000000000000e+00 4.632401734595037851e+04 0.000000000000000000e+00 8.344901870203412545e+04
2.625255687975799335e-01 -9.750581246077479611e-07 -6.859637359502481559e+03 7.563665166600102679e-06 1.289222707822217126e+04 2.211292532592571462e-06 1.648526657157528447e+06 0.000000000000000000e+00 1.121866834027500408e+04 0.000000000000000000e+00 8.797976698807554203e+04
2.675305520911575030e-01 -9.493102829289845989e-06 -7.235716932933816679e+03 9.007660070973887522e-06 9.662987255077947339e+03 -4.186943790475138217e-05 1.606996862015161198e+06 0.000000000000000000e+00 1.125715734386434815e+04 0.000000000000000000e+00 8.712754499385536474e+04
2.725404586615198799e-01 3.938376824721002974e-06 -8.844974665467816521e+03 -1.573413823253292225e-05 7.495463056011000845e+03 4.821283432558047268e-06 1.569496233141164528e+06 0.000000000000000000e+00 3.310242682604326546e+04 0.000000000000000000e+00 1.089893834029724385e+05
2.775333197047151201e-01 2.145625468503631710e-07 -7.416354641093907048e+03 -4.878142609274433400e-06 8.221949492077441391e+03 1.153273689320701912e-06 1.534259726729909191e+06 0.000000000000000000e+00 2.126185809186548431e+04 0.000000000000000000e+00 6.207654912502907973e+04
2.825123907298719983e-01 1.225452355956277437e-05 -7.419314913851664642e+03 -3.513526292225035888e-05 1.124526123633668976e+04 4.560166333446551422e-05 1.504194773741740268e+06 0.000000000000000000e+00 -1.536905872908046695e+04 0.000000000000000000e+00 1.005837074291360477e+05
2.875104651677040102e-01 -8.931403825895421772e-06 -7.482808657345335632e+03 1.484670531267956297e-05 1.175574257805018169e+04 -4.024392365267668957e-05 1.469900221413522260e+06 0.000000000000000000e+00 -1.922612986018004085e+04 0.000000000000000000e+00 7.262439532656579104e+04
2.924971317655564174e-01 -1.264319319377174665e-06 -6.344237755609242413e+03 7.044064779387115508e-06 1.000266386156353656e+04 1.050965434232276287e-05 1.445770435723450733e+06 0.000000000000000000e+00 -1.088168602110762913e+04 0.000000000000000000e+00 3.422569286432625086e+04
2.975058823671092867e-01 -5.691050001110025159e-07 -6.346500666015451316e+03 -1.192952481185063473e-05 9.459692744871681498e+03 1.205960595473314938e-07 1.420239987212503329e+06 0.000000000000000000e+00 -2.800398401562916115e+04 0.000000000000000000e+00 9.476392078856228909e+04
3.025121359101998753e-01 -1.044914697808136343e-06 -5.838806796074532031e+03 6.580851657407807651e-06 1.198337400025939132e+04 -2.765461739994487923e-05 1.386078891876702197e+06 0.000000000000000000e+00 -1.397598997016990143e+04 0.000000000000000000e+00 4.818849440145259723e+04
3.075010376196579687e-01 3.939521607357475288e-06 -6.042791910957830623e+03 -1.564582026963474100e-05 8.191983278465800140e+03 1.511255601060772352e-05 1.358841632439776557e+06 0.000000000000000000e+00 -3.488596022365052340e+04 0.000000000000000000e+00 5.722589513507864467e+04
3.125134169243361515e-01 -1.523792444041574576e-05 -5.231804383671827964e+03 1.906627576019882494e-05 9.731991473959380528e+03 -2.432362356824508505e-05 1.336164124673235463e+06 0.000000000000000000e+00 -5.189741854011663236e+04 0.000000000000000000e+00 5.031281817816207331e+04
3.175159688234982513e-01 -1.442907526205656644e-05 -4.528384316884596956e+03 1.005430244324154340e-05 9.274483441561631480e+03 -4.238540858229116414e-05 1.319411128449470038e+06 0.000000000000000000e+00 -3.802553545991295687e+04 0.000000000000000000e+00 5.298822001945161901e+04
3.225221380836135188e-01 4.535291202567491396e-06 -3.917205059467623414e+03 8.867784831036436567e-06 8.686886615065131991e+03 1.995712490560694731e-06 1.296322447876156308e+06 0.000000000000000000e+00 -3.972319667736454721e+04 0.000000000000000000e+00 5.337311474419483420e+04
3.275181733526948968e-01 -9.711165641776194802e-07 -4.378481451314328297e+03 6.043350462646936345e-06 7.806513735653461481e+03 1.820419859506606286e-06 1.276413232432432473e+06 0.000000000000000000e+00 -5.602747189929655724e+04 0.000000000000000000e+00 4.285911529063309717e+04
3.325123842131759710e-01 3.539938076536466869e-06 -4.315230614586762385e+03 -8.606610182401239279e-06 9.145482551571381919e+03 5.736111315737388433e-06 1.261760235124580795e+06 0.000000000000000000e+00 -5.207892187124723569e+04 0.000000000000000000e+00 8.404478838609819650e+04
3.374959366892091861e-01 -7.398719147426690402e-07 -4.086751357600813208e+03 3.332631153544652079e-05 7.036840135935255603e+03 3.729831177138440517e-06 1.238114622289177729e+06 0.000000000000000000e+00 -6.921793168202361267e+04 0.000000000000000000e+00 6.299595585607679823e+04
3.424919221947719805e-01 9.278194251139687972e-07 -3.266738651043012396e+03 8.488733863104117557e-06 7.166699080749069253e+03 -4.649270584178550014e-06 1.220091515322237974e+06 0.000000000000000000e+00 -7.448745094967038312e+04 0.000000000000000000e+00 6.737768775471084518e+04
3.475179778446125245e-01 -1.954273634299343074e-06 -2.651621132420687900e+03 -1.036562688886529120e-05 6.534864312085470374e+03 -1.015125503612327258e-05 1.203655375044924207e+06 0.000000000000000000e+00 -6.801263083608324814e+04 0.000000000000000000e+00 6.183233064331688365e+04
3.525052850529177828e-01 -7.478585167850869945e-06 -3.217644962478045727e+03 4.850263015427910193e-06 6.422537953057640152e+03 -3.475169109190383716e-05 1.190352797573048156e+06 0.000000000000000000e+00 -7.813384052371067810e+04 0.000000000000000000e+00 5.900656937569854927e+04
3.575133254796376558e-01 1.541889576994121379e-06 -2.703146599627503747e+03 4.528365019812832272e-06 6.539137984686251912e+03 -5.274983880517509466e-06 1.176243137800737284e+06 0.000000000000000000e+00 -6.588691372029033664e+04 0.000000000000000000e+00 7.014665671298603411e+04
3.625250227669692404e-01 -3.459823004112708651e-06 -1.419045565426893518e+03 7.826074601081350738e-06 6.266183044722180057e+03 -4.059685728776492222e-06 1.161686660683631897e+06 0.000000000000000000e+00 -7.542355958439993265e+04 0.000000000000000000e+00 5.104749862972443952e+04
3.675230446100045678e-01 7.076444333082616534e-06 -2.525721934256282566e+03 -9.945191565233569214e-06 5.602551946868461528e+03 1.789557489626341773e-05 1.150067599297217326e+06 0.000000000000000000e+00 -7.700919105628822581e+04 0.000000000000000000e+00 4.178992606201109447e+04
3.725177060730277545e-01 -2.114889627051289570e-06 -2.323636800274458437e+03 1.363510523579107006e-05 5.280649093716050629e+03 -4.771588849151609448e-06 1.127488698953628074e+06 0.000000000000000000e+00 -6.268452535879696370e+04 0.000000000000000000e+00 5.716659751844016864e+04
3.775163034622419089e-01 -2.686841474682976791e-06 -1.932805869494762874e+03 -3.989858580826225376e-06 6.603039504623468019e+03 -1.441147020302232060e-05 1.123918042214575922e+06 0.000000000000000000e+00 -7.974780325608015119e+04 0.000000000000000000e+00 5.197158877679784200e+04
3.825226892977953153e-01 4.731049408783783911e-06 -2.173437189189189212e+03 -1.137893264358108107e-05 4.324494270270270135e+03 1.212042731207770257e-05 1.108729523891891818e+06 0.000000000000000000e+00 -7.820371027027026867e+04 0.000000000000000000e+00 7.818617772972972307e+04
3.875130067694269043e-01 -5.055177324815595969e-06 -1.218517702845100075e+03 7.955794339436249101e-06 3.445179978925184514e+03 -1.715126479764884047e-05 1.096929841095890384e+06 0.000000000000000000e+00 -6.459714899894626433e+04 0.000000000000000000e+00 5.234469968387777044e+04
3.924957861003909865e-01 -1.244549126251086205e-06 -1.186170270009332853e+03 1.194264313069224168e-07 5.507600296076980158e+03 -2.358672018311717758e-06 1.090881657207221724e+06 0.000000000000000000e+00 -7.901775601969556010e+04 0.000000000000000000e+00 7.376855399864834908e+04
3.975064703251052212e-01 2.689313123412428056e-06 -6.210976271606468799e+02 -1.124883110169754163e-05 4.005802465770398612e+03 1.278520332054240790e-05 1.079371342444706010e+06 0.000000000000000000e+00 -7.349142878384239157e+04 0.000000000000000000e+00 6.111323481816492858e+04
