3.798113400606732779e-03 -1.315789473684210453e-02 8.742284126315788925e+07 4.605263157894736586e-02 -1.028937094736842066e+07 -2.796052631578947040e-02 1.495928320000000000e+08 0.000000000000000000e+00 1.175542703157894611e+08 0.000000000000000000e+00 2.236963031578947306e+08
8.299341265228576958e-03 2.441406250000000000e-03 4.570740800000000000e+07 -3.662109375000000000e-03 3.782074000000000000e+06 7.873535156250000000e-03 1.123165520000000000e+08 0.000000000000000000e+00 7.542151500000000000e+06 0.000000000000000000e+00 2.688972400000000000e+07
1.293222767532251419e-02 1.990445859872611565e-04 2.851007755414012820e+07 -1.691878980891719803e-03 -9.447731363057324663e+06 5.548367834394904961e-03 8.751411200000000000e+07 0.000000000000000000e+00 1.619465783439490572e+07 0.000000000000000000e+00 -1.889967775796178356e+07
1.764839556552980082e-02 -2.140410958904109470e-04 2.659486334246575087e+07 2.140410958904109470e-04 8.404709698630137369e+06 1.337756849315068419e-04 7.599862180821917951e+07 0.000000000000000000e+00 5.351878487671232224e+07 0.000000000000000000e+00 3.547092865753424168e+07
2.256548662787912635e-02 -1.329158790170132276e-04 1.984567168241966143e+07 -7.015004725897920363e-04 5.540779795841209590e+06 1.199935018903591755e-04 6.154526487712665647e+07 0.000000000000000000e+00 4.873977515311909467e+07 0.000000000000000000e+00 6.195105633270321414e+06
2.777643688250242340e-02 1.905487804878048779e-05 1.291406485853658617e+07 9.051067073170732157e-04 4.538483512195121497e+06 -4.787538109756097476e-04 4.767572167804878205e+07 0.000000000000000000e+00 4.012573221463414282e+07 0.000000000000000000e+00 2.075997908292682841e+07
3.269804980233311648e-02 2.812500000000000330e-04 8.389752320000000298e+06 -6.406250000000000269e-04 1.885847679999999935e+06 1.152343749999999939e-03 3.689788620800000429e+07 0.000000000000000000e+00 3.132035276799999923e+07 0.000000000000000000e+00 8.370791935999999754e+06
3.761648458559932462e-02 -6.321645313553607805e-05 6.357151503708698787e+06 4.214430209035738311e-05 1.206333799055967713e+06 -1.032535401213755802e-03 3.035203944436952099e+07 0.000000000000000000e+00 2.308177339986513928e+07 0.000000000000000000e+00 5.273323112609575503e+06
4.263843696389812976e-02 -1.940046037946428455e-04 3.979644571428571362e+06 7.029942103794642547e-04 6.378996875000000000e+04 -9.664808000837052642e-04 2.474373714285714179e+07 0.000000000000000000e+00 1.819528571428571269e+07 0.000000000000000000e+00 6.182215428571428172e+06
4.756514582339458480e-02 2.316833842128216304e-04 2.990326063672045246e+06 -5.860226777147840935e-04 3.736199424334932701e+05 8.824411251635411830e-04 1.992059322110772133e+07 0.000000000000000000e+00 1.560187299781945162e+07 0.000000000000000000e+00 7.676553545573484153e+05
5.262096060748640974e-02 -9.052405196629213910e-05 2.270234966292134952e+06 4.238171523876404275e-04 2.587194382022471982e+05 3.137481346558988770e-04 1.715589752808988839e+07 0.000000000000000000e+00 1.091411487640449405e+07 0.000000000000000000e+00 5.004513438202247024e+06
5.756031740041873956e-02 -1.006173615408415787e-04 1.877104316831683274e+06 2.612123394956683184e-04 2.275675445544554386e+05 -3.468352969330136407e-04 1.467416459405940585e+07 0.000000000000000000e+00 1.027245687128712796e+07 0.000000000000000000e+00 2.148756118811881170e+06
6.254738279606215923e-02 -2.970168015697816907e-05 1.552649732646553777e+06 -1.403643917095903821e-04 2.604151052244297171e+05 -3.533062760608290308e-05 1.304889152612214722e+07 0.000000000000000000e+00 8.422715212165808305e+06 0.000000000000000000e+00 1.391602688251164975e+06
6.757793472572401483e-02 -1.717351232974516568e-04 1.246051880492091412e+06 5.391796360116431815e-04 1.146181019332161668e+05 -3.200189090990223913e-04 1.130998821792618558e+07 0.000000000000000000e+00 6.377868822495605797e+06 0.000000000000000000e+00 4.324424323374340893e+05
7.255917516659465827e-02 3.559721963920401896e-05 9.326338523340153042e+05 -3.232808722335875026e-05 7.971177980286405364e+04 -4.295276757485586678e-05 1.000536935837827809e+07 0.000000000000000000e+00 5.165717972103403881e+06 0.000000000000000000e+00 4.591722075506788096e+05
7.753384299139773339e-02 9.101124403665885481e-05 7.845031295614328701e+05 -2.746071191308168736e-04 1.039042999665216048e+05 2.713632855001883205e-04 8.932578603280885145e+06 0.000000000000000000e+00 4.553206229661867954e+06 0.000000000000000000e+00 8.750254837629729882e+05
8.251793356505521260e-02 -5.417570061639908642e-05 6.298732477064220002e+05 1.984342522577408371e-04 6.605620642201835290e+04 -2.552872404046014829e-04 8.077707743119266815e+06 0.000000000000000000e+00 4.430186275229358114e+06 0.000000000000000000e+00 7.590766972477064701e+05
8.752751931716111489e-02 -1.133860308410003959e-04 5.118392079823766253e+05 1.295840352468575953e-04 5.487589477776338026e+04 -4.009006090449657059e-04 7.220015537644162774e+06 0.000000000000000000e+00 3.777433958273940720e+06 0.000000000000000000e+00 6.563507601399507839e+05
9.254701955136974967e-02 -3.382805378304466352e-05 3.693439124886053032e+05 6.053441203281677415e-05 3.678816773017319792e+04 -4.362038514129443900e-05 6.303809808568824083e+06 0.000000000000000000e+00 2.681505721057429444e+06 0.000000000000000000e+00 2.366049954421148577e+05
9.754963178921903511e-02 -2.289856589553020035e-05 3.426060889772846131e+05 2.453417774521092701e-05 3.740972846226316324e+04 -8.873194284517952213e-05 5.705475456924526021e+06 0.000000000000000000e+00 2.357130303778917529e+06 0.000000000000000000e+00 -1.159040066994661320e+05
1.025319613041059119e-01 6.321089352720450488e-06 2.562076577861163241e+05 -8.909071587711069929e-05 4.721490731707317173e+04 1.766927694066604081e-05 5.185645508442776278e+06 0.000000000000000000e+00 1.853543936960600317e+06 0.000000000000000000e+00 1.000240225140712937e+04
1.075116003998943526e-01 -3.062273862853204834e-05 2.206853204686423123e+05 6.545189739834596232e-05 1.513032391454169556e+04 -1.221123767014128058e-04 4.752674403859407641e+06 0.000000000000000000e+00 1.790573210199862253e+06 0.000000000000000000e+00 2.970961405926947009e+03
1.125102861506304813e-01 4.649938161861327969e-05 1.941254114555151900e+05 -1.548972907165494439e-04 4.999094565973564750e+04 1.158710240009275770e-04 4.430047685862256214e+06 0.000000000000000000e+00 1.629629234598438721e+06 0.000000000000000000e+00 4.564063458297905745e+05
1.175500852175193622e-01 1.302129631275778735e-05 1.509795955056179955e+05 8.003756800241785895e-06 2.419723168823780361e+04 6.186417878191225080e-05 4.161696787370217964e+06 0.000000000000000000e+00 1.254111340065424563e+06 0.000000000000000000e+00 9.077915289432513237e+04
1.225369446564099490e-01 -2.211084905660377545e-05 1.343928648791790765e+05 1.027960526315789620e-05 4.233215915259847679e+04 -5.147884082257530653e-05 3.927456040251572616e+06 0.000000000000000000e+00 1.379410909764978569e+06 0.000000000000000000e+00 2.515430069513406197e+05
1.275260957852891452e-01 -2.285672598835799158e-05 1.066904215377152577e+05 1.074739835981081666e-05 2.637827795294688258e+04 4.093189595713072669e-06 3.641718531166626140e+06 0.000000000000000000e+00 1.094442159592529759e+06 0.000000000000000000e+00 -1.281129856900315281e+04
1.325302087090364789e-01 -1.359000617249312506e-05 8.345162583468940284e+04 2.871436788059031277e-05 1.296349699792379761e+04 -7.611499424835867526e-05 3.454958646989506669e+06 0.000000000000000000e+00 8.582427221816957463e+05 0.000000000000000000e+00 8.506397620784468018e+04
1.375062694904859717e-01 7.218519007391763352e-06 7.089695628299894452e+04 3.970185454065470055e-05 2.205071847940865700e+04 -6.514713404171066508e-05 3.269569716578669380e+06 0.000000000000000000e+00 8.635881292502640281e+05 0.000000000000000000e+00 1.905489638859556580e+05
1.425134422753508989e-01 -1.898780393609617763e-05 6.948594509502784058e+04 -5.023771019809464584e-06 2.493324476866961049e+04 -1.118902190675843456e-04 3.089700122096371371e+06 0.000000000000000000e+00 6.644289068919178098e+05 0.000000000000000000e+00 5.921502015741985088e+04
1.475259222195813014e-01 1.352567315139641868e-05 5.800407854571962525e+04 -3.381418287849104925e-05 2.310466627181192598e+04 -3.701763178276914801e-05 2.891877145017996430e+06 0.000000000000000000e+00 7.187451287985785166e+05 0.000000000000000000e+00 7.818018278737072251e+04
1.525299430011916868e-01 2.097115953669259240e-05 4.573161988501859742e+04 -4.185975545316198863e-05 1.648903212715590053e+04 2.355127266866756752e-05 2.705509638146770187e+06 0.000000000000000000e+00 5.622466012850862462e+05 0.000000000000000000e+00 -2.845599594183293902e+03
1.574945685492469272e-01 1.915447941521413811e-05 3.616452169693047472e+04 -5.120367538520645141e-05 1.359488300238605552e+04 7.400639198800905080e-05 2.613097922109434847e+06 0.000000000000000000e+00 4.608623253932947409e+05 0.000000000000000000e+00 4.265051935131636856e+04
1.625189323163163113e-01 7.099235144844890955e-06 2.880587211678832318e+04 6.978612746635493426e-05 2.236597255474452686e+04 -4.368663704308280350e-05 2.492594489927007351e+06 0.000000000000000000e+00 4.361436870072993333e+05 0.000000000000000000e+00 1.220637804379562149e+05
1.675461007718098694e-01 7.160160699031890282e-06 3.077052619589976894e+04 -2.902298147423120709e-05 1.830376309794988629e+04 6.170424893668137196e-05 2.345656273348519113e+06 0.000000000000000000e+00 3.611239362186787766e+05 0.000000000000000000e+00 3.342309339407744847e+04
1.725292014006662711e-01 1.480761940864291283e-05 2.307074160266341642e+04 -5.272800128555889281e-05 1.346128410851435729e+04 2.293571484490885927e-05 2.235311293799650855e+06 0.000000000000000000e+00 3.268237581830768031e+05 0.000000000000000000e+00 8.490811246992122324e+04
1.775301965061671094e-01 -9.489564929328621573e-06 1.304082180716809671e+04 -7.696406880994446757e-05 1.498596466431095359e+04 1.009036530634780372e-05 2.159190582534073852e+06 0.000000000000000000e+00 3.330677597173145041e+05 0.000000000000000000e+00 1.144002746087834385e+05
1.825147654490652804e-01 -2.319584773553133017e-05 1.157140193211025507e+04 5.545077033294927723e-05 1.298272398002895170e+04 -2.375843359478861894e-05 2.077536602203905582e+06 0.000000000000000000e+00 2.719143074241484283e+05 0.000000000000000000e+00 9.637139625985996099e+04
1.875360723572403465e-01 -1.009296438547486112e-06 8.706778100558658480e+03 6.683179120111731995e-07 1.532965005586592270e+04 -1.412674035439944152e-05 1.990483922234636964e+06 0.000000000000000000e+00 1.731249197765363206e+05 0.000000000000000000e+00 8.971981229050279944e+04
1.925323683450522461e-01 9.988402993466852483e-06 2.957766306094034462e+03 -2.444805444735996465e-05 1.130747777658776795e+04 -1.887206769773481648e-05 1.917133743172324961e+06 0.000000000000000000e+00 1.935935362536146422e+05 0.000000000000000000e+00 6.777011202741779562e+04
1.975198663583639380e-01 -1.140578561717465390e-05 4.462603768812444287e+03 1.270568700992791099e-05 1.547399074238016874e+04 -2.051204258291703341e-05 1.848914197141773067e+06 0.000000000000000000e+00 1.490173053749841929e+05 0.000000000000000000e+00 7.739129621854053403e+04
2.025153694923672032e-01 -1.583450907827125539e-05 -7.639905432789732913e+02 1.772363639344904965e-05 1.456830956286789660e+04 -5.966101122514444764e-05 1.790173538936601486e+06 0.000000000000000000e+00 1.218569263726720092e+05 0.000000000000000000e+00 6.809314677217022108e+04
2.075088499274508613e-01 -4.651469005472990362e-06 1.369025716183104805e+03 8.587327394719366432e-06 1.604252792598868837e+04 -1.234428312990908893e-05 1.720640033708122559e+06 0.000000000000000000e+00 9.695630236552245333e+04 0.000000000000000000e+00 6.917720414939659531e+04
2.125178062418619784e-01 4.176257854773957661e-06 -3.320670972246465681e+03 3.877953722290103300e-06 1.495071949729446715e+04 -2.016749009971199240e-05 1.667369601675685262e+06 0.000000000000000000e+00 7.250881619828940893e+04 0.000000000000000000e+00 9.224641508116600744e+04
2.175004174234404231e-01 6.657820259237438505e-06 -2.398179614510563169e+03 1.015112101254103179e-05 1.239111455264708457e+04 3.426517062431613336e-05 1.605572357882333221e+06 0.000000000000000000e+00 6.929394899419241119e+04 0.000000000000000000e+00 6.890328019526976277e+04
2.225093171556767890e-01 2.385566675203404376e-06 -2.895753511554145916e+03 5.896582144756801948e-06 1.306400362483008576e+04 1.747571877893461400e-05 1.563299915446898201e+06 0.000000000000000000e+00 5.271156044995173579e+04 0.000000000000000000e+00 1.008783328933630110e+05
2.275289586476768322e-01 -4.951573980177560346e-06 -3.888533292514924597e+03 -6.380990619738252252e-06 1.201870381141895086e+04 -2.558702497775715794e-05 1.503262721567427041e+06 0.000000000000000000e+00 2.059533568039185775e+04 0.000000000000000000e+00 9.306731486300322285e+04
2.325285406108919262e-01 7.283405035199097805e-06 -4.204217488585305546e+03 4.529922643843341266e-06 1.310460218652793264e+04 8.806702551707202566e-06 1.454032090517163044e+06 0.000000000000000000e+00 5.349873428774125387e+03 0.000000000000000000e+00 7.781891939679479401e+04
2.375276552426477672e-01 7.424209549129899931e-07 -4.136589207242046541e+03 7.138828083802074624e-06 9.328331868518193005e+03 2.775656609108586908e-05 1.420662284689752152e+06 0.000000000000000000e+00 -1.276659940235542308e+04 0.000000000000000000e+00 1.030026102302689396e+05
2.424991024241769377e-01 -3.693042729559535923e-06 -3.197437914675940647e+03 1.396431782114699624e-05 1.261007776070771433e+04 -1.771094264388094636e-05 1.383121828980467049e+06 0.000000000000000000e+00 -6.891802069792176553e+03 0.000000000000000000e+00 6.901637344048082014e+04
2.474998551644826128e-01 2.419517241034262112e-06 -5.739989497278257659e+03 -9.801194639569323877e-06 8.407075760486712170e+03 1.191827222547430312e-05 1.346274014473262941e+06 0.000000000000000000e+00 -2.611913365353826521e+04 0.000000000000000000e+00 7.697922459173871903e+04
2.525200307756395035e-01 -2.084219378286421311e-06 -6.353634147850294539e+03 2.914886521806371928e-06 1.253068431797092489e+04 5.229427244432415829e-06 1.320210481410454726e+06 0.000000000000000000e+00 -5.148177420352613990e+04 0.000000000000000000e+00 8.414784138570987852e+04
2.575182250600202005e-01 -1.775435884062290505e-06 -6.152349899411369734e+03 -1.477104444527233367e-05 1.039255471276358003e+04 1.441086380485805872e-05 1.289712564846136607e+06 0.000000000000000000e+00 -5.629481391848595376e+04 0.000000000000000000e+00 6.690806539006035018e+04
2.625255687975799335e-01 1.716798769398641977e-05 -5.311752153819820705e+03 -4.102557059287100134e-05 1.132803377645917681e+04 5.517000751296214435e-05 1.248780473555086413e+06 0.000000000000000000e+00 -8.289192948023049394e+04 0.000000000000000000e+00 9.868592594283106155e+04
2.675305520911575030e-01 5.090406701785393575e-06 -6.132877922149652477e+03 -1.623199223118984810e-05 7.901640905262285742e+03 9.332131359084381336e-06 1.218574959638778819e+06 0.000000000000000000e+00 -6.287611118322033144e+04 0.000000000000000000e+00 8.252763988345921098e+04
2.725404586615198799e-01 3.972272690835404770e-06 -5.583836674247632800e+03 -6.521726049297217622e-06 6.872982493256465204e+03 5.168110776907196674e-06 1.188031617496165447e+06 0.000000000000000000e+00 -6.271681133971544477e+04 0.000000000000000000e+00 8.972184608875020058e+04
2.775333197047151201e-01 4.644648072996096628e-06 -5.820169462610178925e+03 -1.746791557887662452e-05 1.074668803474035121e+04 -1.456501053325406359e-05 1.157330003773877397e+06 0.000000000000000000e+00 -5.987988688706800895e+04 0.000000000000000000e+00 6.989976539922971278e+04
2.825123907298719983e-01 -7.321354134502563035e-06 -5.985025628357932874e+03 2.236209318841474885e-05 9.451513518186871806e+03 -2.977692424967578710e-05 1.147561342901253607e+06 0.000000000000000000e+00 -6.302961249922806019e+04 0.000000000000000000e+00 8.843402615945161961e+04
2.875104651677040102e-01 -2.671237924367937000e-06 -6.188810572687224521e+03 8.782352256811434271e-06 8.541635701972802053e+03 -1.905741213930221622e-05 1.118295376364681171e+06 0.000000000000000000e+00 -7.040577973568282323e+04 0.000000000000000000e+00 9.032658571154950187e+04
2.924971317655564174e-01 1.061125143048700090e-06 -5.503629726386850052e+03 1.378333829428151905e-05 9.783799974569119513e+03 2.271823777005860369e-06 1.090436742165555013e+06 0.000000000000000000e+00 -6.778116163636153215e+04 0.000000000000000000e+00 4.732687734224184533e+04
2.975058823671092867e-01 7.284544001420832373e-06 -5.385741941213035716e+03 5.463408001065624492e-06 1.006569008080987442e+04 -1.302979447873190575e-05 1.073610667613888625e+06 0.000000000000000000e+00 -8.456396554480063787e+04 0.000000000000000000e+00 5.254647224935618578e+04
3.025121359101998753e-01 -1.672918985884743329e-06 -4.005655440750507751e+03 -7.807834825288574419e-06 7.944733561022005233e+03 1.609656789218202671e-05 1.056388521032380871e+06 0.000000000000000000e+00 -8.853944991569755075e+04 0.000000000000000000e+00 6.154320349314772466e+04
3.075010376196579687e-01 6.123608716099702581e-08 -4.165846182787270664e+03 -1.020601452683283764e-08 8.983914469352563174e+03 -9.718677333176570427e-06 1.045385242326383479e+06 0.000000000000000000e+00 -9.134061806970789621e+04 0.000000000000000000e+00 7.103903817735277698e+04
3.125134169243361515e-01 -7.172520674140358200e-06 -4.063268369193645867e+03 1.239604017946913401e-06 8.170873436557410059e+03 -4.422686216506635814e-06 1.022231216569475248e+06 0.000000000000000000e+00 -9.691040868690931529e+04 0.000000000000000000e+00 6.332350211140156898e+04
3.175159688234982513e-01 1.496632806436718319e-06 -3.052250041752217840e+03 2.321699609985165706e-06 7.839951272705838164e+03 -2.719842311697497804e-06 1.007236462791405967e+06 0.000000000000000000e+00 -9.479630882887485495e+04 0.000000000000000000e+00 4.637276615810827934e+04
3.225221380836135188e-01 2.009539597885595764e-06 -3.540233943741740859e+03 -1.613162521238436982e-06 7.468181989805550984e+03 -1.159172497404191127e-06 9.865208653955069603e+05 0.000000000000000000e+00 -9.118984844251463073e+04 0.000000000000000000e+00 6.854216590522938350e+04
3.275181733526948968e-01 -3.525170075897815551e-07 -3.517368085894113392e+03 1.389730510690485015e-05 7.071510699740836571e+03 -1.806988622558774674e-05 9.650248790818215348e+05 0.000000000000000000e+00 -9.540016764161421452e+04 0.000000000000000000e+00 6.002654068863383873e+04
3.325123842131759710e-01 4.091560328953805696e-06 -3.427372870651236099e+03 -1.508925751888059657e-05 6.914785059199231910e+03 1.278069667510251999e-05 9.586282524529208895e+05 0.000000000000000000e+00 -9.518080774260121689e+04 0.000000000000000000e+00 7.424420377700882091e+04
3.374959366892091861e-01 7.424379445047822943e-06 -3.026712258697404195e+03 -7.338845119644046395e-06 6.865685597169183893e+03 1.965151126151771236e-05 9.441994643870651489e+05 0.000000000000000000e+00 -9.289220502399888937e+04 0.000000000000000000e+00 6.062086816382300458e+04
3.424919221947719805e-01 -4.460044254056621915e-06 -2.915853953279050529e+03 -3.695000166681945967e-06 6.017084899449116165e+03 4.089730360699731387e-06 9.257596303661169950e+05 0.000000000000000000e+00 -1.031943384143546573e+05 0.000000000000000000e+00 6.536146026719116344e+04
3.475179778446125245e-01 -4.524243171241464351e-06 -2.486338680693958850e+03 3.242249637924943480e-06 5.856290129708890163e+03 -1.549166918276073264e-05 9.127437566569738556e+05 0.000000000000000000e+00 -1.089632755905511731e+05 0.000000000000000000e+00 6.772796706635736336e+04
3.525052850529177828e-01 9.979243174197668917e-07 -2.660278588535845302e+03 -4.740140507743892524e-06 6.500003193357815690e+03 2.516640387992974691e-05 9.034560214593645651e+05 0.000000000000000000e+00 -9.553609350151685067e+04 0.000000000000000000e+00 5.952262826121666876e+04
3.575133254796376558e-01 -3.963255004943627383e-06 -1.697501145848502802e+03 7.273452409922511585e-06 5.690289244353151844e+03 -1.813638258813261281e-05 8.928471291857961332e+05 0.000000000000000000e+00 -9.852162285871956556e+04 0.000000000000000000e+00 8.116713384583547304e+04
3.625250227669692404e-01 -4.108223888533352981e-07 -1.942941123324800401e+03 5.026830102535385830e-06 5.393102484565577470e+03 -6.445063433182596741e-06 8.810465161270892713e+05 0.000000000000000000e+00 -1.072426750188224541e+05 0.000000000000000000e+00 6.194848438488179090e+04
3.675230446100045678e-01 -1.495076329199746346e-06 -1.396960421086396991e+03 4.442512521050674832e-06 5.827835735479590767e+03 -7.382829301810176162e-06 8.689878595892657759e+05 0.000000000000000000e+00 -1.023688027469763620e+05 0.000000000000000000e+00 7.077902721460387693e+04
3.725177060730277545e-01 -3.385219370032591993e-07 -1.878623591972096847e+03 -2.671531368824689945e-06 5.865396077534450342e+03 8.447780038747570571e-06 8.565487444679513574e+05 0.000000000000000000e+00 -9.406283721196181432e+04 0.000000000000000000e+00 5.621142432386071596e+04
3.775163034622419089e-01 -1.602677370863530175e-06 -1.004556526296191578e+03 1.247125416319015825e-05 5.056199033243461599e+03 -1.465978418642817329e-05 8.540680116672758013e+05 0.000000000000000000e+00 -9.742705335089401342e+04 0.000000000000000000e+00 5.091399937940022210e+04
3.825226892977953153e-01 2.791121199324324445e-06 -7.760964864864864694e+02 -8.017050253378378230e-07 4.130828540540540416e+03 1.017390070734797239e-05 8.459256250810810598e+05 0.000000000000000000e+00 -1.009821405405405385e+05 0.000000000000000000e+00 5.953532540540540504e+04
3.875130067694269043e-01 -1.350619895943098021e-06 -1.416493572181243508e+03 -1.736511294783983215e-07 4.530862802950474361e+03 -6.449210003128293292e-06 8.335852577449948294e+05 0.000000000000000000e+00 -9.428700526870389876e+04 0.000000000000000000e+00 5.879436543730242556e+04
3.924957861003909865e-01 2.313101406365655386e-06 -4.517565217391304486e+02 -7.039873845460689386e-06 3.445949242107295959e+03 4.123354680912689982e-06 8.262455470923309913e+05 0.000000000000000000e+00 -1.052727561548611411e+05 0.000000000000000000e+00 6.836499237279953377e+04
3.975064703251052212e-01 -2.952496747413419265e-06 -7.098377547859488459e+02 2.044967009478966785e-05 3.152672870330215119e+03 -2.392853409020506784e-05 8.200830469487641240e+05 0.000000000000000000e+00 -9.277536430208785168e+04 0.000000000000000000e+00 6.311568423269934283e+04
