3.798113400606732779e-03 -4.111842105263157666e-04 3.139998720000000000e+08 1.027960526315789417e-03 6.286689010526314974e+08 -1.125616776315789373e-02 3.314326096842104793e+08 0.000000000000000000e+00 1.149065970526315719e+08 0.000000000000000000e+00 1.085894979368421078e+09
8.299341265228576958e-03 8.544921875000000000e-04 7.445911200000000000e+07 7.934570312500000000e-04 6.398022400000000000e+07 3.616333007812500000e-03 1.613711360000000000e+08 0.000000000000000000e+00 1.721622720000000000e+08 0.000000000000000000e+00 2.306255360000000000e+08
1.293222767532251419e-02 -1.194267515923567047e-03 4.118468647133757919e+07 3.383757961783439606e-03 9.022327847133757547e+06 -1.010151273885350441e-02 1.202160607388535142e+08 0.000000000000000000e+00 4.223960866242038459e+07 0.000000000000000000e+00 -6.361603261146496981e+06
1.764839556552980082e-02 -1.016695205479451998e-03 2.756924493150684610e+07 2.969820205479451782e-03 6.346741041095890105e+06 -4.287510702054794093e-03 9.274167408219178021e+07 0.000000000000000000e+00 5.094666520547945052e+07 0.000000000000000000e+00 2.027941698630136997e+07
2.256548662787912635e-02 -7.974952741020794201e-04 2.173298691871455684e+07 2.052811909262760009e-03 2.483031107750472613e+06 -2.026967155009452067e-03 7.952836186011342704e+07 0.000000000000000000e+00 6.382466951984877139e+07 0.000000000000000000e+00 -1.203418350094518065e+07
2.777643688250242340e-02 2.143673780487804885e-04 1.566898200975609757e+07 -8.789062500000000217e-04 6.187766009756097570e+06 -2.768911966463414383e-04 6.270293666341463476e+07 0.000000000000000000e+00 5.483593428292682767e+07 0.000000000000000000e+00 3.483335804878048599e+07
3.269804980233311648e-02 4.687499999999999827e-04 9.685391359999999404e+06 -7.500000000000000156e-04 2.434996736000000034e+06 1.531250000000000059e-03 4.700496281599999964e+07 0.000000000000000000e+00 4.061401907200000435e+07 0.000000000000000000e+00 1.118556262399999984e+07
3.761648458559932462e-02 1.079947741065408006e-04 6.518801262306136079e+06 -1.224818779501011504e-04 1.047796347943358007e+06 1.695649654416722771e-04 3.802869469993256778e+07 0.000000000000000000e+00 3.475604870128118992e+07 0.000000000000000000e+00 9.564772466621711850e+06
4.263843696389812976e-02 3.162111554827008774e-04 4.694529142857142724e+06 -1.488072531563894903e-03 6.346928571428571595e+05 1.904266221182686911e-03 3.012831085714285448e+07 0.000000000000000000e+00 2.383193142857142910e+07 0.000000000000000000e+00 2.876005142857142724e+06
4.756514582339458480e-02 7.018643698211950036e-04 3.305305426951591857e+06 -1.918202136938508637e-03 2.789573833406018675e+05 2.157551515481901695e-03 2.490414801221107692e+07 0.000000000000000000e+00 1.871211066724814847e+07 0.000000000000000000e+00 -1.030890006105538574e+06
5.262096060748640974e-02 -3.401509831460673792e-04 2.657178786516854074e+06 3.456372893258426735e-04 1.640103258426966204e+05 -8.352901158707865242e-04 2.142480539325842634e+07 0.000000000000000000e+00 1.589286831460674107e+07 0.000000000000000000e+00 2.612141123595505487e+06
5.756031740041873956e-02 3.263265779702970485e-04 2.128027564356435556e+06 -1.047870900371287084e-03 2.889110297029702924e+05 1.314068784808168373e-03 1.861334938613861427e+07 0.000000000000000000e+00 1.496886875247524679e+07 0.000000000000000000e+00 3.750737742574257310e+06
6.254738279606215923e-02 -2.606082904096148766e-04 1.699804334559725132e+06 5.212165808192297531e-04 2.135218641157713719e+05 -5.672062791268089096e-04 1.640779236497424543e+07 0.000000000000000000e+00 1.096013647682119161e+07 0.000000000000000000e+00 1.889913312729948433e+06
6.757793472572401483e-02 2.643068980667838213e-04 1.356381244288224960e+06 -7.431486159929700727e-04 1.312451036906854133e+05 8.714404382688927669e-04 1.385953765905096568e+07 0.000000000000000000e+00 8.729851050966607407e+06 0.000000000000000000e+00 -3.414667416520210681e+05
7.255917516659465827e-02 -1.046122373070485444e-04 1.122356275990329217e+06 1.452947740375674078e-04 1.802556726799330499e+05 -2.658894364887483589e-04 1.288445743276920170e+07 0.000000000000000000e+00 8.961848418076995760e+06 0.000000000000000000e+00 1.845499381811419036e+06
7.753384299139773339e-02 7.192626380984265273e-05 9.065426233679277357e+05 -4.936757197857382339e-04 1.187010806829594949e+05 2.741371463843320999e-04 1.111534481955138966e+07 0.000000000000000000e+00 6.781082954134583473e+06 0.000000000000000000e+00 9.866864787412119331e+05
8.251793356505521260e-02 2.183826691513761589e-05 6.494270091743119992e+05 -9.491246774655963999e-05 -2.886757339449541541e+04 -1.334794070742545814e-04 9.938622238532111049e+06 0.000000000000000000e+00 5.196181724770642817e+06 0.000000000000000000e+00 -1.717561100917431177e+05
8.752751931716111489e-02 1.115194639270442018e-04 5.920754863288842607e+05 -2.362788982522353459e-04 8.311896540106259636e+04 2.776716014055818612e-04 8.592879346896462142e+06 0.000000000000000000e+00 4.788890654917714186e+06 0.000000000000000000e+00 5.492884550991317956e+05
9.254701955136974967e-02 -1.157275524156791167e-04 4.431302825888787629e+05 2.172117137648131276e-04 7.077678030993619177e+04 -1.887249316317228889e-04 7.793845090246126056e+06 0.000000000000000000e+00 3.778684849589790218e+06 0.000000000000000000e+00 6.745059762989972951e+05
9.754963178921903511e-02 -4.211700512927875979e-05 3.492538888307337766e+05 -1.204219224327436372e-04 3.370448487386161287e+04 1.857952835496702539e-04 7.078564163718204014e+06 0.000000000000000000e+00 3.167905698314665351e+06 0.000000000000000000e+00 2.533175873547576775e+05
1.025319613041059119e-01 1.443773452157598447e-04 2.693854859287054278e+05 -1.614168034709193282e-04 7.740067542213883826e+03 3.859070854831144599e-04 6.288638751219511963e+06 0.000000000000000000e+00 2.408771145966229029e+06 0.000000000000000000e+00 1.688574559099437029e+05
1.075116003998943526e-01 -4.913098725017229107e-05 2.336956030323914601e+05 1.209766432632667109e-04 4.468468642315644684e+04 -3.666736437155410262e-04 5.885613607167470269e+06 0.000000000000000000e+00 2.438782147484493442e+06 0.000000000000000000e+00 1.980840358373535564e+05
1.125102861506304813e-01 5.238729033006107037e-05 2.017545755584757135e+05 -5.850165706887222692e-05 4.756478318002628657e+04 1.134177287044910072e-05 5.450535200432866812e+06 0.000000000000000000e+00 2.035925554301615572e+06 0.000000000000000000e+00 3.991838849810620886e+05
1.175500852175193622e-01 7.555824207082918569e-05 1.720658068553548655e+05 -1.988959607452709495e-04 3.761118930450860353e+04 2.430641978381453639e-04 5.180130981083772145e+06 0.000000000000000000e+00 1.927406122599914670e+06 0.000000000000000000e+00 2.922123305361968814e+05
1.225369446564099490e-01 -1.202519860973187713e-05 1.371406575306190061e+05 3.006299652432969368e-05 3.878944455478318559e+04 -6.385962326216484616e-05 4.800126940748097375e+06 0.000000000000000000e+00 1.815848997285667108e+06 0.000000000000000000e+00 3.008663854352863273e+05
1.275260957852891452e-01 3.625396499060150514e-05 1.125061867572156189e+05 -1.460595122824702745e-04 3.895055445064273226e+04 1.847690209410244330e-04 4.521285106960950419e+06 0.000000000000000000e+00 1.449664481203007512e+06 0.000000000000000000e+00 2.652120572398738586e+05
1.325302087090364789e-01 -1.008290780539812570e-05 1.004217711688457348e+05 -1.074048874922843851e-05 1.237923797766679672e+04 -4.652385177599461434e-05 4.326307316536670551e+06 0.000000000000000000e+00 1.403571707087144256e+06 0.000000000000000000e+00 4.718898737444587459e+04
1.375062694904859717e-01 2.397579527455121311e-05 7.585212418162618997e+04 -6.818922419482577031e-05 2.648417993664202731e+04 1.048425434761087583e-04 4.037282304540654644e+06 0.000000000000000000e+00 1.195105534107708605e+06 0.000000000000000000e+00 3.058462817317845766e+05
1.425134422753508989e-01 5.389935088308696569e-07 6.890726665386829700e+04 3.764752486681704899e-05 2.530034018045690027e+04 -8.679553079705797431e-06 3.831594904204261955e+06 0.000000000000000000e+00 1.096839347283547744e+06 0.000000000000000000e+00 -3.285157535035515320e+04
1.475259222195813014e-01 -1.205742573693562426e-05 4.744466463164609013e+04 2.373666653378285975e-05 1.959731377283703114e+04 1.643436026413504119e-05 3.624032712925417814e+06 0.000000000000000000e+00 1.065913786322839325e+06 0.000000000000000000e+00 1.288107580299785914e+05
1.525299430011916868e-01 5.614326175177544408e-06 4.786790936760229670e+04 -3.054853948258370026e-05 2.794485492052755944e+04 -6.741319591224213099e-05 3.419574065607034136e+06 0.000000000000000000e+00 8.545689496110923355e+05 0.000000000000000000e+00 1.514505674670274020e+05
1.574945685492469272e-01 -4.786645165204027666e-05 3.477289505398956680e+04 1.139790259635216439e-04 2.549586379261535694e+04 -9.472581211833217625e-05 3.255297449427750893e+06 0.000000000000000000e+00 7.989114072875803104e+05 0.000000000000000000e+00 -5.184007117725563148e+03
1.625189323163163113e-01 -2.181449945825730282e-05 3.177712350364963640e+04 -7.633738274121807060e-05 2.543264233576642437e+04 -5.658755337234831599e-05 3.066955641459854320e+06 0.000000000000000000e+00 7.041339421897811117e+05 0.000000000000000000e+00 1.849100706569343165e+05
1.675461007718098694e-01 -1.914734720912229470e-05 2.758938724373576042e+04 1.032966144535698984e-05 2.349561047835990757e+04 -2.784826760954628666e-05 2.931831544419134036e+06 0.000000000000000000e+00 7.153565740318906028e+05 0.000000000000000000e+00 -3.934365034168564762e+03
1.725292014006662711e-01 -2.987276263308831078e-05 1.890249503906121390e+04 8.485409730691894920e-05 2.636267528100998970e+04 -1.690000041203810737e-05 2.817033214886113070e+06 0.000000000000000000e+00 5.829856093878762331e+05 0.000000000000000000e+00 1.420520262385865499e+05
1.775301965061671094e-01 2.116665943652195944e-05 1.526422211004543169e+04 -5.735332829852346910e-05 1.837213124684502691e+04 1.102584230364241557e-04 2.707202972236244474e+06 0.000000000000000000e+00 5.336906370519939810e+05 0.000000000000000000e+00 1.503295063099444669e+05
1.825147654490652804e-01 1.311257810422759925e-05 1.220297958580755767e+04 -1.177823984829684764e-05 1.617387148807941230e+04 4.535127226339774007e-05 2.598041407899790443e+06 0.000000000000000000e+00 5.150447429466158501e+05 0.000000000000000000e+00 6.350112180566634197e+04
1.875360723572403465e-01 1.478482891061452615e-05 7.443867262569832747e+03 1.541222939944134147e-05 2.630101631284916220e+04 -6.510643985684357146e-05 2.481413091396647971e+06 0.000000000000000000e+00 3.858733765363128623e+05 0.000000000000000000e+00 1.267986735195530782e+05
1.925323683450522461e-01 1.877401400342722587e-05 5.229456999036092384e+03 -3.642367897879404649e-05 1.570838941844275359e+04 2.676865854597300782e-05 2.393683624290456995e+06 0.000000000000000000e+00 3.532888011138481088e+05 0.000000000000000000e+00 9.437400107100782043e+04
1.975198663583639380e-01 6.669327810800555947e-06 2.632692045023396986e+03 -2.299683034020487963e-05 1.785194485898570929e+04 1.638308026116099404e-05 2.312339584469457157e+06 0.000000000000000000e+00 2.636168919691412593e+05 0.000000000000000000e+00 1.835797336031364393e+05
2.025153694923672032e-01 7.821546608125060258e-06 -9.710837836533822554e+01 -5.607012327511338745e-06 1.849325948084531774e+04 1.613782959808935763e-06 2.242437471774582751e+06 0.000000000000000000e+00 2.911773347486249404e+05 0.000000000000000000e+00 1.982280343529866150e+04
2.075088499274508613e-01 1.241137162518033434e-05 -5.646221530147244266e+03 -1.734237602761684469e-05 1.265048249330188446e+04 6.264388245952506476e-06 2.171155198974100873e+06 0.000000000000000000e+00 2.136741586022120900e+05 0.000000000000000000e+00 1.258539474684558954e+05
2.125178062418619784e-01 -7.628062816372840688e-06 -2.990101239308779896e+03 1.156993885276662652e-05 1.751844161284692018e+04 1.047793265349537436e-05 2.094320047477744985e+06 0.000000000000000000e+00 2.279866336184325337e+05 0.000000000000000000e+00 1.014952752661895647e+05
2.175004174234404231e-01 -2.671347634879218977e-07 -4.079955222624358157e+03 -2.681622048859523525e-06 1.489894251325646110e+04 9.830045575656510412e-06 2.010469938894032501e+06 0.000000000000000000e+00 2.127413652049490775e+05 0.000000000000000000e+00 2.952011177510310517e+04
2.225093171556767890e-01 -4.347887649967494479e-06 -7.306460314020606347e+03 2.272059873721951850e-05 1.210666267410019464e+04 -6.527122046206733591e-05 1.969232631350840209e+06 0.000000000000000000e+00 1.920420707235870068e+05 0.000000000000000000e+00 9.885627532948524458e+04
2.275289586476768322e-01 6.595870245293127805e-06 -5.686690341343946784e+03 -1.290212012570794563e-05 1.452220419409153510e+04 5.843557991040678270e-05 1.894403761824582936e+06 0.000000000000000000e+00 1.105959185672738386e+05 0.000000000000000000e+00 1.048234085412521090e+05
2.325285406108919262e-01 2.700189183781128955e-06 -4.604415403925563623e+03 1.314565786840812783e-05 1.496536030414930974e+04 -1.717817724155494639e-05 1.850612185618394520e+06 0.000000000000000000e+00 1.351697602823204070e+05 0.000000000000000000e+00 9.977975922725701821e+04
2.375276552426477672e-01 5.990865046581121504e-06 -6.643523993671999051e+03 -2.665849116716470434e-05 1.500391407980312943e+04 2.800600665758481520e-05 1.794182205378801329e+06 0.000000000000000000e+00 1.045926181754262652e+05 0.000000000000000000e+00 8.881532332571629377e+04
2.424991024241769377e-01 -7.583927033916904960e-07 -7.116555703746223116e+03 1.500298608883561548e-06 1.055056525923049594e+04 -2.963089752545033920e-05 1.742290265493897023e+06 0.000000000000000000e+00 7.687731041817905498e+04 0.000000000000000000e+00 3.410032110478956020e+04
2.474998551644826128e-01 7.098292907460774991e-06 -9.329028754402817867e+03 -3.632011987672110315e-05 1.195481370477105338e+04 1.393469945765289703e-05 1.708942222222222248e+06 0.000000000000000000e+00 9.280629548511047324e+04 0.000000000000000000e+00 6.339127249439641309e+04
2.525200307756395035e-01 2.859194065593102684e-06 -5.664888833900402460e+03 2.197067397613478414e-05 1.338753603464274784e+04 1.161872068500135419e-06 1.660170499721620930e+06 0.000000000000000000e+00 8.534274296319208224e+04 0.000000000000000000e+00 5.323778137952366524e+04
2.575182250600202005e-01 5.486387936815438584e-06 -9.822721525966768240e+03 5.697402857462186450e-06 1.508744898293718688e+04 1.836375537869756378e-05 1.624572421607927885e+06 0.000000000000000000e+00 5.713948230385217175e+04 0.000000000000000000e+00 5.247844732881305390e+04
2.625255687975799335e-01 -1.381796656586980060e-05 -5.601670108974724826e+03 2.376355943686883179e-05 1.139715958235864673e+04 -4.306274560321218911e-05 1.572868323386774631e+06 0.000000000000000000e+00 1.980793975009984570e+04 0.000000000000000000e+00 8.716780281850858591e+04
2.675305520911575030e-01 -1.454137040274920171e-05 -7.194699879869098368e+03 5.566326017099667027e-05 1.067538133966667010e+04 -6.552824080776379842e-05 1.553066148216677364e+06 0.000000000000000000e+00 1.710705922315350472e+04 0.000000000000000000e+00 7.336911006476021430e+04
2.725404586615198799e-01 -2.253268052176442545e-05 -7.803702755593166330e+03 5.065010850809223907e-05 1.276743639921722024e+04 -6.848094817313032402e-05 1.523876537578674499e+06 0.000000000000000000e+00 4.204172422912149159e+03 0.000000000000000000e+00 8.875237150261807255e+04
2.775333197047151201e-01 2.837274148938919840e-05 -6.489465091632848271e+03 -8.526968038359138569e-05 1.306276196138237538e+04 5.300010440361102853e-05 1.481828343371158233e+06 0.000000000000000000e+00 1.783867449013880469e+04 0.000000000000000000e+00 6.658656148060072155e+04
2.825123907298719983e-01 -7.526400296424381153e-06 -7.650128327054900183e+03 1.886424689680726350e-05 9.938017069103934773e+03 -2.027544695238683566e-05 1.449461610127832973e+06 0.000000000000000000e+00 -6.911874316062496291e+03 0.000000000000000000e+00 6.096556289754832687e+04
2.875104651677040102e-01 2.992721700823596922e-06 -6.297122773415054326e+03 -5.798398295345718718e-06 1.138070407967822212e+04 7.247997869182149033e-06 1.425189117793526035e+06 0.000000000000000000e+00 -2.782964796016088803e+04 0.000000000000000000e+00 7.882068875694311282e+04
2.924971317655564174e-01 -5.757168329306776813e-07 -4.732051647805430548e+03 -1.721506216116242195e-06 1.235914506005155454e+04 -2.230761620539481382e-05 1.400677173103376525e+06 0.000000000000000000e+00 -2.837050776219815089e+04 0.000000000000000000e+00 3.417131997826815496e+04
2.975058823671092867e-01 1.127911909743805946e-05 -4.855267915815647029e+03 -3.105958288701047713e-05 1.072257668057898991e+04 1.783940923562239258e-05 1.369047080010656267e+06 0.000000000000000000e+00 -1.391326667258680391e+04 0.000000000000000000e+00 6.082375632714678795e+04
3.025121359101998753e-01 -3.630814707535342313e-06 -4.485403311573213614e+03 1.625422863257100931e-05 8.476138169556006687e+03 -1.683473679801997369e-05 1.336982760105486028e+06 0.000000000000000000e+00 -3.729254904673381679e+04 0.000000000000000000e+00 1.684161203579611902e+04
3.075010376196579687e-01 -8.634288289700580785e-06 -4.966532768981554000e+03 -1.602344280712755568e-06 8.674805539008204505e+03 -4.005860701781888921e-07 1.309502736520875944e+06 0.000000000000000000e+00 -4.203022902231280023e+04 0.000000000000000000e+00 6.304626789987982193e+04
3.125134169243361515e-01 -1.875361326161270810e-06 -5.690489282123467092e+03 8.390032739292177660e-06 8.776009330384074929e+03 2.509891303664789784e-06 1.296175617132515647e+06 0.000000000000000000e+00 -3.957090786245727213e+04 0.000000000000000000e+00 4.908805919967826048e+04
3.175159688234982513e-01 -8.979796838620309913e-06 -4.139358175084241338e+03 1.632864767022624774e-05 7.726817184230432758e+03 -2.569699341051763053e-05 1.276595130335687893e+06 0.000000000000000000e+00 -4.945477568743798474e+04 0.000000000000000000e+00 3.505852234480455081e+04
3.225221380836135188e-01 2.488879318482159685e-06 -5.069051312063432306e+03 -1.249048695016046910e-05 9.945473135737211123e+03 1.896387769610156964e-05 1.250376803171606734e+06 0.000000000000000000e+00 -5.411496379082500061e+04 0.000000000000000000e+00 5.998730511610346002e+04
3.275181733526948968e-01 2.160296533691225377e-06 -4.167887152906330812e+03 1.830376770177712057e-06 6.986156238430211488e+03 -4.929588795237875123e-06 1.230473354757497320e+06 0.000000000000000000e+00 -4.297760414661236427e+04 0.000000000000000000e+00 2.482934616808589271e+04
3.325123842131759710e-01 4.113277740466299477e-06 -3.363697661385733682e+03 -1.118663867008548559e-05 7.786525098517128754e+03 1.907711720786224493e-05 1.216297065390466014e+06 0.000000000000000000e+00 -7.383736651929868094e+04 0.000000000000000000e+00 6.700514491580455797e+04
3.374959366892091861e-01 6.660985590819115034e-07 -4.503847808569526933e+03 -7.892145287099726968e-06 8.519655537259573975e+03 7.414355891289568256e-06 1.195745568440598436e+06 0.000000000000000000e+00 -6.951279851452195726e+04 0.000000000000000000e+00 2.204775223347230713e+04
3.424919221947719805e-01 1.814945015793114541e-06 -3.295430347781880300e+03 -1.216745649601213430e-06 7.508065305986382555e+03 7.150924056059305463e-06 1.179204362533232197e+06 0.000000000000000000e+00 -6.466122754585837538e+04 0.000000000000000000e+00 4.700421058597038063e+04
3.475179778446125245e-01 4.303390308997941345e-06 -2.412694612343581412e+03 2.173630878965596091e-07 6.871078642140686497e+03 3.101960709177026282e-05 1.166705592838239623e+06 0.000000000000000000e+00 -6.801249282843794208e+04 0.000000000000000000e+00 2.811557199333485551e+04
3.525052850529177828e-01 4.677770237905157305e-08 -2.180044834743733190e+03 7.429858394539357822e-06 7.113100303368992172e+03 -1.049184882943477530e-05 1.148010634647932369e+06 0.000000000000000000e+00 -5.893125313747405744e+04 0.000000000000000000e+00 1.736257972217787028e+04
3.575133254796376558e-01 -6.302286523441991237e-06 -2.649516658874385939e+03 1.127974559480650982e-05 5.528440680304435773e+03 -1.292081010818496135e-05 1.129540870476964163e+06 0.000000000000000000e+00 -6.591893554889592633e+04 0.000000000000000000e+00 4.643676869189321587e+04
3.625250227669692404e-01 -4.560404235996084279e-06 -3.114149073934648186e+03 3.456606273998644500e-06 6.258970636952265522e+03 8.569598790303606392e-06 1.115094521909350995e+06 0.000000000000000000e+00 -7.670403758470110188e+04 0.000000000000000000e+00 3.228349465441951179e+04
3.675230446100045678e-01 4.489011174741559357e-06 -1.957952132041496270e+03 -9.542346919277042182e-06 6.986124736638745162e+03 3.126164001465288572e-05 1.107783503969555721e+06 0.000000000000000000e+00 -8.363305691519221000e+04 0.000000000000000000e+00 3.965497463712646277e+04
3.725177060730277545e-01 8.424659339441935190e-06 -1.341009548859283086e+03 -1.518113841200183151e-06 4.246025730459145962e+03 1.109531822904754422e-05 1.092004279718680307e+06 0.000000000000000000e+00 -7.002998639144605841e+04 0.000000000000000000e+00 3.187333935616673625e+04
3.775163034622419089e-01 -6.599259762379241225e-06 -2.206565669799546185e+02 1.520523320760441602e-05 5.617168272181270368e+03 -1.860923913605615589e-05 1.078220645010032924e+06 0.000000000000000000e+00 -7.693862952262086037e+04 0.000000000000000000e+00 3.795855044441839709e+04
3.825226892977953153e-01 3.827069256756756736e-07 -1.657150594594594622e+03 3.662109374999999864e-06 3.096359135135135148e+03 1.628154032939189119e-06 1.070269412324324250e+06 0.000000000000000000e+00 -8.227000043243242544e+04 0.000000000000000000e+00 6.458615697297297447e+04
3.875130067694269043e-01 4.315552143703899162e-06 -1.232978187565858889e+03 -5.926648733864594267e-06 3.134073129610116212e+03 1.393067949815595427e-05 1.059846689989462728e+06 0.000000000000000000e+00 -8.265684299262381683e+04 0.000000000000000000e+00 3.196546765015806159e+04
3.924957861003909865e-01 -3.079944807389051924e-06 -8.734228687284781927e+02 7.976428490972870060e-06 3.649161239661442778e+03 -3.662934360216265118e-06 1.046448447462427197e+06 0.000000000000000000e+00 -7.899199207028609817e+04 0.000000000000000000e+00 5.321944149583239778e+04
3.975064703251052212e-01 -1.754557493339941818e-06 -4.861041571154203780e+02 1.493793948640109216e-05 3.770659066972306846e+03 -1.175402265581438676e-05 1.034560021411312860e+06 0.000000000000000000e+00 -8.102021733473763743e+04 0.000000000000000000e+00 5.636169337711418484e+04
