3.798113400606732779e-03 3.289473684210526133e-03 2.566771065263157785e+08 -8.223684210526315333e-03 6.605995385263158083e+08 -2.055921052631578833e-03 2.247297482105263174e+08 0.000000000000000000e+00 3.303141052631578594e+07 0.000000000000000000e+00 6.004353886315789223e+08
8.299341265228576958e-03 -1.464843750000000000e-02 7.033808800000000000e+07 4.052734375000000000e-02 4.258690000000000000e+07 -3.869628906250000000e-02 1.974805760000000000e+08 0.000000000000000000e+00 1.263482560000000000e+08 0.000000000000000000e+00 8.703710400000000000e+07
1.293222767532251419e-02 1.015127388535031969e-02 3.285233650955414027e+07 -2.418391719745223087e-02 5.719132127388535067e+06 3.256867038216560567e-02 1.288967891974522322e+08 0.000000000000000000e+00 1.233964482038216591e+08 0.000000000000000000e+00 -2.478346761783439666e+07
1.764839556552980082e-02 -5.484803082191781060e-04 2.714659068493150547e+07 2.648758561643835361e-03 1.287039386301369779e+07 -4.508240582191780192e-03 1.010106704657534212e+08 0.000000000000000000e+00 9.248554783561643958e+07 0.000000000000000000e+00 4.060497008219178021e+07
2.256548662787912635e-02 3.367202268431001948e-03 2.024121442722117156e+07 -3.692107750472589916e-03 -2.522268431001890567e+05 6.165819943289224843e-03 8.058139003402647376e+07 0.000000000000000000e+00 6.195092760680529475e+07 0.000000000000000000e+00 -1.427202903591682389e+07
2.777643688250242340e-02 -1.714939024390243799e-04 1.257021564878048748e+07 9.527439024390243894e-06 4.238951336585366167e+06 -3.024961890243902415e-04 5.834625623414634168e+07 0.000000000000000000e+00 5.700977139512195438e+07 0.000000000000000000e+00 2.848410848780487850e+07
3.269804980233311648e-02 -4.453125000000000160e-04 8.410329087999999523e+06 -4.804687499999999931e-04 4.107985279999999912e+05 1.298828125000000069e-04 4.297426534400000423e+07 0.000000000000000000e+00 3.322115891200000048e+07 0.000000000000000000e+00 -8.472352000000000407e+04
3.761648458559932462e-02 -4.872934929197572147e-05 6.081384782198246568e+06 -5.946297623061362397e-04 1.205630791638570372e+06 2.754195992076871038e-04 3.499722659474039078e+07 0.000000000000000000e+00 3.095754038031018153e+07 0.000000000000000000e+00 1.393488338772757910e+07
4.263843696389812976e-02 -2.339567456926618149e-04 3.977002285714285448e+06 -5.660567964826311539e-04 6.064853571428571595e+05 -1.705331461770193840e-04 2.710285257142857090e+07 0.000000000000000000e+00 2.010507657142857090e+07 0.000000000000000000e+00 3.300116285714285448e+06
4.756514582339458480e-02 1.669483209768861712e-04 2.825587774967291858e+06 5.400267117313563422e-04 -1.615129873528129065e+04 7.414720071958133540e-04 2.198754771565634757e+07 0.000000000000000000e+00 1.524582109725250863e+07 0.000000000000000000e+00 6.414094513737461530e+05
5.262096060748640974e-02 -2.048792464009831552e-05 2.269580943820224609e+06 -9.802057501975070322e-04 2.500881573033707682e+05 1.362779167261016396e-03 1.852650283146067336e+07 0.000000000000000000e+00 1.415940314606741443e+07 0.000000000000000000e+00 3.382365123595505487e+06
5.756031740041873956e-02 2.464067817914604116e-04 1.754974257425742690e+06 -5.386654693301361901e-04 -2.384885674504950657e+03 7.603144881748916768e-04 1.590556641584158503e+07 0.000000000000000000e+00 1.000258471287128702e+07 0.000000000000000000e+00 7.961293465346534504e+05
6.254738279606215923e-02 4.773826496198184323e-04 1.480839880304145161e+06 -1.224116422921265636e-03 1.942125131223938952e+05 1.611166442466887378e-03 1.406058343291635811e+07 0.000000000000000000e+00 9.527648635761588812e+06 0.000000000000000000e+00 2.615341963208241388e+06
6.757793472572401483e-02 -1.259319392574692435e-04 1.177789525483303936e+06 3.577368121155535623e-04 1.543569068541300367e+05 -3.799679828234841530e-04 1.228080590509665944e+07 0.000000000000000000e+00 7.483643950790860690e+06 0.000000000000000000e+00 4.061232478031634237e+05
7.255917516659465827e-02 -2.905895480751348409e-06 9.399851515715082642e+05 -1.017063418262971922e-05 8.983871154919100809e+04 -4.093680258508462181e-04 1.108666841435744800e+07 0.000000000000000000e+00 6.915700264087781310e+06 0.000000000000000000e+00 3.728557039241212624e+04
7.753384299139773339e-02 6.473363742885838610e-05 6.495559906260462012e+05 -7.813807750251088177e-05 3.280076866421158775e+04 7.200799820053566038e-05 9.699556317375293002e+06 0.000000000000000000e+00 5.617221420823569410e+06 0.000000000000000000e+00 5.928962571141613880e+05
8.251793356505521260e-02 1.307496237098623943e-04 6.250819816513762344e+05 -2.686386808342889829e-04 8.380797247706422058e+04 4.625582913739966114e-04 8.915363816513761878e+06 0.000000000000000000e+00 4.980849321100917645e+06 0.000000000000000000e+00 -3.191869724770642351e+05
8.752751931716111489e-02 2.151297460152909170e-05 4.787325064144097851e+05 -4.315249611247894807e-05 7.668713541531683586e+04 8.817155913891409024e-05 7.698434919269146398e+06 0.000000000000000000e+00 3.982824977581962012e+06 0.000000000000000000e+00 9.593186823895296548e+05
9.254701955136974967e-02 3.649868960802187933e-05 3.710644448495897814e+05 -1.219590360072926089e-04 5.545982862351868243e+04 1.769296234047401965e-04 6.922849079307201318e+06 0.000000000000000000e+00 3.167141921604375355e+06 0.000000000000000000e+00 1.733175715587967134e+05
9.754963178921903511e-02 -3.761907254265675724e-05 3.024851033183293184e+05 5.724641473882550088e-06 3.708422150109912764e+04 -1.932066497435360668e-04 6.282458777766146697e+06 0.000000000000000000e+00 2.859286483408353291e+06 0.000000000000000000e+00 -1.853099265152308217e+05
1.025319613041059119e-01 5.863039399624765473e-06 2.516841425891181862e+05 -1.319183864915572232e-05 4.898478649155722087e+04 5.496599437148217631e-06 5.640108235647279769e+06 0.000000000000000000e+00 2.474165745590994600e+06 0.000000000000000000e+00 5.186414469043152058e+05
1.075116003998943526e-01 4.778493280496209271e-05 2.147470379048931645e+05 -8.850307977257064571e-05 4.943025223983459728e+04 9.767307568056512502e-05 5.201308140592694283e+06 0.000000000000000000e+00 2.092574522398345871e+06 0.000000000000000000e+00 -5.674822329427980731e+04
1.125102861506304813e-01 2.876016947514879813e-05 1.849358089201515249e+05 -8.397818514725207751e-05 5.619287562804359914e+04 1.067277811461312553e-04 4.810823079230115749e+06 0.000000000000000000e+00 1.851540332379995380e+06 0.000000000000000000e+00 4.720162708510474185e+05
1.175500852175193622e-01 1.638947162565780350e-05 1.423478697198122682e+05 3.125111115061868694e-05 2.047675949367088833e+04 1.678184668788223577e-04 4.575992244630920701e+06 0.000000000000000000e+00 1.696683237092874479e+06 0.000000000000000000e+00 1.415255730337078567e+05
1.225369446564099490e-01 -1.370614035087719324e-05 1.186954634889109584e+05 8.223684210526316959e-05 3.153987156570672232e+04 -9.477925355842437385e-05 4.231100750215160660e+06 0.000000000000000000e+00 1.300348754452168243e+06 0.000000000000000000e+00 2.830729872227739543e+05
1.275260957852891452e-01 -2.605429905408682755e-05 8.754718020858598175e+04 4.748988145767644721e-05 4.884093621149648243e+03 -3.952555595137036072e-05 4.086902965801600832e+06 0.000000000000000000e+00 1.331763038564152317e+06 0.000000000000000000e+00 1.713662168324035883e+05
1.325302087090364789e-01 2.630323775321250368e-06 7.647957982155882928e+04 2.816638376073172018e-05 2.346475551315863413e+04 -1.761768945345379162e-05 3.767988798832837492e+06 0.000000000000000000e+00 1.072856424218618544e+06 0.000000000000000000e+00 -2.061841647494529025e+04
1.375062694904859717e-01 6.548227956705384921e-06 7.144482196409715107e+04 1.675727626715945018e-06 2.557356367476240848e+04 -2.036009066459873129e-05 3.565517610982048325e+06 0.000000000000000000e+00 9.938486606124603422e+05 0.000000000000000000e+00 1.707720853220697027e+05
1.425134422753508989e-01 -3.936996064503743066e-06 5.932627990017277625e+04 2.709028244384718669e-05 1.573977500479938499e+04 -6.725701610193894686e-06 3.360208918410443235e+06 0.000000000000000000e+00 8.941982200038394658e+05 0.000000000000000000e+00 5.286248800153580305e+03
1.475259222195813014e-01 -2.273558875119595347e-05 4.595589849195862917e+04 1.946540132807872807e-05 2.117967870973620666e+04 -5.404151562998314170e-05 3.158763390769510996e+06 0.000000000000000000e+00 8.284651262472094968e+05 0.000000000000000000e+00 7.485763542758212134e+04
1.525299430011916868e-01 -6.516333726115995748e-05 4.017078390260398737e+04 1.239383144075498861e-04 2.693600000000000000e+04 -1.705532183629417337e-04 3.011908133919512853e+06 0.000000000000000000e+00 7.667556685830233619e+05 0.000000000000000000e+00 1.918129130875887640e+05
1.574945685492469272e-01 -2.180056213855299625e-05 3.038113414486188776e+04 3.901984672625065126e-05 1.491947749423706773e+04 -8.471414091883365202e-05 2.843490674970679451e+06 0.000000000000000000e+00 7.852237570267318515e+05 0.000000000000000000e+00 5.752550976665183407e+04
1.625189323163163113e-01 -4.651146213503650087e-06 2.551091386861314095e+04 1.733042027828467273e-05 2.033388379562044065e+04 6.257217295848540399e-06 2.695915146277372725e+06 0.000000000000000000e+00 6.026134983941606479e+05 0.000000000000000000e+00 2.020342283211679023e+05
1.675461007718098694e-01 -2.711128808371298238e-06 2.127425512528473701e+04 -4.344757705723234518e-06 2.124928018223234540e+04 1.087058377971953276e-05 2.578876646924829111e+06 0.000000000000000000e+00 5.659324646924828412e+05 0.000000000000000000e+00 2.281836446469248040e+04
1.725292014006662711e-01 -4.377904868642252062e-06 1.870850143389260847e+04 2.639619111975475662e-05 2.289051125688103639e+04 -3.305961985364406960e-05 2.458017741503774654e+06 0.000000000000000000e+00 4.889574853149619885e+05 0.000000000000000000e+00 1.676994508356133010e+05
1.775301965061671094e-01 -3.097202969223245868e-05 1.339559414437152918e+04 7.983327573865787866e-05 1.965680565371024568e+04 -8.365663839433603807e-05 2.348907388187783770e+06 0.000000000000000000e+00 3.658719757698132307e+05 0.000000000000000000e+00 1.959150933871782036e+04
1.825147654490652804e-01 -1.765654081361340007e-05 1.047135407249844866e+04 5.389284026115985748e-05 1.730571420130580009e+04 -3.597664443558155412e-05 2.267198984667198267e+06 0.000000000000000000e+00 3.406568683269816102e+05 0.000000000000000000e+00 1.010415338710153992e+04
1.875360723572403465e-01 1.440293296089385514e-05 6.845744804469273731e+03 -2.116794692737430036e-05 1.636070972067039111e+04 2.242274790502793438e-05 2.184456981452513952e+06 0.000000000000000000e+00 2.812552151955307345e+05 0.000000000000000000e+00 7.756123530726257013e+04
1.925323683450522461e-01 -1.425047023937024690e-05 4.400724001285208942e+03 4.430719600112455886e-05 1.542591753239798527e+04 -7.437372713230961903e-05 2.082047424226196716e+06 0.000000000000000000e+00 2.433675775945164205e+05 0.000000000000000000e+00 1.095504731712541397e+05
1.975198663583639380e-01 -4.050999114708486111e-06 -2.739170861262172707e+02 2.005738586062981937e-05 1.081321725053749833e+04 -1.795778266093334775e-05 2.019398761805994669e+06 0.000000000000000000e+00 2.345255013532312878e+05 0.000000000000000000e+00 1.556177993170608243e+05
2.025153694923672032e-01 2.657441136736466493e-05 -2.216550419762617366e+03 -5.437388425166458223e-05 1.825369641995561324e+04 1.543106333831902071e-05 1.950958435974138789e+06 0.000000000000000000e+00 1.719784556595580652e+05 0.000000000000000000e+00 4.971331081733089377e+04
2.075088499274508613e-01 9.839645973115940173e-07 -2.050940850488905198e+03 -1.833752204080698067e-06 1.348000861022693425e+04 1.620187160800567954e-05 1.873618209713984746e+06 0.000000000000000000e+00 1.100488712816872430e+05 0.000000000000000000e+00 5.468743062584441941e+04
2.125178062418619784e-01 1.642270786513789734e-05 -1.893033164601152066e+03 -3.278948370543506802e-05 1.435581358003141941e+04 6.015689028851293975e-05 1.819549871879909420e+06 0.000000000000000000e+00 1.440025358701344230e+05 0.000000000000000000e+00 1.178261783906440978e+05
2.175004174234404231e-01 8.425019463849844669e-07 -3.632438683612490877e+03 -2.314825469762646327e-05 1.223051123642791026e+04 2.141958454544019882e-05 1.752822540863563772e+06 0.000000000000000000e+00 1.323290632101674855e+05 0.000000000000000000e+00 8.097936537328507984e+04
2.225093171556767890e-01 -6.396781608912354103e-06 -5.781673331888654502e+03 1.815627862680010255e-05 9.385576485884832437e+03 -2.982078584260062015e-05 1.694049793502886081e+06 0.000000000000000000e+00 1.093353249935974454e+05 0.000000000000000000e+00 9.524693808238608472e+04
2.275289586476768322e-01 2.115162922853206946e-05 -5.838239706107454367e+03 -2.163744403413439532e-05 1.319853298637685657e+04 1.731182374579060112e-05 1.646422247665697243e+06 0.000000000000000000e+00 6.308596969233124400e+04 0.000000000000000000e+00 5.934298851982244378e+04
2.325285406108919262e-01 7.194583022574718781e-06 -6.071226529387154187e+03 -3.759835794389973480e-05 1.339823054954250438e+04 2.161705732245829996e-05 1.611226307605552021e+06 0.000000000000000000e+00 8.014247808924381388e+04 0.000000000000000000e+00 9.448905841049243463e+04
2.375276552426477672e-01 -7.381295043065565299e-06 -5.564443381965195840e+03 1.598136205835823417e-05 1.302781930040428961e+04 -3.143487569212515405e-05 1.542965575953594642e+06 0.000000000000000000e+00 4.354427702583934297e+04 0.000000000000000000e+00 1.049405963789769739e+05
2.424991024241769377e-01 2.611096617383890775e-06 -5.174677088784967964e+03 -5.076903328275623510e-06 1.128279168706633209e+04 3.635596543127352916e-06 1.504497111002312973e+06 0.000000000000000000e+00 3.730242371650938003e+04 0.000000000000000000e+00 6.629664410041700467e+04
2.474998551644826128e-01 -5.120464597342299295e-06 -6.020385014409222094e+03 1.679199687800192215e-05 1.101701492154979132e+04 -8.536713496637847763e-06 1.461742261159141781e+06 0.000000000000000000e+00 1.107786717899455653e+04 0.000000000000000000e+00 8.805062209414024255e+04
2.525200307756395035e-01 -3.558653558034333847e-06 -3.572212557995670068e+03 -2.256016446605320316e-07 1.297206953294154118e+04 -3.017941164299315707e-05 1.438320218744200421e+06 0.000000000000000000e+00 8.923117352304361702e+03 0.000000000000000000e+00 9.267415378905042598e+04
2.575182250600202005e-01 7.538326130690708803e-06 -7.924319678116384239e+03 -1.226797090380746647e-05 8.740097697638029786e+03 1.585158636651516192e-05 1.399229002429029206e+06 0.000000000000000000e+00 -2.107206938380150314e+04 0.000000000000000000e+00 6.577952140675061673e+04
2.625255687975799335e-01 -8.914817139270838985e-06 -6.890052148114337797e+03 1.164497988817253319e-05 1.209616523078678620e+04 -1.678492914503337751e-05 1.366860929993723985e+06 0.000000000000000000e+00 -2.837261824613453427e+04 0.000000000000000000e+00 9.892749517886688409e+04
2.675305520911575030e-01 1.591173485591195926e-06 -7.807257673879123104e+03 -4.004902756106653962e-06 1.189606329655762784e+04 7.247930072078540198e-07 1.328199758191684727e+06 0.000000000000000000e+00 -3.672563748084119288e+04 0.000000000000000000e+00 5.019316894270998455e+04
2.725404586615198799e-01 5.749384528547627292e-06 -5.007471095361505832e+03 -6.522533093728513024e-06 8.804363251705717630e+03 1.868106097340766462e-05 1.297901125297508901e+06 0.000000000000000000e+00 -5.124060633627756761e+04 0.000000000000000000e+00 1.014194294176759868e+05
2.775333197047151201e-01 2.852419740481298551e-06 -6.397520614159795514e+03 -5.313578366117817115e-06 9.967959056013647569e+03 8.869637047005453186e-06 1.280554839816992637e+06 0.000000000000000000e+00 -5.460639739447359170e+04 0.000000000000000000e+00 6.791673316617985256e+04
2.825123907298719983e-01 -2.737969338603100408e-06 -6.589864163527450728e+03 6.121231010313098514e-06 1.053246810350151281e+04 1.219270817251281467e-05 1.252588823318718001e+06 0.000000000000000000e+00 -4.000802084851478867e+04 0.000000000000000000e+00 7.412738719199654588e+04
2.875104651677040102e-01 -1.035762276144416674e-05 -6.053754070101513207e+03 2.603434073333652638e-05 1.043922926642405582e+04 -3.992536245600698884e-05 1.223605764412947698e+06 0.000000000000000000e+00 -5.364875081402029900e+04 0.000000000000000000e+00 9.028824822830874473e+04
2.924971317655564174e-01 4.521070423308556921e-06 -6.312069449421446734e+03 -9.496505602018286000e-06 7.704314510628951211e+03 -3.617209106314082511e-05 1.199535065068374388e+06 0.000000000000000000e+00 -7.104879039175114303e+04 0.000000000000000000e+00 7.086925984579639044e+04
2.975058823671092867e-01 8.455274287363466677e-07 -4.505663795400053459e+03 -1.945797095617618198e-05 9.171375899120859685e+03 1.292681357394991532e-06 1.174469620815202827e+06 0.000000000000000000e+00 -5.842840245093686099e+04 0.000000000000000000e+00 8.981972897611223743e+04
3.025121359101998753e-01 -5.727240786849897954e-06 -4.863178937356793540e+03 3.974501928215922277e-06 8.999132938480826851e+03 -2.864115144702320453e-06 1.154424424365570070e+06 0.000000000000000000e+00 -7.496398495525485487e+04 0.000000000000000000e+00 6.807253158099520078e+04
3.075010376196579687e-01 5.154037336050583145e-06 -4.784357004755186608e+03 -3.408808851962167916e-06 9.889620316664055281e+03 -8.139296585149188699e-06 1.132002297204368515e+06 0.000000000000000000e+00 -6.041064375816481333e+04 0.000000000000000000e+00 8.958850628625176614e+04
3.125134169243361515e-01 -3.652536195455459651e-06 -5.457052724713452335e+03 1.812521993766338130e-05 9.048648944299215145e+03 -4.754679173788457872e-05 1.119100587009853218e+06 0.000000000000000000e+00 -8.039440884777800238e+04 0.000000000000000000e+00 3.911143599436959630e+04
3.175159688234982513e-01 3.305064114214419586e-06 -3.501263255101138384e+03 2.040361423775186251e-05 7.322808814138774324e+03 -1.457598032518837543e-05 1.095575921014627907e+06 0.000000000000000000e+00 -7.962750592881492048e+04 0.000000000000000000e+00 6.999454615830475814e+04
3.225221380836135188e-01 1.484109519539362015e-06 -4.316986369643194848e+03 3.166407577402303527e-06 7.833507570322824904e+03 -6.095449812393807823e-07 1.076888662412686506e+06 0.000000000000000000e+00 -7.110893683216915815e+04 0.000000000000000000e+00 6.037695480460638646e+04
3.275181733526948968e-01 -7.981346607737874446e-06 -3.632209996297667658e+03 1.821789817428730006e-05 7.518859089226212745e+03 -2.870866873669474339e-05 1.060679217475009151e+06 0.000000000000000000e+00 -9.473508893002591503e+04 0.000000000000000000e+00 4.853416423546834267e+04
3.325123842131759710e-01 -2.032749717569406748e-06 -2.824183246306163710e+03 4.039438541323821298e-06 6.467884964017897801e+03 7.299222009349119914e-06 1.050180412713379599e+06 0.000000000000000000e+00 -8.318453073823354498e+04 0.000000000000000000e+00 8.077607166175934253e+04
3.374959366892091861e-01 -2.343640516063483326e-06 -3.102267876537154734e+03 5.615328462757944096e-06 6.978481589181235904e+03 -4.611369318331114807e-06 1.028932908243702492e+06 0.000000000000000000e+00 -9.155219395298321615e+04 0.000000000000000000e+00 4.684417475388011371e+04
3.424919221947719805e-01 -6.348238171832418587e-07 -1.963413312887014854e+03 5.184394506996475021e-06 7.816269024660594368e+03 -5.931126368875480330e-06 1.014422947170157335e+06 0.000000000000000000e+00 -1.017730326613272919e+05 0.000000000000000000e+00 5.749626569102168287e+04
3.475179778446125245e-01 1.762834584408795222e-06 -2.063650145391577098e+03 -2.747948028637239542e-06 5.235662952919266900e+03 7.752284442182343725e-06 9.982158225242590997e+05 0.000000000000000000e+00 -8.990218655863037566e+04 0.000000000000000000e+00 6.435600954030123830e+04
3.525052850529177828e-01 -5.769249960083027581e-06 -2.195646303688328317e+03 -6.268212118792910603e-06 7.385015487785406549e+03 -2.403594273910266701e-05 9.868454933418489527e+05 0.000000000000000000e+00 -9.881780667411783361e+04 0.000000000000000000e+00 3.432529995209963090e+04
3.575133254796376558e-01 -8.465422871749277658e-06 -1.883587187957477227e+03 1.275052861363827963e-05 5.037806715668616562e+03 -4.491876128124257982e-06 9.753217974875642685e+05 0.000000000000000000e+00 -9.675922931532678194e+04 0.000000000000000000e+00 6.253940434272750281e+04
3.625250227669692404e-01 -1.288530177119409747e-06 -2.536413190784520339e+03 5.221212507999547828e-06 5.680517512422827167e+03 -2.495952802077059252e-06 9.633153638307483634e+05 0.000000000000000000e+00 -9.379924035536816518e+04 0.000000000000000000e+00 3.996300316217436921e+04
3.675230446100045678e-01 2.203457732796768891e-06 -2.064922074229600184e+03 -6.206346618951803827e-06 4.792109704087658429e+03 2.890925866312723875e-06 9.554387846816700185e+05 0.000000000000000000e+00 -8.489065931806749722e+04 0.000000000000000000e+00 4.484685746779520559e+04
3.725177060730277545e-01 5.984334963673594815e-06 -1.775258390988621613e+03 -1.092649350015545600e-05 5.032072731431185275e+03 1.095932053077336223e-05 9.421386681914346991e+05 0.000000000000000000e+00 -8.792576087826634466e+04 0.000000000000000000e+00 4.551302784607467765e+04
3.775163034622419089e-01 4.201977644616986813e-06 -7.984591472959089060e+02 3.905684349163224854e-07 4.905285055267857388e+03 1.743079989277414923e-05 9.326224910323332297e+05 0.000000000000000000e+00 -9.353467980499376426e+04 0.000000000000000000e+00 5.267189629088201036e+04
3.825226892977953153e-01 -6.994298986486486832e-07 -1.036601405405405330e+03 1.722181165540540611e-06 4.319446918918918527e+03 -1.337824641047297312e-06 9.268108315675675403e+05 0.000000000000000000e+00 -9.470616908108108328e+04 0.000000000000000000e+00 5.638167870270270214e+04
3.875130067694269043e-01 -9.518654504741834153e-07 -7.991788198103266723e+02 -8.270938981822971846e-06 4.633302002107481712e+03 -1.066346565463646032e-05 9.140677192834563321e+05 0.000000000000000000e+00 -9.849182550052687293e+04 0.000000000000000000e+00 5.062954014752370858e+04
3.924957861003909865e-01 1.039638512534998325e-05 -5.936074662890613354e+02 -6.285601647732758569e-08 2.798315090271296867e+03 1.084580564316287493e-05 9.022588074276703410e+05 0.000000000000000000e+00 -8.146755894828308374e+04 0.000000000000000000e+00 6.898002510217874078e+04
3.975064703251052212e-01 -3.173328983644136334e-06 -1.153516832909980849e+03 4.545211437488383950e-06 4.021096487206492839e+03 -9.741953599335543624e-06 8.970972362059352454e+05 0.000000000000000000e+00 -8.212047332879004534e+04 0.000000000000000000e+00 5.487559601016046508e+04
