3.798113400606732779e-03 -3.289473684210526133e-02 1.809857077894736826e+08 2.960526315789473520e-02 4.949534720000000000e+08 -8.470394736842104533e-02 1.687834273684210479e+08 0.000000000000000000e+00 -1.498904252631578781e+07 0.000000000000000000e+00 4.129736488421052694e+08
8.299341265228576958e-03 -1.101684570312500000e-02 5.175262800000000000e+07 1.972961425781250000e-02 3.188795600000000000e+07 -3.815841674804687500e-02 1.465508800000000000e+08 0.000000000000000000e+00 8.563837600000000000e+07 0.000000000000000000e+00 5.838163600000000000e+07
1.293222767532251419e-02 -1.592356687898089252e-03 2.373673742675159499e+07 4.279458598726114567e-03 4.829600611464967951e+06 -4.602906050955413858e-03 9.726906211464968324e+07 0.000000000000000000e+00 9.318216071337580681e+07 0.000000000000000000e+00 -2.273443872611464933e+07
1.764839556552980082e-02 -3.478167808219177889e-04 1.971201578082191572e+07 -2.555115582191780626e-03 9.751444164383560419e+06 -6.310867936643834927e-03 7.402773041095890105e+07 0.000000000000000000e+00 6.848077852054794133e+07 0.000000000000000000e+00 3.228944832876712084e+07
2.256548662787912635e-02 -1.447306238185255139e-03 1.523777717958412133e+07 1.373464083175803506e-03 -1.242089224952741097e+04 1.524840500945179615e-03 5.890179242344045639e+07 0.000000000000000000e+00 4.701013268809074163e+07 0.000000000000000000e+00 -9.453271833648392931e+06
2.777643688250242340e-02 9.527439024390244233e-05 9.331123199999999255e+06 3.620426829268292646e-04 3.135411200000000186e+06 -1.357660060975609661e-03 4.287122357073170692e+07 0.000000000000000000e+00 4.259997346341463178e+07 0.000000000000000000e+00 2.063916706341463327e+07
3.269804980233311648e-02 -5.175781250000000260e-04 6.156335104000000283e+06 2.356445312500000250e-03 1.438797440000000061e+05 -7.312011718750000260e-04 3.171697254399999976e+07 0.000000000000000000e+00 2.647878246400000155e+07 0.000000000000000000e+00 4.888261760000000359e+05
3.761648458559932462e-02 0.000000000000000000e+00 4.449310726904922165e+06 2.686699258260283351e-04 9.223243263654754264e+05 1.143164194200944070e-03 2.643813882130815834e+07 0.000000000000000000e+00 2.444757396628455818e+07 0.000000000000000000e+00 1.130461544436952099e+07
4.263843696389812976e-02 6.539481026785714092e-05 2.906787428571428638e+06 -1.634870256696428455e-04 3.378718571428571013e+05 7.089887346540177642e-04 2.068874971428571269e+07 0.000000000000000000e+00 1.640541828571428545e+07 0.000000000000000000e+00 2.289790285714285448e+06
4.756514582339458480e-02 -4.139636938508504125e-04 2.149012263410379644e+06 9.361030854775403889e-04 -6.012517400784997881e+04 -1.251473574465765447e-03 1.684464369821194932e+07 0.000000000000000000e+00 1.263257041779328510e+07 0.000000000000000000e+00 3.512931251635412336e+05
5.262096060748640974e-02 9.326720505617977269e-05 1.722568808988763951e+06 -1.344145014044943851e-04 2.388454606741573079e+05 2.955747454353932621e-04 1.437871460674157180e+07 0.000000000000000000e+00 1.173132080898876302e+07 0.000000000000000000e+00 2.929055820224719122e+06
5.756031740041873956e-02 -1.492641939975247495e-04 1.347444118811881170e+06 5.617047300433168156e-04 -6.938655631188119060e+02 -8.071295105584777281e-04 1.262137916831683181e+07 0.000000000000000000e+00 8.797075643564356491e+06 0.000000000000000000e+00 5.831179009900990641e+05
6.254738279606215923e-02 2.031211675251410123e-04 1.155824992886926513e+06 -9.006315918567573060e-05 1.772442246750061167e+05 5.216956401766003953e-04 1.120528664802550897e+07 0.000000000000000000e+00 8.204804897718910128e+06 0.000000000000000000e+00 2.278807640912435483e+06
6.757793472572401483e-02 -8.581392794376097477e-05 9.215663128295254428e+05 -7.379997803163444237e-05 7.476340246045694221e+04 -2.655941069859402539e-04 9.918752843585235998e+06 0.000000000000000000e+00 6.546089616871704347e+06 0.000000000000000000e+00 9.644733919156414049e+04
7.255917516659465827e-02 -1.743537288450809164e-04 7.307106505486330716e+05 5.346847684582481039e-04 5.790576455272456951e+04 -7.613446159568532925e-04 8.956100915752278641e+06 0.000000000000000000e+00 6.165720531151199713e+06 0.000000000000000000e+00 5.564599680119025288e+05
7.753384299139773339e-02 -6.865688818212253816e-06 5.332560990960830823e+05 2.501072355205892467e-05 3.432198861734181719e+03 2.329430134750585889e-06 7.999302192166053690e+06 0.000000000000000000e+00 5.347815831268832088e+06 0.000000000000000000e+00 8.163189501171744196e+05
8.251793356505521260e-02 -7.615395642201835285e-05 5.068599633027522941e+05 2.413408471903669757e-04 8.106242201834863226e+04 -2.199225469466743114e-04 7.317645504587156698e+06 0.000000000000000000e+00 4.450222678899082355e+06 0.000000000000000000e+00 -8.171693577981651470e+04
8.752751931716111489e-02 5.213732668135285977e-05 3.537602861215498415e+05 -9.440399442788649585e-05 7.566208215627835307e+04 1.287614803356226724e-04 6.364367135415317491e+06 0.000000000000000000e+00 3.772555063366593327e+06 0.000000000000000000e+00 9.502684172605935019e+05
9.254701955136974967e-02 -4.094974931631722997e-05 2.968224029170465074e+05 9.169182999088422187e-05 3.697796900638104125e+04 -2.619448638331813755e-04 5.829594661804921925e+06 0.000000000000000000e+00 3.169786399270738475e+06 0.000000000000000000e+00 4.115084193254329730e+05
9.754963178921903511e-02 9.813671098084370806e-05 2.256954472940437554e+05 -2.780540144457238711e-05 -1.637654851878990848e+04 -2.003624515858892446e-05 5.371037249869151041e+06 0.000000000000000000e+00 2.815288248717680108e+06 0.000000000000000000e+00 -2.894724756620956759e+04
1.025319613041059119e-01 3.865941604127579522e-05 1.847435767354596755e+05 -1.648063731238273884e-04 2.210487054409005577e+04 1.229635099085365862e-04 4.798707224015009589e+06 0.000000000000000000e+00 2.407069730581613723e+06 0.000000000000000000e+00 4.911140502814258798e+05
1.075116003998943526e-01 9.085867505168849115e-06 1.781956278428669902e+05 -1.463834209166092329e-05 3.673348035837353382e+04 5.270644437026188704e-05 4.508461342522398569e+06 0.000000000000000000e+00 2.268303084769124631e+06 0.000000000000000000e+00 -2.132634045485871866e+03
1.125102861506304813e-01 1.045481226327587647e-05 1.546090994821056083e+05 -1.377619666460539572e-06 4.141627641647986457e+04 1.490376892585220765e-05 4.211437102264822461e+06 0.000000000000000000e+00 2.076062364999613725e+06 0.000000000000000000e+00 5.331928106979980366e+05
1.175500852175193622e-01 -1.859441113461811907e-05 1.224604454558384314e+05 8.259842294392689467e-05 1.088211747973261299e+04 -3.428290297543912593e-05 4.053258231261556037e+06 0.000000000000000000e+00 2.014956156450007111e+06 0.000000000000000000e+00 3.602507296259422437e+05
1.225369446564099490e-01 1.784384309831181867e-05 1.006818425686858682e+05 -1.874896557431314324e-05 8.085365110890434153e+03 4.599961726249586849e-05 3.763305552333664615e+06 0.000000000000000000e+00 1.528790579013571842e+06 0.000000000000000000e+00 1.737488354849387833e+05
1.275260957852891452e-01 2.060658197914140129e-05 9.185349696822701662e+04 2.617272768615086165e-05 4.950756245452340409e+03 4.538777323853989955e-05 3.690112527771040332e+06 0.000000000000000000e+00 1.608377278680572286e+06 0.000000000000000000e+00 2.762700402619451634e+05
1.325302087090364789e-01 1.742589501150328167e-05 7.141981976320072135e+04 -3.567376620279445732e-05 3.689131249649290112e+03 3.886577370097076467e-05 3.414483382077324204e+06 0.000000000000000000e+00 1.322193672633409966e+06 0.000000000000000000e+00 -8.522350754727568710e+04
1.375062694904859717e-01 -2.626058544251583894e-05 6.073817613516367419e+04 5.203939919235084084e-05 8.370819852164730037e+03 -5.449619313353847375e-05 3.243203284477296751e+06 0.000000000000000000e+00 1.327158497993664118e+06 0.000000000000000000e+00 2.437210829989440390e+05
1.425134422753508989e-01 3.759772655350115139e-06 5.698605336916874512e+04 7.646457776842063609e-05 9.876372432328662399e+03 -1.042020552033402200e-04 3.098893318487233482e+06 0.000000000000000000e+00 1.250550809752351604e+06 0.000000000000000000e+00 5.285551622192359355e+04
1.475259222195813014e-01 2.046647911066563436e-05 4.142191152216502087e+04 -3.141159620028247010e-05 9.261811654289489525e+03 -6.765061192992847291e-05 2.916074690965419635e+06 0.000000000000000000e+00 1.110741650189074688e+06 0.000000000000000000e+00 9.554925035309125087e+04
1.525299430011916868e-01 4.788689972945553082e-06 4.326424078457896394e+04 4.045617390936760465e-06 1.827866215759215265e+04 -1.797822830360162289e-05 2.814034591816029511e+06 0.000000000000000000e+00 9.824498234697327716e+05 0.000000000000000000e+00 2.210110896178559342e+05
1.574945685492469272e-01 -1.137420633315808544e-05 3.549512419622275047e+04 6.903511343875115536e-05 1.010028681198689628e+04 -4.150795436162898425e-05 2.655219286448012106e+06 0.000000000000000000e+00 1.093762365673150634e+06 0.000000000000000000e+00 1.476323642981356243e+05
1.625189323163163113e-01 -6.807424726277373165e-06 2.937101547445255710e+04 -1.776702212591241118e-05 1.136788554744525572e+04 4.160637403056569635e-05 2.533197510072993115e+06 0.000000000000000000e+00 8.871089891970803728e+05 0.000000000000000000e+00 2.215876391240876110e+05
1.675461007718098694e-01 1.112257972665148011e-06 2.694886332574031621e+04 -6.117418849658314167e-06 1.366991230068337063e+04 2.349644967255125309e-05 2.442425002277904190e+06 0.000000000000000000e+00 8.309069703872436658e+05 0.000000000000000000e+00 6.120966287015945272e+04
1.725292014006662711e-01 -1.953961952401358235e-05 2.085740317104525820e+04 4.255581056136071547e-05 2.125320236015426781e+04 -6.034104909021986902e-05 2.353080913735702634e+06 0.000000000000000000e+00 7.688306224082803819e+05 0.000000000000000000e+00 1.298704362329828436e+05
1.775301965061671094e-01 2.467903087140333276e-05 1.573970116102978318e+04 -7.241955313761989433e-05 1.049079151943462966e+04 7.987178858333858413e-05 2.246117120646138210e+06 0.000000000000000000e+00 6.867037173144876724e+05 0.000000000000000000e+00 5.162180716809692240e+04
1.825147654490652804e-01 -9.809189340896333560e-06 1.463915908889479761e+04 1.442527844249460892e-06 1.041313220479186930e+04 -2.409021499896599508e-06 2.212694800555408001e+06 0.000000000000000000e+00 6.558532286330467323e+05 0.000000000000000000e+00 4.358314349020650843e+04
1.875360723572403465e-01 1.042030377094972120e-05 1.006272625698324009e+04 3.592549755586591913e-05 1.174767821229050242e+04 5.489754277234637011e-06 2.142938186368715018e+06 0.000000000000000000e+00 6.341515298324022442e+05 0.000000000000000000e+00 1.106207392178770970e+05
1.925323683450522461e-01 9.020939876298596390e-07 7.128804112670021823e+03 2.870358478030951959e-05 1.214846396058691244e+04 4.090473280865106625e-06 2.072090375923744170e+06 0.000000000000000000e+00 5.481827773374745157e+05 0.000000000000000000e+00 6.642696197922244028e+04
1.975198663583639380e-01 -6.866937523713165439e-06 5.991308157328948255e+03 8.274906728215504679e-06 8.628903806753509343e+03 -6.428490973188313764e-06 2.030543901656759670e+06 0.000000000000000000e+00 5.304058916909067193e+05 0.000000000000000000e+00 1.425974845579865796e+05
2.025153694923672032e-01 1.342855893563639943e-06 2.602067355013027282e+03 -1.805787793713210522e-05 1.054613683296342788e+04 -5.928002003823700151e-06 1.943136985042941291e+06 0.000000000000000000e+00 4.810156749975876301e+05 0.000000000000000000e+00 4.772155707806620194e+04
2.075088499274508613e-01 6.082690237926218101e-06 1.535546497515400006e+03 -1.556453090292885325e-05 5.317187386933523157e+03 -3.130796445991435413e-07 1.899398369369575754e+06 0.000000000000000000e+00 4.676206011587167159e+05 0.000000000000000000e+00 6.585379431633424247e+04
2.125178062418619784e-01 -5.667778517193227770e-06 1.707730843079071519e+03 5.646471079158666926e-06 8.212183627160062315e+03 -3.123137729915779760e-05 1.832823979053936200e+06 0.000000000000000000e+00 4.117379954616861651e+05 0.000000000000000000e+00 5.942115133531157335e+04
2.175004174234404231e-01 -6.000257764497938124e-06 -4.464056476727548102e+02 8.425019463849844881e-06 9.486562410571501459e+03 -1.334646376041579055e-05 1.786087501052099979e+06 0.000000000000000000e+00 3.984916555845467956e+05 0.000000000000000000e+00 7.284846730073226354e+03
2.225093171556767890e-01 3.385965603514509109e-06 -6.925176414964244032e+02 -3.462919367230748346e-05 9.355008136167531120e+03 2.220116083213490900e-05 1.726301042769055115e+06 0.000000000000000000e+00 4.131256698646598961e+05 0.000000000000000000e+00 9.808542589783495350e+04
2.275289586476768322e-01 -8.707296131180163157e-06 -4.580851063829787563e+03 2.176824032795040705e-05 6.058468697382520077e+03 -4.493319822200750476e-05 1.699811786315628327e+06 0.000000000000000000e+00 3.908739507117710309e+05 0.000000000000000000e+00 -1.109550405632940419e+04
2.325285406108919262e-01 -8.491384406890656097e-06 -1.978084223164098830e+03 1.422928642242555566e-05 9.238119367689592764e+03 -3.396109652693140197e-05 1.646049274225529050e+06 0.000000000000000000e+00 3.311979940698161372e+05 0.000000000000000000e+00 4.749674320120787161e+04
2.375276552426477672e-01 6.265517885392863789e-07 -4.465738934786430036e+03 2.828065949639655685e-06 9.205145649499034334e+03 -2.554485973479521977e-06 1.598357694076287560e+06 0.000000000000000000e+00 3.473490078396906611e+05 0.000000000000000000e+00 3.034977198101599788e+04
2.424991024241769377e-01 -8.795706679553628042e-06 -1.921974710043388086e+03 1.597158546545000214e-05 7.450152989043270281e+03 -2.123190442036111672e-05 1.569267751692468766e+06 0.000000000000000000e+00 3.001121628821771592e+05 0.000000000000000000e+00 8.313037934934918667e+03
2.474998551644826128e-01 8.630523535062440018e-06 -4.268196990073646703e+03 -2.357758965738072465e-05 4.916618123599103455e+03 2.986286223182836931e-06 1.528575131091898773e+06 0.000000000000000000e+00 2.871506505283381557e+05 0.000000000000000000e+00 4.953457367915465875e+04
2.525200307756395035e-01 1.132727922981750823e-06 -5.241255057222394498e+03 -4.064982939607176350e-05 1.281552687905969833e+04 1.454611441095731571e-05 1.500754762511599343e+06 0.000000000000000000e+00 2.870798728116300772e+05 0.000000000000000000e+00 5.514101033096195897e+04
2.575182250600202005e-01 3.667293793308993231e-06 -5.334495134490723103e+03 9.110023470680276544e-06 6.619764488488190182e+03 1.191870482825422768e-05 1.472242727904031053e+06 0.000000000000000000e+00 2.594957151926085935e+05 0.000000000000000000e+00 2.610919412860442390e+04
2.625255687975799335e-01 -9.499852014035487381e-06 -5.007802818508586824e+03 1.728638760911736281e-05 7.106903862611969998e+03 -3.468072808203057859e-05 1.432676547954584239e+06 0.000000000000000000e+00 2.655170596222970053e+05 0.000000000000000000e+00 6.698008421292861749e+04
2.675305520911575030e-01 -3.883542066527664345e-06 -4.272150011736926899e+03 -1.423965424393476983e-05 7.943739633531709842e+03 1.175850236809765047e-05 1.401504589884149609e+06 0.000000000000000000e+00 2.319215281755291799e+05 0.000000000000000000e+00 5.887347371618729085e+03
2.725404586615198799e-01 3.357304834188395783e-06 -7.481759771513196029e+03 -1.838770032263182754e-05 6.400454011741682734e+03 3.421868388692018786e-05 1.385104308880308876e+06 0.000000000000000000e+00 2.224426204051409441e+05 0.000000000000000000e+00 4.255331464536943531e+04
2.775333197047151201e-01 5.250471734691239998e-06 -5.317080776488225638e+03 -1.221744384418538536e-05 6.421597746012872449e+03 1.441355461783027817e-05 1.370055091994726798e+06 0.000000000000000000e+00 2.276357267299092782e+05 0.000000000000000000e+00 4.575638534908367001e+04
2.825123907298719983e-01 -4.028554004816896651e-06 -5.296038139937009873e+03 -4.354215556104489834e-06 4.967511789044649049e+03 8.078215702772803642e-06 1.336526140628666850e+06 0.000000000000000000e+00 1.952829403322423459e+05 0.000000000000000000e+00 3.833225398629037227e+04
2.875104651677040102e-01 4.914317910092654887e-06 -4.294197663282895519e+03 -1.481090371030154548e-05 8.850820149396666238e+03 1.859655783930356477e-05 1.301743279831449967e+06 0.000000000000000000e+00 1.930368833556789905e+05 0.000000000000000000e+00 4.841738211070675607e+04
2.924971317655564174e-01 -1.207876492619264908e-06 -6.622074651192360761e+03 2.004284778173369251e-05 5.458723416060756790e+03 8.442435812314325185e-06 1.288075501046133926e+06 0.000000000000000000e+00 1.787022102209018485e+05 0.000000000000000000e+00 2.447321263683547295e+04
2.975058823671092867e-01 2.168019048041914573e-07 -4.849305745493295035e+03 -1.055825276396412345e-05 6.780935263298108111e+03 8.287252811140218968e-06 1.264067483882426051e+06 0.000000000000000000e+00 1.500546466566024174e+05 0.000000000000000000e+00 4.862885498623568128e+04
3.025121359101998753e-01 5.688980021399853260e-06 -5.239826034326229092e+03 -4.765444303640136282e-06 6.762865418702174793e+03 1.943251083840408851e-05 1.242588119493320584e+06 0.000000000000000000e+00 1.318080262850719737e+05 0.000000000000000000e+00 1.245837015260905355e+04
3.075010376196579687e-01 -4.388586246538120117e-07 -5.702102691121910539e+03 3.143452474264513806e-06 5.975762637822020224e+03 1.258401591158488889e-05 1.221969352270470932e+06 0.000000000000000000e+00 1.663247611224330030e+05 0.000000000000000000e+00 3.466230100851753377e+04
3.125134169243361515e-01 4.647901401945505930e-06 -4.962425578121858052e+03 -1.707892050667353829e-05 4.907204182585964190e+03 2.084145621708790016e-05 1.205311462055097567e+06 0.000000000000000000e+00 1.266567026744419854e+05 0.000000000000000000e+00 1.255577558817615136e+04
3.175159688234982513e-01 -5.219027222445992695e-06 -4.619466318240315559e+03 1.903409928186185332e-05 6.172661708795472805e+03 -1.289406725545480528e-05 1.188872460315745091e+06 0.000000000000000000e+00 1.253342460531874094e+05 0.000000000000000000e+00 2.074638928785452663e+04
3.225221380836135188e-01 7.835360817443836831e-06 -4.308417594865018145e+03 -1.827943588351897507e-05 4.961338115914669288e+03 2.321340868062110946e-05 1.169952689899943536e+06 0.000000000000000000e+00 1.291983429110817524e+05 0.000000000000000000e+00 2.186745523881442568e+04
3.275181733526948968e-01 4.762086723522537926e-06 -4.837340244353942580e+03 4.599951497275314961e-07 6.378097593483895253e+03 1.037753718466901664e-05 1.154413091447612038e+06 0.000000000000000000e+00 1.126388342095520202e+05 0.000000000000000000e+00 9.888677674935208415e+03
3.325123842131759710e-01 -3.822264426198884332e-06 -4.459217378154549806e+03 4.829952320378590872e-06 7.982160135922503287e+03 -1.088476665006182355e-05 1.133264827063522534e+06 0.000000000000000000e+00 1.072535269932483643e+05 0.000000000000000000e+00 1.711365362889954486e+04
3.374959366892091861e-01 -7.549473395950846619e-06 -3.697108222681568350e+03 1.134666285434476133e-05 5.334517605016992093e+03 -7.927829138479115890e-06 1.116930107697158819e+06 0.000000000000000000e+00 9.255693767298462626e+04 0.000000000000000000e+00 -1.140823151035280171e+04
3.424919221947719805e-01 -1.220815033044695841e-06 -3.736116877380426558e+03 -6.266850502962771422e-07 5.752744934952371295e+03 -1.133323289009825906e-06 1.104832344031536253e+06 0.000000000000000000e+00 9.757445259148755576e+04 0.000000000000000000e+00 1.049618134995707987e+04
3.475179778446125245e-01 1.196494061815924408e-08 -3.238672721926356644e+03 5.338357672468716036e-06 6.648968928676446012e+03 -1.003609248267348858e-05 1.087185152677492006e+06 0.000000000000000000e+00 7.791220779560231313e+04 0.000000000000000000e+00 2.912993655046231288e+04
3.525052850529177828e-01 -3.711031055404758314e-06 -3.019091170365639300e+03 -1.757282352706370876e-05 3.578678588535845392e+03 1.023262239541753230e-05 1.073992454989621649e+06 0.000000000000000000e+00 9.789242165096598910e+04 0.000000000000000000e+00 2.157576420245888585e+04
3.575133254796376558e-01 -2.245470257758428995e-06 -3.677533612833503412e+03 -8.996850832752105692e-06 6.003089238221520645e+03 -7.398824499314024160e-06 1.066677500195445726e+06 0.000000000000000000e+00 8.484217237547041441e+04 0.000000000000000000e+00 4.437614047566126101e+04
3.625250227669692404e-01 -5.514394481252822900e-08 -3.570069085981026547e+03 4.975821953583797322e-06 4.504154916428248725e+03 -2.917574213456181216e-06 1.044271530191236176e+06 0.000000000000000000e+00 8.081019894594186917e+04 0.000000000000000000e+00 2.655384189128143043e+04
3.675230446100045678e-01 -5.553140651313343540e-07 -3.108712201736544102e+03 5.147334219101984011e-06 5.304022454053029833e+03 -3.839142431052205694e-06 1.038598492895625066e+06 0.000000000000000000e+00 7.348275928234514140e+04 0.000000000000000000e+00 2.486654728109121061e+04
3.725177060730277545e-01 2.086970292040711269e-06 -3.257720395677283250e+03 -3.214213443092801171e-06 4.108565612670821793e+03 2.805020689344016309e-06 1.023334859626050689e+06 0.000000000000000000e+00 6.437767648236034438e+04 0.000000000000000000e+00 3.221396763680027652e+04
3.775163034622419089e-01 1.337528541125078379e-06 -2.433894787651443494e+03 2.525226949890016175e-07 4.538134477075734139e+03 -2.626236027885616440e-06 1.018195198543659179e+06 0.000000000000000000e+00 6.345456594562166720e+04 0.000000000000000000e+00 2.861954172154377738e+04
3.825226892977953153e-01 -1.148120777027027074e-06 -1.585076000000000022e+03 3.622519003378378139e-06 5.497702054054054315e+03 -1.374280774915540598e-05 1.005437481513513485e+06 0.000000000000000000e+00 5.721853578378378006e+04 0.000000000000000000e+00 5.549067070270270051e+04
3.875130067694269043e-01 2.701239791886195935e-07 -2.865928134878819947e+03 -5.486089386854584367e-06 4.331634562697576257e+03 1.767061030525553318e-06 9.999193829293993767e+05 0.000000000000000000e+00 6.557549926238146145e+04 0.000000000000000000e+00 3.818288556375131884e+04
3.924957861003909865e-01 -3.268512856821034509e-07 -1.623426022591960873e+03 1.268434412512470667e-05 3.284734245164612730e+03 -1.319662065941492721e-05 9.912572564477199921e+05 0.000000000000000000e+00 6.444895115373475710e+04 0.000000000000000000e+00 4.850417079779873166e+04
3.975064703251052212e-01 1.969339531317762157e-06 -1.896333957003903151e+03 -7.900046368719411576e-06 2.541023034508395085e+03 -3.898596499210086447e-07 9.849593671767548658e+05 0.000000000000000000e+00 6.187254023914255959e+04 0.000000000000000000e+00 4.748227287033022003e+04
