3.798113400606732779e-03 3.596004276315789321e+04 0.000000000000000000e+00 5.538544736842104612e+04 0.000000000000000000e+00 2.823677631578947330e+04
8.299341265228576958e-03 3.352278906250000000e+04 0.000000000000000000e+00 4.362637207031250000e+03 0.000000000000000000e+00 2.073775000000000000e+04
1.293222767532251419e-02 4.397585350318471319e+04 0.000000000000000000e+00 1.884301273885350383e+04 0.000000000000000000e+00 7.171950636942675374e+03
1.764839556552980082e-02 4.704803082191780413e+04 0.000000000000000000e+00 3.434000000000000000e+04 0.000000000000000000e+00 2.899328082191780777e+04
2.256548662787912635e-02 4.141914555765595287e+04 0.000000000000000000e+00 1.965902835538752333e+04 0.000000000000000000e+00 -1.231732419659735388e+04
2.777643688250242340e-02 4.159112682926829439e+04 0.000000000000000000e+00 2.000581951219512121e+04 0.000000000000000000e+00 -3.025959451219512175e+03
3.269804980233311648e-02 3.447578399999999965e+04 0.000000000000000000e+00 1.388115099999999984e+04 0.000000000000000000e+00 -1.695467249999999922e+03
3.761648458559932462e-02 3.103572218476061971e+04 0.000000000000000000e+00 1.775717464598786319e+04 0.000000000000000000e+00 9.319738368172622359e+03
4.263843696389812976e-02 2.822100669642856883e+04 0.000000000000000000e+00 1.307280133928571377e+04 0.000000000000000000e+00 3.250802455357142662e+03
4.756514582339458480e-02 2.507843698211949595e+04 0.000000000000000000e+00 1.196978107283035388e+04 0.000000000000000000e+00 -1.457221870911469750e+03
5.262096060748640974e-02 2.323695505617977324e+04 0.000000000000000000e+00 9.947245084269663494e+03 0.000000000000000000e+00 9.696232443820224489e+02
5.756031740041873956e-02 2.238778960396039474e+04 0.000000000000000000e+00 1.054847896039603984e+04 0.000000000000000000e+00 1.926562964108910819e+03
6.254738279606215923e-02 2.077040961491292546e+04 0.000000000000000000e+00 1.015458032867304246e+04 0.000000000000000000e+00 1.692790777532499305e+03
6.757793472572401483e-02 1.972980492091388442e+04 0.000000000000000000e+00 9.063555360281194226e+03 0.000000000000000000e+00 1.905045035149384830e+03
7.255917516659465827e-02 1.893600743909243101e+04 0.000000000000000000e+00 8.853447647387018151e+03 0.000000000000000000e+00 4.667670634182629783e+02
7.753384299139773339e-02 1.728035754938064929e+04 0.000000000000000000e+00 6.695234683629059873e+03 0.000000000000000000e+00 6.383565450284567078e+02
8.251793356505521260e-02 1.599558486238532168e+04 0.000000000000000000e+00 6.243752293577981618e+03 0.000000000000000000e+00 2.790989643061926699e+02
8.752751931716111489e-02 1.462823480627186837e+04 0.000000000000000000e+00 6.329674225735389882e+03 0.000000000000000000e+00 1.150135415316833132e+03
9.254701955136974967e-02 1.345730173199635283e+04 0.000000000000000000e+00 5.635394257064721387e+03 0.000000000000000000e+00 5.220205674567000642e+02
9.754963178921903511e-02 1.252979461949126016e+04 0.000000000000000000e+00 5.839897833141421870e+03 0.000000000000000000e+00 1.149392965560556831e+03
1.025319613041059119e-01 1.181309793621013159e+04 0.000000000000000000e+00 4.883645778611632522e+03 0.000000000000000000e+00 2.703234756097560876e+02
1.075116003998943526e-01 1.090296691936595380e+04 0.000000000000000000e+00 4.768980013783597315e+03 0.000000000000000000e+00 -2.901627649035147982e+01
1.125102861506304813e-01 1.045490484656411900e+04 0.000000000000000000e+00 3.920872536136662347e+03 0.000000000000000000e+00 7.804416789054649826e+02
1.175500852175193622e-01 1.007767998862181776e+04 0.000000000000000000e+00 3.767968994453136474e+03 0.000000000000000000e+00 6.259531005546864435e+01
1.225369446564099490e-01 9.773244885799404074e+03 0.000000000000000000e+00 3.872981396888447762e+03 0.000000000000000000e+00 -3.871477159880834762e+01
1.275260957852891452e-01 9.493024496725684003e+03 0.000000000000000000e+00 3.733390492359932068e+03 0.000000000000000000e+00 4.096322156196943638e+02
1.325302087090364789e-01 9.207482408394589584e+03 0.000000000000000000e+00 3.403156051848942298e+03 0.000000000000000000e+00 7.760641939285112301e+01
1.375062694904859717e-01 8.746938965153114623e+03 0.000000000000000000e+00 3.351936642027455036e+03 0.000000000000000000e+00 7.631356388595564795e+02
1.425134422753508989e-01 8.370915722787483901e+03 0.000000000000000000e+00 3.473457477442887011e+03 0.000000000000000000e+00 2.122486801689383640e+02
1.475259222195813014e-01 7.849442252494419336e+03 0.000000000000000000e+00 2.829768827737026641e+03 0.000000000000000000e+00 1.019182650690236471e+02
1.525299430011916868e-01 7.644239431856611191e+03 0.000000000000000000e+00 3.006039228948258369e+03 0.000000000000000000e+00 4.671014964491038199e+02
1.574945685492469272e-01 7.220576697537104337e+03 0.000000000000000000e+00 2.863829498119464461e+03 0.000000000000000000e+00 1.585333845593885087e+02
1.625189323163163113e-01 6.913745985401460530e+03 0.000000000000000000e+00 2.685663649635036563e+03 0.000000000000000000e+00 3.841202919708029526e+02
1.675461007718098694e-01 6.608071184510250532e+03 0.000000000000000000e+00 2.635614179954441624e+03 0.000000000000000000e+00 1.374883524345102330e+02
1.725292014006662711e-01 6.389118502159079981e+03 0.000000000000000000e+00 2.396511982068102043e+03 0.000000000000000000e+00 2.984828097702475702e+02
1.775301965061671094e-01 6.286100454316001560e+03 0.000000000000000000e+00 2.211329883897021773e+03 0.000000000000000000e+00 3.040383013629480047e+02
1.825147654490652804e-01 6.106286625897368140e+03 0.000000000000000000e+00 2.107549174273981407e+03 0.000000000000000000e+00 5.909037194599545018e+01
1.875360723572403465e-01 5.947997765363128565e+03 0.000000000000000000e+00 2.159163798882681476e+03 0.000000000000000000e+00 3.119815642458100342e+02
1.925323683450522461e-01 5.802353218378493693e+03 0.000000000000000000e+00 2.078069401306629516e+03 0.000000000000000000e+00 1.936419620863232183e+02
1.975198663583639380e-01 5.615030327557859891e+03 0.000000000000000000e+00 1.851672088023270362e+03 0.000000000000000000e+00 3.830280763880106178e+02
2.025153694923672032e-01 5.476192994306667970e+03 0.000000000000000000e+00 1.817557464054810453e+03 0.000000000000000000e+00 2.034913152561999539e+02
2.075088499274508613e-01 5.317270924454418491e+03 0.000000000000000000e+00 1.704607112597036803e+03 0.000000000000000000e+00 2.871065572831986046e+01
2.125178062418619784e-01 5.171622621748996607e+03 0.000000000000000000e+00 1.704367428870658159e+03 0.000000000000000000e+00 2.008235294117647243e+02
2.175004174234404231e-01 5.036826529753388058e+03 0.000000000000000000e+00 1.823883343152933321e+03 0.000000000000000000e+00 6.802200993182391642e+01
2.225093171556767890e-01 4.893929434014302387e+03 0.000000000000000000e+00 1.614107681093753172e+03 0.000000000000000000e+00 2.274873426449439648e+02
2.275289586476768322e-01 4.716405326802388117e+03 0.000000000000000000e+00 1.497266340119393817e+03 0.000000000000000000e+00 1.621519975508954587e+02
2.325285406108919262e-01 4.654578793225765367e+03 0.000000000000000000e+00 1.555488985501973730e+03 0.000000000000000000e+00 9.836249613446601359e+01
2.375276552426477672e-01 4.526716681314817833e+03 0.000000000000000000e+00 1.453309474424327618e+03 0.000000000000000000e+00 2.506145895587976895e+02
2.424991024241769377e-01 4.459776948660375638e+03 0.000000000000000000e+00 1.313900292066922248e+03 0.000000000000000000e+00 -7.809054074586801164e+01
2.474998551644826128e-01 4.349612552033301654e+03 0.000000000000000000e+00 1.377462055715657925e+03 0.000000000000000000e+00 1.802626000640409814e+02
2.525200307756395035e-01 4.252681224868543723e+03 0.000000000000000000e+00 1.319166470770182514e+03 0.000000000000000000e+00 4.538599211258893007e+01
2.575182250600202005e-01 4.209564831234632038e+03 0.000000000000000000e+00 1.338029535802101236e+03 0.000000000000000000e+00 1.214566202220400868e+02
2.625255687975799335e-01 4.124713185371141662e+03 0.000000000000000000e+00 1.228553089519027708e+03 0.000000000000000000e+00 1.787175785930278948e+02
2.675305520911575030e-01 4.015361732094281706e+03 0.000000000000000000e+00 1.113028541445160954e+03 0.000000000000000000e+00 1.298686292649921938e+02
2.725404586615198799e-01 3.972291320674882172e+03 0.000000000000000000e+00 1.183890516739831810e+03 0.000000000000000000e+00 1.621064949489606875e+02
2.775333197047151201e-01 3.878606043373742978e+03 0.000000000000000000e+00 1.101332127071109198e+03 0.000000000000000000e+00 9.164083542275182026e+01
2.825123907298719983e-01 3.811107713209411486e+03 0.000000000000000000e+00 1.045883431112209109e+03 0.000000000000000000e+00 5.641945902550484959e+01
2.875104651677040102e-01 3.733003639149588253e+03 0.000000000000000000e+00 1.003466194215667429e+03 0.000000000000000000e+00 5.786987047500478809e+01
2.924971317655564174e-01 3.671978268157070033e+03 0.000000000000000000e+00 1.010831427943913241e+03 0.000000000000000000e+00 1.656745107445468079e+01
2.975058823671092867e-01 3.637614776662818258e+03 0.000000000000000000e+00 9.507859870348992217e+02 0.000000000000000000e+00 3.803158300772577860e+01
3.025121359101998753e-01 3.557664778868185294e+03 0.000000000000000000e+00 9.531777268600578736e+02 0.000000000000000000e+00 -4.913836545112619802e+00
3.075010376196579687e-01 3.497260385640382538e+03 0.000000000000000000e+00 9.213678214976224581e+02 0.000000000000000000e+00 1.018019229764330902e+02
3.125134169243361515e-01 3.430557651317112686e+03 0.000000000000000000e+00 8.204563040418258879e+02 0.000000000000000000e+00 -2.733218630605268373e+01
3.175159688234982513e-01 3.374019942824021655e+03 0.000000000000000000e+00 8.351125738031850005e+02 0.000000000000000000e+00 7.053501783065300401e+01
3.225221380836135188e-01 3.329077138002643096e+03 0.000000000000000000e+00 8.310789503492543417e+02 0.000000000000000000e+00 3.635702520294506712e+01
3.275181733526948968e-01 3.299230507219548144e+03 0.000000000000000000e+00 8.168400592373195650e+02 0.000000000000000000e+00 -6.357560162902628775e+01
3.325123842131759710e-01 3.218507948086143642e+03 0.000000000000000000e+00 7.248858802494285101e+02 0.000000000000000000e+00 5.854893832783297825e+01
3.374959366892091861e-01 3.187095119644046008e+03 0.000000000000000000e+00 7.315525347720982836e+02 0.000000000000000000e+00 -4.750159408611568779e+01
3.424919221947719805e-01 3.131715607263999573e+03 0.000000000000000000e+00 7.184567918725883828e+02 0.000000000000000000e+00 4.449121169440532242e+01
3.475179778446125245e-01 3.100873917731237725e+03 0.000000000000000000e+00 7.212461855131178936e+02 0.000000000000000000e+00 7.140891789459926997e+01
3.525052850529177828e-01 3.049470221938368013e+03 0.000000000000000000e+00 6.841815743254031759e+02 0.000000000000000000e+00 -9.918331869711000337e+00
3.575133254796376558e-01 3.024942186386246703e+03 0.000000000000000000e+00 6.668321389427535451e+02 0.000000000000000000e+00 6.551979367062412507e+01
3.625250227669692404e-01 2.985651558500225747e+03 0.000000000000000000e+00 6.323538623701249435e+02 0.000000000000000000e+00 3.406236259599457838e+01
3.675230446100045678e-01 2.947019691038062774e+03 0.000000000000000000e+00 6.241926382783282179e+02 0.000000000000000000e+00 3.853584993693910832e+01
3.725177060730277545e-01 2.892945966035794299e+03 0.000000000000000000e+00 5.774310137800903249e+02 0.000000000000000000e+00 5.572231116701927078e+01
3.775163034622419089e-01 2.883199315961136563e+03 0.000000000000000000e+00 5.727046427758738218e+02 0.000000000000000000e+00 2.618605926038297937e+01
3.825226892977953153e-01 2.860637189189189030e+03 0.000000000000000000e+00 5.459090810810811263e+02 0.000000000000000000e+00 8.058002027027026770e+01
3.875130067694269043e-01 2.802077555321391173e+03 0.000000000000000000e+00 5.522997892518441176e+02 0.000000000000000000e+00 2.616445929926238279e+01
3.924957861003909865e-01 2.792104991471695939e+03 0.000000000000000000e+00 5.599785279824928921e+02 0.000000000000000000e+00 8.724083287741770221e+01
3.975064703251052212e-01 2.757149817235611408e+03 0.000000000000000000e+00 5.193187039216901439e+02 0.000000000000000000e+00 1.060487330400842581e+02
