3.798113400606732779e-03 7.236842105263158187e-02 2.788090341052631140e+08 -1.809210526315789269e-01 -2.993748884210526198e+07 2.179276315789473450e-01 1.911073953684210479e+08 0.000000000000000000e+00 9.136386694736841321e+07 0.000000000000000000e+00 -2.053412378947368264e+08
8.299341265228576958e-03 -1.171875000000000000e-02 5.985961600000000000e+07 2.734375000000000000e-02 -1.536108000000000000e+07 -4.199218750000000000e-02 2.338632160000000000e+08 0.000000000000000000e+00 8.985100800000000000e+07 0.000000000000000000e+00 1.790707840000000000e+08
1.293222767532251419e-02 5.996218152866242442e-03 3.982821910828025639e+07 -1.339818869426751685e-02 1.252638878980891779e+06 1.346972034235668914e-02 1.250856829554140121e+08 0.000000000000000000e+00 5.120923882802548259e+07 0.000000000000000000e+00 -3.620086868789809197e+07
1.764839556552980082e-02 -2.809289383561643788e-03 2.880728197260273993e+07 5.524935787671232841e-03 8.562842301369862631e+06 -3.006608518835616421e-03 1.065898432876712233e+08 0.000000000000000000e+00 7.248751517808218300e+07 0.000000000000000000e+00 4.040045063013698161e+07
2.256548662787912635e-02 1.476843100189035923e-03 2.066844116446124762e+07 -6.645793950850661762e-03 3.184440136105860118e+06 7.790347353497164250e-03 7.505940131568998098e+07 0.000000000000000000e+00 6.327721085822306573e+07 0.000000000000000000e+00 -1.860831213610586012e+06
2.777643688250242340e-02 -1.810213414634146323e-04 1.348473880975609832e+07 -2.334222560975609661e-04 1.058249990243902430e+06 -2.024580792682926933e-05 5.544409038048780710e+07 0.000000000000000000e+00 3.893368132682926953e+07 0.000000000000000000e+00 4.725098770731707104e+06
3.269804980233311648e-02 -1.097656250000000108e-03 1.014501683200000040e+07 3.650390624999999990e-03 1.077599615999999922e+06 -3.634277343750000246e-03 4.672696729600000381e+07 0.000000000000000000e+00 3.491593420800000429e+07 0.000000000000000000e+00 -8.442439679999999702e+06
3.761648458559932462e-02 1.132628118678354658e-04 5.862632005394470878e+06 -9.680019386378961588e-04 6.092603641267700586e+05 1.306802617161159771e-03 3.542809927983816713e+07 0.000000000000000000e+00 2.411839974106540903e+07 0.000000000000000000e+00 5.225262090357383713e+06
4.263843696389812976e-02 7.934570312500000000e-04 4.806298285714285448e+06 -1.320975167410714255e-03 6.672880714285713620e+05 9.950910295758927642e-04 3.091394742857142538e+07 0.000000000000000000e+00 2.461384685714285448e+07 0.000000000000000000e+00 5.885297714285713620e+06
4.756514582339458480e-02 -5.993316956498037510e-04 3.811394986480593216e+06 1.212132117449847470e-03 5.793857758395115379e+05 -1.930752540851232062e-03 2.527081593022241816e+07 0.000000000000000000e+00 1.966812564151766151e+07 0.000000000000000000e+00 2.787672254688181565e+05
5.262096060748640974e-02 -4.389044943820224597e-04 2.699641528089887463e+06 8.394048455056179678e-04 7.206113258426965913e+05 -1.425068030196629089e-03 2.123678346067415550e+07 0.000000000000000000e+00 1.546072593258426897e+07 0.000000000000000000e+00 6.030088269662921317e+06
5.756031740041873956e-02 -1.229767752165841592e-04 2.050566495049505029e+06 3.944623588335395884e-04 2.068992475247524853e+05 -5.576634170985458232e-04 1.797381956435643509e+07 0.000000000000000000e+00 1.312435326732673310e+07 0.000000000000000000e+00 2.445845544554455671e+06
6.254738279606215923e-02 -4.335487184204071250e-05 1.648041473632572917e+06 -6.274479933161637496e-04 6.456011773362765962e+04 2.675845923013244875e-04 1.598603698013244942e+07 0.000000000000000000e+00 1.066080598086828552e+07 0.000000000000000000e+00 1.609575793966151541e+06
6.757793472572401483e-02 1.630464630931458588e-04 1.394721405975395348e+06 -1.300081008347978744e-04 2.807243022847099928e+05 5.990884844573813369e-04 1.417938108963092975e+07 0.000000000000000000e+00 9.343958608084358275e+06 0.000000000000000000e+00 9.378976731107204687e+05
7.255917516659465827e-02 6.640425219685698165e-05 1.131230149153803242e+06 -2.008813762611586537e-04 1.020676094476473954e+05 4.013739754902245749e-04 1.280734720476101898e+07 0.000000000000000000e+00 8.830948576529663056e+06 0.000000000000000000e+00 8.425053792077366961e+05
7.753384299139773339e-02 -1.307750251088048285e-06 8.987704907934382791e+05 1.915854117843990626e-04 1.191910974221627112e+05 -2.659637073150318228e-04 1.114702402678272501e+07 0.000000000000000000e+00 6.840893193170405924e+06 0.000000000000000000e+00 1.166055831268831622e+06
8.251793356505521260e-02 2.259420692373853286e-04 6.710260550458716461e+05 -6.163710847907110171e-04 6.436090366972477204e+04 6.824808383206708686e-04 1.000186245871559717e+07 0.000000000000000000e+00 5.588790605504587293e+06 0.000000000000000000e+00 2.804607706422018236e+05
8.752751931716111489e-02 6.884151872489310429e-05 5.408755526759104105e+05 -1.240159712323441940e-04 8.811808941298432183e+04 8.136966275754827752e-05 8.758241082285862416e+06 0.000000000000000000e+00 4.668396493974342942e+06 0.000000000000000000e+00 9.830398673059479333e+05
9.254701955136974967e-02 7.121695533272561027e-05 4.609162734731084784e+05 -2.946601526891522030e-04 1.041500164083865093e+05 3.215890639243390754e-04 7.767476856882406399e+06 0.000000000000000000e+00 3.706543256153144874e+06 0.000000000000000000e+00 -1.224740638103919773e+05
9.754963178921903511e-02 -4.007249031717784892e-05 3.543135132419135189e+05 1.128572176279702717e-04 4.968368303150842985e+04 -1.457739061027949292e-04 7.142189154401758686e+06 0.000000000000000000e+00 3.361921165707107633e+06 0.000000000000000000e+00 3.820025675703967572e+05
1.025319613041059119e-01 -3.939229596622889091e-06 2.978007174484052812e+05 -2.514694242495309535e-05 9.111606754221388837e+04 4.574773906543152228e-05 6.397199273545966484e+06 0.000000000000000000e+00 3.128541514446529094e+06 0.000000000000000000e+00 1.220535474671669799e+05
1.075116003998943526e-01 2.540677765334252206e-05 2.461698690558235685e+05 -2.919255578049620792e-05 4.904860647829083609e+04 1.928643634777739364e-05 5.891994729152308777e+06 0.000000000000000000e+00 2.447773022742935922e+06 0.000000000000000000e+00 -6.523999448656099412e+04
1.125102861506304813e-01 4.068695891628662227e-05 2.298690626884130761e+05 -6.729577713148334969e-05 5.074205642730154068e+04 1.096906070041354339e-04 5.580302762000463903e+06 0.000000000000000000e+00 2.119393625106284395e+06 0.000000000000000000e+00 1.996443935997526569e+04
1.175500852175193622e-01 -3.729299263973830472e-05 1.673349588963163260e+05 8.295433837647560804e-05 4.419369307353150361e+04 -1.451006452451642685e-04 5.067631670032712631e+06 0.000000000000000000e+00 1.974236318020196399e+06 0.000000000000000000e+00 1.072214273929739720e+05
1.225369446564099490e-01 1.341520812644819599e-06 1.358372607745779678e+05 1.207772803914266830e-04 3.223138510427010988e+04 -9.954326873344919544e-06 4.781949974710361101e+06 0.000000000000000000e+00 1.708388722144985106e+06 0.000000000000000000e+00 1.280277608738828276e+05
1.275260957852891452e-01 2.279751167232597453e-05 1.099856221198156709e+05 -2.667604937242299302e-05 4.270170652437545505e+04 4.283415585965922781e-05 4.495764831433421932e+06 0.000000000000000000e+00 1.600061966529226163e+06 0.000000000000000000e+00 9.090296580160077428e+04
1.325302087090364789e-01 4.915417555131586556e-05 9.881882273722013633e+04 -1.115695668032096888e-04 2.077870198080915725e+04 1.384755870882666375e-04 4.291787466921048239e+06 0.000000000000000000e+00 1.477471398462488083e+06 0.000000000000000000e+00 -2.249788362044778478e+05
1.375062694904859717e-01 -3.238021383315733563e-05 7.397255839493135863e+04 4.382672254487856000e-05 2.955914340021119278e+04 -7.566554745248151514e-05 4.021948904751847964e+06 0.000000000000000000e+00 1.302421599155226955e+06 0.000000000000000000e+00 1.954536346356916474e+05
1.425134422753508989e-01 1.776335129103474663e-05 7.616953426761373703e+04 -9.465194705077749349e-05 3.456262008062967652e+04 4.889022642601746990e-05 3.800430626991745085e+06 0.000000000000000000e+00 1.101141366097139427e+06 0.000000000000000000e+00 -1.667943175273565066e+04
1.475259222195813014e-01 -2.135632602852066179e-05 5.663853332725864311e+04 1.124766504168754811e-04 2.909052658435464036e+04 -3.523793794705909314e-05 3.588996601211900357e+06 0.000000000000000000e+00 9.672160298874664586e+05 0.000000000000000000e+00 -1.790922739076951257e+04
1.525299430011916868e-01 4.634915230279844459e-05 4.930462495772742841e+04 -9.477787578996872144e-05 2.903179438620222936e+04 1.399879081450001994e-04 3.400793344606019557e+06 0.000000000000000000e+00 9.349649834291511215e+05 0.000000000000000000e+00 1.658705661143050238e+05
1.574945685492469272e-01 5.055202814736926864e-06 3.688045876976584259e+04 1.958891090710559329e-05 2.756340518461600368e+04 -2.101068669875035355e-05 3.217775657702106982e+06 0.000000000000000000e+00 7.480394749059731839e+05 0.000000000000000000e+00 -8.796527844057103721e+03
1.625189323163163113e-01 -3.136405109489051364e-06 3.077520350364963815e+04 3.849224452554744433e-06 2.002001051094890863e+04 1.293767107664233677e-05 3.063673160875912756e+06 0.000000000000000000e+00 6.662886213138686726e+05 0.000000000000000000e+00 1.667169354744525626e+05
1.675461007718098694e-01 5.057297969461845131e-06 2.377507972665147827e+04 -3.745181142333427892e-06 2.187589521640090970e+04 -1.741161650568586071e-05 2.871772136674259324e+06 0.000000000000000000e+00 5.996415125284737442e+05 0.000000000000000000e+00 3.606858314350797446e+04
1.725292014006662711e-01 -4.474476299568184404e-06 1.911991192273461638e+04 2.367609581534100440e-05 2.245485895111580248e+04 -4.120783433801958535e-05 2.754105466460098512e+06 0.000000000000000000e+00 5.623997225829844829e+05 0.000000000000000000e+00 1.650307624353100255e+05
1.775301965061671094e-01 2.965489040415194242e-06 1.657843311458859171e+04 2.444410251885095758e-05 2.410068854114083661e+04 -7.271706486277842605e-05 2.656831580010096077e+06 0.000000000000000000e+00 5.393588531044926494e+05 0.000000000000000000e+00 1.332598727915194468e+05
1.825147654490652804e-01 -1.719493190345357313e-05 1.024875039144435505e+04 6.676018863186504242e-05 1.724621040503412223e+04 4.399709924960855955e-06 2.555335746403143276e+06 0.000000000000000000e+00 3.723816583060061093e+05 0.000000000000000000e+00 -3.499526201660314837e+04
1.875360723572403465e-01 3.180647695530726019e-05 4.574522458100558651e+03 -7.122359462290502464e-05 1.732837720670390991e+04 1.214224532995810080e-04 2.481362978324022610e+06 0.000000000000000000e+00 3.681685881564245792e+05 0.000000000000000000e+00 1.557231410055865999e+05
1.925323683450522461e-01 -9.282416394452179455e-06 5.821311770375923516e+03 4.642515579816857286e-05 1.464467302131305405e+04 -5.020675994196476417e-05 2.357255457641640678e+06 0.000000000000000000e+00 3.244011052800685284e+05 0.000000000000000000e+00 5.367656420691870881e+04
1.975198663583639380e-01 4.940242822815227129e-06 -6.166822815227013734e+02 -1.926694700897938309e-06 1.836099537119008528e+04 1.196773823826988651e-05 2.300398970026558731e+06 0.000000000000000000e+00 3.184247857341595809e+05 0.000000000000000000e+00 1.314911316049070447e+05
2.025153694923672032e-01 -1.910624788912477102e-05 6.838281868184889163e+02 9.130242132466467864e-05 1.666665328572807266e+04 -2.287861280064894631e-05 2.205214582649812102e+06 0.000000000000000000e+00 2.465915615169352677e+05 0.000000000000000000e+00 7.805778558332529792e+04
2.075088499274508613e-01 9.526566328516797056e-06 -4.180449105772973780e+03 -3.177758392681307538e-05 1.835562325677253830e+04 3.043022331344890101e-05 2.123188599326753523e+06 0.000000000000000000e+00 2.353749202409031568e+05 0.000000000000000000e+00 8.876456030593784817e+04
2.125178062418619784e-01 2.441832398760691386e-05 -2.856220108221330065e+03 -7.054892733243149573e-05 1.729416512480363235e+04 8.341329304579769312e-05 2.060811886193053098e+06 0.000000000000000000e+00 1.880423669052190671e+05 0.000000000000000000e+00 1.349118771164252248e+05
2.175004174234404231e-01 1.008947452865920472e-05 -8.186935106472519692e+03 -1.963440511636225898e-05 1.367793552731251657e+04 2.986001563026050216e-05 1.996036029290463775e+06 0.000000000000000000e+00 1.896888894874168909e+05 0.000000000000000000e+00 1.491031125326151050e+04
2.225093171556767890e-01 -9.157497882232423019e-06 -4.611857764819447766e+03 1.796870382774176964e-05 1.260961005496345570e+04 -1.474626497212426836e-05 1.937946134079312906e+06 0.000000000000000000e+00 1.340990748015208519e+05 0.000000000000000000e+00 9.554193747168101254e+04
2.275289586476768322e-01 3.307277715061993311e-06 -6.137648859635695771e+03 -1.723708300646716585e-05 1.363890157661105150e+04 1.280635855344979462e-05 1.868997809275983600e+06 0.000000000000000000e+00 1.375531241389866918e+05 0.000000000000000000e+00 9.906012674116027483e+04
2.325285406108919262e-01 -4.405571826169210801e-06 -8.708125952740436333e+03 2.771246793880632683e-06 1.340787135502883393e+04 -8.971023275062303508e-06 1.833459845669692615e+06 0.000000000000000000e+00 1.271252980190275266e+05 0.000000000000000000e+00 6.903999563422043866e+04
2.375276552426477672e-01 6.480090415714537164e-06 -6.585765934259096866e+03 -8.930508711988047234e-06 1.198274508701002014e+04 5.358948944783793614e-06 1.760586941536298255e+06 0.000000000000000000e+00 1.027290785726841277e+05 0.000000000000000000e+00 8.497429734575496695e+04
2.424991024241769377e-01 -3.165465196765316687e-06 -6.947217125588776980e+03 2.571940472371819676e-06 1.261434889335336811e+04 -9.578829579795046644e-06 1.712811899853122421e+06 0.000000000000000000e+00 7.796364107845288527e+04 0.000000000000000000e+00 2.780333827427278811e+04
2.474998551644826128e-01 4.131550442283061447e-06 -5.451890617995517459e+03 8.120431451128721961e-06 1.240750765289785522e+04 -1.456498565331812380e-06 1.681721987319884822e+06 0.000000000000000000e+00 5.503130272174191487e+04 0.000000000000000000e+00 1.227189241114313190e+05
2.525200307756395035e-01 3.542134609157516376e-06 -8.339170306217136385e+03 3.091167304820407022e-06 1.081542888957624564e+04 -3.734539066200244468e-05 1.635490484379833099e+06 0.000000000000000000e+00 5.267286705845964025e+04 0.000000000000000000e+00 6.310064658212187351e+04
2.575182250600202005e-01 1.234073466954772342e-05 -7.406350763728484708e+03 -2.316798301169808330e-05 9.941490380746590745e+03 2.936745585276804795e-05 1.593538896475672489e+06 0.000000000000000000e+00 4.093363892407421372e+04 0.000000000000000000e+00 9.540230552119812637e+04
2.625255687975799335e-01 -1.022809855085189956e-05 -8.701433901979802613e+03 4.481132082042170681e-06 1.092552153819820887e+04 -2.318826426100511971e-05 1.554003049922975944e+06 0.000000000000000000e+00 4.178619775203971221e+04 0.000000000000000000e+00 6.601552347806241596e+04
2.675305520911575030e-01 -9.641432560997499965e-06 -6.785905303710249427e+03 1.870977297676088314e-05 1.131676171276287278e+04 -2.590545052971513466e-05 1.522405845376341138e+06 0.000000000000000000e+00 2.046924864334930317e+04 0.000000000000000000e+00 7.733583927313900494e+04
2.725404586615198799e-01 -5.391056801052519680e-06 -6.395615592108742021e+03 1.554367574674723451e-05 1.218350198339239432e+04 -4.455692305181281886e-06 1.490925152377426159e+06 0.000000000000000000e+00 1.113162236208811555e+04 0.000000000000000000e+00 6.257632072777277790e+04
2.775333197047151201e-01 1.796961329871791424e-06 -5.489450823273968126e+03 1.721627788606314827e-05 9.213954454984877884e+03 -1.718373852923381901e-05 1.462438647814511321e+06 0.000000000000000000e+00 -1.647198242303616280e+04 0.000000000000000000e+00 5.346388647349238454e+04
2.825123907298719983e-01 1.104836966590502033e-05 -7.195138244920644865e+03 -1.621070833076020530e-05 1.080529631322176283e+04 3.222843203853517321e-05 1.424639237991724862e+06 0.000000000000000000e+00 -5.198153276106960220e+03 0.000000000000000000e+00 9.357879617118508031e+04
2.875104651677040102e-01 1.364844760043573909e-06 -7.029530741237310394e+03 -6.662020622097059356e-06 8.286479218540509464e+03 2.836692472500628419e-05 1.403033472514843801e+06 0.000000000000000000e+00 -3.185906454702164410e+04 0.000000000000000000e+00 9.382920972993678879e+04
2.924971317655564174e-01 5.023411581453952510e-06 -7.054955946780103659e+03 -1.743518918551826939e-05 9.432455813845957891e+03 2.788134534773838535e-05 1.368880368609046331e+06 0.000000000000000000e+00 -8.254788195447872567e+03 0.000000000000000000e+00 5.043698630200325715e+04
2.975058823671092867e-01 2.894305429135956064e-06 -5.306037829677648006e+03 -5.414627572484681854e-06 7.859959861468785675e+03 2.479265282626431875e-05 1.334318466921232641e+06 0.000000000000000000e+00 -3.729707557055323559e+04 0.000000000000000000e+00 5.540198277240031894e+04
3.025121359101998753e-01 5.380255224320176088e-06 -4.971165967748908770e+03 -4.626913945976178990e-06 1.004834862305996285e+04 -1.296743097990116044e-05 1.321933931088150013e+06 0.000000000000000000e+00 -4.429093009381349839e+04 0.000000000000000000e+00 6.717959171674375830e+04
3.075010376196579687e-01 -9.205825103203220275e-06 -4.818930783299368159e+03 1.872803665673825705e-05 8.225705930919162711e+03 -3.261076791686262730e-05 1.304301499294560403e+06 0.000000000000000000e+00 -5.319858987302085006e+04 0.000000000000000000e+00 6.965247250875268946e+04
3.125134169243361515e-01 -7.226523225417253558e-06 -5.767416690126684443e+03 -6.048285743012266546e-06 8.890504082043033122e+03 -2.177775613311884391e-05 1.274648760908908211e+06 0.000000000000000000e+00 -3.872774743615523766e+04 0.000000000000000000e+00 6.676758495877739915e+04
3.175159688234982513e-01 8.202699035278167563e-06 -5.391659380495329060e+03 -8.725561137526893348e-06 8.697319016415989609e+03 8.333414560840349009e-06 1.260957811044198461e+06 0.000000000000000000e+00 -5.589681822557986743e+04 0.000000000000000000e+00 6.838979226061243389e+04
3.225221380836135188e-01 -1.880486596186520797e-06 -4.125555446479139391e+03 -4.664344204266566575e-06 8.955002152161601771e+03 6.724583195676798896e-06 1.232628603964508278e+06 0.000000000000000000e+00 -8.125349141023220727e+04 0.000000000000000000e+00 5.424582488200868829e+04
3.275181733526948968e-01 -4.275398579229915026e-06 -4.369609181784524480e+03 1.441252227184376221e-05 7.661063013698630130e+03 -2.868381176821084772e-05 1.206544889744539047e+06 0.000000000000000000e+00 -6.228964798222880199e+04 0.000000000000000000e+00 4.109662021473528148e+04
3.325123842131759710e-01 1.271771618171628955e-05 -3.283711182472402015e+03 -1.407288266009589405e-05 7.344127667523595846e+03 3.564261577430460209e-05 1.193974763532205950e+06 0.000000000000000000e+00 -6.875603853509700275e+04 0.000000000000000000e+00 6.808000469679852540e+04
3.374959366892091861e-01 3.079235714535963327e-06 -2.691032056896612175e+03 -1.016147785796867923e-05 6.701898468976632103e+03 -9.665378770626773141e-07 1.185900416354272515e+06 0.000000000000000000e+00 -6.092292807343306777e+04 0.000000000000000000e+00 5.652171558700907917e+04
3.424919221947719805e-01 -5.839565241397128406e-06 -3.966829492703498090e+03 9.422657363383310394e-06 7.389281084099376130e+03 9.827052343079366911e-06 1.165291159689638298e+06 0.000000000000000000e+00 -7.183693385226979444e+04 0.000000000000000000e+00 4.870436003300303128e+04
3.475179778446125245e-01 -1.013031639004149378e-06 -1.586536021171627226e+03 7.765246461185349101e-06 7.561981507498284373e+03 3.504730522735812073e-06 1.148738168392851250e+06 0.000000000000000000e+00 -7.415201803509000456e+04 0.000000000000000000e+00 5.584260646257391636e+04
3.525052850529177828e-01 4.373715172441321663e-06 -2.679678875938048805e+03 -6.911405526504870120e-06 4.110836595880568893e+03 1.035638839962877248e-05 1.131130902889988851e+06 0.000000000000000000e+00 -8.398531464154558489e+04 0.000000000000000000e+00 1.050413923040076588e+04
3.575133254796376558e-01 9.808962575974738304e-06 -2.704706241233684068e+03 -2.314518468184500826e-05 4.029783292839021669e+03 2.026115881953652665e-05 1.116606186508879298e+06 0.000000000000000000e+00 -9.306136738432296261e+04 0.000000000000000000e+00 7.050107085865824774e+04
3.625250227669692404e-01 -2.507211357476283570e-06 -1.397000572202981402e+03 9.153894838879685909e-07 7.735067851227224310e+03 -6.388426006531395650e-06 1.101468614485770231e+06 0.000000000000000000e+00 -9.136497756361993379e+04 0.000000000000000000e+00 6.066038536365004984e+04
3.675230446100045678e-01 -1.030890726038682149e-05 -2.202273691577543104e+03 2.263972727073901452e-05 6.536379269368443602e+03 -2.612111929444699748e-05 1.092211005810350645e+06 0.000000000000000000e+00 -8.370991906334522355e+04 0.000000000000000000e+00 5.107525204674525594e+04
3.725177060730277545e-01 -1.828716443192864102e-06 -1.820811024072273995e+03 2.449921647178226640e-06 6.672768483046486836e+03 -1.100196295260592432e-05 1.072795189662073273e+06 0.000000000000000000e+00 -8.184457887815198046e+04 0.000000000000000000e+00 6.218348173137401318e+04
3.775163034622419089e-01 3.306363819722660934e-06 -1.072036298191296510e+03 1.150493398369891217e-05 5.145938753697740140e+03 -3.938512299511794568e-06 1.067328105474379612e+06 0.000000000000000000e+00 -8.058162103419505002e+04 0.000000000000000000e+00 6.170273447293839854e+04
3.825226892977953153e-01 -2.418311866554053833e-06 -1.540678594594594642e+03 5.633379961993243302e-06 5.587274810810810777e+03 -1.087126860747466174e-05 1.058835815783783793e+06 0.000000000000000000e+00 -9.540218464864864654e+04 0.000000000000000000e+00 6.660626681081080460e+04
3.875130067694269043e-01 7.106833261986301822e-06 -2.130730031612223684e+03 -1.565432774631190786e-05 4.578732139093783189e+03 1.379883327021865278e-05 1.044099533825079096e+06 0.000000000000000000e+00 -9.414880168598525051e+04 0.000000000000000000e+00 4.426565395152792917e+04
3.924957861003909865e-01 -2.718522712644418124e-06 -1.385897621729475759e+03 8.744843292408200031e-06 3.138490959997425762e+03 -3.244549000539053354e-06 1.028235015917356010e+06 0.000000000000000000e+00 -8.905315374762656575e+04 0.000000000000000000e+00 7.155381662536607473e+04
3.975064703251052212e-01 5.668279488182269347e-06 -1.180596889907688592e+03 -7.249271919142246989e-06 4.321456365776593884e+03 1.147089228444837701e-05 1.025072608438138966e+06 0.000000000000000000e+00 -8.593044356607398367e+04 0.000000000000000000e+00 6.055083100179667235e+04
