3.798113400606732779e-03 2.118121381578947330e+04 0.000000000000000000e+00 4.006543996710526244e+03 0.000000000000000000e+00 3.282327302631578732e+03
8.299341265228576958e-03 3.672433593750000000e+04 0.000000000000000000e+00 2.048965429687500000e+04 0.000000000000000000e+00 1.952923828125000000e+04
1.293222767532251419e-02 4.868237261146496894e+04 0.000000000000000000e+00 3.980676114649681404e+04 0.000000000000000000e+00 3.240697452229299415e+03
1.764839556552980082e-02 4.888986643835616269e+04 0.000000000000000000e+00 2.230503082191780777e+04 0.000000000000000000e+00 5.216915239726026812e+03
2.256548662787912635e-02 4.895798487712665519e+04 0.000000000000000000e+00 2.683542911153118985e+04 0.000000000000000000e+00 -8.629854442344045310e+03
2.777643688250242340e-02 4.049895609756097838e+04 0.000000000000000000e+00 2.275828048780487734e+04 0.000000000000000000e+00 1.401352073170731637e+04
3.269804980233311648e-02 3.603821199999999953e+04 0.000000000000000000e+00 1.705258200000000215e+04 0.000000000000000000e+00 -1.598592750000000024e+03
3.761648458559932462e-02 3.159795279838165879e+04 0.000000000000000000e+00 1.397237491571139617e+04 0.000000000000000000e+00 3.379936614969656148e+03
4.263843696389812976e-02 2.798222544642856883e+04 0.000000000000000000e+00 9.172543526785713766e+03 0.000000000000000000e+00 4.815471191406250000e+02
4.756514582339458480e-02 2.417326297426951714e+04 0.000000000000000000e+00 7.270987788922809159e+03 0.000000000000000000e+00 -2.837425207152202347e+03
5.262096060748640974e-02 2.343009550561797732e+04 0.000000000000000000e+00 1.100489676966292063e+04 0.000000000000000000e+00 4.772683286516853514e+03
5.756031740041873956e-02 2.252375742574257310e+04 0.000000000000000000e+00 1.018967945544554459e+04 0.000000000000000000e+00 7.243244121287128792e+02
6.254738279606215923e-02 2.070896247240617959e+04 0.000000000000000000e+00 8.545835663478046627e+03 0.000000000000000000e+00 -1.233908633799362178e+03
6.757793472572401483e-02 1.999786115992970008e+04 0.000000000000000000e+00 7.708979789103690564e+03 0.000000000000000000e+00 -1.872174868189806602e+03
7.255917516659465827e-02 1.870557262413985518e+04 0.000000000000000000e+00 8.376187465129254633e+03 0.000000000000000000e+00 1.281741956481309217e+03
7.753384299139773339e-02 1.735207231335788674e+04 0.000000000000000000e+00 7.297231335788416800e+03 0.000000000000000000e+00 9.329861901573485738e+02
8.251793356505521260e-02 1.574619380733945036e+04 0.000000000000000000e+00 6.898985665137614887e+03 0.000000000000000000e+00 6.955942696387615420e+00
8.752751931716111489e-02 1.458773513023195665e+04 0.000000000000000000e+00 6.553864973435272987e+03 0.000000000000000000e+00 7.600824154464170306e+02
9.254701955136974967e-02 1.345836098450318968e+04 0.000000000000000000e+00 5.613764813126708759e+03 0.000000000000000000e+00 9.749884913400181858e+02
9.754963178921903511e-02 1.231304930388359753e+04 0.000000000000000000e+00 5.502343975714435146e+03 0.000000000000000000e+00 1.264782162671412152e+03
1.025319613041059119e-01 1.156147692307692341e+04 0.000000000000000000e+00 5.092120075046904276e+03 0.000000000000000000e+00 3.387827626641650909e+02
1.075116003998943526e-01 1.099253204686423123e+04 0.000000000000000000e+00 4.438097863542384403e+03 0.000000000000000000e+00 -4.016791436940041535e+02
1.125102861506304813e-01 1.050423560330834152e+04 0.000000000000000000e+00 4.372295586302852826e+03 0.000000000000000000e+00 9.006209322099405199e+02
1.175500852175193622e-01 9.905818233537193009e+03 0.000000000000000000e+00 4.015939695633622705e+03 0.000000000000000000e+00 3.245471127862323897e+02
1.225369446564099490e-01 9.964762926183384479e+03 0.000000000000000000e+00 4.020352730883813365e+03 0.000000000000000000e+00 1.184755875537901488e+02
1.275260957852891452e-01 9.502793111811786730e+03 0.000000000000000000e+00 3.283602473926752282e+03 0.000000000000000000e+00 6.811643220955614879e+02
1.325302087090364789e-01 9.119999102182817296e+03 0.000000000000000000e+00 3.515935357162897617e+03 0.000000000000000000e+00 -2.162428595477245779e+02
1.375062694904859717e-01 8.787812460401266435e+03 0.000000000000000000e+00 3.282134107708553074e+03 0.000000000000000000e+00 6.251844772967265271e+02
1.425134422753508989e-01 8.375960837012862612e+03 0.000000000000000000e+00 3.312852370896525372e+03 0.000000000000000000e+00 -2.713862125647916912e+01
1.475259222195813014e-01 7.889076677752972500e+03 0.000000000000000000e+00 2.940297598979452232e+03 0.000000000000000000e+00 1.325610164472185488e+02
1.525299430011916868e-01 7.480743997294554902e+03 0.000000000000000000e+00 2.780191917483936322e+03 0.000000000000000000e+00 2.058825667906662034e+02
1.574945685492469272e-01 7.178409350103125689e+03 0.000000000000000000e+00 2.741526913899785541e+03 0.000000000000000000e+00 -1.356303231285639015e+02
1.625189323163163113e-01 6.932792408759124555e+03 0.000000000000000000e+00 2.630921459854014756e+03 0.000000000000000000e+00 2.208011496350365235e+02
1.675461007718098694e-01 6.740445899772209486e+03 0.000000000000000000e+00 2.479217255125284737e+03 0.000000000000000000e+00 -5.350325224231207244e+01
1.725292014006662711e-01 6.471448594125985437e+03 0.000000000000000000e+00 2.455818571381481433e+03 0.000000000000000000e+00 4.159790355012031569e+02
1.775301965061671094e-01 6.309641595153962953e+03 0.000000000000000000e+00 2.352028520949015729e+03 0.000000000000000000e+00 1.407716273346794651e+02
1.825147654490652804e-01 6.180120417146739783e+03 0.000000000000000000e+00 2.217710419805607216e+03 0.000000000000000000e+00 6.598096694141628404e+01
1.875360723572403465e-01 6.014146592178771243e+03 0.000000000000000000e+00 2.298450055865921968e+03 0.000000000000000000e+00 2.660388268156424374e+02
1.925323683450522461e-01 5.794244403984148448e+03 0.000000000000000000e+00 2.088155296133661523e+03 0.000000000000000000e+00 1.385681964228338927e+02
1.975198663583639380e-01 5.653957657771594313e+03 0.000000000000000000e+00 1.977577943594283397e+03 0.000000000000000000e+00 2.344483622106993721e+02
2.025153694923672032e-01 5.482492328476309922e+03 0.000000000000000000e+00 1.812322686480748871e+03 0.000000000000000000e+00 6.192476237575991860e+01
2.075088499274508613e-01 5.373389818864640802e+03 0.000000000000000000e+00 1.814215301472440387e+03 0.000000000000000000e+00 2.079408504889051699e+02
2.125178062418619784e-01 5.211932623494501968e+03 0.000000000000000000e+00 1.851416652120788967e+03 0.000000000000000000e+00 3.296490006982021441e+02
2.175004174234404231e-01 5.036283141149735457e+03 0.000000000000000000e+00 1.697763824593889467e+03 0.000000000000000000e+00 2.354918567460651673e+02
2.225093171556767890e-01 4.931624514883473239e+03 0.000000000000000000e+00 1.664643328539626964e+03 0.000000000000000000e+00 2.989559307342250918e+02
2.275289586476768322e-01 4.792127965712536934e+03 0.000000000000000000e+00 1.658570335221184905e+03 0.000000000000000000e+00 6.847086426603398479e+01
2.325285406108919262e-01 4.659459443726920654e+03 0.000000000000000000e+00 1.551899732596001741e+03 0.000000000000000000e+00 2.063858621505102633e+02
2.375276552426477672e-01 4.553437721919493924e+03 0.000000000000000000e+00 1.456388539286342166e+03 0.000000000000000000e+00 1.643034276674283660e+02
2.424991024241769377e-01 4.445028953455000192e+03 0.000000000000000000e+00 1.342419124474532737e+03 0.000000000000000000e+00 -5.478483699964547071e+01
2.474998551644826128e-01 4.388995709253922541e+03 0.000000000000000000e+00 1.469550048030739617e+03 0.000000000000000000e+00 1.355273294908741661e+02
2.525200307756395035e-01 4.279591710485617114e+03 0.000000000000000000e+00 1.366913949891741595e+03 0.000000000000000000e+00 4.258601531085679426e+01
2.575182250600202005e-01 4.209972550480590144e+03 0.000000000000000000e+00 1.313171179494821445e+03 0.000000000000000000e+00 1.008304150212353818e+02
2.625255687975799335e-01 4.144805614195242015e+03 0.000000000000000000e+00 1.166184287099903031e+03 0.000000000000000000e+00 7.958841359046043351e+01
2.675305520911575030e-01 4.037075212990706859e+03 0.000000000000000000e+00 1.221559602877618318e+03 0.000000000000000000e+00 -4.675706977257977570e+01
2.725404586615198799e-01 3.972811339715449321e+03 0.000000000000000000e+00 1.123140953086158561e+03 0.000000000000000000e+00 1.043677473951446473e+02
2.775333197047151201e-01 3.880271925969963831e+03 0.000000000000000000e+00 1.115794556310905364e+03 0.000000000000000000e+00 3.774310168790549369e+01
2.825123907298719983e-01 3.787404038782190128e+03 0.000000000000000000e+00 1.063202420799110769e+03 0.000000000000000000e+00 -4.268063669486815570e+01
2.875104651677040102e-01 3.742290365830300743e+03 0.000000000000000000e+00 1.048241333077954323e+03 0.000000000000000000e+00 7.747247893123922324e+01
2.924971317655564174e-01 3.674055277485579154e+03 0.000000000000000000e+00 1.014830271994821260e+03 0.000000000000000000e+00 -2.355064646452970223e+01
2.975058823671092867e-01 3.645257081964301506e+03 0.000000000000000000e+00 9.999599502708462069e+02 0.000000000000000000e+00 6.758583829144835420e+01
3.025121359101998753e-01 3.561081838225757565e+03 0.000000000000000000e+00 9.039851281829579648e+02 0.000000000000000000e+00 5.036970407678008144e+01
3.075010376196579687e-01 3.486260626012437115e+03 0.000000000000000000e+00 8.434707216387104154e+02 0.000000000000000000e+00 7.163245022730835387e+01
3.125134169243361515e-01 3.423049909511361420e+03 0.000000000000000000e+00 8.514142770963201201e+02 0.000000000000000000e+00 3.909632515584154788e+01
3.175159688234982513e-01 3.380560088809423178e+03 0.000000000000000000e+00 8.596714444302541551e+02 0.000000000000000000e+00 -5.135940616066253739e+00
3.225221380836135188e-01 3.336713762507079537e+03 0.000000000000000000e+00 8.366666414951860133e+02 0.000000000000000000e+00 5.246931753822919120e+01
3.275181733526948968e-01 3.302870344316919727e+03 0.000000000000000000e+00 8.076844131803036362e+02 0.000000000000000000e+00 -7.221302758237689545e+01
3.325123842131759710e-01 3.242012435841554179e+03 0.000000000000000000e+00 7.913363281354244236e+02 0.000000000000000000e+00 5.072839517154879019e+01
3.374959366892091861e-01 3.193890481028623526e+03 0.000000000000000000e+00 7.481481273867498203e+02 0.000000000000000000e+00 6.992256201170164331e+00
3.424919221947719805e-01 3.129120969422197049e+03 0.000000000000000000e+00 7.270640475376909535e+02 0.000000000000000000e+00 4.690722066189400863e+01
3.475179778446125245e-01 3.096641160518835477e+03 0.000000000000000000e+00 7.009155421962295804e+02 0.000000000000000000e+00 7.714994935798999620e+01
3.525052850529177828e-01 3.053438927031773801e+03 0.000000000000000000e+00 6.742561072968226199e+02 0.000000000000000000e+00 -2.354244770876576709e+01
3.575133254796376558e-01 3.012167301545937335e+03 0.000000000000000000e+00 6.317594561243495264e+02 0.000000000000000000e+00 1.544009492530907224e+01
3.625250227669692404e-01 2.982918235205541350e+03 0.000000000000000000e+00 6.190053305225115992e+02 0.000000000000000000e+00 3.212634392410781459e+01
3.675230446100045678e-01 2.954371789544284638e+03 0.000000000000000000e+00 6.255682843791236110e+02 0.000000000000000000e+00 1.915611945847822639e+01
3.725177060730277545e-01 2.916197838641432099e+03 0.000000000000000000e+00 6.070274458230887831e+02 0.000000000000000000e+00 3.644303562239122130e+01
3.775163034622419089e-01 2.876351645623737113e+03 0.000000000000000000e+00 5.951986539880431337e+02 0.000000000000000000e+00 5.149719006212893646e+01
3.825226892977953153e-01 2.847604972972972973e+03 0.000000000000000000e+00 5.766104864864864794e+02 0.000000000000000000e+00 5.822893918918919098e+01
3.875130067694269043e-01 2.824932982086406810e+03 0.000000000000000000e+00 5.425334562697577212e+02 0.000000000000000000e+00 7.084660827186512222e+01
3.924957861003909865e-01 2.794243748592025440e+03 0.000000000000000000e+00 5.302039970392302166e+02 0.000000000000000000e+00 1.621720593441251310e+02
3.975064703251052212e-01 2.771526720773186298e+03 0.000000000000000000e+00 5.348877516882473628e+02 0.000000000000000000e+00 1.156557586270987059e+02
