3.798113400606732779e-03 1.927425986842105292e-04 -2.468938526315789204e+06 -4.818564967105262958e-04 -1.370778947368420893e+06 7.019042968750000000e-04
8.299341265228576958e-03 2.384185791015625000e-05 -2.099580000000000000e+06 1.387596130371093750e-04 -1.130083250000000000e+06 -2.514123916625976562e-04
1.293222767532251419e-02 2.177050159235668984e-05 -1.426550828025477706e+06 -4.198596735668790232e-05 -3.381745222929936717e+05 2.060422472133758182e-05
1.764839556552980082e-02 -1.149634792380136922e-06 -1.181649534246575320e+06 1.771482702803938152e-05 -2.861586027397260186e+05 -1.166618033631207069e-05
2.256548662787912635e-02 -5.722767013232514608e-05 -7.665336257088846760e+05 1.264546904536862151e-04 -4.970671833648393658e+04 -1.977585213846881087e-04
2.777643688250242340e-02 -1.723126667301829105e-05 -5.981689365853659110e+05 2.045049899961890366e-05 -1.903815024390243925e+05 -3.761198462509527307e-05
3.269804980233311648e-02 8.178710937500000488e-06 -4.123777600000000093e+05 -9.155273437499999661e-07 -5.649134400000000460e+04 1.588439941406249886e-05
3.761648458559932462e-02 3.424224544841537166e-05 -3.073694295347268926e+05 -3.621775960890087452e-05 -3.359445178691840556e+04 4.889397547201618569e-05
4.263843696389812976e-02 2.397809709821428523e-05 -2.249662142857142608e+05 -4.795619419642857046e-05 -3.010158035714285506e+04 4.822867257254464092e-05
4.756514582339458480e-02 -1.309607364805931177e-05 -1.897370571303968609e+05 -1.543846080462276508e-06 -2.091918709114697049e+04 4.688767018507413717e-05
5.262096060748640974e-02 4.714794373244381892e-07 -1.567117415730337088e+05 -4.821948790818117473e-06 -2.413378370786516825e+04 1.011001929808198696e-05
5.756031740041873956e-02 -5.476545579362623544e-06 -1.271588217821782164e+05 1.112305291808477694e-05 -1.384916955445544590e+04 -1.383771990785504417e-05
6.254738279606215923e-02 4.281593006499877392e-06 -1.069625077262693085e+05 -6.631977978599460188e-06 -1.572673043904831866e+04 2.648674275087380288e-05
6.757793472572401483e-02 3.191205445408611440e-06 -9.157940246045694221e+04 -8.085281023451230327e-06 -1.396244376098418252e+04 1.149437339527954688e-05
7.255917516659465827e-02 -5.811790961502696818e-06 -7.877826892319136823e+04 8.899304909801004741e-06 -7.283189138925051338e+03 -1.884291600799702362e-05
7.753384299139773339e-02 6.538751255440241427e-07 -6.618942885838633811e+04 -1.144281469702042303e-06 -1.286802008704385662e+04 1.226015860395045400e-07
8.251793356505521260e-02 -2.729783364392201986e-06 -5.462413761467890436e+04 2.064836134604358125e-06 -6.300205275229358449e+03 -9.912963307231938571e-06
8.752751931716111489e-02 2.594211643125567200e-06 -4.754934197226901597e+04 9.491018206556952782e-08 -8.923765193728133454e+03 1.289196639723986020e-06
9.254701955136974967e-02 4.311964092411121040e-07 -3.909349498632634641e+04 4.798798748005925652e-07 -4.306690519598905666e+03 1.844755605664596557e-06
9.754963178921903511e-02 1.763394025437035496e-06 -3.384950151784779882e+04 -1.648390067256359217e-06 -3.752066994661362969e+03 6.101598892363655762e-07
1.025319613041059119e-01 -1.248186122185741008e-06 -2.950715497185740969e+04 9.945409606590055866e-06 -5.127509568480300004e+03 -9.148116406982880231e-06
1.075116003998943526e-01 9.674766324948311323e-07 -2.558196278428669757e+04 -1.346054445210199845e-06 -3.782362853204686417e+03 4.038163335630599324e-06
1.125102861506304813e-01 6.652204553799180796e-07 -2.171392316611270144e+04 -2.927441791228646591e-06 -3.620044832650537501e+03 1.372312056444210420e-06
1.175500852175193622e-01 -2.405413216775485302e-06 -1.953652794766036095e+04 7.263577487963461410e-06 -2.818664201393827625e+03 -2.238961036539979883e-05
1.225369446564099490e-01 -2.586064217146640363e-07 -1.759353856338960759e+04 1.002099884144323095e-06 -3.033487719298245793e+03 2.416353752896391899e-06
1.275260957852891452e-01 3.830426068321003894e-07 -1.463680911957312674e+04 1.958698547496513250e-06 -2.030690516614115950e+03 -2.626478744310688450e-06
1.325302087090364789e-01 8.528002865299366261e-07 -1.356147466472139604e+04 1.820334748155266235e-06 -1.676440491554907112e+03 -2.538279567688752142e-06
1.375062694904859717e-01 6.767361569429778407e-07 -1.160031425554382258e+04 -6.574008381731784466e-07 -2.025836114044350552e+03 1.095668063621964122e-07
1.425134422753508989e-01 4.804072578709924927e-07 -1.079827452486081711e+04 -4.335382571030907719e-07 -2.126408331733538034e+03 1.262533708185352270e-06
1.475259222195813014e-01 -3.142271928675566154e-07 -9.282200009112031694e+03 -4.046022704622078656e-07 -1.699486628092395904e+03 3.786368154763599531e-06
1.525299430011916868e-01 -3.822699647760890902e-07 -8.350520798106188522e+03 7.905476714938243544e-07 -9.398477341900575084e+02 -2.693742674913686967e-06
1.574945685492469272e-01 8.096223257977108900e-07 -7.527533788975612879e+03 -1.293421032676830817e-06 -1.389624459093298810e+03 1.838928758290532524e-06
1.625189323163163113e-01 -9.355753877737227081e-08 -6.761668905109489970e+03 -5.145664632755474564e-07 -1.314148759124087746e+03 1.386099488195711833e-06
1.675461007718098694e-01 8.298487217931377252e-07 -6.172984054669703255e+03 -1.259979734659738053e-06 -1.164645572323462375e+03 2.354858676501992931e-06
1.725292014006662711e-01 2.253333388271747416e-07 -5.244688927712035365e+03 -6.920952549691795975e-07 -1.205765369021327160e+03 -5.432142989583677307e-07
1.775301965061671094e-01 4.679310628707092350e-07 -4.772665320545179384e+03 -1.905422990578464176e-06 -8.141647526501766379e+02 1.778571308411353190e-06
1.825147654490652804e-01 3.173561257348813942e-07 -4.151692044078111394e+03 -2.574912201985287581e-06 -5.346305651570208965e+02 1.007966331169310740e-06
1.875360723572403465e-01 1.022935579608938527e-07 -3.737135642458100392e+03 -1.633287142108938646e-06 -5.338630167597765421e+02 2.054395622381284814e-07
1.925323683450522461e-01 2.461556284180210277e-07 -3.375991431937452944e+03 -6.676843746757690712e-07 -4.230224376137945796e+02 8.438490718185001072e-07
1.975198663583639380e-01 -1.235060705703806676e-07 -2.791985835335778120e+03 -1.401793900973820617e-06 -6.980747691918552391e+02 2.681625557259390435e-06
2.025153694923672032e-01 -1.737467055268744672e-07 -2.550367461159895811e+03 -3.909300874354675446e-07 -5.775329055292869498e+02 8.444384374547670175e-07
2.075088499274508613e-01 -2.054585167681879755e-07 -2.144069614600746718e+03 2.536783727443953210e-07 -4.472376285236666718e+02 -7.807773056437347154e-07
2.125178062418619784e-01 -1.704595042764880511e-07 -1.918255018327806056e+03 -5.673105376701868193e-07 -4.544646971548263537e+02 3.961851759551187154e-07
2.175004174234404231e-01 6.151805370707432084e-07 -1.758505176331958637e+03 -1.847468063833536721e-06 -1.071495349718037176e+02 2.339195095422181633e-06
2.225093171556767890e-01 2.789573934713658121e-07 -1.547803707570772985e+03 -7.935856883237130990e-07 -4.513690825633852910e+02 6.829646529816197688e-07
2.275289586476768322e-01 3.900532333441757481e-07 -1.454930506658502964e+03 -9.891469719835833508e-07 -2.625943670595438562e+02 2.525419512295748801e-07
2.325285406108919262e-01 2.231653067187528499e-07 -1.120598912193258684e+03 -1.954084277736343518e-07 -1.252613100976843299e+02 -9.692702127635384989e-07
2.375276552426477672e-01 1.335714001252417032e-07 -1.062206644401476524e+03 -1.116045373335603919e-06 -3.193903322200738444e+02 1.544251679158793402e-07
2.424991024241769377e-01 -5.729162270187226535e-07 -9.628077591882903334e+02 1.168501801149696963e-06 -9.356292944811170287e+01 -1.777225292357089775e-06
2.474998551644826128e-01 9.158082852713236241e-08 -6.692986871597822756e+02 1.912387257923195863e-07 -3.041627921869996953e+02 -5.376480192928943191e-07
2.525200307756395035e-01 7.339133000985926946e-08 -6.487187132694092497e+02 -3.363965946271845408e-07 -9.036471543458088718e+01 7.116422172378838369e-07
2.575182250600202005e-01 8.640697181655614407e-09 -4.775404217271440075e+02 4.188464265423589820e-07 -2.130460621414201512e+02 -4.465876122308322513e-07
2.625255687975799335e-01 2.653115745305457339e-07 -3.879835682090488831e+02 -2.210204298078500213e-07 -1.872055400239630387e+02 7.935678135235324689e-07
2.675305520911575030e-01 -2.772754643853302319e-07 -2.968511067231880247e+02 5.162043219939657750e-07 -1.201764129189047310e+02 -1.077813554759237680e-06
2.725404586615198799e-01 2.554295625049584840e-07 -1.106834637964774828e+02 -8.096673256969970560e-07 -6.095272914793462604e+01 1.360021187563427248e-06
2.775333197047151201e-01 6.815516194070359735e-07 -2.001491198593842853e+02 -1.359947907242743049e-06 -1.286329387132628597e+02 1.496415997702716625e-06
2.825123907298719983e-01 2.024077002794417465e-07 -1.182655097881800828e+02 -1.826192379616192352e-07 -1.856888779102081344e+02 2.573913562911057416e-07
2.875104651677040102e-01 4.091611700344761747e-08 -5.018146667305114050e+01 3.434031248503639253e-07 -1.116988244589159081e+02 -3.072361999991021682e-07
2.924971317655564174e-01 2.143063578464379179e-07 -6.403918233940976812e+00 -5.131887639129309634e-07 -2.112075506594689500e+02 1.701442555042141396e-07
2.975058823671092867e-01 1.504063214579078146e-07 5.748334961371103446e+01 -8.041995656330476210e-07 -5.697805479087114833e+01 7.257782516296565391e-07
3.025121359101998753e-01 1.354381621803869789e-08 1.925092003155937803e+01 -6.140378718091471927e-07 -1.091804612857204546e+02 4.099297784273687339e-07
3.075010376196579687e-01 1.473493347311490979e-07 6.994172022783091336e+01 6.586068749346815696e-07 -1.345374405601714045e+02 -8.227801867374066604e-07
3.125134169243361515e-01 1.902362601799718568e-08 1.565342851397546724e+02 -2.439319787791574606e-07 -1.530080333802533801e+02 1.893924703162703669e-07
3.175159688234982513e-01 1.244195942851037971e-08 1.935107229519309158e+02 -1.840060867288733675e-07 -7.332405615427690293e+01 5.038431431825535564e-07
3.225221380836135188e-01 1.639088347472626260e-07 1.694059845195393734e+02 -5.088663560299462605e-07 -5.977035586180857507e+01 1.220674318526406583e-08
3.275181733526948968e-01 3.235642886170631420e-07 2.749767308404294681e+02 -2.801352101579854694e-07 -1.518184376156978885e+02 2.063710969362114330e-06
3.325123842131759710e-01 -7.438213443029079860e-08 2.289775567752208474e+02 1.218889721138706805e-07 -1.243119279112589766e+02 2.563333227584017489e-07
3.374959366892091861e-01 -6.989758154089882594e-08 3.150286234803629668e+02 7.863143804892509532e-07 -7.346412430368216917e+01 -4.059038094405398257e-07
3.424919221947719805e-01 9.639352031748744557e-08 3.332433473068364833e+02 -2.145328084110835365e-07 -1.967579361441465551e+02 1.021701372837432038e-06
3.475179778446125245e-01 3.534954461276474613e-08 2.796384160486163069e+02 2.030768241636793590e-08 -1.333534158852550036e+02 1.785198740993909380e-08
3.525052850529177828e-01 -9.694343821491921547e-08 2.646399329394858455e+02 3.295795197649046519e-07 -1.533977167491617308e+02 -2.113362004272324517e-07
3.575133254796376558e-01 -5.613675644396072884e-08 3.145248522660207868e+02 -2.198689627388461962e-08 -1.104097232335154928e+02 5.699050294821263554e-07
3.625250227669692404e-01 3.356313224370858617e-07 3.518418310495407013e+02 -8.427545690802166173e-07 -1.196775636199367483e+02 1.683276095603571794e-06
3.675230446100045678e-01 1.538460240538131887e-07 2.908562430286726794e+02 -4.059732934088150612e-07 -1.626868753143932054e+02 5.005418770666226223e-07
3.725177060730277545e-01 -4.962225558520713338e-08 2.925586654468523307e+02 1.484850570972736516e-07 -2.092861941791983611e+02 -1.142538802361596149e-07
3.775163034622419089e-01 -3.647769242458311829e-08 3.642538942635894159e+02 1.517996778588181822e-07 -1.571631970542197223e+02 -2.207543206620486431e-07
3.825226892977953153e-01 -3.191973711993243145e-07 3.215199189189189042e+02 8.025298247466216619e-07 -1.764466216216216310e+02 -1.170184161211993149e-06
3.875130067694269043e-01 3.276057188076264979e-08 3.064016859852476387e+02 -3.366500484679596859e-08 -2.068139620653319355e+02 -1.884989040041120755e-07
3.924957861003909865e-01 1.312119343964213416e-07 2.874715669552344934e+02 -5.810253023122969317e-07 -2.398956779197374090e+02 7.378707059283783838e-07
3.975064703251052212e-01 -2.987285387367573500e-08 2.449051483799021298e+02 1.767792302018152725e-07 -2.736776407905334167e+02 -2.507523572782433010e-07
