3.798113400606732779e-03 -5.139802631578947083e-05 -2.000695157894736622e+06 8.994654605263157395e-05 -9.984237894736841554e+05 -1.574064555921052646e-04
8.299341265228576958e-03 1.144409179687500000e-04 -1.625447500000000000e+06 -2.555847167968750000e-04 1.628512500000000000e+04 2.717971801757812500e-04
1.293222767532251419e-02 1.632787619426751569e-05 -1.306371566878980957e+06 -3.459954717356687807e-05 9.484799363057325536e+04 3.178104473527070374e-05
1.764839556552980082e-02 3.595221532534246037e-05 -1.063678465753424680e+06 -9.573322452910957864e-05 -2.776083287671232829e+05 1.424502020012842366e-04
2.256548662787912635e-02 1.846053875236294904e-05 -6.911035765595462872e+05 -3.369048322306238504e-05 3.946359924385633349e+04 7.049618236058600681e-05
2.777643688250242340e-02 -1.786394817073170624e-05 -5.399311999999999534e+05 4.942358993902439348e-05 -1.113571609756097605e+05 -6.386361471036585617e-05
3.269804980233311648e-02 -2.685546874999999844e-06 -4.008173439999999828e+05 4.956054687500000336e-05 -6.763225600000000850e+04 -4.028320312500000190e-05
3.761648458559932462e-02 -4.938785401213756098e-07 -2.729872528658125666e+05 3.539462870869858307e-06 -4.862793256911665230e+04 8.848657177174645769e-07
4.263843696389812976e-02 -4.700251988002231538e-06 -2.028315000000000000e+05 7.390975952148437500e-06 -1.925228125000000000e+04 -3.030470439365931678e-05
4.756514582339458480e-02 -8.624243621892716926e-06 -1.728259433057130373e+05 2.688421622873964445e-05 -1.349126820758831309e+04 -3.544191476095726458e-05
5.262096060748640974e-02 6.075655476430828880e-06 -1.402952696629213460e+05 -1.244598560118943013e-05 -2.437264325842696417e+04 1.296166623576303560e-05
5.756031740041873956e-02 -2.455003190748762439e-06 -1.214703762376237573e+05 1.605194393951113805e-06 -1.952029579207920688e+04 -2.771320909556775910e-06
6.254738279606215923e-02 -1.512031096701005552e-06 -1.025140681873926806e+05 -5.322050048289182451e-06 -1.383796909492273699e+04 1.058608900252176793e-05
6.757793472572401483e-02 -1.568785870221880394e-06 -8.060810544815464527e+04 2.742023166327987392e-06 -8.647448154657293344e+03 -5.643271394270375486e-06
7.255917516659465827e-02 -1.135115422168495373e-06 -6.936663269481124007e+04 -1.793482367026222816e-06 -8.955534312813837460e+03 6.271512707480937307e-06
7.753384299139773339e-02 6.804388025192501466e-06 -5.959959290257783869e+04 -9.491406119224974648e-06 -6.949568128557080854e+03 2.067624664562060753e-05
8.251793356505521260e-02 3.867193099555619375e-06 -5.037040825688073528e+04 -7.410661889872420401e-06 -7.045784977064220584e+03 7.719074914214809016e-06
8.752751931716111489e-02 -3.448897605580617600e-06 -4.328453855125048722e+04 9.096794924279391799e-06 -5.445609952053907364e+03 -6.870792770039715853e-06
9.254701955136974967e-02 2.997510522305150336e-06 -3.612545123062899074e+04 -2.006454259130013590e-06 -6.172185505925250254e+03 3.942491362718636045e-06
9.754963178921903511e-02 -7.411366193865801681e-07 -3.011452569873338143e+04 1.546164326651313801e-06 -3.668003768449701511e+03 -8.404872610371087833e-06
1.025319613041059119e-01 1.832199812382739210e-06 -2.635377711069418365e+04 -2.862812206848029857e-06 -3.939193621013132997e+03 6.315363728306754097e-06
1.075116003998943526e-01 -1.009540833907649831e-06 -2.291686285320468596e+04 3.154815105961406119e-07 -2.957881805651275045e+03 4.390451022462956165e-06
1.125102861506304813e-01 8.091156602670635207e-07 -2.065175048311045975e+04 7.701931868139832103e-07 -2.903731313287470130e+03 1.183302166418267394e-06
1.175500852175193622e-01 3.472345683402076797e-07 -1.801467785521263067e+04 -3.472345683402076665e-08 -2.896691224576873992e+03 1.302129631275778799e-07
1.225369446564099490e-01 -1.058670038894405881e-06 -1.603099900695134238e+04 3.584123375951671906e-06 -2.852289440582588668e+03 -3.791210549590367834e-06
1.275260957852891452e-01 1.850447376000485152e-07 -1.435497647344166762e+04 -1.143576478368299834e-06 -2.209958040261944916e+03 -9.104201089922386311e-07
1.325302087090364789e-01 -1.531144691151766130e-06 -1.204549509006228618e+04 2.060612941335450512e-06 -1.708393468380001195e+03 -3.938073963704490995e-06
1.375062694904859717e-01 -1.804629751847940891e-07 -1.079377064413938751e+04 3.867063753959873527e-08 -2.589547624076029479e+03 -3.254778659582893066e-07
1.425134422753508989e-01 6.561660107506238795e-07 -1.000098061048185809e+04 -2.876584922129967314e-06 -1.924844691879439324e+03 2.467945821684824234e-06
1.475259222195813014e-01 1.306962660599571808e-07 -8.705519158048202371e+03 -1.422364682758895704e-06 -1.898363296733336483e+03 2.433522762462128321e-06
1.525299430011916868e-01 5.727851152984443798e-07 -7.609118025025362840e+03 -8.127356365721170311e-07 -1.444838349678728491e+03 3.986919817184329715e-06
1.574945685492469272e-01 -1.202091684949650149e-06 -7.050725765357705313e+03 4.204852536574391627e-06 -1.242921664577182810e+03 -5.040701195334300260e-06
1.625189323163163113e-01 -7.841012773722628411e-07 -6.168188029197081050e+03 1.318715784671533066e-06 -1.422939416058394272e+03 -4.125441947992700740e-06
1.675461007718098694e-01 4.518548013952163729e-07 -5.363204441913439041e+03 -1.911693390518223177e-07 -6.685481207289293479e+02 2.246239733858912386e-06
1.725292014006662711e-01 5.995476336651613499e-07 -4.999915350891650633e+03 -1.790595281751656443e-07 -7.430589708936282705e+02 5.024732265364901562e-07
1.775301965061671094e-01 5.776926702107521379e-08 -4.421906612821807357e+03 2.073916686056600357e-06 -1.023595027763755638e+03 -1.869317198690292213e-06
1.825147654490652804e-01 8.565009075231173651e-07 -3.733990132647936662e+03 -1.713001815046234783e-07 -4.473804839138526859e+02 1.365442762572380387e-06
1.875360723572403465e-01 2.030953348681913542e-07 -3.579812737430167545e+03 -5.324592803443610066e-07 -5.291073184357542232e+02 1.468631808318239367e-06
1.925323683450522461e-01 1.961073886151868757e-07 -3.187275998714790603e+03 -1.438120849844703791e-06 -6.372868694441468733e+02 1.317187960198671805e-06
1.975198663583639380e-01 -4.446218540533704035e-07 -2.561394005311748970e+03 2.494822625521689328e-06 -5.929195902364992889e+02 -3.723708027696977275e-06
2.025153694923672032e-01 5.079882492099295843e-07 -2.370413972787802777e+03 -6.809987398828766304e-07 -5.379885650873300165e+02 3.451927396352257072e-06
2.075088499274508613e-01 -1.883369737041722998e-07 -2.176192722526277521e+03 -1.731896493812115047e-06 -4.342607799583228712e+02 5.440020889344772982e-07
2.125178062418619784e-01 6.958210233161328641e-08 -1.769941176470588289e+03 -9.756476118793911353e-07 -4.218909495548961672e+02 4.658921265564657402e-07
2.175004174234404231e-01 3.185068333894453253e-07 -1.595917010352663965e+03 -4.745494957153228101e-07 -5.554072889487416660e+02 4.201272091633963921e-07
2.225093171556767890e-01 -2.951898280052599651e-07 -1.619584799353834796e+03 5.696382118838774308e-07 -4.387175587557376844e+02 -9.241215160337783896e-07
2.275289586476768322e-01 -3.964762656297834136e-07 -1.425468085106383114e+03 7.202554840270071114e-07 -2.239144152762896169e+02 3.225384053420494927e-07
2.325285406108919262e-01 4.663155662779910438e-07 -1.134291597693413223e+03 -2.531427359794808660e-07 -1.854512578902370308e+02 6.028794106879741753e-07
2.375276552426477672e-01 -7.113079380163473844e-07 -1.047349551766567174e+03 1.349124784397521499e-06 -2.565753207945157328e+02 -1.889981668639589605e-06
2.424991024241769377e-01 -1.122519091382232095e-07 -9.488124525180220417e+02 -1.245429457756471352e-06 -2.318821433997940460e+02 -4.806046491294509123e-07
2.474998551644826128e-01 -2.455184599393611922e-07 -7.034843419788664960e+02 1.603809641295429032e-07 -2.192260326609029732e+02 -3.820499318782771052e-07
2.525200307756395035e-01 -2.921494101357098811e-07 -6.020764614908754311e+02 9.569191099356248303e-07 -2.707769254562326182e+02 -1.911065396309784143e-06
2.575182250600202005e-01 2.419395210863571968e-07 -5.198274942254674897e+02 -5.266277545451158388e-07 -1.212509723567543318e+02 2.539910197870873706e-07
2.625255687975799335e-01 1.588822390543875087e-07 -4.514049181263193873e+02 5.917819287518899466e-07 -1.648350116962400875e+02 4.700628983530321017e-07
2.675305520911575030e-01 -4.803860629168335023e-08 -3.233172698526670388e+02 -5.267391040754753036e-08 -1.594688281023460092e+02 3.273156792725003371e-07
2.725404586615198799e-01 6.327228341355052875e-07 -2.525653990585497297e+02 -5.746156350822446108e-07 -1.341450124292589976e+02 1.083053626798275797e-06
2.775333197047151201e-01 -4.224200141116524862e-07 -2.264732855998138916e+02 1.217366361863319733e-06 -2.097117765657714301e+02 -1.240193213699652019e-06
2.825123907298719983e-01 -2.061769311971222173e-07 -1.296939665287469836e+02 6.903346425731797497e-07 -1.648333600938677250e+02 -6.581548336134827325e-07
2.875104651677040102e-01 2.082338097496887568e-08 -1.571358336525569825e+02 1.077701296072950479e-08 -1.975371217199770228e+02 -5.175249486607944304e-07
2.924971317655564174e-01 -3.533409146961949013e-07 -5.283256655376897015e+01 -2.596149551071817570e-07 -1.691465974638476837e+02 -1.084578680925155766e-06
2.975058823671092867e-01 -1.795390774159710431e-07 5.210147300417369287e+00 -4.007447709114976261e-07 -1.284604719829499970e+02 8.029292419720855599e-07
3.025121359101998753e-01 -3.562209197073191718e-08 1.954818614629717644e+01 -7.454252579060568223e-08 -3.831999535255717149e+01 3.929974313252507358e-07
3.075010376196579687e-01 3.603998879787846059e-08 4.593190677744683370e+01 -1.615420736825259984e-07 -3.762370016198986633e+01 -1.870969772438535530e-07
3.125134169243361515e-01 1.035560287270008116e-08 1.294103760305650610e+02 -3.411595835283970875e-07 -9.388072591996782990e+01 7.103272374189765007e-07
3.175159688234982513e-01 -1.606211991282996570e-07 1.281979153363263890e+02 3.871622977588576131e-07 -1.244518965330923095e+02 -6.080539223416807905e-07
3.225221380836135188e-01 1.397654090666739429e-07 1.598045119879176923e+02 -7.204409025515253344e-07 -1.106962997923352958e+02 5.748354310649103321e-07
3.275181733526948968e-01 6.514361768861648576e-09 1.735129211403184115e+02 3.158935834989861884e-07 -9.108069233617179350e+01 -4.892766762556565766e-07
3.325123842131759710e-01 1.547365570265173381e-08 1.608562939768896172e+02 -3.345838711143555181e-07 -1.355064180684416044e+02 1.089094253896068839e-06
3.374959366892091861e-01 5.506272197868129131e-08 2.203875556178397517e+02 -3.589768719289755838e-07 -1.908012997932943335e+02 3.197513648883373567e-07
3.424919221947719805e-01 -2.060125368262924365e-08 1.776689029827734316e+02 1.333994760066547889e-07 -1.705180141512972227e+02 -3.217038364421686890e-07
3.475179778446125245e-01 8.873997625134772776e-08 2.384501421243506343e+02 -3.504730522735812073e-07 -1.001551115757833088e+02 3.660524020368093555e-07
3.525052850529177828e-01 -1.737109468555404689e-07 2.509187769439565727e+02 4.145430239476887964e-07 -1.318872265687370202e+02 -4.601330112272722757e-07
3.575133254796376558e-01 -1.344943123136559066e-08 2.337009297085176058e+02 1.889352709067053240e-07 -1.205905296962543503e+02 4.331740182789063211e-07
3.625250227669692404e-01 4.894025102111880523e-08 2.520065201023942052e+02 -1.931186900622082279e-07 -9.910587260954675060e+01 2.200875255720853405e-07
3.675230446100045678e-01 1.512874856928314818e-07 2.455719295176023707e+02 -1.940039522413956608e-07 -1.713375471134148427e+02 4.111459905299302133e-07
3.725177060730277545e-01 3.095120029688304416e-07 2.460544342157928099e+02 -5.015664910689397871e-07 -1.765571502087026374e+02 1.097824242383717097e-06
3.775163034622419089e-01 -3.751014198482461262e-08 2.458886919825404505e+02 -1.330741993697249034e-07 -1.364280345605119180e+02 -1.551107501746244826e-07
3.825226892977953153e-01 -9.962030359216639000e-09 2.424719729729729636e+02 -6.912205670330975315e-08 -1.850143648648648593e+02 3.194970053595465308e-08
3.875130067694269043e-01 -6.592311396865122199e-08 2.081336801896733562e+02 -1.607880828503688309e-07 -1.809702054794520620e+02 -1.768668911354056941e-08
3.924957861003909865e-01 1.868002239685579223e-07 2.206354326907604673e+02 -1.019347804715910878e-06 -2.135454703440285869e+02 -5.369769845152946636e-08
3.975064703251052212e-01 1.314027433050926347e-08 2.556716436404188357e+02 -1.447793535048556569e-07 -1.933392850504925491e+02 -5.018592183603672731e-08
