3.798113400606732779e-03 1.044022409539473677e-04 -2.552267368421052583e+06 -2.577932257401315875e-04 -2.237296842105262913e+06 3.467359040912828833e-04
8.299341265228576958e-03 -3.814697265625000000e-05 -2.320955500000000000e+06 1.125335693359375000e-04 -5.103992187500000000e+05 -1.091957092285156250e-04
1.293222767532251419e-02 6.531150477707006274e-05 -1.466546343949044589e+06 -1.399532245222929897e-04 1.151024458598726196e+05 2.697987161624204036e-04
1.764839556552980082e-02 -1.672196061643835524e-06 -1.096352657534246566e+06 -1.195620184075342366e-04 -2.094702465753424622e+05 -3.135367615582191607e-06
2.256548662787912635e-02 -1.015329631379962231e-05 -8.379216937618147349e+05 -1.292237712665406399e-05 -5.006269187145557953e+04 2.307567344045368630e-06
2.777643688250242340e-02 4.808379382621951424e-05 -5.511493463414633879e+05 -8.448158822408535957e-05 -8.882120975609756715e+04 9.082701148056402036e-05
3.269804980233311648e-02 -5.615234374999999905e-06 -4.423512960000000312e+05 3.454589843750000358e-05 -8.548787200000000303e+04 3.356933593749999805e-07
3.761648458559932462e-02 1.119458024275118063e-05 -2.971319757248819806e+05 -5.597290121375590315e-06 -4.349413351314901956e+04 6.338107931557653041e-06
4.263843696389812976e-02 1.574414116995675030e-05 -2.343233214285714203e+05 -4.426496369498116436e-05 -4.006272321428571013e+04 3.174692392349243164e-05
4.756514582339458480e-02 -8.517771478412560189e-07 -1.922203017880505940e+05 2.342387156563454158e-06 -1.370490710859136561e+04 -1.197811614151766221e-05
5.262096060748640974e-02 4.629070839185392706e-06 -1.519327865168539283e+05 -1.337287131320224597e-05 -2.612229775280898684e+04 2.485982487710674300e-06
5.756031740041873956e-02 -2.077310392172029854e-06 -1.266611881188118859e+05 4.286813263845916261e-06 -4.904217512376238119e+03 -7.237538252726639927e-06
6.254738279606215923e-02 -2.814473724552366581e-06 -1.086404473877851269e+05 9.671010776919302166e-06 -1.780770174147657599e+04 -1.175192486049791398e-06
6.757793472572401483e-02 5.685172726274164833e-06 -9.473988752196835412e+04 -1.410566440575571163e-05 -1.907878910369068399e+04 1.771253106464191403e-05
7.255917516659465827e-02 8.036617188952947157e-06 -7.631951199553655169e+04 -2.136287224521108322e-05 -1.049486181885810038e+04 1.855346157534405754e-05
7.753384299139773339e-02 5.680540153163709806e-06 -6.364424506193505658e+04 -1.426265117592902686e-05 -7.568948108470037369e+03 1.899302903728657525e-05
8.251793356505521260e-02 7.104436191943807946e-06 -5.500914220183486759e+04 -9.921712612887041518e-06 -6.758815366972477023e+03 2.705722773840668036e-05
8.752751931716111489e-02 -3.480040009070882687e-07 -4.648123778670468164e+04 2.736576916223921518e-06 -7.714032914344953497e+03 1.095421684673448386e-06
9.254701955136974967e-02 7.459002401791818254e-07 -3.875343299908842164e+04 -1.829976696476897136e-06 -4.451840929808568944e+03 1.291633195624964283e-06
9.754963178921903511e-02 2.581199950277399885e-06 -3.312691049931958696e+04 -3.232889046634565181e-06 -6.433572280958861484e+03 8.947946857335392388e-06
1.025319613041059119e-01 1.282539868667917447e-06 -2.950985065666041191e+04 -1.133673633911819966e-06 -5.726628893058161339e+03 7.471939859873358144e-07
1.075116003998943526e-01 1.235635916501550576e-06 -2.601397932460372249e+04 -1.162023564029117800e-06 -4.153570296347346812e+03 9.293559499644641401e-07
1.125102861506304813e-01 -6.133238241091443677e-07 -2.300271160238076845e+04 1.457823551151735395e-06 -4.486338718404575957e+03 5.308789485221651341e-06
1.175500852175193622e-01 -1.263065742337505419e-06 -1.943177129853505903e+04 1.456214970976745896e-06 -2.375695633622528931e+03 -3.698590706836243019e-06
1.225369446564099490e-01 -1.640534487752399949e-06 -1.717968672624958708e+04 -5.535793714829526755e-07 -2.394397087057266162e+03 -1.980965597587719527e-06
1.275260957852891452e-01 -4.885181072641280589e-07 -1.492301042929905452e+04 -1.376732847744360826e-06 -2.675580645161290249e+03 2.868193432800751720e-06
1.325302087090364789e-01 5.514090206077099597e-07 -1.352095976656753191e+04 -1.729574878303686572e-07 -2.359446944615902339e+03 1.367819736678286908e-06
1.375062694904859717e-01 -1.018326788542766678e-06 -1.164510749736008438e+04 4.511574379619852227e-08 -2.210490601900738966e+03 -2.721446116849260961e-06
1.425134422753508989e-01 8.084902632463044854e-07 -1.015750739105394496e+04 -3.591337183840468146e-06 -1.501350451142253860e+03 3.050879018735601737e-06
1.475259222195813014e-01 1.306962660599571808e-07 -9.598932798760763035e+03 -7.549794943676249175e-07 -1.851792792382340849e+03 5.704057782031641027e-07
1.525299430011916868e-01 -4.740957880004015574e-07 -8.074061548867094643e+03 2.151169323784135025e-07 -1.190912411227595385e+03 -7.589564034775136489e-07
1.574945685492469272e-01 1.351427510287337656e-06 -7.693457677842034172e+03 -4.281988809992619486e-06 -1.320726250657176251e+03 3.520653791354718132e-06
1.625189323163163113e-01 6.682681341240876486e-08 -6.831078540145986153e+03 -1.485782818202554971e-06 -1.397819416058394381e+03 1.606627972456660697e-06
1.675461007718098694e-01 1.695541694658492259e-06 -6.217411731207289449e+03 -3.296041814504288829e-06 -1.098932730637813165e+03 2.812551746064275033e-06
1.725292014006662711e-01 -8.812143071991298695e-07 -5.443515706892573689e+03 3.454440560413027322e-06 -1.300814055443847565e+03 -3.630985207574496564e-06
1.775301965061671094e-01 4.091989747326160761e-07 -4.602150933871781490e+03 -3.143610947063509542e-07 -9.981849444724886098e+02 -8.526984517589956231e-07
1.825147654490652804e-01 1.379417251063546880e-07 -4.259378297734054286e+03 -6.045093247307896802e-07 -5.984280776389258563e+02 1.698914629067236172e-06
1.875360723572403465e-01 3.793386107716480681e-07 -3.666301899441340993e+03 -2.088493475034916248e-08 -6.597045251396648382e+02 9.461088553487255508e-07
1.925323683450522461e-01 2.469727425372509635e-07 -3.092736639177465804e+03 1.578970896146965647e-06 -4.570885723465781325e+02 1.879439078677552074e-06
1.975198663583639380e-01 -3.242034352472492592e-07 -2.951201922347287109e+03 9.216640516314657488e-07 -6.983895282660932935e+02 3.168702623071328781e-07
2.025153694923672032e-01 -2.827065039081347164e-07 -2.499153526970954317e+03 -3.357139733909099857e-07 -4.974347196757695997e+02 -6.198929070068995972e-07
2.075088499274508613e-01 -8.917179163136321113e-07 -2.181035883578740140e+03 2.810728416468204021e-06 -5.234157411436029861e+02 -3.593776947212267436e-06
2.125178062418619784e-01 -1.065371901728050319e-08 -1.924745854424856134e+03 1.060045042219410048e-06 -4.490181532553674515e+02 1.064040186850890313e-06
2.175004174234404231e-01 5.972003126052100644e-07 -1.724626546586987615e+03 -1.173209646376041648e-06 -1.898171239794630196e+02 1.435367740592253406e-06
2.225093171556767890e-01 1.621740450191830311e-07 -1.453535115541458936e+03 6.214166720406045490e-07 -4.247312700695416083e+02 -6.135822678732042376e-07
2.275289586476768322e-01 5.039160784072210841e-07 -1.439230675034440537e+03 -1.121986957890469673e-06 -3.166146104393081373e+02 1.450218505485671330e-06
2.325285406108919262e-01 -2.870061282925254326e-07 -1.136252051006857982e+03 9.659393872901242219e-07 -2.850691794153493674e+02 -7.461049060447856490e-07
2.375276552426477672e-01 -5.578885788363508871e-08 -9.559853752856389519e+02 3.926677304886623659e-07 -2.047900333977852085e+02 -8.974496080703990656e-07
2.424991024241769377e-01 2.673952534376952339e-07 -7.737584116961828613e+02 -1.780058960746121206e-07 -1.368781760167474317e+02 -3.762982817525175824e-07
2.474998551644826128e-01 -4.783640142972752579e-08 -7.826290105667627586e+02 1.479294526817475693e-07 -1.999545308997758468e+02 -1.326988722855869958e-06
2.525200307756395035e-01 8.306671435199505646e-08 -7.058465821218683232e+02 6.513185557145066861e-07 -3.376969068976183053e+02 -2.218258849172595423e-08
2.575182250600202005e-01 2.539910197870873706e-07 -4.297250875493629110e+02 3.591573999585537644e-07 -3.310811116906340885e+02 5.891306923821576059e-07
2.625255687975799335e-01 -6.242113172712101711e-07 -4.658731956410110229e+02 7.299877120389256100e-07 -1.427660751982655256e+02 -1.764136970760737059e-06
2.675305520911575030e-01 1.609714702054652620e-07 -3.087442316455171749e+02 5.920547529808342854e-07 -1.146684594247524842e+02 -1.763417172623876356e-06
2.725404586615198799e-01 3.409762722222589600e-07 -2.319904797165071102e+02 -1.088904698925166613e-06 -1.396741418522240394e+02 1.387057176011819399e-06
2.775333197047151201e-01 3.234214860612092055e-07 -1.285498487864140316e+02 -7.896217257250497835e-07 -9.083778788740403343e+01 9.006499553911843297e-07
2.825123907298719983e-01 3.897384768881615569e-07 -1.470119804853949290e+02 -1.839384687828073814e-07 -1.267375532637559417e+02 6.637615646035323805e-07
2.875104651677040102e-01 4.466295561966734275e-07 -2.587977937655621474e+01 -5.276740636206339388e-07 -1.215130003830683734e+02 1.262928352253666619e-06
2.924971317655564174e-01 -1.128856535158191571e-07 5.210539365846327797e+01 5.079854408211862268e-07 -6.379362262885942414e+01 -1.724328357454137567e-06
2.975058823671092867e-01 2.079943274215211795e-07 4.070355374744693933e+01 -3.844846280511832549e-07 -9.148760101234348951e+01 1.559110573220767547e-07
3.025121359101998753e-01 9.782675778189138717e-08 9.955460204919803857e+01 -3.181199176905915826e-07 -9.365822921620336672e+01 1.122273698318360693e-07
3.075010376196579687e-01 -1.620204806134712999e-07 1.564829806134712840e+02 2.073096700762920083e-07 -8.992033234049225143e+01 -7.761355109702409089e-07
3.125134169243361515e-01 3.634433067470591364e-07 1.060598431530263497e+02 -2.421676908823270520e-07 -1.506701890207118595e+02 1.094433807305543743e-07
3.175159688234982513e-01 2.878140012378304561e-08 1.433243901720191502e+02 3.034039263048795876e-07 -9.351264846597439373e+01 -2.488391885702075943e-08
3.225221380836135188e-01 -7.326971568632784003e-08 2.187918821974702723e+02 -2.915563956057775793e-07 -6.267131395129318605e+01 2.562518679737842590e-07
3.275181733526948968e-01 -1.828964442422945104e-07 2.344800259163272926e+02 -4.328784568360098125e-08 -9.318462606442058416e+01 -1.164640774774533789e-07
3.325123842131759710e-01 3.393345548827134716e-09 2.798384230143128093e+02 -1.072975862539140006e-07 -6.530619034487666852e+01 -3.498708928118217367e-07
3.374959366892091861e-01 -1.438045845850996908e-07 2.992039028833689827e+02 3.680648940031268684e-07 -1.610600847843604413e+02 -3.976677894358402339e-07
3.424919221947719805e-01 6.600031272397886165e-08 2.912037603446982530e+02 -2.575792551491699186e-07 -6.734596921384461155e+01 5.819536244761238606e-08
3.475179778446125245e-01 -4.935538004990687976e-08 2.899337406475642638e+02 1.911897802943362492e-07 -9.878388113830169459e+01 -4.008878281073875725e-07
3.525052850529177828e-01 -8.965726289318217837e-08 3.142614402043748782e+02 1.325368234073127969e-07 -8.362779019639150135e+01 -3.688616739681462339e-07
3.575133254796376558e-01 -8.221695787521748267e-08 3.287131393183159389e+02 -1.462479456941101874e-07 -1.588034429106851348e+02 -2.007619990221126729e-07
3.625250227669692404e-01 -2.472286859095015927e-07 3.162875771721126057e+02 5.537371124924710302e-07 -9.201800933594337550e+01 -1.041646140864986433e-06
3.675230446100045678e-01 1.508425224996172581e-07 3.339677623952933914e+02 -3.893427940624339663e-08 -1.190996945373954787e+02 -3.821121421727030295e-08
3.725177060730277545e-01 -1.583549782631225435e-07 3.484413631425467770e+02 5.913227907318529171e-07 -1.267703842415232458e+02 -7.246485213976017674e-07
3.775163034622419089e-01 -9.511688177919059354e-08 2.877350452693058287e+02 2.912428415539818235e-07 -1.987724398535384580e+02 -3.947771464994724745e-07
3.825226892977953153e-01 -1.601141852301520169e-07 3.436824054054054045e+02 3.602311417863175727e-07 -1.560945810810810883e+02 -4.884874498521958905e-07
3.875130067694269043e-01 -1.258166748304136079e-07 2.919230505795574686e+02 1.336550938693690816e-07 -1.886456138040042276e+02 9.612112577898611312e-08
3.924957861003909865e-01 2.482812650854439522e-07 2.759519068001158644e+02 -4.227067108100280181e-07 -2.092042738068419681e+02 3.091730310478550769e-07
3.975064703251052212e-01 -5.218295993123102817e-08 2.763477851434236072e+02 -1.474735824143485629e-08 -2.665787249860603652e+02 -4.332509155159996358e-07
