3.798113400606732779e-03 7.467590526315788738e+05 0.000000000000000000e+00 2.334534105263157748e+06 0.000000000000000000e+00 2.707994105263157748e+06 1.873250223157894611e+08 0.000000000000000000e+00 7.688460934736841917e+08 0.000000000000000000e+00 1.119914630736842155e+09
8.299341265228576958e-03 5.016123750000000000e+05 0.000000000000000000e+00 -4.748264375000000000e+05 0.000000000000000000e+00 1.242046625000000000e+06 2.740309400000000000e+07 0.000000000000000000e+00 5.795369200000000000e+07 0.000000000000000000e+00 -2.470747000000000000e+06
1.293222767532251419e-02 8.741433885350319324e+05 0.000000000000000000e+00 9.960193630573248956e+05 0.000000000000000000e+00 -9.145905732484077453e+04 1.191608336305732466e+07 0.000000000000000000e+00 1.900380779617834464e+07 0.000000000000000000e+00 -1.175208682802547887e+07
1.764839556552980082e-02 8.980334794520547148e+05 0.000000000000000000e+00 7.188701369863012806e+05 0.000000000000000000e+00 2.821696164383561700e+05 7.143202630136986263e+06 0.000000000000000000e+00 1.561194608219178021e+07 0.000000000000000000e+00 3.830660383561643772e+06
2.256548662787912635e-02 8.287050888468809426e+05 0.000000000000000000e+00 4.249398563327032025e+05 0.000000000000000000e+00 -8.876238941398865427e+04 3.588755357277882751e+06 0.000000000000000000e+00 5.903938298676748760e+06 0.000000000000000000e+00 -1.983954510396975558e+06
2.777643688250242340e-02 7.349969951219512150e+05 0.000000000000000000e+00 5.552482341463414486e+05 0.000000000000000000e+00 -5.443325853658536653e+04 2.372927531707317103e+06 0.000000000000000000e+00 4.796423492682927288e+06 0.000000000000000000e+00 2.854517073170731601e+04
3.269804980233311648e-02 6.426526720000000205e+05 0.000000000000000000e+00 4.228145920000000042e+05 0.000000000000000000e+00 -4.118257200000000012e+04 1.386550527999999933e+06 0.000000000000000000e+00 2.464320000000000000e+06 0.000000000000000000e+00 -3.389685439999999944e+05
3.761648458559932462e-02 5.780116628455832833e+05 0.000000000000000000e+00 4.329463627781523974e+05 0.000000000000000000e+00 9.724669453809845436e+04 1.013804105192178045e+06 0.000000000000000000e+00 1.883539937963587232e+06 0.000000000000000000e+00 3.774513823331085405e+03
4.263843696389812976e-02 4.834930000000000000e+05 0.000000000000000000e+00 3.393840000000000000e+05 0.000000000000000000e+00 4.294801339285713766e+04 7.014678571428571595e+05 0.000000000000000000e+00 1.342956142857142724e+06 0.000000000000000000e+00 1.009015535714285652e+05
4.756514582339458480e-02 4.275501160052333144e+05 0.000000000000000000e+00 2.249042337549062504e+05 0.000000000000000000e+00 -4.219001482773658790e+04 4.786104771042302600e+05 0.000000000000000000e+00 8.100230196249454748e+05 0.000000000000000000e+00 -3.623683558656781679e+04
5.262096060748640974e-02 3.867055730337078567e+05 0.000000000000000000e+00 2.394904719101123628e+05 0.000000000000000000e+00 2.671303370786516825e+04 3.956524044943820336e+05 0.000000000000000000e+00 6.763250337078651646e+05 0.000000000000000000e+00 4.049499157303370885e+04
5.756031740041873956e-02 3.661300594059405848e+05 0.000000000000000000e+00 2.431594059405940643e+05 0.000000000000000000e+00 3.069620792079207968e+04 3.232819405940594152e+05 0.000000000000000000e+00 5.346817821782177780e+05 0.000000000000000000e+00 2.228317574257425804e+04
6.254738279606215923e-02 3.379500142261466244e+05 0.000000000000000000e+00 1.704971930340936815e+05 0.000000000000000000e+00 -2.209919450576404051e+04 2.658513848417954287e+05 0.000000000000000000e+00 4.024624223693892127e+05 0.000000000000000000e+00 -1.684094186902133879e+04
6.757793472572401483e-02 3.155215746924428386e+05 0.000000000000000000e+00 1.743375043936730945e+05 0.000000000000000000e+00 -1.093036467486818947e+04 2.302184745166959474e+05 0.000000000000000000e+00 3.380904323374340893e+05 0.000000000000000000e+00 2.141376977152899599e+03
7.255917516659465827e-02 3.001403369908871246e+05 0.000000000000000000e+00 1.805725542123860796e+05 0.000000000000000000e+00 4.617491389250511565e+04 1.916365199925609049e+05 0.000000000000000000e+00 2.677158207178724115e+05 0.000000000000000000e+00 1.037184080342198286e+04
7.753384299139773339e-02 2.728240508871778147e+05 0.000000000000000000e+00 1.551268724472715112e+05 0.000000000000000000e+00 -6.995574154670238386e+03 1.719028644124539860e+05 0.000000000000000000e+00 2.333881807833947241e+05 0.000000000000000000e+00 1.526363173752929470e+04
8.251793356505521260e-02 2.438910091743119410e+05 0.000000000000000000e+00 1.052313944954128528e+05 0.000000000000000000e+00 -2.008012614678899263e+04 1.455992110091743234e+05 0.000000000000000000e+00 1.699262385321100883e+05 0.000000000000000000e+00 -1.150632339449541359e+04
8.752751931716111489e-02 2.222588052351950319e+05 0.000000000000000000e+00 1.143377540495011053e+05 0.000000000000000000e+00 1.981904677983672445e+04 1.266846702086302976e+05 0.000000000000000000e+00 1.494895861085914366e+05 0.000000000000000000e+00 1.105388726188933651e+04
9.254701955136974967e-02 2.007955369188696495e+05 0.000000000000000000e+00 1.003471868732907897e+05 0.000000000000000000e+00 5.905176390154967521e+03 1.175581257976298948e+05 0.000000000000000000e+00 1.330503117593436618e+05 0.000000000000000000e+00 8.004734731084776286e+03
9.754963178921903511e-02 1.783714770229247224e+05 0.000000000000000000e+00 8.882980927457343205e+04 0.000000000000000000e+00 -1.384014864440489873e+03 1.056996411598450795e+05 0.000000000000000000e+00 1.150830809169894346e+05 0.000000000000000000e+00 1.358562964513765291e+04
1.025319613041059119e-01 1.701659136960600445e+05 0.000000000000000000e+00 8.003931257035647286e+04 0.000000000000000000e+00 1.246486604127579812e+04 9.672759474671669886e+04 0.000000000000000000e+00 9.669772007504690555e+04 0.000000000000000000e+00 1.052060637898686764e+04
1.075116003998943526e-01 1.606502439696760848e+05 0.000000000000000000e+00 7.623941557546520198e+04 0.000000000000000000e+00 4.125234321157821796e+03 8.842415988973122148e+04 0.000000000000000000e+00 8.002314541695381922e+04 0.000000000000000000e+00 -3.394134045485871866e+03
1.125102861506304813e-01 1.521786528561490413e+05 0.000000000000000000e+00 7.392235479632063652e+04 0.000000000000000000e+00 1.730437412073896485e+04 8.357801406817654788e+04 0.000000000000000000e+00 7.439223065625724848e+04 0.000000000000000000e+00 1.457086248743912802e+04
1.175500852175193622e-01 1.475097869435357861e+05 0.000000000000000000e+00 6.951338017351728922e+04 0.000000000000000000e+00 1.232515858341630064e+03 7.956243151756506995e+04 0.000000000000000000e+00 6.859006798463946325e+04 0.000000000000000000e+00 5.295340065424548811e+03
1.225369446564099490e-01 1.385519369745117729e+05 0.000000000000000000e+00 6.193738232373386563e+04 0.000000000000000000e+00 1.193628732207878329e+03 7.381229102946045168e+04 0.000000000000000000e+00 5.766103409467064193e+04 0.000000000000000000e+00 7.415178020523006126e+03
1.275260957852891452e-01 1.340998690274072287e+05 0.000000000000000000e+00 5.942700751879699237e+04 0.000000000000000000e+00 8.644173659956342817e+03 6.994728110599078354e+04 0.000000000000000000e+00 5.203499975745815755e+04 0.000000000000000000e+00 6.859647829250545328e+03
1.325302087090364789e-01 1.283066225239885534e+05 0.000000000000000000e+00 5.096635205656247854e+04 0.000000000000000000e+00 -2.053136861006677464e+03 6.668756186521518975e+04 0.000000000000000000e+00 4.674191751304640638e+04 0.000000000000000000e+00 1.944059255934010480e+03
1.375062694904859717e-01 1.230805964097148826e+05 0.000000000000000000e+00 5.781042956705385586e+04 0.000000000000000000e+00 1.141931151003167906e+04 6.461958352692713379e+04 0.000000000000000000e+00 4.430846378035903035e+04 0.000000000000000000e+00 8.476052375923969521e+03
1.425134422753508989e-01 1.151799239777308539e+05 0.000000000000000000e+00 4.988505740065271675e+04 0.000000000000000000e+00 3.670385102706853559e+03 6.157990554808984598e+04 0.000000000000000000e+00 3.795271875599923078e+04 0.000000000000000000e+00 -1.428104146669226338e+03
1.475259222195813014e-01 1.102308077816756995e+05 0.000000000000000000e+00 4.450063547314228344e+04 0.000000000000000000e+00 -3.470282017403981740e+02 5.929272695794796891e+04 0.000000000000000000e+00 3.542716515558795072e+04 0.000000000000000000e+00 1.342809330721217293e+03
1.525299430011916868e-01 1.036099506256340828e+05 0.000000000000000000e+00 4.358234426783902745e+04 0.000000000000000000e+00 8.338520121745012148e+03 5.635528440987486829e+04 0.000000000000000000e+00 3.276088197497463625e+04 0.000000000000000000e+00 3.642869462292864227e+03
1.574945685492469272e-01 9.883629198851456749e+04 0.000000000000000000e+00 4.060227605451530690e+04 0.000000000000000000e+00 3.099855542524365774e+03 5.456606300804788043e+04 0.000000000000000000e+00 3.185635912160795488e+04 0.000000000000000000e+00 1.237544627330448293e+03
1.625189323163163113e-01 9.316981722627737327e+04 0.000000000000000000e+00 3.894403737226277735e+04 0.000000000000000000e+00 4.062771094890511449e+03 5.263206773722627986e+04 0.000000000000000000e+00 2.820049051094890820e+04 0.000000000000000000e+00 3.418021021897810442e+03
1.675461007718098694e-01 8.953384054669702891e+04 0.000000000000000000e+00 3.597780637813211797e+04 0.000000000000000000e+00 6.889404897494305260e+02 5.036063781321184069e+04 0.000000000000000000e+00 2.449961275626423594e+04 0.000000000000000000e+00 1.082885891230068182e+03
1.725292014006662711e-01 8.610893364538352762e+04 0.000000000000000000e+00 3.260277970794739304e+04 0.000000000000000000e+00 9.907058707189241886e+02 4.908339044730857131e+04 0.000000000000000000e+00 2.445669380624320183e+04 0.000000000000000000e+00 2.749453670435442291e+03
1.775301965061671094e-01 8.190391923271074484e+04 0.000000000000000000e+00 3.211111155981827324e+04 0.000000000000000000e+00 4.255699141847551800e+03 4.786401615345785103e+04 0.000000000000000000e+00 2.278276829883897153e+04 0.000000000000000000e+00 3.617225517415446916e+02
1.825147654490652804e-01 8.057438340866791259e+04 0.000000000000000000e+00 2.909426310969304905e+04 0.000000000000000000e+00 -6.086628851664746662e+02 4.648557345859552879e+04 0.000000000000000000e+00 2.180775089367484907e+04 0.000000000000000000e+00 -1.622419421548642617e+02
1.875360723572403465e-01 7.819447776536313177e+04 0.000000000000000000e+00 2.933653273743016689e+04 0.000000000000000000e+00 4.465686703910614597e+03 4.520401877094971860e+04 0.000000000000000000e+00 1.966037452513966491e+04 0.000000000000000000e+00 9.221156424581005240e+02
1.925323683450522461e-01 7.617300974617114116e+04 0.000000000000000000e+00 2.806244403984148812e+04 0.000000000000000000e+00 1.301888079682981697e+03 4.375274970547284465e+04 0.000000000000000000e+00 1.894640591196315654e+04 0.000000000000000000e+00 2.491375441790725063e+02
1.975198663583639380e-01 7.435421737700770609e+04 0.000000000000000000e+00 2.641233458960414646e+04 0.000000000000000000e+00 4.299750600733526881e+03 4.303127537624889374e+04 0.000000000000000000e+00 1.849935904894397390e+04 0.000000000000000000e+00 2.370455141014290803e+03
2.025153694923672032e-01 7.093988381742738420e+04 0.000000000000000000e+00 2.520816751905818819e+04 0.000000000000000000e+00 2.151772073723825088e+03 4.221675730965936964e+04 0.000000000000000000e+00 1.669464363601273726e+04 0.000000000000000000e+00 6.476723921644312441e+02
2.075088499274508613e-01 6.906376312716114626e+04 0.000000000000000000e+00 2.305885309945270274e+04 0.000000000000000000e+00 6.047069545902127174e+02 4.130165380475852726e+04 0.000000000000000000e+00 1.516781240697062094e+04 0.000000000000000000e+00 1.950157045043394646e+03
2.125178062418619784e-01 6.664548786873799691e+04 0.000000000000000000e+00 2.235292441961948134e+04 0.000000000000000000e+00 2.543490661546517913e+03 4.040254983417699259e+04 0.000000000000000000e+00 1.561144353290277650e+04 0.000000000000000000e+00 1.726306161633792954e+03
2.175004174234404231e-01 6.521917279690261785e+04 0.000000000000000000e+00 2.409204343068765229e+04 0.000000000000000000e+00 1.065680834946553432e+03 3.951430350980556977e+04 0.000000000000000000e+00 1.347999797996801681e+04 0.000000000000000000e+00 -1.060622506523020093e+03
2.225093171556767890e-01 6.245069592797620135e+04 0.000000000000000000e+00 2.205156494158901478e+04 0.000000000000000000e+00 3.678915387797718722e+03 3.869427568408817751e+04 0.000000000000000000e+00 1.365556833001714040e+04 0.000000000000000000e+00 7.471149110537617162e+02
2.275289586476768322e-01 6.059708679014235531e+04 0.000000000000000000e+00 1.949084463493035582e+04 0.000000000000000000e+00 2.237590540333690569e+03 3.801368314709934202e+04 0.000000000000000000e+00 1.278232726159497906e+04 0.000000000000000000e+00 3.549031073013929358e+02
2.325285406108919262e-01 5.872307874774889933e+04 0.000000000000000000e+00 1.942648150910446930e+04 0.000000000000000000e+00 1.150188201480727002e+03 3.719875167809652339e+04 0.000000000000000000e+00 1.200167820566459886e+04 0.000000000000000000e+00 9.211292816473542189e+02
2.375276552426477672e-01 5.797123824925294321e+04 0.000000000000000000e+00 1.916801687467041847e+04 0.000000000000000000e+00 2.282526278783617727e+03 3.663111154860256647e+04 0.000000000000000000e+00 1.171917060994902567e+04 0.000000000000000000e+00 -5.908937247319388462e+02
2.424991024241769377e-01 5.609811719818344864e+04 0.000000000000000000e+00 1.723688673543464029e+04 0.000000000000000000e+00 1.516820353519153173e+02 3.614077936285516626e+04 0.000000000000000000e+00 1.051984184491752967e+04 0.000000000000000000e+00 -5.185056978373542051e+02
2.474998551644826128e-01 5.490147063720781443e+04 0.000000000000000000e+00 1.552485584373999336e+04 0.000000000000000000e+00 2.675723342939481427e+03 3.570030252961895894e+04 0.000000000000000000e+00 1.140381428113993024e+04 0.000000000000000000e+00 1.071625232148575151e+03
2.525200307756395035e-01 5.311151945561398315e+04 0.000000000000000000e+00 1.573711599133931486e+04 0.000000000000000000e+00 1.808518156510980589e+03 3.512574574698422657e+04 0.000000000000000000e+00 9.981140488710176214e+03 0.000000000000000000e+00 -6.080672749768017837e+01
2.575182250600202005e-01 5.154749696743908862e+04 0.000000000000000000e+00 1.422301646673124196e+04 0.000000000000000000e+00 2.039635079353252422e+03 3.485577432382087864e+04 0.000000000000000000e+00 1.016380657179047739e+04 0.000000000000000000e+00 6.237545935474256567e+02
2.625255687975799335e-01 5.095081371598105761e+04 0.000000000000000000e+00 1.423678119472813341e+04 0.000000000000000000e+00 1.878980087864437792e+03 3.395880458720830939e+04 0.000000000000000000e+00 9.404212472185770821e+03 0.000000000000000000e+00 1.932790551720203212e+02
2.675305520911575030e-01 5.007450987973101292e+04 0.000000000000000000e+00 1.466568293726957563e+04 0.000000000000000000e+00 1.266053216608442199e+03 3.352516557352148811e+04 0.000000000000000000e+00 8.940530730036867681e+03 0.000000000000000000e+00 -8.478351306941356142e+02
2.725404586615198799e-01 4.829249357380864240e+04 0.000000000000000000e+00 1.239293383402972358e+04 0.000000000000000000e+00 1.290434442270058753e+03 3.325489353149627277e+04 0.000000000000000000e+00 8.843137462315544326e+03 0.000000000000000000e+00 4.060426826043264441e+02
2.775333197047151201e-01 4.751096833561661333e+04 0.000000000000000000e+00 1.260528280817845734e+04 0.000000000000000000e+00 2.310131051774497791e+03 3.278287879649494425e+04 0.000000000000000000e+00 8.447757644686846106e+03 0.000000000000000000e+00 4.316918473905963083e+01
2.825123907298719983e-01 4.633957922559130384e+04 0.000000000000000000e+00 1.153960195146050864e+04 0.000000000000000000e+00 5.996657815105293139e+02 3.217100920150682578e+04 0.000000000000000000e+00 8.193407818193047206e+03 0.000000000000000000e+00 1.795363552152164459e+02
2.875104651677040102e-01 4.549054970312200749e+04 0.000000000000000000e+00 1.058949856349358379e+04 0.000000000000000000e+00 6.775261923003255333e+02 3.197828155525761395e+04 0.000000000000000000e+00 7.824834322926642017e+03 0.000000000000000000e+00 -2.833705947136563736e+02
2.924971317655564174e-01 4.455210533008126367e+04 0.000000000000000000e+00 1.077252077818492762e+04 0.000000000000000000e+00 -1.056842178270468935e+02 3.134381449328971212e+04 0.000000000000000000e+00 7.640915974060501867e+03 0.000000000000000000e+00 -4.308757701510825200e+02
2.975058823671092867e-01 4.337198898854453000e+04 0.000000000000000000e+00 1.047466690347215990e+04 0.000000000000000000e+00 9.284186129118195367e+02 3.105717787052659696e+04 0.000000000000000000e+00 7.181735902672941847e+03 0.000000000000000000e+00 -2.679996003907290287e+02
3.025121359101998753e-01 4.297674013228999684e+04 0.000000000000000000e+00 9.603171501448272465e+03 0.000000000000000000e+00 4.706823310708572876e+02 3.073278284553196863e+04 0.000000000000000000e+00 6.905848601443949519e+03 0.000000000000000000e+00 -3.140352773334486187e+02
3.075010376196579687e-01 4.213289656686001399e+04 0.000000000000000000e+00 1.004175885457490767e+04 0.000000000000000000e+00 7.600506662486283176e+02 3.026332821236348536e+04 0.000000000000000000e+00 7.223823838637195877e+03 0.000000000000000000e+00 -3.609242828029471752e+02
3.125134169243361515e-01 4.080951956565453293e+04 0.000000000000000000e+00 8.634096762517594470e+03 0.000000000000000000e+00 -1.147566458877940931e+02 3.011207850392117689e+04 0.000000000000000000e+00 6.679843313895033134e+03 0.000000000000000000e+00 -4.373547958978484189e+02
3.175159688234982513e-01 4.040285903468872129e+04 0.000000000000000000e+00 9.074262046742835082e+03 0.000000000000000000e+00 2.096243675767012746e+02 2.969007979094418988e+04 0.000000000000000000e+00 6.649725181990549572e+03 0.000000000000000000e+00 -5.954788537297010862e+02
3.225221380836135188e-01 3.960046698131017911e+04 0.000000000000000000e+00 7.821286917122900377e+03 0.000000000000000000e+00 1.178930791013781572e+03 2.948624141967151445e+04 0.000000000000000000e+00 6.361804795167076009e+03 0.000000000000000000e+00 -4.538582216348876841e+02
3.275181733526948968e-01 3.867438015549796546e+04 0.000000000000000000e+00 7.754707737874860868e+03 0.000000000000000000e+00 -3.886379118844872096e+02 2.910896527212143701e+04 0.000000000000000000e+00 6.226977860051832977e+03 0.000000000000000000e+00 -8.152362828582006387e+02
3.325123842131759710e-01 3.804562341994538292e+04 0.000000000000000000e+00 7.445382673439071368e+03 0.000000000000000000e+00 1.563497335812199253e+03 2.875291701433057460e+04 0.000000000000000000e+00 5.573089052367524346e+03 0.000000000000000000e+00 1.438261383954384200e+02
3.374959366892091861e-01 3.742838524331710505e+04 0.000000000000000000e+00 6.906496443961742443e+03 0.000000000000000000e+00 3.663952282521108827e+02 2.845082633220054049e+04 0.000000000000000000e+00 5.604405983954034127e+03 0.000000000000000000e+00 -5.512734470798444590e+02
3.424919221947719805e-01 3.667017316587353707e+04 0.000000000000000000e+00 6.344693063530823565e+03 0.000000000000000000e+00 1.231924676428672711e+02 2.807719987665536246e+04 0.000000000000000000e+00 5.662542533065531643e+03 0.000000000000000000e+00 -9.696262157364425320e+02
3.475179778446125245e-01 3.617453471428104240e+04 0.000000000000000000e+00 5.672534518247459346e+03 0.000000000000000000e+00 2.606229130591041212e+02 2.795211657463978554e+04 0.000000000000000000e+00 5.198411866566471872e+03 0.000000000000000000e+00 1.132431919168817469e+00
3.525052850529177828e-01 3.546139958486348769e+04 0.000000000000000000e+00 6.129501133642024797e+03 0.000000000000000000e+00 5.021387513970940404e+02 2.761243263611687871e+04 0.000000000000000000e+00 4.830516238224493463e+03 0.000000000000000000e+00 -5.055109372505189071e+02
3.575133254796376558e-01 3.525964752320438856e+04 0.000000000000000000e+00 5.525018249266120620e+03 0.000000000000000000e+00 1.156159698323765497e+03 2.733639346674740227e+04 0.000000000000000000e+00 5.012885806041189426e+03 0.000000000000000000e+00 -1.847538380176437727e+02
3.625250227669692404e-01 3.487660966721879231e+04 0.000000000000000000e+00 5.813458936907091811e+03 0.000000000000000000e+00 6.483567535009786980e+02 2.713415931335642017e+04 0.000000000000000000e+00 5.006183406113536876e+03 0.000000000000000000e+00 -9.437285950911007149e+02
3.675230446100045678e-01 3.382918064577273617e+04 0.000000000000000000e+00 5.096334711195678210e+03 0.000000000000000000e+00 3.988763641930756876e+02 2.694115340929801823e+04 0.000000000000000000e+00 4.660682224117694204e+03 0.000000000000000000e+00 -6.738790251441652117e+02
3.725177060730277545e-01 3.328455966607582377e+04 0.000000000000000000e+00 4.622952026988393300e+03 0.000000000000000000e+00 3.090308193721768362e+02 2.666792978443593165e+04 0.000000000000000000e+00 4.809692949854194012e+03 0.000000000000000000e+00 1.608160129224083903e+02
3.775163034622419089e-01 3.319871323463498265e+04 0.000000000000000000e+00 4.524524751587700848e+03 0.000000000000000000e+00 1.530076554430047963e+03 2.643276744747312478e+04 0.000000000000000000e+00 4.301109715144702932e+03 0.000000000000000000e+00 -1.811337668337689024e+02
3.825226892977953153e-01 3.262881902702702791e+04 0.000000000000000000e+00 4.681665297297297002e+03 0.000000000000000000e+00 1.250778054054054110e+03 2.627757145945945740e+04 0.000000000000000000e+00 4.184553081081081473e+03 0.000000000000000000e+00 1.132416351351351409e+02
3.875130067694269043e-01 3.224080927291886474e+04 0.000000000000000000e+00 3.526288303477344925e+03 0.000000000000000000e+00 8.025647523709168354e+02 2.611337576396206714e+04 0.000000000000000000e+00 4.259972602739726426e+03 0.000000000000000000e+00 -1.427338645943098072e+02
3.924957861003909865e-01 3.189899233418080257e+04 0.000000000000000000e+00 3.965482264345251679e+03 0.000000000000000000e+00 1.773541685707849410e+03 2.600488254111286369e+04 0.000000000000000000e+00 4.055639198017571744e+03 0.000000000000000000e+00 1.914448170437357248e+02
3.975064703251052212e-01 3.152522079177250635e+04 0.000000000000000000e+00 3.718081605848460640e+03 0.000000000000000000e+00 1.536279040951613979e+03 2.577610408277058741e+04 0.000000000000000000e+00 4.024084158354501142e+03 0.000000000000000000e+00 -5.835668174214733028e+01
