3.798113400606732779e-03 -1.541940789473684125e-04 -2.036159789473684039e+06 1.798930921052631479e-04 3.816211578947367962e+05 -1.606188322368420896e-04
8.299341265228576958e-03 1.459121704101562500e-04 -1.494543000000000000e+06 -3.647804260253906250e-04 -3.688639375000000000e+05 4.466772079467773438e-04
1.293222767532251419e-02 7.930682722929937255e-05 -1.549605299363057362e+06 -2.293677846337579651e-04 5.626224203821656556e+04 2.007940012937898253e-04
1.764839556552980082e-02 -4.180490154109588809e-05 -1.375783342465753434e+06 1.755805864726027300e-05 -4.935465753424657159e+05 1.107829890839041119e-05
2.256548662787912635e-02 -1.753751181474480294e-05 -7.928551077504726127e+05 5.953523747637050963e-05 -5.599137996219281922e+04 -1.032636386460302424e-04
2.777643688250242340e-02 -4.573682459389291367e-05 -5.153747902439024183e+05 1.403936525670493568e-04 -9.606081707317072869e+03 -9.775539723838247560e-05
3.269804980233311648e-02 -2.856445312500000165e-05 -4.245458240000000224e+05 2.514648437500000201e-05 -4.666168400000000111e+04 -1.329956054687499894e-04
3.761648458559932462e-02 2.782182442683749074e-05 -3.072499743762643193e+05 -2.411773537592717457e-05 -4.664878219824679400e+04 1.142094124030680961e-05
4.263843696389812976e-02 1.645088195800781250e-05 -2.355740714285714203e+05 -6.183556147984095401e-05 -1.909418666294642662e+03 3.835558891296386719e-05
4.756514582339458480e-02 -3.194164304404710177e-06 -1.883137897950283659e+05 8.091882904491932391e-06 -2.612025817706061935e+04 -1.703554295682512038e-06
5.262096060748640974e-02 1.987714445992802057e-06 -1.583876629213483247e+05 6.121196103899666613e-06 -3.704788764044943673e+04 -2.478682593013463445e-05
5.756031740041873956e-02 -4.192390064201733009e-06 -1.275266138613861403e+05 1.622190569887066748e-05 -1.064842698019802083e+04 -1.210977535436649150e-05
6.254738279606215923e-02 -6.946360681873926336e-06 -1.157591326956095145e+05 -7.305655199901888496e-06 -1.715364827078734379e+04 8.712892062178071998e-06
6.757793472572401483e-02 -2.681685248242530462e-06 -9.700179261862917338e+04 1.367659476603690641e-05 -1.024015026362038589e+04 -1.004291125466827720e-05
7.255917516659465827e-02 -4.180062542135484481e-06 -7.811423172772921680e+04 7.975604735011391163e-06 -5.055112516273014990e+03 -1.150262118583056311e-05
7.753384299139773339e-02 -8.030403885587545913e-06 -7.109331904921325622e+04 4.597559476481419852e-07 -8.949612989621695306e+03 -8.467172035853280979e-06
8.251793356505521260e-02 -9.449250107511468414e-07 -6.060894036697247793e+04 6.002023679400802768e-06 -7.186380733944954954e+03 9.405503579235952622e-07
8.752751931716111489e-02 2.530938188415187409e-07 -5.057946870545548882e+04 -4.745509103278476709e-06 -6.083701956718932706e+03 1.344560912595568231e-06
9.254701955136974967e-02 -2.281168100501367458e-06 -4.309268550592524844e+04 6.259302714790337476e-06 -6.045636280765724223e+03 1.119719707868049178e-06
9.754963178921903511e-02 2.760094996336229416e-06 -3.751738888307337766e+04 -8.433623599916256479e-06 -5.173502355281063501e+03 1.516774426227363093e-05
1.025319613041059119e-01 1.431406103424014929e-06 -3.180932983114446688e+04 -5.593935052181050347e-06 -4.244514446529080487e+03 4.511792037992495147e-06
1.075116003998943526e-01 2.565916286181943382e-06 -2.819136871123363017e+04 -2.713140991126808934e-06 -3.677502756719503850e+03 6.682949999461578535e-06
1.125102861506304813e-01 2.642010319239391228e-07 -2.587760871917755503e+04 -4.132858999381618716e-06 -4.341639019865502632e+03 8.251564372053025794e-06
1.175500852175193622e-01 3.602558646529654730e-07 -2.322426966292134966e+04 6.619158958985208233e-07 -3.745588963163134849e+03 3.637824657376707003e-06
1.225369446564099490e-01 -9.091632013406157056e-07 -2.046895623965574487e+04 -8.626948599387620641e-07 -2.923265673618007440e+03 -1.524868724915177223e-06
1.275260957852891452e-01 -2.220536851200581917e-07 -1.832568906136308578e+04 1.206491689152316255e-06 -3.307444579189910201e+03 -7.040952265681845394e-06
1.325302087090364789e-01 1.917944419505078305e-07 -1.619058324448684107e+04 -4.246876928904101583e-07 -1.743758936086639324e+03 3.870137846501318647e-07
1.375062694904859717e-01 1.353472313885955681e-06 -1.505196029567053847e+04 -4.311776085665258320e-06 -2.617084688489968357e+03 5.083577559893083094e-06
1.425134422753508989e-01 1.110209455689671664e-06 -1.324030562488001488e+04 -3.103606644599491153e-06 -1.865908043770397398e+03 1.438658625133482898e-06
1.475259222195813014e-01 -5.839620398423618194e-08 -1.231451820128479631e+04 -2.185686491981411663e-06 -2.336252221057906809e+03 -2.876708239128206325e-06
1.525299430011916868e-01 9.004594830592661361e-07 -1.076949543456205538e+04 -2.860055406794259155e-06 -2.302087588772404160e+03 4.083996573774888132e-06
1.574945685492469272e-01 -8.392426547903100974e-07 -9.966260686698749851e+03 2.423930255894366365e-06 -1.678499292271605782e+03 -7.371759378033120798e-06
1.625189323163163113e-01 -7.128193430656934919e-07 -8.770357372262775243e+03 3.564096715328467459e-06 -2.203374890510949172e+03 -4.651146213503650087e-06
1.675461007718098694e-01 3.855972463829370582e-07 -7.995835421412300093e+03 1.034595428675345243e-06 -1.477771782460136592e+03 1.314424979659582170e-06
1.725292014006662711e-01 1.231285744305633551e-06 -7.494306226719847473e+03 -3.609357230856710066e-06 -1.609691663645053950e+03 2.155756004940336841e-06
1.775301965061671094e-01 8.453569407417340048e-07 -6.650511357900050825e+03 -1.143831487017289147e-06 -1.319907748611812167e+03 3.495040654775050583e-07
1.825147654490652804e-01 -2.560486923542792989e-07 -6.100806286744069439e+03 1.534488994320363929e-06 -1.649027149989660074e+03 -5.862523317020074652e-06
1.875360723572403465e-01 2.625534654329608922e-07 -5.552734748603352273e+03 4.688454739874301496e-07 -1.096978324022346442e+03 1.392471057742667633e-06
1.925323683450522461e-01 1.746581429854008220e-07 -5.208721859269572633e+03 -7.111957015247636306e-07 -1.004436649887544149e+03 3.639477356682628478e-07
1.975198663583639380e-01 -4.940242822815226706e-07 -4.383324143164284578e+03 4.724107199317060604e-07 -8.763821424054634690e+02 -1.635683522116478899e-06
2.025153694923672032e-01 -9.718036071842131638e-07 -3.921858149184599370e+03 2.547303394588922503e-06 -6.802151886519347954e+02 -2.967682076181487154e-06
2.075088499274508613e-01 1.179639375186058731e-06 -3.584944560214339617e+03 -1.956747778744647133e-06 -7.948957841947377574e+02 4.092398211545947840e-06
2.125178062418619784e-01 3.911912451657684911e-07 -3.176338278931750665e+03 -3.387549718775910031e-07 -8.358323442136498898e+02 1.011312600933334093e-06
2.175004174234404231e-01 -2.979580054288359649e-07 -2.907243498022052336e+03 1.844257309464691491e-06 -5.568926016328591686e+02 -1.708121324225654511e-07
2.225093171556767890e-01 2.813621985874982988e-07 -2.882526348968696311e+03 7.154295220494080748e-07 -6.379683221370737556e+02 1.304306174862345082e-06
2.275289586476768322e-01 2.335648103857339731e-07 -2.486313332312873172e+03 -8.548472060117863421e-07 -4.692413515995714306e+02 5.255208233679014593e-08
2.325285406108919262e-01 2.375988837702144784e-07 -2.315619667836938333e+03 1.084738829175231527e-06 -6.598415222018081749e+02 -8.410334320370910333e-08
2.375276552426477672e-01 9.119332538671120042e-08 -2.005421550360344554e+03 7.241822898356477213e-08 -4.614373352082967017e+02 1.065218505215657429e-06
2.424991024241769377e-01 -3.771355019583677910e-07 -1.933491128256208640e+03 6.986280610048452505e-07 -5.163104012965745824e+02 -6.579262786896662038e-07
2.474998551644826128e-01 -6.449440141690681791e-08 -1.576415113672750522e+03 -4.289854882124559501e-07 -2.976603906500159837e+02 2.523587752411543245e-07
2.525200307756395035e-01 9.061823383854006159e-08 -1.454169502010516680e+03 5.286063640581503593e-08 -4.711761831116610324e+02 -1.944516267785338888e-07
2.575182250600202005e-01 -1.105099692180165347e-07 -1.288389359958274326e+03 -3.658653096127337443e-07 -4.902114894568213685e+02 1.000899705772436778e-06
2.625255687975799335e-01 -3.400732856472335505e-07 -1.070867803959605226e+03 1.086983044379965468e-06 -4.071899070006276133e+02 -1.617864649138148942e-06
2.675305520911575030e-01 3.034017239474737770e-07 -1.016893663440162300e+03 -7.382775282721861995e-07 -4.207613813672829224e+02 4.947133665476864166e-07
2.725404586615198799e-01 -2.378763461242859548e-07 -9.044680806050669162e+02 1.104642065335424620e-07 -3.830118739091341808e+02 -1.684957451713692213e-07
2.775333197047151201e-01 2.508488599206451825e-07 -7.668001137332953476e+02 -3.936276135232765550e-07 -2.104107064388554136e+02 5.295040793136259626e-07
2.825123907298719983e-01 1.824307764157351878e-07 -6.403295745075032528e+02 8.495846488451800502e-07 -2.526027789785709956e+02 -1.241019279646297795e-06
2.875104651677040102e-01 6.334691686069478310e-07 -6.308256560045967944e+02 3.525361866814906155e-07 -1.870750574602566587e+02 9.356821845989303857e-07
2.924971317655564174e-01 -3.189019711821891436e-07 -5.411896103295611056e+02 9.581169842155150106e-07 -3.377826584517217725e+02 -5.619588939084372693e-07
2.975058823671092867e-01 7.943757293216077314e-08 -3.760707308409554912e+02 -3.015748371123928976e-07 -1.675665460438682146e+02 8.033315111313902249e-07
3.025121359101998753e-01 3.694967456501151161e-07 -3.288508062772901894e+02 9.808444073885559155e-08 -1.536225952185378958e+02 2.676089044664678139e-07
3.075010376196579687e-01 -1.766916264957935020e-07 -2.607195067147411010e+02 7.121884512005539688e-07 -1.225407953179704350e+02 -6.741551001904034867e-07
3.125134169243361515e-01 -4.969155215507490117e-07 -1.767705208123869056e+02 6.531700626743791295e-07 -2.106578524029760899e+02 -8.474143247069330670e-07
3.175159688234982513e-01 2.797192324530164998e-07 -1.012118360169366582e+02 -4.984278927686386981e-07 -1.790249383540784578e+01 -4.295099307534863078e-07
3.225221380836135188e-01 7.806554343850293718e-08 -2.977128327355107018e+01 9.520539522666131966e-08 -3.184157447611855787e+02 -2.953743786097968361e-07
3.275181733526948968e-01 1.434924998843021147e-07 -2.054180627545353488e+01 -2.773811710361903022e-07 -1.267519992595335054e+02 -3.631094657505322225e-07
3.325123842131759710e-01 3.789688308930143978e-07 8.935951635428805773e+00 -9.235329245687930309e-07 -3.557608902568117060e+02 9.331700259274620299e-07
3.374959366892091861e-01 2.031440228339698028e-07 8.121368636793610563e+01 -1.699994717400063113e-07 -2.189416669586238413e+02 7.668686861982360262e-07
3.424919221947719805e-01 9.518542210770362459e-08 1.868123911358541420e+02 -2.522063973214471633e-07 -1.334808607455683500e+02 -8.563270343441964768e-07
3.475179778446125245e-01 4.860757126127193135e-08 1.624939719671970408e+02 7.474348842406352295e-07 -2.421861012186754465e+02 -5.609500675747939460e-07
3.525052850529177828e-01 -5.652305704135398576e-08 1.942651444994411634e+02 2.134232671044228111e-07 -1.608460322529139432e+02 -2.331576102955851871e-07
3.575133254796376558e-01 -3.620820790635466828e-07 2.034956273807972593e+02 1.877306696746786756e-06 -2.286377815759824159e+02 -1.100631281029405137e-06
3.625250227669692404e-01 1.610662721399262183e-07 2.259526727902424170e+02 1.680741484598516800e-07 -2.615062791748230779e+02 -1.629331244382670168e-07
3.675230446100045678e-01 5.695528873141890759e-08 2.254472512010731293e+02 2.669779159285261256e-07 -2.212416799714221156e+02 1.842147619906830304e-07
3.725177060730277545e-01 -4.964952056080339877e-08 2.897587626508091034e+02 -4.735244636681785102e-07 -1.957719423637715295e+02 -3.030195306549691913e-07
3.775163034622419089e-01 2.435791828748078048e-07 2.399412774701594913e+02 -9.664253972808247845e-08 -2.538744043966046320e+02 1.194892675127384640e-06
3.825226892977953153e-01 -2.337275324641047406e-07 2.470191081081080995e+02 2.383154791754645334e-07 -2.621248378378378447e+02 -1.408473865405933290e-07
3.875130067694269043e-01 8.584576235932972983e-08 3.066282402528977968e+02 -1.041354067835591829e-08 -3.253061380400421854e+02 3.713294000093000225e-07
3.924957861003909865e-01 1.905322999468992446e-07 3.021896566150677472e+02 -2.374778872534032910e-07 -2.861408425321018285e+02 3.601944381728108180e-07
3.975064703251052212e-01 3.686839560358714155e-08 3.019925159531627514e+02 -2.177126027565671526e-07 -2.498448423269933869e+02 4.651326242783324053e-07
