3.798113400606732779e-03 1.220703125000000000e-04 -1.067663789473684039e+06 -3.051757812500000000e-04 -5.584430526315788738e+05 3.348902652138157666e-04
8.299341265228576958e-03 2.288818359375000000e-05 -2.049461125000000000e+06 9.536743164062500000e-05 -4.298196250000000000e+05 -3.118515014648437500e-04
1.293222767532251419e-02 1.477284036624203832e-05 -1.545452738853503251e+06 -3.071195760350318467e-05 -2.918750063694267883e+05 4.985833623606688485e-05
1.764839556552980082e-02 5.309222495719177618e-05 -1.170407232876712224e+06 -7.922028842037671047e-05 -5.554393972602739232e+05 1.323647695044948686e-04
2.256548662787912635e-02 -1.846053875236294946e-06 -7.749570056710775243e+05 3.692107750472589892e-06 -2.676196786389414046e+04 -1.015329631379962231e-05
2.777643688250242340e-02 2.558638409870426730e-05 -5.002505756097561098e+05 -7.349339927115091384e-05 -1.913782439024390260e+04 9.826334511361470574e-05
3.269804980233311648e-02 -2.929687500000000061e-06 -3.945093120000000345e+05 -9.277343749999999770e-06 4.195629999999999882e+02 3.540039062500000180e-06
3.761648458559932462e-02 -2.568168408631153044e-05 -3.317820849629130098e+05 2.897420768712069962e-05 -8.359676331759945606e+04 -4.741233985165205515e-05
4.263843696389812976e-02 -1.992498125348772019e-06 -2.362819821428571304e+05 1.424551010131835938e-05 -2.771327678571428260e+04 -1.585270677294049993e-05
4.756514582339458480e-02 -2.512742586131705107e-05 -1.894843645878761599e+05 6.452211894897514396e-05 -9.023331879633667995e+03 -6.223296786415176266e-05
5.262096060748640974e-02 -5.314859111657302800e-06 -1.652932471910112363e+05 1.534451259655898728e-05 -2.348318117977528163e+04 -2.170948500043890373e-05
5.756031740041873956e-02 -5.759815178295173301e-06 -1.351059801980197954e+05 2.285985663385674418e-05 -1.770782178217821638e+04 -2.155445589877591177e-05
6.254738279606215923e-02 2.754591304881039696e-06 -1.126055197449104598e+05 -8.084126655629138007e-06 -1.584209369634535142e+04 1.618322391617610858e-05
6.757793472572401483e-02 -2.872755322179810882e-06 -9.998485061511423555e+04 4.178400827417893256e-06 -1.438118717047451537e+04 4.141946668574596220e-06
7.255917516659465827e-02 -7.378250244095220984e-07 -8.466153766040543269e+04 4.296411872907754976e-06 -9.801757113632136679e+03 -8.506271194875163433e-06
7.753384299139773339e-02 -2.860703674255105545e-06 -6.860079009039170342e+04 7.356095162370271340e-07 -9.812686976899900401e+03 -4.291055511382658635e-07
8.251793356505521260e-02 2.327315304257454152e-06 -5.910482110091743380e+04 -4.418399355827121964e-06 -5.710244839449541359e+03 1.632401702600881554e-05
8.752751931716111489e-02 3.005489098743034783e-07 -4.990556537514578667e+04 -4.927420285570818291e-06 -8.052999352079824348e+03 9.271538410530323385e-06
9.254701955136974967e-02 -1.229257505376880043e-06 -4.356616590701914538e+04 -2.929701409561588361e-07 -7.712007292616225641e+03 -7.827823120784846171e-06
9.754963178921903511e-02 -3.718461314508531173e-06 -3.680084413273317477e+04 1.333407004017062685e-05 -5.212401967968177814e+03 -1.263925445949570774e-05
1.025319613041059119e-01 9.103742817776735319e-07 -3.316286378986866475e+04 -1.726275760729362120e-06 -4.586250656660412460e+03 2.784084871159709141e-07
1.075116003998943526e-01 1.346054445210199845e-06 -2.899759614059269370e+04 -3.533392918676774515e-06 -2.703175740868366574e+03 9.212060109407305423e-06
1.125102861506304813e-01 1.028496874275334274e-06 -2.491722779624333270e+04 -2.358937785035170645e-08 -3.569119270309963667e+03 3.589123839931011867e-06
1.175500852175193622e-01 1.788258026952069572e-06 -2.296635130137960732e+04 -2.500088892049495040e-06 -3.177144645142938771e+03 1.018265371657658990e-05
1.225369446564099490e-01 2.586064217146640363e-07 -2.128565428666004664e+04 -2.618390019860973520e-06 -3.131100430321086151e+03 4.032643888613041902e-06
1.275260957852891452e-01 1.480357900800388121e-07 -1.848059374242056583e+04 -2.383376220288624833e-06 -2.817142129517341800e+03 2.187228798432573439e-06
1.325302087090364789e-01 3.082410674204589944e-08 -1.660049783962740548e+04 -3.510523267844116200e-07 -2.674928455193311038e+03 4.309809480169112130e-06
1.375062694904859717e-01 5.848933927864307716e-07 -1.518534487856388478e+04 -2.596572183127639654e-06 -2.498727349524815054e+03 -1.047793008709658850e-05
1.425134422753508989e-01 -8.055609506983105584e-07 -1.309936955269725513e+04 1.234705238979410599e-06 -1.778895757343060041e+03 -3.709242013897221168e-07
1.475259222195813014e-01 1.779693835710055079e-06 -1.187580882955943343e+04 -2.447079024101325866e-06 -1.280511640621440620e+03 3.815218660303430756e-06
1.525299430011916868e-01 4.940916647732076734e-07 -1.138836794048021693e+04 -9.875383012634215209e-07 -2.786829387893134935e+03 2.162941089948770866e-06
1.574945685492469272e-01 -3.755765152733474215e-07 -1.004606139038298170e+04 2.686540698746720170e-06 -1.882905487928175489e+03 -2.153712248076139562e-06
1.625189323163163113e-01 1.445686730155109646e-06 -8.863498978102190449e+03 -4.273574717723540331e-06 -1.809384233576642600e+03 4.072815832430429148e-06
1.675461007718098694e-01 1.031879955109268145e-06 -7.972375284738041046e+03 1.417477201492205309e-06 -7.460532460136673762e+02 5.023626097242489647e-08
1.725292014006662711e-01 -6.508512063445627479e-07 -7.614094999505555279e+03 -7.418898990403632761e-07 -1.758048587533375212e+03 -2.764734442406858910e-06
1.775301965061671094e-01 -6.443680325642431630e-07 -6.620217062089853243e+03 3.243864695873000352e-06 -1.233359919232710809e+03 -3.930927827345006857e-06
1.825147654490652804e-01 -1.081895883187095590e-07 -5.996728529646370589e+03 1.474984720745073804e-06 -1.197896067830659604e+03 1.284751361284676154e-06
1.875360723572403465e-01 -1.262472994500698390e-06 -5.476652513966480910e+03 -1.947839832838687161e-07 -1.204454078212290597e+03 -2.332399677297922551e-06
1.925323683450522461e-01 3.627986689380957439e-07 -4.930019920745421587e+03 -2.533053769612830721e-07 -1.120764699582307003e+03 -5.928162935013253272e-07
1.975198663583639380e-01 -8.521918869356266332e-07 -4.436131630201087319e+03 1.445021025673453732e-06 -1.036472695080308540e+03 -2.470121411407613565e-06
2.025153694923672032e-01 3.979241285477781638e-07 -3.819923960243173042e+03 -1.059597228515059654e-06 -7.568520698639390503e+02 1.839202745395842011e-06
2.075088499274508613e-01 8.805365004350913424e-08 -3.616091231766241435e+03 5.381056391547780279e-08 -8.609640706221805431e+02 1.103640689136601439e-06
2.125178062418619784e-01 -1.891035125567289221e-07 -3.382593471810089341e+03 -9.721518603268459307e-08 -5.813978879385582559e+02 -1.611707930082966168e-06
2.175004174234404231e-01 -7.551694275523945924e-07 -3.056994529080043776e+03 5.432596392086104204e-06 -8.821403080548775506e+02 -1.446765918601653954e-06
2.225093171556767890e-01 8.777538673883493929e-07 -2.788773743622072288e+03 -2.954303085168731820e-06 -4.869682236362561980e+02 -1.713423645244380573e-08
2.275289586476768322e-01 5.161782309524720771e-07 -2.549284249196387464e+03 -1.661813625894497176e-06 -7.632322822592989269e+02 1.761370626321416336e-06
2.325285406108919262e-01 -1.065864151492550889e-07 -2.298161788514361888e+03 -3.908168555472687035e-07 -6.338866716388045006e+02 2.131728302985101779e-07
2.375276552426477672e-01 2.092082170636315728e-07 -2.164215714536825544e+03 -1.587300293054579134e-06 -3.860850061522236274e+02 6.974948313768896216e-07
2.424991024241769377e-01 -9.582951279270001399e-08 -1.892186315060861489e+03 4.168068594048081357e-07 -5.032404571775868476e+02 -1.008657143386604518e-06
2.474998551644826128e-01 -2.526030722162183933e-07 -1.616402049311559495e+03 6.627776933487431633e-07 -5.477066282420748848e+02 -6.883678014867014585e-07
2.525200307756395035e-01 7.247688819703546593e-08 -1.481931580575317184e+03 -9.812550614059359513e-08 -2.537603154964429564e+02 5.393363062973329476e-08
2.575182250600202005e-01 1.418893431935027257e-07 -1.283438551523731348e+03 3.092460043960956909e-08 -4.686046643320169665e+02 5.898412760319648689e-07
2.625255687975799335e-01 -3.913291312599846087e-07 -1.081249386660580740e+03 6.614289376524434027e-07 -3.983088663205340367e+02 -1.375582837511633848e-06
2.675305520911575030e-01 1.112472987807403893e-07 -9.677966335731348408e+02 -2.814893772179339851e-07 -2.491716214910039753e+02 3.914725021488932722e-07
2.725404586615198799e-01 -3.203966392242291237e-07 -9.133683820807108305e+02 4.882618809336489182e-08 -4.148409848204368586e+02 -3.625949749255814355e-06
2.775333197047151201e-01 -2.721473480271150335e-07 -8.224142476800992654e+02 8.980862484894796000e-07 -3.605433091219272228e+02 -2.466976268221156220e-06
2.825123907298719983e-01 -7.953077236305811334e-08 -6.748383128512319900e+02 9.931923468088062462e-08 -3.298576668931019640e+02 1.061933695670004005e-06
2.875104651677040102e-01 1.300548004752441914e-07 -6.005350507565600537e+02 -4.522692218773941475e-07 -2.147286918214901164e+02 3.877898053496396771e-07
2.924971317655564174e-01 4.402540487116947193e-07 -5.452604006519552513e+02 -5.108075821590817040e-07 -3.239180432093770605e+02 1.159194554540567952e-06
2.975058823671092867e-01 3.346879405414705560e-07 -4.379329100435130044e+02 -1.026421518057343869e-06 -2.864098215078589647e+02 -6.690371281066846188e-08
3.025121359101998753e-01 -1.725032787101184578e-07 -3.287560632916864733e+02 4.081698038313032359e-07 -2.697245039124983919e+02 1.721858133071385440e-06
3.075010376196579687e-01 3.307286914491153053e-07 -1.794605215028479108e+02 -7.196585760910433854e-07 -2.048313319747086894e+02 8.444741968638397931e-07
3.125134169243361515e-01 4.116160371474713477e-07 -1.277992961994771832e+02 3.308423347404107289e-07 -2.243005228232455295e+01 1.017322919988641829e-06
3.175159688234982513e-01 -2.068663133896906279e-08 -1.334969889282942574e+02 -3.405799014647660331e-07 -3.234020885932940814e+02 4.197287518051694152e-09
3.225221380836135188e-01 2.454311550169907420e-07 1.541592882763828776e+01 2.713569812511799143e-07 -2.077840098168775000e+02 4.248954855047668714e-08
3.275181733526948968e-01 -1.998002420571590870e-07 -7.849543687523139113e+01 4.975233462862242768e-07 -2.142691595705294390e+02 6.629367176579881452e-07
3.325123842131759710e-01 -1.281327279237126055e-07 -1.542104952987537470e+00 1.465925277093322297e-07 -1.509053434978695520e+02 -3.010576170919434233e-07
3.374959366892091861e-01 5.559731151245489473e-08 4.454545773044178958e+01 -9.002487748747503841e-07 -2.632070910556003582e+02 7.216958705943664709e-08
3.424919221947719805e-01 -6.104075165223479538e-09 1.118758469526373318e+02 -3.062211041220445102e-07 -1.573452733167207214e+02 8.622006170878164248e-08
3.475179778446125245e-01 4.025703978818162445e-07 1.094803639690266834e+02 -4.186482868374677048e-07 -2.752232169111641156e+02 2.000668937894236865e-06
3.525052850529177828e-01 -1.062243658190962780e-07 1.261832428548618878e+02 4.244101955432699844e-07 -2.146845920485390309e+02 -7.120199750144699245e-07
3.575133254796376558e-01 -5.847578796245909502e-08 7.790165630676548858e+01 -5.309601546991285810e-08 -2.304548903587770496e+02 -3.585150559978367002e-07
3.625250227669692404e-01 -5.629277699612256601e-08 2.504703357928022740e+02 2.592914238372421080e-07 -2.538057220298147740e+02 -7.044351741754583126e-07
3.675230446100045678e-01 2.011233633328230284e-07 2.198094904825434242e+02 -1.054562767917678215e-06 -2.474762665033644566e+02 -2.209242254308553746e-07
3.725177060730277545e-01 9.651801361078750271e-08 1.890440276745382846e+02 -6.722997682527678766e-07 -2.462274000800503302e+02 3.698084964999763356e-07
3.775163034622419089e-01 1.315222369734383347e-07 2.832604381434413199e+02 -1.967572665122637468e-08 -2.380301611490749565e+02 6.975150315649328487e-07
3.825226892977953153e-01 -2.626470617345861593e-08 3.300635945945945764e+02 2.569121283453863984e-07 -1.699232972972972959e+02 -2.222866625399202960e-07
3.875130067694269043e-01 8.139896694299920823e-08 3.116896996838777909e+02 -1.777713241014390195e-07 -2.553634088514225766e+02 -3.720736729709315816e-08
3.924957861003909865e-01 2.466607584106378769e-07 3.053098960512342046e+02 3.390787451374585877e-08 -2.827896373056995003e+02 4.913695428720774665e-08
3.975064703251052212e-01 3.025099126448175676e-07 2.660705780311009221e+02 -5.929194287838424177e-07 -2.816303079115296555e+02 9.075297379344526499e-07
