3.798113400606732779e-03 -2.569901315789473542e-04 -2.813698526315789204e+06 6.360505756578947083e-04 -9.196209473684210097e+05 -8.432488692434210583e-04
8.299341265228576958e-03 1.103878021240234375e-04 -2.011700750000000000e+06 -7.760524749755859375e-05 -7.410523750000000000e+05 4.068911075592041016e-04
1.293222767532251419e-02 -3.110071656050955401e-05 -1.152762191082802601e+06 1.710539410828025640e-04 -8.229524840764331748e+04 -2.558033937101911073e-04
1.764839556552980082e-02 5.016588184931506571e-06 -9.992567671232876601e+05 -3.595221532534246037e-05 -1.281043150684931461e+05 3.448904377140410513e-05
2.256548662787912635e-02 -9.230269376181474730e-07 -6.913460264650284080e+05 7.845728969754253680e-06 -9.715659735349716357e+03 -4.603596851370510306e-05
2.777643688250242340e-02 -2.411633003048780597e-05 -4.955623024390243809e+05 5.820669778963414383e-05 -7.959707804878048773e+04 -8.072271579649389960e-05
3.269804980233311648e-02 7.751464843750000108e-06 -3.937397440000000061e+05 -2.328491210937500035e-05 -2.591286000000000058e+04 2.127838134765625111e-05
3.761648458559932462e-02 -2.370616992582602758e-05 -2.878040944032366970e+05 6.239332223533377729e-05 -5.545400944032366533e+04 -7.560457318358058531e-05
4.263843696389812976e-02 -8.855547223772320672e-07 -2.134045892857142608e+05 -2.145767211914062500e-06 -1.111731250000000000e+04 -2.988747188023158240e-06
4.756514582339458480e-02 -3.620052878325337974e-06 -1.757515638901003113e+05 6.814217182730048151e-06 -1.662194330571304090e+04 -1.149899149585695647e-05
5.262096060748640974e-02 2.828876623946629347e-06 -1.384473595505617850e+05 -1.427296842082162935e-05 -2.135351544943820045e+04 9.118840935524929813e-06
5.756031740041873956e-02 3.776927985767326911e-07 -1.221095643564356433e+05 4.645621422493811772e-06 -2.359808415841584065e+04 1.539098154200185740e-06
6.254738279606215923e-02 -3.563003970443953496e-06 -9.749447142506744422e+04 9.925511060522442276e-06 -1.518200932057885620e+04 -1.242934473302980043e-05
6.757793472572401483e-02 1.072674099297012185e-06 -8.412624956063268473e+04 -8.313224269551844643e-06 -1.287455448154657279e+04 1.626442103059094771e-05
7.255917516659465827e-02 1.362138506602194659e-06 -7.150290198995723040e+04 2.406444694997210276e-06 -1.003975079040357014e+04 4.778835927329365669e-06
7.753384299139773339e-02 -1.886276485211960236e-06 -5.962945564111148997e+04 2.100190710853803913e-06 -8.781494476062940521e+03 -6.202714356204360157e-06
8.251793356505521260e-02 -3.779700043004587366e-06 -5.062894495412844117e+04 5.809538954988532856e-06 -6.695460435779817089e+03 -9.606737609303326963e-06
8.752751931716111489e-02 -1.740020004535441290e-06 -4.263959155112090230e+04 8.842465295775561618e-06 -6.006330957626020790e+03 -5.603655332788001090e-06
9.254701955136974967e-02 2.719319290536690921e-06 -3.521688240656335256e+04 -5.351703821145738089e-06 -3.778957611668186019e+03 1.360094319067983696e-05
9.754963178921903511e-02 -2.363970251491678031e-07 -3.030346069297603026e+04 2.686620245276352858e-06 -4.378975400397780504e+03 -9.895132235129017590e-07
1.025319613041059119e-01 -2.003968544793620879e-07 -2.638647054409005796e+04 -1.743452633970450234e-06 -4.161993621013133634e+03 6.320373649668738545e-06
1.075116003998943526e-01 3.417716364791523252e-07 -2.310244796691936426e+04 7.098333988413163371e-08 -3.427180565127498085e+03 8.157168808351459324e-06
1.125102861506304813e-01 -5.968112596138981626e-07 -2.059962587926103515e+04 4.322753491076949863e-06 -3.637429697766097433e+03 -3.608879943880681396e-06
1.175500852175193622e-01 1.197959260773716347e-06 -1.773023126155596765e+04 -1.822981483786090213e-06 -2.985938842269947600e+03 1.592938582260702567e-06
1.225369446564099490e-01 4.283168859649122887e-07 -1.559455438596491331e+04 -5.697422728401192009e-07 -1.851032505792783923e+03 -4.333677926390268610e-07
1.275260957852891452e-01 -4.145002122241086528e-07 -1.384960756730536013e+04 1.088063057088285121e-06 -1.925112296871210219e+03 -5.055422231233325159e-06
1.325302087090364789e-01 1.431608513130576321e-06 -1.211797317771168855e+04 -2.428254631123393608e-06 -1.580210987037764426e+03 3.091829151264659424e-06
1.375062694904859717e-01 6.976827522769271667e-07 -1.064961098204857444e+04 -8.161115797419482173e-07 -1.581214783526927022e+03 1.993753338565041075e-06
1.425134422753508989e-01 -7.469746997384335000e-07 -9.244287195239008724e+03 8.128842320682952701e-07 -1.687770205413707117e+03 -2.772960490744684686e-06
1.475259222195813014e-01 6.451390154448949951e-07 -8.671172627454554458e+03 -1.785255378946649106e-06 -1.542634835300013719e+03 2.331677001942001810e-06
1.525299430011916868e-01 -3.689561778724213755e-07 -7.736006763611768292e+03 7.572632042346549882e-07 -1.608161650321271509e+03 -1.018177144705624336e-06
1.574945685492469272e-01 -4.048111628988554450e-07 -6.572564726816839539e+03 -2.739880431815424294e-06 -7.904073280220002289e+02 -1.277376687805839690e-06
1.625189323163163113e-01 -9.355753877737227081e-08 -6.424432700729928001e+03 7.150469035127737642e-07 -1.474461605839416279e+03 3.926075287979014886e-07
1.675461007718098694e-01 7.516430830901195801e-07 -5.399320045558086349e+03 -1.753109734259325007e-06 -7.802329157175398677e+02 1.508174018599177768e-06
1.725292014006662711e-01 -1.669880993094241544e-07 -4.785928206480535664e+03 -6.287202534240366567e-07 -9.122406302534859606e+02 7.620089471499325052e-08
1.775301965061671094e-01 9.050518499968449697e-07 -4.478855123674911738e+03 -3.495040654775050265e-06 -8.705369762746087190e+02 3.624540095013960853e-06
1.825147654490652804e-01 5.986490553635262555e-07 -3.735899553901149375e+03 -1.612024865948772481e-06 -7.014502644095837240e+02 3.895726759376200373e-06
1.875360723572403465e-01 4.586161181913407855e-07 -3.407525363128491790e+03 -1.051066308048184265e-06 -7.682149162011173757e+02 -4.468949813416550436e-07
1.925323683450522461e-01 1.732281932767484078e-07 -3.071610153154118052e+03 -2.467684640074434796e-07 -7.619647638427760512e+02 3.337911177054326514e-07
1.975198663583639380e-01 -3.323085211284304946e-07 -2.745773011255849269e+03 9.666279804484948916e-07 -5.952916656127481474e+02 -1.260485588200131084e-06
2.025153694923672032e-01 1.766915649425841978e-08 -2.453755090224838568e+03 -1.204447501025282348e-06 -4.917819646820419166e+02 1.501142087158038356e-06
2.075088499274508613e-01 5.870243336233942062e-08 -1.999297075728777827e+03 -2.585702421912569653e-07 -5.706583159678490347e+02 6.845123033144221465e-07
2.125178062418619784e-01 1.774510073815783810e-07 -1.825385582126025611e+03 -3.264366092638604356e-07 -4.577090242625239966e+02 -1.225552231796459157e-06
2.175004174234404231e-01 2.876835914485312582e-07 -1.739000589175995401e+03 -9.837751386141738796e-07 -5.055520999915831908e+02 5.272058673643843724e-07
2.225093171556767890e-01 -1.773543773147692277e-07 -1.565890664092511997e+03 -7.295577521066862622e-07 -2.590809282717046358e+02 -3.098441091816921704e-07
2.275289586476768322e-01 -4.028992979153911321e-07 -1.299603551201591927e+03 8.390815813107493208e-07 -2.013645721720496056e+02 -1.766187900535622205e-06
2.325285406108919262e-01 2.664660378731377223e-08 -1.017064086005857462e+03 -6.395184908955305865e-07 -3.766601786331472113e+02 -5.418142770087133842e-07
2.375276552426477672e-01 -1.652208483476885213e-07 -1.023729020917560206e+03 2.478312725215327687e-07 -3.166599050799788984e+02 -7.405434452726753530e-07
2.424991024241769377e-01 -1.895981758479226240e-07 -8.362308172809076723e+02 2.596670669221548630e-07 -2.979281143956915798e+02 -3.637399786647645591e-07
2.474998551644826128e-01 -1.837113252481588267e-07 -7.227277617675312058e+02 6.840315301793148196e-08 -1.760940601985270462e+02 9.283285052433557273e-09
2.525200307756395035e-01 1.944516267785338888e-07 -6.632387256418187462e+02 -3.917350733645221181e-07 -2.437818744200433230e+02 3.173998034188447660e-07
2.575182250600202005e-01 1.045979132516205867e-08 -4.831001266671634085e+02 -3.356228694769391212e-07 -1.006282914834960138e+02 6.412306855860218905e-07
2.625255687975799335e-01 -2.690115718783876512e-07 -4.224978319164717391e+02 4.009055949838106758e-07 -1.522323557939179466e+02 -1.191616792907906382e-07
2.675305520911575030e-01 -2.157523370293146888e-07 -3.446789743306499076e+02 6.455714459549025704e-07 -1.368148327142679648e+02 -1.446636275432885322e-06
2.725404586615198799e-01 -5.100520805786216720e-07 -2.522297826201935607e+02 1.223479357843655818e-06 -8.564326043264398436e+01 -1.340500800381472362e-06
2.775333197047151201e-01 1.120142707821748931e-07 -2.210663013415359046e+02 -1.033371089610204892e-07 -1.530840463204694117e+02 6.478290132384585859e-07
2.825123907298719983e-01 -9.649231149262027154e-08 -8.346433644167233012e+01 -2.698769337059223110e-07 -3.115282838263447118e+01 1.583830831609337409e-06
2.875104651677040102e-01 2.995644280609557589e-07 -1.074884600651216147e+02 -5.414079053491907082e-07 -1.091705252825129264e+02 1.033679938046919923e-06
2.924971317655564174e-01 5.750112975962038252e-08 -4.787678449641077805e+01 -3.647617679229906758e-07 -8.781644106393554239e+01 -2.379417915513125798e-07
2.975058823671092867e-01 -2.495762552570125696e-07 7.335632381671254620e+01 2.743475666457727606e-07 -1.499600501731640065e+02 -7.386614507579133721e-07
3.025121359101998753e-01 1.946021690993688120e-07 4.691979918723790632e+01 -8.410771715311702779e-08 -7.938762915567852474e+01 3.906061334846228895e-07
3.075010376196579687e-01 2.589377513741378234e-08 5.312411036212572668e+01 -1.482961817819783169e-07 -1.487591367507968982e+02 2.112988862036014436e-07
3.125134169243361515e-01 8.643092990233196507e-08 1.201074401769555635e+02 1.711551030349041129e-08 -9.995183993565252933e+01 6.411868083316412462e-07
3.175159688234982513e-01 -1.302377093491888374e-07 1.164468862669587708e+02 -1.858751913267557640e-07 -8.262518297295439140e+01 -6.801467857132611893e-07
3.225221380836135188e-01 1.376949437771380068e-07 1.770402869548801448e+02 7.115198977605248684e-08 -1.598679629979233709e+02 1.756474727366316020e-07
3.275181733526948968e-01 1.705385763880854426e-08 1.556235838578304254e+02 2.790936184388450055e-07 -8.501986301369862531e+01 -6.623375817432707496e-08
3.325123842131759710e-01 1.465925277093322263e-08 1.672780095537151794e+02 -1.506645423679247872e-07 -1.312872786144444319e+02 2.631200138560560555e-07
3.374959366892091861e-01 1.053141381534001386e-07 2.259442245033808661e+02 -3.424045963819938513e-07 -1.312404792768805066e+02 8.814044938092308569e-08
3.424919221947719805e-01 6.104075165223479207e-08 2.254350648809474364e+02 -1.403937288001400112e-07 -9.766872796673028745e+01 2.416196419567627142e-07
3.475179778446125245e-01 3.888605700901754243e-08 2.818222955533047980e+02 -2.806775653343189320e-07 -1.497919593557029430e+02 2.987496110596636410e-07
3.525052850529177828e-01 -1.665694291420719977e-07 2.245730799936132769e+02 4.125254309902590134e-07 -9.241085741657352060e+01 -5.380520705652945112e-07
3.575133254796376558e-01 1.688780756355818584e-07 2.201025515248599334e+02 -1.658373346615339745e-07 -1.656805113780073668e+02 5.069850816345203210e-08
3.625250227669692404e-01 -1.050032615805225118e-07 2.184211564523415063e+02 3.985298844888758770e-07 -1.602045173919590297e+02 -6.218341401750253690e-07
3.675230446100045678e-01 1.512874856928314619e-08 2.632068470281186023e+02 1.036764240189109743e-07 -1.422005409385502617e+02 -7.909220759382586875e-08
3.725177060730277545e-01 1.701334477207101650e-08 2.711894905369089201e+02 -2.944617364396906689e-08 -1.464812596489221903e+02 -5.387013878310562929e-07
3.775163034622419089e-01 3.021854916701719220e-07 2.423765109880637851e+02 -5.408194384347783798e-07 -1.390213831100323318e+02 8.471084238985216086e-07
3.825226892977953153e-01 5.154996304898648273e-08 2.212622162162162169e+02 -4.060075089738175605e-07 -2.016138378378378491e+02 -2.450169743718327876e-07
3.875130067694269043e-01 1.883230420384944761e-07 2.398776080084299451e+02 -5.954183693052720310e-07 -2.054768835616438594e+02 7.411074462504733567e-07
3.924957861003909865e-01 -1.496758892366363264e-07 2.486751584977311609e+02 7.992535345195185741e-07 -1.805626749911498905e+02 -6.224218819141618220e-07
3.975064703251052212e-01 -9.080024096729602466e-08 2.252757821696301619e+02 2.769147380046349553e-07 -2.017953906201598500e+02 -1.775059629997705860e-07
