3.798113400606732779e-03 1.953125000000000000e-03 8.651198652631577849e+07 -2.461965460526315680e-02 1.023719073684210479e+08 2.139442845394736586e-02 9.799492042105261981e+07 0.000000000000000000e+00 -2.880594863157894462e+07 0.000000000000000000e+00 1.153158197894736826e+08
8.299341265228576958e-03 6.652832031250000000e-03 3.739877600000000000e+07 -1.101684570312500000e-02 1.587421200000000000e+07 1.018524169921875000e-02 1.187082720000000000e+08 0.000000000000000000e+00 1.296723040000000000e+08 0.000000000000000000e+00 1.514529800000000000e+07
1.293222767532251419e-02 -2.687101910828025748e-03 3.727531862420382351e+07 3.533041401273885433e-03 4.694035566878980957e+06 -8.571357484076433386e-03 9.915271337579618394e+07 0.000000000000000000e+00 4.251914761783439666e+07 0.000000000000000000e+00 -1.105536815286624245e+07
1.764839556552980082e-02 2.969820205479451782e-03 2.927698410958904028e+07 -5.926262842465753258e-03 8.204904328767122701e+06 1.836071275684931364e-03 7.908373742465752363e+07 0.000000000000000000e+00 6.180773523287671059e+07 0.000000000000000000e+00 4.139201227397260070e+07
2.256548662787912635e-02 7.559590619092628220e-04 1.933277544045368582e+07 -6.715020971172023373e-04 3.085445565217391588e+06 1.866475846231096516e-03 5.952468639697542787e+07 0.000000000000000000e+00 4.842872305482041836e+07 0.000000000000000000e+00 -6.766559092627599835e+06
2.777643688250242340e-02 3.953887195121951479e-04 1.361376655609756149e+07 -2.834413109756097368e-04 3.657732058536585420e+06 1.396365282012195170e-03 5.104264866341463476e+07 0.000000000000000000e+00 4.951333213658536226e+07 0.000000000000000000e+00 2.027331933658536524e+07
3.269804980233311648e-02 4.609375000000000299e-04 7.399141376000000164e+06 -7.167968749999999861e-04 7.256489600000000792e+04 5.483398437499999991e-04 3.844225024000000209e+07 0.000000000000000000e+00 2.771179724799999967e+07 0.000000000000000000e+00 -9.047904000000000233e+05
3.761648458559932462e-02 2.554998314227916313e-04 5.846976474713418633e+06 -2.805230107889413252e-04 1.098617095077545615e+06 7.832913646325016886e-04 2.916886717194875330e+07 0.000000000000000000e+00 2.361224682939986512e+07 0.000000000000000000e+00 5.314618691840862855e+06
4.263843696389812976e-02 5.340576171875000000e-05 4.245497428571428172e+06 -2.119881766183035637e-04 8.691100714285713620e+05 2.216611589704240955e-04 2.424358171428571269e+07 0.000000000000000000e+00 1.987117257142857090e+07 0.000000000000000000e+00 4.823889714285713620e+06
4.756514582339458480e-02 -2.555331443523768141e-05 2.990282522459659725e+06 -1.448021151330135190e-05 6.106685739206280559e+05 -1.467186137156563386e-04 1.977734575839511678e+07 0.000000000000000000e+00 1.493446882860880904e+07 0.000000000000000000e+00 8.726947335368513595e+05
5.262096060748640974e-02 9.841061709971910432e-05 2.397597483146067243e+06 -7.595105117626403733e-05 3.673023370786516462e+05 2.759011943688553206e-04 1.679535029213483259e+07 0.000000000000000000e+00 1.022866480898876302e+07 0.000000000000000000e+00 3.654147595505618025e+06
5.756031740041873956e-02 1.867313196163366369e-04 1.867868673267326783e+06 -2.782840539913366369e-04 3.327925940594059648e+05 5.595141118115718251e-04 1.455095635643564351e+07 0.000000000000000000e+00 1.037570091089108959e+07 0.000000000000000000e+00 1.424421544554455439e+06
6.254738279606215923e-02 -1.067104718543046251e-04 1.565957965170468437e+06 2.149778866200637560e-05 2.511822928623988118e+05 2.932891209452415777e-04 1.347714605837625638e+07 0.000000000000000000e+00 8.399152914397841319e+06 0.000000000000000000e+00 1.611591142506744945e+06
6.757793472572401483e-02 4.355056843145869690e-05 1.217167634446397191e+06 -1.778493656634446167e-04 2.192513884007029628e+04 3.634756185467926011e-04 1.154031533216168731e+07 0.000000000000000000e+00 6.556786727592267096e+06 0.000000000000000000e+00 -7.471585237258348207e+04
7.255917516659465827e-02 -1.158725822949600165e-04 9.946736455272457097e+05 3.855760066021945358e-04 7.686819564813093166e+04 -4.077788642598103360e-04 1.044399253115119971e+07 0.000000000000000000e+00 6.056191571508276276e+06 0.000000000000000000e+00 -9.896173479635485273e+04
7.753384299139773339e-02 -2.501072355205892467e-05 8.055561513223970542e+05 8.475856314864413550e-05 8.993000602611315844e+04 -1.128547599493639228e-04 9.201120974891195074e+06 0.000000000000000000e+00 5.071654652828925289e+06 0.000000000000000000e+00 6.205099323736190563e+05
8.251793356505521260e-02 -4.227664492545871964e-05 5.862411743119265884e+05 3.625712263474770928e-05 -9.411501720183487123e+03 -1.824405215202121557e-04 7.966919045871560462e+06 0.000000000000000000e+00 4.024309431192660704e+06 0.000000000000000000e+00 -7.143166055045872054e+04
8.752751931716111489e-02 2.834650771025009898e-05 4.932359331346378312e+05 -1.437572891019826414e-04 7.620352364908643358e+04 2.029812427108980378e-04 7.176268431774006225e+06 0.000000000000000000e+00 3.109777731242711190e+06 0.000000000000000000e+00 9.108404364390308037e+05
9.254701955136974967e-02 -6.787866055150409560e-05 3.585861659070191090e+05 1.839400424453053854e-04 3.755728714676389791e+04 -1.743424449492935206e-04 6.302753137648130767e+06 0.000000000000000000e+00 2.743055635369188618e+06 0.000000000000000000e+00 1.765210865998176741e+05
9.754963178921903511e-02 2.289856589553020035e-05 3.069766130011514761e+05 -1.602899612687113957e-04 4.190635988694650587e+04 1.030435465298859050e-04 5.643702734638333321e+06 0.000000000000000000e+00 2.083088051920862636e+06 0.000000000000000000e+00 3.931849680728567182e+05
1.025319613041059119e-01 -4.617143527204502641e-05 2.672736060037523275e+05 -1.249560272045028252e-04 3.916717748592870339e+04 9.481634029080675816e-05 5.173127348592870869e+06 0.000000000000000000e+00 1.771895402626641560e+06 0.000000000000000000e+00 2.201434536585365713e+05
1.075116003998943526e-01 -4.795318961061337005e-05 2.348108173673328711e+05 1.091145384648518213e-04 4.934387319090282836e+04 -1.133840549082529227e-04 4.880127470709855668e+06 0.000000000000000000e+00 1.733945516195727047e+06 0.000000000000000000e+00 -5.494210889042039980e+02
1.125102861506304813e-01 -2.626913117415165827e-05 1.781363246502280235e+05 4.997173803818505020e-05 2.246006956790600816e+04 -4.185699205766406573e-05 4.442687124371957034e+06 0.000000000000000000e+00 1.511794118574630935e+06 0.000000000000000000e+00 1.657794518049006874e+05
1.175500852175193622e-01 5.000177784098990080e-06 1.626172914236950746e+05 -2.257024694211349876e-05 4.427098734177215374e+04 6.762393218425544531e-05 4.188467884511449374e+06 0.000000000000000000e+00 1.340269048499502242e+06 0.000000000000000000e+00 1.699976356137107068e+05
1.225369446564099490e-01 -3.232580271433300454e-08 1.227804557431314170e+05 -8.125090512247600254e-05 1.439114995034756794e+04 -1.365361092146640275e-05 3.995325716252896469e+06 0.000000000000000000e+00 1.110722393909301609e+06 0.000000000000000000e+00 -4.752203164515061508e+04
1.275260957852891452e-01 -7.579432452097986673e-06 1.107767974775648763e+05 -7.105717923841862136e-06 2.724197526073247718e+04 -4.914788230657288394e-05 3.675397774436090142e+06 0.000000000000000000e+00 1.022480454038321623e+06 0.000000000000000000e+00 5.223838564152316394e+04
1.325302087090364789e-01 7.452584030076875336e-06 8.940018180797934474e+04 -8.110164973907187292e-06 1.037399921440996513e+04 3.128989324392570303e-05 3.493017821222153492e+06 0.000000000000000000e+00 8.796176088883901248e+05 0.000000000000000000e+00 -8.036314191122831835e+04
1.375062694904859717e-01 1.660259371700105715e-05 6.867409503695880994e+04 -5.800595630939809591e-05 1.830278352692713815e+04 6.964581820881731041e-05 3.321723863991552033e+06 0.000000000000000000e+00 7.447891531151003437e+05 0.000000000000000000e+00 2.316898669482576370e+05
1.425134422753508989e-01 1.063926317431368718e-05 5.996612017661739083e+04 -7.745102376895757407e-05 1.552647494720675786e+04 1.124797432178681133e-04 3.091605992704933509e+06 0.000000000000000000e+00 6.641564430792857893e+05 0.000000000000000000e+00 9.744449030524092450e+02
1.475259222195813014e-01 1.334770376782541362e-06 5.007287220374504250e+04 -1.459348945282245160e-05 2.337871830151715403e+04 5.628281755433049618e-05 2.894524270627363585e+06 0.000000000000000000e+00 7.356440913025650661e+05 0.000000000000000000e+00 1.367017256367032533e+05
1.525299430011916868e-01 1.147634321102468749e-05 4.071544673655732186e+04 -3.991951037791680414e-05 7.815753804531619608e+03 6.498788956818565376e-05 2.800756528914440423e+06 0.000000000000000000e+00 5.992054866418667370e+05 0.000000000000000000e+00 1.817827257355427719e+05
1.574945685492469272e-01 1.382282019654628545e-06 4.052293023820115195e+04 -1.103850927124196145e-05 2.006254927811703601e+04 5.613052344097544756e-06 2.624546247907145880e+06 0.000000000000000000e+00 5.011486727868321468e+05 0.000000000000000000e+00 6.986538375055606593e+04
1.625189323163163113e-01 -1.864022582116788471e-05 3.611064525547445373e+04 1.808779083029197379e-05 2.033573138686131642e+04 1.835064296304744677e-05 2.491432960000000428e+06 0.000000000000000000e+00 4.760199661313869292e+05 0.000000000000000000e+00 1.396149442335766507e+05
1.675461007718098694e-01 -1.703145020643507965e-06 2.192648974943052235e+04 -1.131374906570330267e-05 2.268250113895216418e+04 -1.186553329433015313e-05 2.363629630979498848e+06 0.000000000000000000e+00 2.984988792710705893e+05 0.000000000000000000e+00 2.949623917995444208e+04
1.725292014006662711e-01 2.238847673632857882e-05 1.868121963279164265e+04 -2.996128644477041641e-05 1.655950265352540009e+04 4.588148921387249981e-05 2.291646179384909570e+06 0.000000000000000000e+00 3.239868559185153572e+05 0.000000000000000000e+00 1.681639587302633736e+05
1.775301965061671094e-01 -4.512164882792781055e-05 1.279010499747602262e+04 6.249094177893109220e-05 1.707266834931852645e+04 -1.342846611904893262e-04 2.166224573447753675e+06 0.000000000000000000e+00 3.020357072185764555e+05 0.000000000000000000e+00 1.282306309944472450e+05
1.825147654490652804e-01 -1.615631185559395996e-05 1.028553020768708120e+04 -3.589009276492658297e-05 1.250307660492185823e+04 1.306930226890011537e-05 2.090919845667523332e+06 0.000000000000000000e+00 2.565154638541759050e+05 0.000000000000000000e+00 6.436436266950279241e+04
1.875360723572403465e-01 -1.739331463861731923e-05 7.365555754189944309e+03 3.802763017196228809e-05 1.493195262569832448e+04 -4.500873927963512877e-05 2.041215284916201141e+06 0.000000000000000000e+00 2.267870534078212222e+05 0.000000000000000000e+00 9.758692111731843033e+04
1.925323683450522461e-01 -1.662990655456784715e-05 5.188840098532718912e+03 3.990131667023669404e-05 1.004549298489878856e+04 -2.014676572373353162e-05 1.937742277819427894e+06 0.000000000000000000e+00 1.538222623969154956e+05 0.000000000000000000e+00 3.477447916889793123e+04
1.975198663583639380e-01 2.667731124320222209e-06 1.870017149361325210e+03 -5.878888959150119674e-06 1.116413749841912249e+04 1.097968967370684074e-05 1.868574168306563748e+06 0.000000000000000000e+00 1.771994637662830355e+05 0.000000000000000000e+00 1.598553617807006231e+05
2.025153694923672032e-01 1.060149389655505300e-05 4.906488468590176808e+02 -3.140398080912863433e-05 1.541376049406542552e+04 5.029230910149088215e-05 1.804993525427000131e+06 0.000000000000000000e+00 7.973600849174949690e+04 0.000000000000000000e+00 1.125723377400366735e+05
2.075088499274508613e-01 8.833318544047264565e-06 -1.066626943598433627e+03 -2.512464147908127131e-05 1.794499677116490057e+04 2.833650319019212783e-05 1.743994240307769971e+06 0.000000000000000000e+00 1.109768353752089606e+05 0.000000000000000000e+00 3.125417115115986235e+04
2.125178062418619784e-01 5.433396698813056578e-07 -2.490438470937336660e+03 -1.043531777742625267e-05 1.634747844300925135e+04 9.323335854997599824e-06 1.699103234770466108e+06 0.000000000000000000e+00 6.653424471984639240e+04 0.000000000000000000e+00 1.068323658579158655e+05
2.175004174234404231e-01 3.698789032909688059e-06 -2.423814662065482935e+03 1.491844909940240808e-05 1.289952428246780619e+04 -2.857314527922733739e-05 1.623753895463344874e+06 0.000000000000000000e+00 3.709282652975338715e+04 0.000000000000000000e+00 4.368550256712397822e+04
2.225093171556767890e-01 -3.039673666791434410e-06 -4.415883059829397098e+03 -2.595265681330155016e-05 1.452639750989933236e+04 1.121120145140954783e-05 1.579818186718149809e+06 0.000000000000000000e+00 2.424191044305667674e+04 0.000000000000000000e+00 1.007203482988908800e+05
2.275289586476768322e-01 6.651925799785703410e-06 -3.706582886881983995e+03 -2.275855512398591759e-05 1.190384938007041274e+04 2.278658290123220751e-05 1.530521686208480038e+06 0.000000000000000000e+00 3.449302923618552450e+04 0.000000000000000000e+00 6.235593081279657054e+04
2.325285406108919262e-01 -9.273018117985192869e-06 -4.477100249213250208e+03 1.827957019809725036e-05 7.681558292252560932e+03 -1.884358997826205776e-05 1.481381177814563503e+06 0.000000000000000000e+00 -2.254016335291870803e+02 0.000000000000000000e+00 6.359376130100231239e+04
2.375276552426477672e-01 -6.432884459043769068e-06 -3.601635718052381890e+03 -4.585414972974160589e-06 1.264763297591843912e+04 1.933244855065696882e-05 1.453211264967481140e+06 0.000000000000000000e+00 -2.521676048514677677e+04 0.000000000000000000e+00 1.224211169625593320e+05
2.424991024241769377e-01 -3.297359579963871390e-06 -8.507935238802694585e+03 2.845621317508821129e-05 7.652193338172977747e+03 -2.361733799149123112e-05 1.399667364881062880e+06 0.000000000000000000e+00 -3.296233275370148476e+04 0.000000000000000000e+00 9.293421059206861537e+04
2.474998551644826128e-01 8.567983509446045181e-06 -5.554483765609990769e+03 3.127001280819724466e-06 8.914329042587256481e+03 3.211430315401856903e-05 1.371709217034902424e+06 0.000000000000000000e+00 -2.780064707012487997e+04 0.000000000000000000e+00 1.125494450208133203e+05
2.525200307756395035e-01 1.227121916563563374e-06 -7.002480915558305242e+03 2.490113550688215449e-06 1.162445283018868031e+04 2.051323071523159585e-05 1.335357319641200127e+06 0.000000000000000000e+00 -2.695285270646458594e+04 0.000000000000000000e+00 6.819543854005567846e+04
2.575182250600202005e-01 -2.619495566649280804e-07 -5.005252544519782532e+03 -3.652741040160941757e-06 1.172139614037702086e+04 1.887855902130988560e-05 1.305424529081290588e+06 0.000000000000000000e+00 -3.460236465241040423e+04 0.000000000000000000e+00 9.736649179643842217e+04
2.625255687975799335e-01 -6.466724776416385667e-06 -6.643706738175386818e+03 2.630741643696154483e-05 9.167108118902264323e+03 -1.728421114008922032e-05 1.265411023449535016e+06 0.000000000000000000e+00 -3.775683414161008841e+04 0.000000000000000000e+00 1.109832080789638858e+05
2.675305520911575030e-01 1.568165521525178985e-05 -6.966340039491306925e+03 -1.828964586735028436e-05 9.478461772137914522e+03 4.582935714136998970e-05 1.242714330484251725e+06 0.000000000000000000e+00 -4.764751351127435191e+04 0.000000000000000000e+00 5.495080421424724773e+04
2.725404586615198799e-01 -1.779371562119849647e-05 -5.369598984503093561e+03 2.578668366874702504e-05 1.061995832231448549e+04 -4.251832881836092171e-05 1.210257513936637202e+06 0.000000000000000000e+00 -7.451526059131538204e+04 0.000000000000000000e+00 8.236224213254349888e+04
2.775333197047151201e-01 1.565044459379119525e-06 -6.094785741980510466e+03 -2.087567367591180407e-05 9.543736345542429262e+03 1.293685944244836822e-06 1.184524513143950142e+06 0.000000000000000000e+00 -7.377580272442939167e+04 0.000000000000000000e+00 6.693664497117894643e+04
2.825123907298719983e-01 -6.154400242388687038e-06 -6.644910566294078308e+03 2.136852391851417292e-05 1.027746487988637091e+04 3.400223210839560622e-06 1.164387092694374267e+06 0.000000000000000000e+00 -7.206540544679800223e+04 0.000000000000000000e+00 7.615428493793614325e+04
2.875104651677040102e-01 -9.352255315073740380e-08 -5.817622294579582558e+03 -2.010734892740853996e-06 1.206721624209921356e+04 2.396515424487646072e-06 1.133669791993870866e+06 0.000000000000000000e+00 -8.213432216050564602e+04 0.000000000000000000e+00 7.484826968013790611e+04
2.924971317655564174e-01 1.174010796564519181e-06 -5.096433804575246540e+03 -9.301777849703498174e-06 9.682077934087781614e+03 1.212391918759897799e-05 1.109861504537100205e+06 0.000000000000000000e+00 -8.168514369603162049e+04 0.000000000000000000e+00 5.355508518188858579e+04
2.975058823671092867e-01 -5.289966477222271199e-06 -5.858026463013941793e+03 1.114361790693544018e-05 1.007450279726489680e+04 -7.967470001554035223e-06 1.091540897611224558e+06 0.000000000000000000e+00 -7.000156433709261182e+04 0.000000000000000000e+00 8.207007406091821031e+04
3.025121359101998753e-01 1.008501003793610343e-05 -4.560794777571224586e+03 1.343084800970558966e-06 8.152995720029397489e+03 1.293807573744379807e-05 1.070092882452120539e+06 0.000000000000000000e+00 -8.974414180104620755e+04 0.000000000000000000e+00 6.790461147377977613e+04
3.075010376196579687e-01 3.388396822908502280e-06 -5.030617045513926314e+03 -1.598261874902022484e-05 7.242487746250719283e+03 1.486506015833202832e-05 1.053446851815854199e+06 0.000000000000000000e+00 -8.376847062758008542e+04 0.000000000000000000e+00 7.681909197888907511e+04
3.125134169243361515e-01 -6.362482404986929523e-06 -3.974603016287955143e+03 4.045282022923788796e-06 8.191158978483812461e+03 -1.564110257892620330e-05 1.028405197345666587e+06 0.000000000000000000e+00 -9.375688815604263800e+04 0.000000000000000000e+00 6.506031256786648009e+04
3.175159688234982513e-01 -6.084867676169798791e-06 -4.835762690218191892e+03 2.305989762417600829e-05 8.719347525812694585e+03 -9.978451461665323468e-06 1.014216937528858194e+06 0.000000000000000000e+00 -1.015958977905708743e+05 0.000000000000000000e+00 5.540136161350217299e+04
3.225221380836135188e-01 -4.977758636964320006e-07 -3.179898961676420640e+03 1.023205942042665644e-06 6.862760959033415929e+03 -3.873894568859732587e-06 9.938164932603361085e+05 0.000000000000000000e+00 -9.987382080422881700e+04 0.000000000000000000e+00 7.686796058146121504e+04
3.275181733526948968e-01 -3.420869671208290832e-06 -4.239891299518696542e+03 -4.174593685733437870e-06 6.943843021103295541e+03 -5.850929633108433334e-06 9.773375976305071963e+05 0.000000000000000000e+00 -1.019342335431321699e+05 0.000000000000000000e+00 5.365593187708256301e+04
3.325123842131759710e-01 1.615775416529528604e-06 -3.537641744575998473e+03 -1.064153164112189524e-05 7.938629068557246683e+03 8.146201058336373149e-06 9.662173133244971978e+05 0.000000000000000000e+00 -9.413972847523061500e+04 0.000000000000000000e+00 6.936597333143564174e+04
3.374959366892091861e-01 -4.787783864476404413e-06 -3.415464667344007466e+03 -1.869994189140069478e-06 7.578634341169464278e+03 -1.984529996751064308e-05 9.560764006586554460e+05 0.000000000000000000e+00 -1.159429408261219942e+05 0.000000000000000000e+00 5.707145233507340163e+04
3.424919221947719805e-01 6.348238171832418587e-07 -1.284780571552392303e+03 4.337962750752152119e-06 8.031477018726716778e+03 3.884226496803873643e-06 9.412595642600571737e+05 0.000000000000000000e+00 -9.541383640167015255e+04 0.000000000000000000e+00 5.408506873130037275e+04
3.475179778446125245e-01 -4.080044750792302572e-06 -2.798194661351978084e+03 7.581784038373574455e-06 7.274634952788577721e+03 -1.205966306471967114e-05 9.294419791550951777e+05 0.000000000000000000e+00 -1.030410747868134640e+05 0.000000000000000000e+00 5.759361400986702211e+04
3.525052850529177828e-01 1.621627015807121305e-06 -2.597046527223375506e+03 5.925175634679865655e-07 5.800427399010059162e+03 5.886194216030656507e-06 9.140003275107776280e+05 0.000000000000000000e+00 -9.627901261376337789e+04 0.000000000000000000e+00 5.573695928468785132e+04
3.575133254796376558e-01 2.035893033700975554e-06 -2.041780809528554300e+03 -3.577782610695096933e-06 4.809509914080524140e+03 4.666835685707935423e-06 9.050696728008523351e+05 0.000000000000000000e+00 -1.029178745928213903e+05 0.000000000000000000e+00 5.484752958128626778e+04
3.625250227669692404e-01 1.108393290731817472e-06 -1.735356361993675591e+03 -3.770926759430055516e-06 6.507059539226020206e+03 -3.038201592733586687e-06 8.931798907393463887e+05 0.000000000000000000e+00 -1.086986562264719105e+05 0.000000000000000000e+00 4.549835843999397184e+04
3.675230446100045678e-01 -5.909111205884711919e-07 -1.795719440981562911e+03 -1.886643939228251351e-07 4.353944695958999546e+03 1.272505739953998317e-05 8.846095686343124835e+05 0.000000000000000000e+00 -1.155634043260503531e+05 0.000000000000000000e+00 6.861500986374472268e+04
3.725177060730277545e-01 1.158652402938990385e-06 -2.162612384927669154e+03 -5.269774483246612592e-06 4.974222882955000387e+03 -1.429120960853965505e-06 8.717852602207101882e+05 0.000000000000000000e+00 -9.791073429012522683e+04 0.000000000000000000e+00 5.727510732460403960e+04
3.775163034622419089e-01 5.117793285110432385e-07 -1.583123106308741399e+03 3.164951110528820117e-06 6.045713324277173342e+03 5.127894192909992655e-06 8.586813604098716751e+05 0.000000000000000000e+00 -1.014591085153184686e+05 0.000000000000000000e+00 4.381542711745195265e+04
3.825226892977953153e-01 5.156645903716216401e-06 -1.474220756756756828e+03 -1.302358266469594506e-05 3.413690594594594586e+03 2.027398186760979740e-05 8.528812419459458906e+05 0.000000000000000000e+00 -1.031312536216216249e+05 0.000000000000000000e+00 6.208494702702702489e+04
3.875130067694269043e-01 -6.907456039251844731e-06 -1.651985353003161208e+03 3.788167231954689386e-06 4.151824236037934497e+03 -7.182403660925974917e-06 8.438699835616438650e+05 0.000000000000000000e+00 -1.088529466807165445e+05 0.000000000000000000e+00 6.269575553213909734e+04
3.924957861003909865e-01 5.628363425441702236e-06 -7.795259421362598005e+02 5.892162269594986780e-06 3.138963241399285835e+03 -2.519887879323488212e-06 8.351790531973096076e+05 0.000000000000000000e+00 -9.020012733884723275e+04 0.000000000000000000e+00 7.149327892382454593e+04
3.975064703251052212e-01 -4.751721720042322617e-06 -2.206890775044916609e+03 9.459224998947266002e-06 2.830039080602193280e+03 -1.782793721319035267e-06 8.262644263428536942e+05 0.000000000000000000e+00 -1.020972408648782730e+05 0.000000000000000000e+00 6.132979676599963568e+04
