3.798113400606732779e-03 -6.263702631578947330e+04 0.000000000000000000e+00 -1.134538526315789437e+06 0.000000000000000000e+00 -3.344075368421052583e+06 9.292271831578946114e+07 0.000000000000000000e+00 2.851416387368420959e+08 0.000000000000000000e+00 2.306404244210526049e+08
8.299341265228576958e-03 5.236031250000000000e+05 0.000000000000000000e+00 -3.263615625000000000e+05 0.000000000000000000e+00 5.295897500000000000e+05 2.671096200000000000e+07 0.000000000000000000e+00 4.193068400000000000e+07 0.000000000000000000e+00 -7.292094000000000000e+06
1.293222767532251419e-02 7.808894777070063865e+05 0.000000000000000000e+00 4.599159235668790061e+05 0.000000000000000000e+00 4.957452229299363466e+02 8.963200815286625177e+06 0.000000000000000000e+00 1.443527582165605202e+07 0.000000000000000000e+00 -5.183604585987261496e+06
1.764839556552980082e-02 8.404435068493150175e+05 0.000000000000000000e+00 4.785936986301369616e+05 0.000000000000000000e+00 4.660985958904109430e+04 6.552480876712328754e+06 0.000000000000000000e+00 1.249949983561643772e+07 0.000000000000000000e+00 -1.465421808219178114e+06
2.256548662787912635e-02 8.237367410207940266e+05 0.000000000000000000e+00 6.799664272211720236e+05 0.000000000000000000e+00 -1.942318638941398822e+05 3.905048680529300589e+06 0.000000000000000000e+00 6.746879516068053432e+06 0.000000000000000000e+00 -2.399439364839319605e+06
2.777643688250242340e-02 7.551505170731707476e+05 0.000000000000000000e+00 4.442128780487804906e+05 0.000000000000000000e+00 -1.458896878048780491e+05 2.349539434146341402e+06 0.000000000000000000e+00 4.528958126829268411e+06 0.000000000000000000e+00 1.525023121951219509e+05
3.269804980233311648e-02 6.147177600000000093e+05 0.000000000000000000e+00 3.875211840000000084e+05 0.000000000000000000e+00 1.857306999999999971e+04 1.488546432000000030e+06 0.000000000000000000e+00 2.683605760000000242e+06 0.000000000000000000e+00 -3.163697920000000158e+05
3.761648458559932462e-02 5.420342548887390876e+05 0.000000000000000000e+00 3.525153229939312441e+05 0.000000000000000000e+00 9.561358327714093321e+04 9.540445906945380848e+05 0.000000000000000000e+00 1.797149345920431428e+06 0.000000000000000000e+00 9.316768712070127367e+04
4.263843696389812976e-02 4.603410000000000000e+05 0.000000000000000000e+00 3.002786428571428405e+05 0.000000000000000000e+00 -1.146067075892857065e+04 6.739930714285713620e+05 0.000000000000000000e+00 1.270073714285714319e+06 0.000000000000000000e+00 1.210628035714285652e+05
4.756514582339458480e-02 4.096785137374618789e+05 0.000000000000000000e+00 2.089532315743567306e+05 0.000000000000000000e+00 -5.339253379851723003e+04 4.816829236807675916e+05 0.000000000000000000e+00 7.842890466637592763e+05 0.000000000000000000e+00 -1.307737845617095591e+05
5.262096060748640974e-02 3.845788314606741187e+05 0.000000000000000000e+00 2.315386966292134894e+05 0.000000000000000000e+00 1.317526404494381859e+05 3.930681797752808779e+05 0.000000000000000000e+00 6.676362247191010974e+05 0.000000000000000000e+00 4.232160674157303583e+04
5.756031740041873956e-02 3.629539801980198245e+05 0.000000000000000000e+00 2.370928712871287134e+05 0.000000000000000000e+00 -1.796820668316831870e+04 3.216842574257425731e+05 0.000000000000000000e+00 5.099882772277228069e+05 0.000000000000000000e+00 -5.257934653465346491e+04
6.254738279606215923e-02 3.246845739514348679e+05 0.000000000000000000e+00 1.935303801815059851e+05 0.000000000000000000e+00 2.217114741231297376e+04 2.567892862398822617e+05 0.000000000000000000e+00 4.107813863134657731e+05 0.000000000000000000e+00 2.254514790286975403e+04
6.757793472572401483e-02 3.028218769771528896e+05 0.000000000000000000e+00 1.768305799648505927e+05 0.000000000000000000e+00 9.827577328646748356e+03 2.160212724077328457e+05 0.000000000000000000e+00 3.214643514938488370e+05 0.000000000000000000e+00 1.210810632688927910e+02
7.255917516659465827e-02 2.845337638088153326e+05 0.000000000000000000e+00 1.525554919099869730e+05 0.000000000000000000e+00 2.127600520736470116e+03 1.912524842849172419e+05 0.000000000000000000e+00 2.654168197879858781e+05 0.000000000000000000e+00 -8.685853821833736220e+03
7.753384299139773339e-02 2.579098439906260755e+05 0.000000000000000000e+00 1.485089789086039527e+05 0.000000000000000000e+00 3.093565718111818205e+04 1.591391710746568569e+05 0.000000000000000000e+00 2.193464479410780186e+05 0.000000000000000000e+00 2.125863006360897270e+04
8.251793356505521260e-02 2.405633944954128528e+05 0.000000000000000000e+00 1.171844495412844117e+05 0.000000000000000000e+00 -1.163685091743119301e+04 1.424897889908257057e+05 0.000000000000000000e+00 1.749912110091743234e+05 0.000000000000000000e+00 -4.216734518348624078e+03
8.752751931716111489e-02 2.141695767785409116e+05 0.000000000000000000e+00 1.173034578203965357e+05 0.000000000000000000e+00 1.157429363742387068e+04 1.251303169625502196e+05 0.000000000000000000e+00 1.527564804976026935e+05 0.000000000000000000e+00 8.706432033173514355e+03
9.254701955136974967e-02 2.035989352780309855e+05 0.000000000000000000e+00 9.604695715587967425e+04 0.000000000000000000e+00 7.743896991795806571e+03 1.149935314494074701e+05 0.000000000000000000e+00 1.328617101185049978e+05 0.000000000000000000e+00 8.803073837739288138e+03
9.754963178921903511e-02 1.766501295927980682e+05 0.000000000000000000e+00 7.974142070553753001e+04 0.000000000000000000e+00 -4.231203600963048302e+03 1.014325635925887182e+05 0.000000000000000000e+00 1.078426797864545224e+05 0.000000000000000000e+00 -1.209737569349942532e+03
1.025319613041059119e-01 1.695739196998123953e+05 0.000000000000000000e+00 8.336791894934333686e+04 0.000000000000000000e+00 -8.199124202626640908e+03 9.402339061913696059e+04 0.000000000000000000e+00 9.509004127579736814e+04 0.000000000000000000e+00 3.367519324577860971e+03
1.075116003998943526e-01 1.561154183321846940e+05 0.000000000000000000e+00 6.636552446588559542e+04 0.000000000000000000e+00 2.433645761543763001e+03 8.658520744314265903e+04 0.000000000000000000e+00 8.290603997243280173e+04 0.000000000000000000e+00 2.007357425913163240e+02
1.125102861506304813e-01 1.447657342505990528e+05 0.000000000000000000e+00 5.851386874855067435e+04 0.000000000000000000e+00 6.914554533508541681e+03 8.039731251449331467e+04 0.000000000000000000e+00 7.060606446625957324e+04 0.000000000000000000e+00 6.726736646826931064e+03
1.175500852175193622e-01 1.399791688237804046e+05 0.000000000000000000e+00 6.333029839283174806e+04 0.000000000000000000e+00 1.946214052055184311e+03 7.590547006115772820e+04 0.000000000000000000e+00 6.637085364812971966e+04 0.000000000000000000e+00 4.653389276063148827e+03
1.225369446564099490e-01 1.361600529625951895e+05 0.000000000000000000e+00 6.078001403508772637e+04 0.000000000000000000e+00 -3.992501026150281632e+03 7.034170724925522518e+04 0.000000000000000000e+00 5.949387461105594411e+04 0.000000000000000000e+00 4.348261900033101483e+03
1.275260957852891452e-01 1.293490759155954293e+05 0.000000000000000000e+00 5.725671210283773689e+04 0.000000000000000000e+00 4.077311181178753031e+03 6.682064904195973941e+04 0.000000000000000000e+00 5.145750181906378566e+04 0.000000000000000000e+00 2.108079311181178582e+03
1.325302087090364789e-01 1.241657029347399075e+05 0.000000000000000000e+00 5.217298961898883135e+04 0.000000000000000000e+00 -3.122482240053869191e+03 6.317892823073901673e+04 0.000000000000000000e+00 4.471834173166489200e+04 0.000000000000000000e+00 3.338328376634307659e+01
1.375062694904859717e-01 1.192215923970432923e+05 0.000000000000000000e+00 5.134367222808869701e+04 0.000000000000000000e+00 6.969087222808870138e+03 6.095333643083421339e+04 0.000000000000000000e+00 4.216327434002111841e+04 0.000000000000000000e+00 6.526167687434001891e+03
1.425134422753508989e-01 1.121677465924361604e+05 0.000000000000000000e+00 4.329191169130351045e+04 0.000000000000000000e+00 2.149483394125551968e+03 5.800936532923785853e+04 0.000000000000000000e+00 3.704158187751967489e+04 0.000000000000000000e+00 -2.305200374352082804e+02
1.475259222195813014e-01 1.068039721171807323e+05 0.000000000000000000e+00 4.341246343796984002e+04 0.000000000000000000e+00 4.976812428812246253e+03 5.599157610825094889e+04 0.000000000000000000e+00 3.515517171625130868e+04 0.000000000000000000e+00 1.669538111075675488e+03
1.525299430011916868e-01 9.987765979032803443e+04 0.000000000000000000e+00 4.629190125126817293e+04 0.000000000000000000e+00 5.179201555630706935e+03 5.365012647954007116e+04 0.000000000000000000e+00 3.214491173486641856e+04 0.000000000000000000e+00 4.193955360162326542e+03
1.574945685492469272e-01 9.357780951995794021e+04 0.000000000000000000e+00 4.037563731952925446e+04 0.000000000000000000e+00 2.635569701136409549e+03 5.148472455210902990e+04 0.000000000000000000e+00 2.991482217818578647e+04 0.000000000000000000e+00 2.893208233914344419e+03
1.625189323163163113e-01 9.093560058394161751e+04 0.000000000000000000e+00 3.778065751824817562e+04 0.000000000000000000e+00 4.947389197080292433e+03 5.022664875912409479e+04 0.000000000000000000e+00 2.877287240875912539e+04 0.000000000000000000e+00 2.439081313868613506e+03
1.675461007718098694e-01 8.751905239179954515e+04 0.000000000000000000e+00 3.484789977220956644e+04 0.000000000000000000e+00 2.763438211845102160e+03 4.841021867881548678e+04 0.000000000000000000e+00 2.602833712984054728e+04 0.000000000000000000e+00 6.754513809794988219e+02
1.725292014006662711e-01 8.357805504829087295e+04 0.000000000000000000e+00 3.298922055575699778e+04 0.000000000000000000e+00 5.539172363780202431e+03 4.656386168704881857e+04 0.000000000000000000e+00 2.382811326103438114e+04 0.000000000000000000e+00 5.471629759040116369e+03
1.775301965061671094e-01 8.108825037859666918e+04 0.000000000000000000e+00 2.890667541645633537e+04 0.000000000000000000e+00 3.085119636547198297e+03 4.528690156486623164e+04 0.000000000000000000e+00 2.249618374558303913e+04 0.000000000000000000e+00 2.992369005552750878e+03
1.825147654490652804e-01 7.862857466985730571e+04 0.000000000000000000e+00 3.224850884811958895e+04 0.000000000000000000e+00 1.368164377086472314e+03 4.437861987060178944e+04 0.000000000000000000e+00 2.090080912286921375e+04 0.000000000000000000e+00 2.318423587107447929e+03
1.875360723572403465e-01 7.578096983240223199e+04 0.000000000000000000e+00 2.707205363128491808e+04 0.000000000000000000e+00 4.400122905027932575e+03 4.313938234636871493e+04 0.000000000000000000e+00 1.933561564245810223e+04 0.000000000000000000e+00 1.915000446927374242e+03
1.925323683450522461e-01 7.343543836350005586e+04 0.000000000000000000e+00 2.534896090821462712e+04 0.000000000000000000e+00 1.116741994216557714e+03 4.254493734604262136e+04 0.000000000000000000e+00 1.848026218271393373e+04 0.000000000000000000e+00 1.670554889150690769e+03
1.975198663583639380e-01 7.203680060705702635e+04 0.000000000000000000e+00 2.563594101429113289e+04 0.000000000000000000e+00 2.398251675730365150e+03 4.147567471860376827e+04 0.000000000000000000e+00 1.797001178702415564e+04 0.000000000000000000e+00 2.000230479322119436e+03
2.025153694923672032e-01 6.897361459036958695e+04 0.000000000000000000e+00 2.562769545498408115e+04 0.000000000000000000e+00 1.329212583228794756e+03 4.028542777188073524e+04 0.000000000000000000e+00 1.600031496670848355e+04 0.000000000000000000e+00 -4.138770746887966823e+01
2.075088499274508613e-01 6.654943616753302922e+04 0.000000000000000000e+00 2.293708617096796297e+04 0.000000000000000000e+00 1.616532918088346378e+03 3.953942833589045040e+04 0.000000000000000000e+00 1.559190748585953406e+04 0.000000000000000000e+00 1.205555061943254941e+03
2.125178062418619784e-01 6.521848559958107944e+04 0.000000000000000000e+00 2.314324594170012278e+04 0.000000000000000000e+00 1.806339500785477412e+03 3.860809774829813250e+04 0.000000000000000000e+00 1.450839169139465957e+04 0.000000000000000000e+00 2.923484137720370057e+01
2.175004174234404231e-01 6.265750290379597573e+04 0.000000000000000000e+00 2.087927548186179774e+04 0.000000000000000000e+00 1.799317397525460819e+03 3.749592256544061820e+04 0.000000000000000000e+00 1.344402390371180991e+04 0.000000000000000000e+00 7.266024745391802071e+02
2.225093171556767890e-01 6.094134946120053064e+04 0.000000000000000000e+00 2.070186229585705587e+04 0.000000000000000000e+00 3.000868225606272517e+03 3.714659805756388232e+04 0.000000000000000000e+00 1.285689911546265830e+04 0.000000000000000000e+00 1.517450010835089870e+03
2.275289586476768322e-01 5.890954599724475702e+04 0.000000000000000000e+00 2.003002847084034875e+04 0.000000000000000000e+00 1.801976427368743316e+03 3.641679350987295766e+04 0.000000000000000000e+00 1.244387203428746398e+04 0.000000000000000000e+00 2.861090616868207803e+02
2.325285406108919262e-01 5.770712575264221232e+04 0.000000000000000000e+00 1.836587648481982251e+04 0.000000000000000000e+00 1.611493496807523798e+03 3.579331526385680627e+04 0.000000000000000000e+00 1.153962039546686538e+04 0.000000000000000000e+00 1.486074982264020719e+03
2.375276552426477672e-01 5.502686925645983865e+04 0.000000000000000000e+00 1.687784397960977367e+04 0.000000000000000000e+00 1.365692670065037873e+03 3.525254997363332950e+04 0.000000000000000000e+00 1.139277398488310791e+04 0.000000000000000000e+00 6.914194410265424722e+02
2.424991024241769377e-01 5.454936322657977871e+04 0.000000000000000000e+00 1.672264582243006589e+04 0.000000000000000000e+00 7.249263079702193409e+02 3.465563317745176028e+04 0.000000000000000000e+00 1.057706832340080655e+04 0.000000000000000000e+00 2.310647274323434601e+02
2.474998551644826128e-01 5.292432353506243817e+04 0.000000000000000000e+00 1.513917335894972712e+04 0.000000000000000000e+00 1.167745116874799805e+03 3.408835504322766792e+04 0.000000000000000000e+00 1.066173909702209494e+04 0.000000000000000000e+00 6.093853986551392836e+02
2.525200307756395035e-01 5.190239257655428810e+04 0.000000000000000000e+00 1.524396263532323064e+04 0.000000000000000000e+00 2.795824064336529773e+03 3.362647101763068349e+04 0.000000000000000000e+00 1.031645456232601282e+04 0.000000000000000000e+00 -1.721523352922981758e+02
2.575182250600202005e-01 5.045396629163251782e+04 0.000000000000000000e+00 1.430031145220177314e+04 0.000000000000000000e+00 1.985707890619178897e+03 3.308509970941062784e+04 0.000000000000000000e+00 9.018535131510319843e+03 0.000000000000000000e+00 -5.525145965278295535e+02
2.625255687975799335e-01 4.969009368403035478e+04 0.000000000000000000e+00 1.333840680093569972e+04 0.000000000000000000e+00 2.319908712272493631e+03 3.295559628002510726e+04 0.000000000000000000e+00 8.977439607462771164e+03 0.000000000000000000e+00 3.392443658355679759e+02
2.675305520911575030e-01 4.844999986191849894e+04 0.000000000000000000e+00 1.353014667016472958e+04 0.000000000000000000e+00 -8.218553320169563392e+01 3.184573049253669160e+04 0.000000000000000000e+00 8.582194004501456220e+03 0.000000000000000000e+00 -6.694154457961087701e+02
2.725404586615198799e-01 4.726303697043423017e+04 0.000000000000000000e+00 1.180608832707462716e+04 0.000000000000000000e+00 3.437505156820225238e+02 3.193512328767123108e+04 0.000000000000000000e+00 8.480291109113026323e+03 0.000000000000000000e+00 2.641664198445020020e+02
2.775333197047151201e-01 4.581323379946751811e+04 0.000000000000000000e+00 1.077148933750355354e+04 0.000000000000000000e+00 5.576282989117790976e+02 3.120221593817044413e+04 0.000000000000000000e+00 7.996989996639697893e+03 0.000000000000000000e+00 -3.610424690464496678e+01
2.825123907298719983e-01 4.497752263323658553e+04 0.000000000000000000e+00 1.186003275489409134e+04 0.000000000000000000e+00 1.294035002778978651e+03 3.082364577286482017e+04 0.000000000000000000e+00 7.576696498487001008e+03 0.000000000000000000e+00 -5.417050330389674855e+02
2.875104651677040102e-01 4.411077111664431868e+04 0.000000000000000000e+00 1.050448036774564207e+04 0.000000000000000000e+00 1.284717870139819979e+03 3.053319440720168495e+04 0.000000000000000000e+00 7.359587818425588921e+03 0.000000000000000000e+00 -4.375630626316797134e+02
2.924971317655564174e-01 4.331608244228924013e+04 0.000000000000000000e+00 1.037822931718087057e+04 0.000000000000000000e+00 4.238402651747216510e+01 3.008067026552150492e+04 0.000000000000000000e+00 6.816848929013165616e+03 0.000000000000000000e+00 -1.094653642973563365e+03
2.975058823671092867e-01 4.219624118639552034e+04 0.000000000000000000e+00 9.161451380872036680e+03 0.000000000000000000e+00 1.454610958174229609e+03 2.985729295799662577e+04 0.000000000000000000e+00 7.385131693455287859e+03 0.000000000000000000e+00 4.223254151496314535e+02
3.025121359101998753e-01 4.114455994120444666e+04 0.000000000000000000e+00 8.576335480523972365e+03 0.000000000000000000e+00 4.161744412260602530e+02 2.942622385543210476e+04 0.000000000000000000e+00 6.789389823181012616e+03 0.000000000000000000e+00 -4.251403743893476417e+02
3.075010376196579687e-01 4.053697193917541881e+04 0.000000000000000000e+00 9.059510518890108870e+03 0.000000000000000000e+00 8.899100172440821552e+02 2.896247043946282429e+04 0.000000000000000000e+00 6.417154956367246996e+03 0.000000000000000000e+00 -2.692466112765846447e+02
3.125134169243361515e-01 3.974790975266438909e+04 0.000000000000000000e+00 8.670629398753268106e+03 0.000000000000000000e+00 1.072539070983310012e+03 2.871745248341041588e+04 0.000000000000000000e+00 6.030314739593806735e+03 0.000000000000000000e+00 -7.503060526844963078e+02
3.175159688234982513e-01 3.888938299063767772e+04 0.000000000000000000e+00 7.572222141446689420e+03 0.000000000000000000e+00 -7.060756255464629021e+02 2.859321393836390416e+04 0.000000000000000000e+00 6.436920199231759398e+03 0.000000000000000000e+00 -8.801680305724474920e+02
3.225221380836135188e-01 3.836282272984708834e+04 0.000000000000000000e+00 7.814203662450444426e+03 0.000000000000000000e+00 3.110439494053238150e+02 2.808594026807627233e+04 0.000000000000000000e+00 6.197396564092883636e+03 0.000000000000000000e+00 -2.963249197659052356e+02
3.275181733526948968e-01 3.748175757126990356e+04 0.000000000000000000e+00 6.757002591632728581e+03 0.000000000000000000e+00 -5.424699740836726960e+02 2.790552595335061051e+04 0.000000000000000000e+00 5.662427841540170448e+03 0.000000000000000000e+00 -1.286895372084413111e+03
3.325123842131759710e-01 3.722631502352847019e+04 0.000000000000000000e+00 6.797225615342875244e+03 0.000000000000000000e+00 3.639533166691870747e+02 2.764970564950141124e+04 0.000000000000000000e+00 5.666157965432274978e+03 0.000000000000000000e+00 -4.654877109333997964e+02
3.374959366892091861e-01 3.630728094453981612e+04 0.000000000000000000e+00 6.350471359002207464e+03 0.000000000000000000e+00 6.650084521598991216e+01 2.733135213537469826e+04 0.000000000000000000e+00 5.259330553901131680e+03 0.000000000000000000e+00 -8.999093998528536531e+02
3.424919221947719805e-01 3.575387583861854364e+04 0.000000000000000000e+00 6.116609755894290174e+03 0.000000000000000000e+00 -1.106918050821325323e+02 2.709076918717549415e+04 0.000000000000000000e+00 5.649595746276741920e+03 0.000000000000000000e+00 -7.113907441515472101e+02
3.475179778446125245e-01 3.506263220831835497e+04 0.000000000000000000e+00 6.033554677034664564e+03 0.000000000000000000e+00 1.205273434181723132e+03 2.678255405626163702e+04 0.000000000000000000e+00 5.102057437841016508e+03 0.000000000000000000e+00 -7.192874179109353463e+02
3.525052850529177828e-01 3.461458853584543976e+04 0.000000000000000000e+00 5.929141178349033908e+03 0.000000000000000000e+00 -6.451347277662462147e+02 2.665738872744690889e+04 0.000000000000000000e+00 4.620923135877374989e+03 0.000000000000000000e+00 -1.189480057480440792e+03
3.575133254796376558e-01 3.397761672708878177e+04 0.000000000000000000e+00 5.304107364855025480e+03 0.000000000000000000e+00 2.026944838316560720e+02 2.624472184623403155e+04 0.000000000000000000e+00 4.824512788282453585e+03 0.000000000000000000e+00 1.473796619555303611e+00
3.625250227669692404e-01 3.339352892636651086e+04 0.000000000000000000e+00 5.657737810570696638e+03 0.000000000000000000e+00 8.925081162475530618e+02 2.616009299804246257e+04 0.000000000000000000e+00 4.836547266977864638e+03 0.000000000000000000e+00 -3.259558199066405564e+02
3.675230446100045678e-01 3.291862995283190685e+04 0.000000000000000000e+00 4.787928701091354924e+03 0.000000000000000000e+00 5.703402372256122135e+02 2.578396599814826914e+04 0.000000000000000000e+00 4.509782122782844453e+03 0.000000000000000000e+00 -6.494267946839300976e+02
3.725177060730277545e-01 3.251062770884556085e+04 0.000000000000000000e+00 4.631504602893247466e+03 0.000000000000000000e+00 1.225645262736577337e+02 2.570662885242152333e+04 0.000000000000000000e+00 4.448862256275373511e+03 0.000000000000000000e+00 -1.861769254960260866e+02
3.775163034622419089e-01 3.197137275291164769e+04 0.000000000000000000e+00 4.055546382937643557e+03 0.000000000000000000e+00 5.935967894304963011e+01 2.553360674660911172e+04 0.000000000000000000e+00 4.725738093103757819e+03 0.000000000000000000e+00 -5.249038966770330035e+02
3.825226892977953153e-01 3.164742572972972994e+04 0.000000000000000000e+00 4.241475027027026954e+03 0.000000000000000000e+00 1.109442702702702718e+03 2.529261491891892001e+04 0.000000000000000000e+00 4.442679783783783932e+03 0.000000000000000000e+00 4.750250675675675893e+01
3.875130067694269043e-01 3.121561222339304732e+04 0.000000000000000000e+00 4.229424657534246762e+03 0.000000000000000000e+00 4.776867755532139199e+02 2.510136143308746250e+04 0.000000000000000000e+00 4.236602739726027721e+03 0.000000000000000000e+00 -5.619226027397260168e+02
3.924957861003909865e-01 3.085254362308113195e+04 0.000000000000000000e+00 3.976443394586940485e+03 0.000000000000000000e+00 1.379439230199852091e+03 2.497157614649374227e+04 0.000000000000000000e+00 3.928245151739452467e+03 0.000000000000000000e+00 -1.674388697583110854e+02
3.975064703251052212e-01 3.033066303203023563e+04 0.000000000000000000e+00 3.180446118580013717e+03 0.000000000000000000e+00 1.852345406108667476e+03 2.472557784523883311e+04 0.000000000000000000e+00 3.894419230530946152e+03 0.000000000000000000e+00 3.534617433864072922e+01
