3.798113400606732779e-03 -7.067228618421052917e-05 -6.060848842105262913e+06 1.895302220394736771e-04 -1.010298273684210517e+07 -2.995541221217105292e-04
8.299341265228576958e-03 1.525878906250000000e-05 -1.885832750000000000e+06 -6.866455078125000000e-05 -4.938404062500000000e+05 -6.294250488281250000e-05
1.293222767532251419e-02 -2.371429637738853654e-05 -1.295014828025477706e+06 7.172602756767516364e-05 2.312665477707006503e+05 -2.716453212082006613e-05
1.764839556552980082e-02 -5.351027397260273676e-05 -1.113305972602739697e+06 1.371200770547945265e-04 -3.417878356164383586e+05 -1.964830372431506842e-04
2.256548662787912635e-02 -5.907372400756143827e-05 -6.900498147448014934e+05 1.403000945179584235e-04 8.036305482041588402e+04 -1.827593336483932050e-04
2.777643688250242340e-02 2.917778201219512076e-05 -5.717793170731706778e+05 -7.770817454268292809e-05 -9.753646829268292640e+04 1.258664014862804776e-04
3.269804980233311648e-02 -1.086425781249999949e-05 -3.877072960000000312e+05 9.307861328125000813e-05 -1.362054900000000089e+04 -1.046600341796874998e-04
3.761648458559932462e-02 3.621775960890087452e-06 -3.199095670937289251e+05 2.189528194538098554e-05 -4.866564531355360668e+04 -5.815419809929197443e-05
4.263843696389812976e-02 -1.171657017299107046e-05 -2.437191964285714203e+05 1.839229038783482046e-05 -5.303630357142856519e+04 -1.965250287737165227e-05
4.756514582339458480e-02 -6.281856465329262769e-06 -1.757289140863497742e+05 1.442697544156127310e-05 -1.621722982991713980e+04 -2.748312203581552578e-05
5.262096060748640974e-02 -4.200453168890449533e-06 -1.550065393258426921e+05 1.358718014834971925e-05 -2.641212359550561814e+04 9.965360834357442750e-07
5.756031740041873956e-02 -3.928005105198019903e-06 -1.334731881188118714e+05 4.124405360457921067e-05 -2.425338366336633771e+04 -7.213932452815594537e-06
6.254738279606215923e-02 -7.814655767108167022e-06 -1.092028452293352893e+05 2.977653318156732513e-05 -1.099817709099828244e+04 -3.112014497294272191e-05
6.757793472572401483e-02 1.915728899213257954e-06 -9.763562741652020486e+04 -4.360252608314339461e-06 -1.015604305799648500e+04 5.071108705758629130e-06
7.255917516659465827e-02 4.086415519806583343e-06 -8.204857132229868148e+04 -1.366678968290868488e-05 -1.066556369722893760e+04 1.365543852868700021e-05
7.753384299139773339e-02 1.634687813860060251e-06 -7.229944693672581343e+04 1.634687813860060357e-07 -1.111481151657181181e+04 8.541243827418814927e-06
8.251793356505521260e-02 -6.264502849053899642e-06 -5.826092201834862499e+04 1.608122379407970410e-05 -3.008784690366972427e+03 -2.257758324299383607e-05
8.752751931716111489e-02 2.507210642898794881e-06 -4.945868083452119026e+04 -7.786589520296099224e-06 -7.893910587015679994e+03 1.292261447686520111e-05
9.254701955136974967e-02 1.641328267433910634e-06 -4.355915770282589074e+04 -3.602576451401549786e-06 -6.913342297174111081e+03 2.827118392846968801e-06
9.754963178921903511e-02 -1.201152452109284965e-06 -3.738512802261069737e+04 9.110869131424683076e-06 -6.627423845912278921e+03 -7.178163723110541143e-06
1.025319613041059119e-01 3.790363361866791821e-06 -3.267600450281425947e+04 -1.139971820766885615e-05 -5.734833020637898699e+03 1.226571890024038508e-05
1.075116003998943526e-01 2.565916286181943382e-06 -2.819568297725706361e+04 -1.123114177722260466e-05 -3.518417643004824185e+03 9.643218173888696822e-06
1.125102861506304813e-01 1.679563702945041457e-06 -2.588615722346757320e+04 6.218160001352709694e-06 -4.706102187524155852e+03 -1.527884003367279827e-05
1.175500852175193622e-01 -1.171916668148200866e-07 -2.349643806001991106e+04 -1.764385650378680302e-06 -4.054649125302233188e+03 8.783949470981190440e-07
1.225369446564099490e-01 2.424435203574975215e-06 -2.009869473684210607e+04 -6.739929865938431047e-06 -3.494968553459119903e+03 6.558097225670308350e-06
1.275260957852891452e-01 -1.156066998156302954e-06 -1.801355517826825235e+04 1.439416752606377260e-06 -3.623200097016735072e+03 -2.902484535737260939e-06
1.325302087090364789e-01 9.589722097525391524e-08 -1.630207777341338806e+04 8.904741947702148667e-07 -2.249681387127546259e+03 -1.804922694784243265e-06
1.375062694904859717e-01 -8.636442383843716308e-07 -1.490136430834213206e+04 1.437258695221752773e-06 -2.994168109820485824e+03 3.710769927237328442e-06
1.425134422753508989e-01 -1.148290518813591869e-06 -1.333598924937607990e+04 1.605263276300633474e-06 -1.952736033787675069e+03 -3.395073243124880117e-06
1.475259222195813014e-01 -5.478120088045013167e-07 -1.217141336735158802e+04 -3.991797658065287842e-06 -1.719115950612784218e+03 -1.320518922238769405e-06
1.525299430011916868e-01 -1.184271927576513234e-06 -1.071100236726411822e+04 2.527220812769487744e-06 -2.187855258708149904e+03 -1.907026118671002981e-06
1.574945685492469272e-01 7.849387183038783055e-07 -9.768404092692198901e+03 7.281664210680631493e-07 -2.103921057952844876e+03 1.514956409933979031e-06
1.625189323163163113e-01 1.271937015282846924e-06 -9.173393284671534275e+03 -1.166127894046532930e-06 -1.864244379562044060e+03 8.578892171817975495e-07
1.675461007718098694e-01 2.326889298771399729e-06 -7.927321753986332624e+03 -3.762152852121409280e-06 -1.555607915717539754e+03 5.186656341465839063e-06
1.725292014006662711e-01 1.235309553927547328e-06 -7.304577248903979125e+03 5.572976326350661620e-07 -1.057163134126644081e+03 4.303967366839586039e-06
1.775301965061671094e-01 -2.151905196535051755e-07 -6.378954063604240218e+03 6.145205779366875747e-07 -1.489246340232205966e+03 -1.061450105192443426e-06
1.825147654490652804e-01 -1.229754987222665422e-06 -6.106046500635174198e+03 5.788142975050961783e-07 -1.113733108806759446e+03 -3.620294099114818883e-06
1.875360723572403465e-01 -3.340524002160439862e-07 -5.543837318435754241e+03 2.301338664646255179e-06 -1.305665027932960811e+03 -2.813565664451215730e-06
1.925323683450522461e-01 -2.945696399823953080e-07 -4.690643675698832340e+03 -1.653634698791601854e-06 -8.438958980400556129e+02 -3.655717499802323638e-06
1.975198663583639380e-01 2.284862305552042484e-07 -4.256356140128998959e+03 -4.291835952320728399e-07 -1.417144707221449153e+03 5.997763552074111057e-07
2.025153694923672032e-01 1.064917531170394574e-06 -4.190601563253884706e+03 -6.597894252433655750e-07 -8.503474862491557360e+02 3.658147359991768563e-06
2.075088499274508613e-01 7.826991114978588534e-08 -3.650692619478348661e+03 2.907168128420618976e-07 -6.258552291098949354e+02 -9.056946861618081320e-07
2.125178062418619784e-01 1.198543389444056489e-07 -3.346330947809391091e+03 9.322004140120440499e-09 -8.426047303194275173e+02 1.062375543254440114e-06
2.175004174234404231e-01 -1.733807359176416277e-08 -3.126529080043767408e+03 2.025986006741330663e-07 -6.016650534466796216e+02 -2.094134268220070379e-06
2.225093171556767890e-01 -2.789573934713658121e-07 -2.813054746754398366e+03 4.569129720651681351e-07 -5.723292685329288361e+02 -5.891772534524536869e-08
2.275289586476768322e-01 1.588240710622991007e-07 -2.580991275065054651e+03 -5.652268411334762610e-07 -4.762713148630032265e+02 -9.214131769717205614e-07
2.325285406108919262e-01 2.031803538782675323e-07 -2.264096192676404826e+03 -1.726477870386371632e-07 -6.003465337529332828e+02 1.768945895172403028e-06
2.375276552426477672e-01 -8.550715333318685099e-07 -2.211651538055897618e+03 -1.801872823376252509e-06 -5.793857268412726853e+02 -2.334415022068355674e-06
2.424991024241769377e-01 2.905798129843161877e-07 -1.879734202218357950e+03 -4.997560613382742820e-07 -5.244477909273547311e+02 -6.311352321024597401e-08
2.474998551644826128e-01 -1.993463316522574564e-07 -1.610637848222862658e+03 6.742596511767531264e-07 -5.858760806916426418e+02 -7.812617262548030848e-07
2.525200307756395035e-01 1.252195321108732333e-08 -1.428667738942159076e+03 4.312256855231632776e-07 -3.975301577482214839e+02 -1.885317222201120011e-07
2.575182250600202005e-01 1.782712260636316242e-07 -1.381169808509052928e+03 -4.893363246032337495e-07 -3.366798897250577625e+02 7.435547311582593913e-07
2.625255687975799335e-01 -4.957996446108146869e-07 -1.123008957608261426e+03 -1.769469319879685531e-07 -2.976511667712671851e+02 8.315744039274672075e-07
2.675305520911575030e-01 8.259269151903453406e-08 -9.650612943759406335e+02 -8.174990895251377283e-08 -3.543010452769224230e+02 4.024286755136631550e-08
2.725404586615198799e-01 5.558518520546292302e-08 -9.132017771195852447e+02 -6.288389328098968012e-07 -3.957496165441370977e+02 -1.046635746836075833e-09
2.775333197047151201e-01 3.518194702031690245e-07 -7.583681339985007526e+02 4.874987277703104290e-07 -3.603832036601442042e+02 -2.835854249731821836e-07
2.825123907298719983e-01 -3.015384734144383237e-08 -5.631378990922003140e+02 5.578461758167109452e-07 -2.518180695362193546e+02 -9.483384988884085857e-07
2.875104651677040102e-01 -2.538991189053222414e-08 -5.954289408159356753e+02 -3.807573477396720912e-07 -3.039538881440337263e+02 -3.604134525108373760e-07
2.924971317655564174e-01 3.979219286432625072e-07 -5.526954189737483603e+02 1.093579768434498131e-06 -2.698039510339964409e+02 1.940222169803141618e-08
2.975058823671092867e-01 3.004738899395590831e-07 -4.070664683420655479e+02 -3.446811533410387451e-07 -1.395449116419500797e+02 7.254818427754320546e-07
3.025121359101998753e-01 -1.860264802916000075e-07 -3.817568198521464637e+02 3.304938532840127850e-07 -2.654262461631576571e+02 -8.092481726869515122e-07
3.075010376196579687e-01 -3.061804358049851291e-08 -2.677864869101740055e+02 1.377811961122433048e-07 -2.240152165961227126e+02 -1.465838836416366313e-06
3.125134169243361515e-01 2.086462208425497656e-08 -1.984381258797506575e+02 -2.381021579026744462e-07 -2.551552785039211813e+02 4.541123630102553754e-07
3.175159688234982513e-01 -1.011096582473524144e-07 -1.451054513660343162e+02 1.520392451851403764e-07 -1.840197070467919502e+02 -6.182660727762262160e-07
3.225221380836135188e-01 -2.465834139607325301e-07 -2.558420096280913825e+01 5.242778194024919610e-07 -1.552913913535963957e+02 -9.843172026913819383e-07
3.275181733526948968e-01 5.211489415089318861e-08 1.038411236579044861e+01 -4.534278256678660527e-07 -1.430924564975934743e+02 3.209338281738100674e-07
3.325123842131759710e-01 -1.620661834119839535e-07 9.737188325609116646e+01 -5.411707481269514798e-07 -2.063864362151632008e+02 4.604769909758422051e-08
3.374959366892091861e-01 7.484253472830466420e-08 5.099682058648355110e+01 2.245276041849139992e-08 -2.475162561748940391e+02 3.263669103687856957e-07
3.424919221947719805e-01 -2.179663506915217283e-07 9.872641658818724864e+01 2.926141032329005285e-07 -1.278243505654685066e+02 -5.840519003141694458e-07
3.475179778446125245e-01 -8.325604513469141293e-08 1.432203417518868207e+02 -2.285802197260838948e-07 -1.837294246414219003e+02 -1.389054824889424766e-07
3.525052850529177828e-01 -5.701032477446910672e-08 1.136273032093246087e+02 -2.275540313647612993e-07 -2.724958326680504683e+02 1.234005534114042738e-07
3.575133254796376558e-01 -4.519008893738838490e-07 1.248172160863333602e+02 -4.214934796334051150e-07 -2.396489028213166250e+02 -3.800926217559841077e-08
3.625250227669692404e-01 3.037512293423429917e-07 2.499871404908899137e+02 -2.162102169524544473e-07 -2.012990061737689871e+02 1.021254369606186788e-06
3.675230446100045678e-01 5.473047276534785522e-08 1.801549912881190494e+02 3.848931621302918615e-08 -1.807914324665194101e+02 1.662493730646592908e-07
3.725177060730277545e-01 -2.788661703986256016e-07 2.460502601635313908e+02 7.695812011802508368e-07 -2.986130138944479313e+02 -5.256550970082422249e-07
3.775163034622419089e-01 4.461234278139028196e-08 2.719518414574441181e+02 1.018508203122306368e-07 -2.259102750636114649e+02 -1.691902056426310567e-07
3.825226892977953153e-01 -3.227027686866553916e-07 2.566477567567567348e+02 -3.487870499894425626e-07 -3.083635405405405550e+02 -4.872244757574957662e-07
3.875130067694269043e-01 2.799471261252593571e-07 3.120532665964173020e+02 -1.049519087667837053e-07 -1.963356691253951567e+02 6.144020404152423226e-07
3.924957861003909865e-01 -2.317815607601454747e-08 2.860308821163067705e+02 1.891573245864577020e-07 -2.541735654748495676e+02 -2.858475561832217602e-07
3.975064703251052212e-01 -8.791694336240010576e-09 2.980820519174772585e+02 2.307110755655241556e-07 -3.082698965367697497e+02 9.360082101795311944e-08
