3.798113400606732779e-03 1.065602878289473665e+04 0.000000000000000000e+00 9.474168585526314928e+03 0.000000000000000000e+00 -1.269842105263157919e+03
8.299341265228576958e-03 4.102642187500000000e+04 0.000000000000000000e+00 2.470143945312500000e+04 0.000000000000000000e+00 -3.628801757812500000e+03
1.293222767532251419e-02 4.760121019108280598e+04 0.000000000000000000e+00 3.323485350318471319e+04 0.000000000000000000e+00 9.282818471337579922e+02
1.764839556552980082e-02 4.684486986301369325e+04 0.000000000000000000e+00 3.999398630136986321e+04 0.000000000000000000e+00 3.443989041095890570e+04
2.256548662787912635e-02 4.602596975425331038e+04 0.000000000000000000e+00 1.971972778827977527e+04 0.000000000000000000e+00 -6.558908317580340736e+03
2.777643688250242340e-02 3.891007073170731746e+04 0.000000000000000000e+00 1.091334146341463384e+04 0.000000000000000000e+00 2.542926676829268217e+03
3.269804980233311648e-02 3.593219200000000274e+04 0.000000000000000000e+00 1.230893300000000090e+04 0.000000000000000000e+00 -5.905414999999999964e+03
3.761648458559932462e-02 3.275870532703978461e+04 0.000000000000000000e+00 1.762847606203641408e+04 0.000000000000000000e+00 8.825871881321645560e+03
4.263843696389812976e-02 2.751893080357142753e+04 0.000000000000000000e+00 1.442142410714285688e+04 0.000000000000000000e+00 -2.279236537388392776e+02
4.756514582339458480e-02 2.566262014827736493e+04 0.000000000000000000e+00 1.151285913650239854e+04 0.000000000000000000e+00 -3.300883122546882078e+03
5.262096060748640974e-02 2.427976404494381859e+04 0.000000000000000000e+00 1.214540028089887528e+04 0.000000000000000000e+00 -1.327661077949438209e+02
5.756031740041873956e-02 2.267886386138614034e+04 0.000000000000000000e+00 1.087650123762376279e+04 0.000000000000000000e+00 -1.926012144183168289e+02
6.254738279606215923e-02 2.090210056414029896e+04 0.000000000000000000e+00 1.023841452048074461e+04 0.000000000000000000e+00 1.975102894285013235e+03
6.757793472572401483e-02 2.014893848857644844e+04 0.000000000000000000e+00 9.975811950790861374e+03 0.000000000000000000e+00 1.257300856766256402e+03
7.255917516659465827e-02 1.912520587688302112e+04 0.000000000000000000e+00 8.248941789101729228e+03 0.000000000000000000e+00 3.059465315231541922e+02
7.753384299139773339e-02 1.722295279544693767e+04 0.000000000000000000e+00 7.304927351858052134e+03 0.000000000000000000e+00 1.486403414797455753e+03
8.251793356505521260e-02 1.603933715596330330e+04 0.000000000000000000e+00 6.351803325688073528e+03 0.000000000000000000e+00 1.402884174311926699e+03
8.752751931716111489e-02 1.439252351950239790e+04 0.000000000000000000e+00 6.113673189063108111e+03 0.000000000000000000e+00 1.403277569003498911e+03
9.254701955136974967e-02 1.353658979033728247e+04 0.000000000000000000e+00 6.596025068368277061e+03 0.000000000000000000e+00 1.268777119416590722e+03
9.754963178921903511e-02 1.245515837956662835e+04 0.000000000000000000e+00 5.003194807913744626e+03 0.000000000000000000e+00 4.892993300533863703e+02
1.025319613041059119e-01 1.169613733583489739e+04 0.000000000000000000e+00 5.434776735459662632e+03 0.000000000000000000e+00 3.717271106941838639e+02
1.075116003998943526e-01 1.093948725017229481e+04 0.000000000000000000e+00 3.892646450723638736e+03 0.000000000000000000e+00 -3.998720709855272162e+02
1.125102861506304813e-01 1.049662951225168217e+04 0.000000000000000000e+00 4.118088892324341032e+03 0.000000000000000000e+00 4.375756357733632171e+02
1.175500852175193622e-01 1.023208761200398294e+04 0.000000000000000000e+00 4.063604608163846024e+03 0.000000000000000000e+00 -5.447148343052197816e+01
1.225369446564099490e-01 9.907132207878186819e+03 0.000000000000000000e+00 4.337436875206885816e+03 0.000000000000000000e+00 1.268547500827540659e+02
1.275260957852891452e-01 9.574000485083675812e+03 0.000000000000000000e+00 3.886958282803783732e+03 0.000000000000000000e+00 3.619653468348290062e+02
1.325302087090364789e-01 9.141823242242298875e+03 0.000000000000000000e+00 3.515820885472195641e+03 0.000000000000000000e+00 2.155095954211323601e+02
1.375062694904859717e-01 8.858062935586061940e+03 0.000000000000000000e+00 3.599765997888067432e+03 0.000000000000000000e+00 5.430646251319957400e+02
1.425134422753508989e-01 8.344785563447878303e+03 0.000000000000000000e+00 2.881572086772892817e+03 0.000000000000000000e+00 3.291190247648301010e+02
1.475259222195813014e-01 7.965871429222288498e+03 0.000000000000000000e+00 2.999939131623308640e+03 0.000000000000000000e+00 2.765387261378650692e+02
1.525299430011916868e-01 7.530309097057828694e+03 0.000000000000000000e+00 3.023817720662833835e+03 0.000000000000000000e+00 5.410229962800135581e+02
1.574945685492469272e-01 7.150965341529501529e+03 0.000000000000000000e+00 2.846221215675172516e+03 0.000000000000000000e+00 -4.157711206373599566e+01
1.625189323163163113e-01 6.909023065693430908e+03 0.000000000000000000e+00 2.581973430656934397e+03 0.000000000000000000e+00 2.854831934306569678e+02
1.675461007718098694e-01 6.627319476082004257e+03 0.000000000000000000e+00 2.460170273348519459e+03 0.000000000000000000e+00 1.016111167959851969e+01
1.725292014006662711e-01 6.468303128193295379e+03 0.000000000000000000e+00 2.657780532023601609e+03 0.000000000000000000e+00 3.137348122754392534e+02
1.775301965061671094e-01 6.282690055527511504e+03 0.000000000000000000e+00 2.316382130237253932e+03 0.000000000000000000e+00 2.892899419485108297e+02
1.825147654490652804e-01 6.098863541020414232e+03 0.000000000000000000e+00 2.238606517179237017e+03 0.000000000000000000e+00 1.105444473987414682e+02
1.875360723572403465e-01 5.909274636871508847e+03 0.000000000000000000e+00 2.094655195530726360e+03 0.000000000000000000e+00 1.465664385474860296e+02
1.925323683450522461e-01 5.817266359644425393e+03 0.000000000000000000e+00 2.086528006854449814e+03 0.000000000000000000e+00 4.660458391346256946e+01
1.975198663583639380e-01 5.679744226634627012e+03 0.000000000000000000e+00 1.852599671177437585e+03 0.000000000000000000e+00 2.301367901859111953e+02
2.025153694923672032e-01 5.494209012834121495e+03 0.000000000000000000e+00 1.955456914021036482e+03 0.000000000000000000e+00 2.135229663224934882e+02
2.075088499274508613e-01 5.361886555680231140e+03 0.000000000000000000e+00 1.830589205156976504e+03 0.000000000000000000e+00 1.450786141198561836e+02
2.125178062418619784e-01 5.205658579158666726e+03 0.000000000000000000e+00 1.786753185547215935e+03 0.000000000000000000e+00 2.125692747425379707e+02
2.175004174234404231e-01 5.023082232135342565e+03 0.000000000000000000e+00 1.623057486743540267e+03 0.000000000000000000e+00 7.632411518390708238e+01
2.225093171556767890e-01 4.899164319063848779e+03 0.000000000000000000e+00 1.610856523709146813e+03 0.000000000000000000e+00 1.374737199818758597e+02
2.275289586476768322e-01 4.809661105158426835e+03 0.000000000000000000e+00 1.637071024031838533e+03 0.000000000000000000e+00 1.729937050359712316e+02
2.325285406108919262e-01 4.674506248522002352e+03 0.000000000000000000e+00 1.540603423498808525e+03 0.000000000000000000e+00 1.056471358666982070e+02
2.375276552426477672e-01 4.552479240639831005e+03 0.000000000000000000e+00 1.567489681842151640e+03 0.000000000000000000e+00 1.766530497451221606e+02
2.424991024241769377e-01 4.468045312579136407e+03 0.000000000000000000e+00 1.399711377103979203e+03 0.000000000000000000e+00 4.032425337227559226e+01
2.474998551644826128e-01 4.384533333333333758e+03 0.000000000000000000e+00 1.348082100544348350e+03 0.000000000000000000e+00 2.571177873839257018e+02
2.525200307756395035e-01 4.267766656356325257e+03 0.000000000000000000e+00 1.290117290442313788e+03 0.000000000000000000e+00 6.752479121558924646e+01
2.575182250600202005e-01 4.205163847701363920e+03 0.000000000000000000e+00 1.316319201251769528e+03 0.000000000000000000e+00 9.485988376425005697e+01
2.625255687975799335e-01 4.123924915844126190e+03 0.000000000000000000e+00 1.215691333371369865e+03 0.000000000000000000e+00 2.323854909568094911e+02
2.675305520911575030e-01 4.040549564352880680e+03 0.000000000000000000e+00 1.210005053782742607e+03 0.000000000000000000e+00 1.215907851313845356e+01
2.725404586615198799e-01 3.944327920875865857e+03 0.000000000000000000e+00 1.120890146506584870e+03 0.000000000000000000e+00 9.781722377955253478e+01
2.775333197047151201e-01 3.896566391811202720e+03 0.000000000000000000e+00 1.101760694807041091e+03 0.000000000000000000e+00 9.116285832450176940e+01
2.825123907298719983e-01 3.834195615389366139e+03 0.000000000000000000e+00 1.065352683258198113e+03 0.000000000000000000e+00 1.170856666460816484e+02
2.875104651677040102e-01 3.756380386899061250e+03 0.000000000000000000e+00 1.006030837004405271e+03 0.000000000000000000e+00 1.125387258188086577e+02
2.924971317655564174e-01 3.669586470771826953e+03 0.000000000000000000e+00 1.049864222219653357e+03 0.000000000000000000e+00 -9.457517606549606937e-01
2.975058823671092867e-01 3.591860403161353133e+03 0.000000000000000000e+00 9.527505550128762479e+02 0.000000000000000000e+00 1.308309430778793967e+02
3.025121359101998753e-01 3.553231939821019296e+03 0.000000000000000000e+00 9.470880636375426320e+02 0.000000000000000000e+00 -3.361148188578098939e+01
3.075010376196579687e-01 3.507391963212624887e+03 0.000000000000000000e+00 8.828937451011130406e+02 0.000000000000000000e+00 1.100477086272665588e+02
3.125134169243361515e-01 3.446134244922582184e+03 0.000000000000000000e+00 9.071395133722099899e+02 0.000000000000000000e+00 8.066560929016689840e+01
3.175159688234982513e-01 3.400351543849652899e+03 0.000000000000000000e+00 8.414675560707725026e+02 0.000000000000000000e+00 6.865877631617726706e+01
3.225221380836135188e-01 3.342755219935812875e+03 0.000000000000000000e+00 8.310800075514442824e+02 0.000000000000000000e+00 6.962609967906362840e+01
3.275181733526948968e-01 3.294035098111810385e+03 0.000000000000000000e+00 7.930990744168826723e+02 0.000000000000000000e+00 -8.425466493891151742e+01
3.325123842131759710e-01 3.232077710666536404e+03 0.000000000000000000e+00 7.975472748783547559e+02 0.000000000000000000e+00 9.719512173425728463e+01
3.374959366892091861e-01 3.177260974669796724e+03 0.000000000000000000e+00 7.304000980976071560e+02 0.000000000000000000e+00 -8.643679464973899051e-01
3.424919221947719805e-01 3.131331572060772487e+03 0.000000000000000000e+00 7.613351223862188135e+02 0.000000000000000000e+00 -9.103883480985757615e+00
3.475179778446125245e-01 3.109926487404841737e+03 0.000000000000000000e+00 7.133186525958113862e+02 0.000000000000000000e+00 1.053883404940046375e+01
3.525052850529177828e-01 3.053126744371706991e+03 0.000000000000000000e+00 6.698814625578795585e+02 0.000000000000000000e+00 -3.466302091649369288e+01
3.575133254796376558e-01 3.028921860030198332e+03 0.000000000000000000e+00 6.511607943527681073e+02 0.000000000000000000e+00 5.301094112867993857e+01
3.625250227669692404e-01 2.975730161120312914e+03 0.000000000000000000e+00 6.419000150579731780e+02 0.000000000000000000e+00 9.875354803493449296e+00
3.675230446100045678e-01 2.940299805349605322e+03 0.000000000000000000e+00 6.091574626920076980e+02 0.000000000000000000e+00 3.363788100809949810e+01
3.725177060730277545e-01 2.920712219109154375e+03 0.000000000000000000e+00 6.023063068214306668e+02 0.000000000000000000e+00 -1.977254810166390442e+01
3.775163034622419089e-01 2.884421759607229433e+03 0.000000000000000000e+00 6.232311182518393480e+02 0.000000000000000000e+00 -6.453127909061445733e-01
3.825226892977953153e-01 2.844930594594594368e+03 0.000000000000000000e+00 5.358189189189189392e+02 0.000000000000000000e+00 4.667480067567567659e+01
3.875130067694269043e-01 2.816830136986301568e+03 0.000000000000000000e+00 5.587981559536353870e+02 0.000000000000000000e+00 4.674281151211802410e+01
3.924957861003909865e-01 2.795590770121971218e+03 0.000000000000000000e+00 5.186339265600361159e+02 0.000000000000000000e+00 1.318970810671644358e+02
3.975064703251052212e-01 2.756995576482250272e+03 0.000000000000000000e+00 5.354542097763460333e+02 0.000000000000000000e+00 1.030480453503500513e+02
