3.798113400606732779e-03 1.558002672697368250e-04 -2.416614315789473709e+06 -3.638016550164473542e-04 -1.005228631578947301e+06 5.065516421669407666e-04
8.299341265228576958e-03 -1.716613769531250000e-05 -2.000424500000000000e+06 -7.915496826171875000e-05 -9.321505000000000000e+05 1.404285430908203125e-04
1.293222767532251419e-02 1.244028662420382228e-05 -1.395556789808917325e+06 -3.421078821656050873e-05 -2.869201019108280307e+05 4.120844944267516364e-05
1.764839556552980082e-02 6.019905821917807885e-05 -1.140756931506849360e+06 -1.404644691780821840e-04 -2.580760000000000000e+05 2.424684289383561577e-04
2.256548662787912635e-02 -2.584475425330812797e-05 -7.478603856332703726e+05 8.307242438563327744e-05 -2.407884120982986860e+04 -1.430691753308128652e-05
2.777643688250242340e-02 7.145579268292682497e-06 -5.940018731707317056e+05 -2.977324695121951153e-05 -1.719195902439024358e+05 5.448504192073170828e-05
3.269804980233311648e-02 2.319335937499999942e-06 -4.117387200000000303e+05 4.425048828124999864e-05 -5.525832400000000052e+04 -5.473327636718750287e-05
3.761648458559932462e-02 -6.914299561699258325e-06 -3.071951018206338631e+05 6.749673381658800036e-06 -2.974569656102494992e+04 -4.897628856203641102e-06
4.263843696389812976e-02 -5.449567522321427845e-06 -2.281438571428571304e+05 4.795619419642857046e-05 -2.830725446428571377e+04 -2.615792410714285569e-05
4.756514582339458480e-02 1.128604720889664299e-05 -1.931167623201046663e+05 -2.842806230920191926e-05 -1.817373048408198883e+04 3.825011754524640562e-05
5.262096060748640974e-02 -5.572029713834269508e-07 -1.619808426966292027e+05 1.789478773481390373e-05 -2.197588061797752744e+04 -2.252921629487798463e-05
5.756031740041873956e-02 5.438776299504950243e-06 -1.308167326732673246e+05 -2.220833655631188058e-05 -1.422009900990099050e+04 1.997994904470915922e-05
6.254738279606215923e-02 -2.994120983566347449e-07 -1.123421103752759227e+05 2.185708318003433860e-06 -1.314134314446897042e+04 1.731350458747240651e-05
6.757793472572401483e-02 3.258247576614674649e-06 -9.760583479789103149e+04 -6.804776317415421391e-06 -1.288884885764499086e+04 -9.218293040833699124e-08
7.255917516659465827e-02 -1.634566207922633507e-06 -8.415334052445601264e+04 -4.994507857541380489e-06 -8.160638274130556056e+03 -1.250897195229682058e-05
7.753384299139773339e-02 -1.675555009206561958e-06 -7.040126950117174420e+04 6.804388025192501466e-06 -1.221121124874456109e+04 -7.289685969932206436e-06
8.251793356505521260e-02 2.344813915567660892e-06 -5.913837614678899263e+04 -2.922268088804472745e-06 -7.277188646788990809e+03 1.298834424500071670e-05
8.752751931716111489e-02 1.771656731890631186e-06 -5.302055824802384450e+04 -2.657485097835946991e-06 -8.245988855772970055e+03 -3.195309462874173945e-06
9.254701955136974967e-02 3.908586806346854846e-06 -4.310264721969006496e+04 -7.323384176304694093e-06 -4.108602096627165338e+03 1.091031237091926892e-05
9.754963178921903511e-02 -1.201152452109284965e-06 -3.806813859520569531e+04 6.606338486601067942e-06 -3.517855752119753106e+03 -3.817492500719669456e-06
1.025319613041059119e-01 -2.862812206848030281e-07 -3.298984765478423651e+04 5.324830704737335433e-07 -5.500858536585365982e+03 -1.470054068216463450e-06
1.075116003998943526e-01 1.156765538852515595e-06 -2.877031564438318310e+04 -1.882373013223638944e-06 -3.525546519641626219e+03 3.146928068196502388e-06
1.125102861506304813e-01 4.104551745961196605e-07 -2.455414640179330672e+04 -4.007835296774754894e-06 -4.121737651696684225e+03 5.772910494427320903e-06
1.175500852175193622e-01 3.151153707687384492e-06 -2.283283060731048317e+04 6.167754020142938630e-06 -3.346482434931019725e+03 -4.986071379760169763e-06
1.225369446564099490e-01 1.260706305858987078e-06 -2.059763627937768979e+04 -1.858733656074147778e-06 -3.400326249586230006e+03 4.578141809417411685e-06
1.275260957852891452e-01 1.924465271040504346e-07 -1.787570991996119119e+04 -4.515091597441183558e-07 -3.077451370361387035e+03 9.270741353762430028e-07
1.325302087090364789e-01 -2.712521393300039256e-06 -1.659235284215251522e+04 4.315374943886426398e-06 -2.435268054542393656e+03 -4.567105148946467316e-06
1.375062694904859717e-01 -8.249736008447729484e-07 -1.461155987328405536e+04 1.392142951425554258e-06 -2.608015417106652421e+03 -1.972202514519535234e-06
1.425134422753508989e-01 -1.337963506296193985e-06 -1.341931426377423668e+04 3.807740148323514423e-06 -2.536826262238433628e+03 -1.130806184542753540e-06
1.475259222195813014e-01 -9.899546961137182315e-07 -1.169416301426033169e+04 3.053287236890063410e-06 -2.076751013713608700e+03 -5.070737045964508817e-06
1.525299430011916868e-01 -2.786522182532972315e-07 -1.123501318904294931e+04 -1.181691814444538354e-06 -2.177631214068312602e+03 -5.431138142807320923e-07
1.574945685492469272e-01 1.694529654451611533e-06 -9.576877097909167787e+03 -3.767335593746208245e-06 -1.760166295951793472e+03 6.191728667281083925e-06
1.625189323163163113e-01 1.565974994297445410e-06 -9.008359708029198373e+03 -1.776479456546533049e-06 -1.724440000000000055e+03 2.897220806483805166e-06
1.675461007718098694e-01 -8.749255829900163717e-07 -8.053279043280182123e+03 2.639168758870257355e-06 -1.431633684510250532e+03 -3.448176221043753811e-06
1.725292014006662711e-01 4.828571546296602286e-07 -7.191770313478590651e+03 -5.955238240432475729e-07 -1.203333882717473898e+03 1.331880984853479459e-06
1.775301965061671094e-01 -1.365280343931410803e-06 -6.694315497223624334e+03 1.903497348344428352e-06 -1.217331776880363350e+03 -2.505019841201374062e-06
1.825147654490652804e-01 -2.001507383896126888e-07 -6.075137936128098772e+03 1.928479411780998049e-06 -8.656962982658276360e+02 -1.357103148472813030e-06
1.875360723572403465e-01 -1.785875032733938676e-07 -5.340989497206704073e+03 1.878578569635998687e-06 -1.102658435754189895e+03 -3.627212353924799464e-06
1.925323683450522461e-01 3.170402782612188080e-07 -5.009277926528863645e+03 -1.080224865621987662e-06 -1.062233586805183677e+03 1.599500888392617917e-06
1.975198663583639380e-01 -1.378636512741874140e-06 -4.286084532692550965e+03 3.187228533656886133e-06 -1.044945491336790155e+03 -4.563356329340299390e-06
2.025153694923672032e-01 -2.495768354814002128e-07 -4.038874843192126264e+03 -4.748585807831950542e-08 -8.308105760880054049e+02 -1.269326435027637557e-06
2.075088499274508613e-01 -9.364435798277955046e-07 -3.660933660033433625e+03 4.197223985407268154e-06 -8.826182417733404009e+02 -5.022202825695859949e-06
2.125178062418619784e-01 -3.515727275702566301e-07 -3.289190783731890406e+03 3.675533060961773692e-07 -7.879573223948333407e+02 -2.369120766467751976e-06
2.175004174234404231e-01 6.061904248379765835e-07 -3.054328086861375596e+03 -1.089087881912296898e-06 -6.988989563168083805e+02 6.935229436705664580e-07
2.225093171556767890e-01 -2.813621985874982988e-07 -2.645339217115501924e+03 4.725442053200291929e-07 -9.432539154074978569e+02 -5.455901607225527754e-07
2.275289586476768322e-01 -7.053657273649166501e-07 -2.662735343639981693e+03 1.053377294839660324e-06 -5.794660952089392367e+02 -1.820053784930832045e-06
2.325285406108919262e-01 -6.661650946828444051e-08 -2.289946555581831035e+03 3.364133728148364133e-07 -3.278200207374529782e+02 -1.401722386728484923e-07
2.375276552426477672e-01 -8.529258080286517783e-07 -2.181860713657936230e+03 1.668837854576814936e-06 -6.922398312532958471e+02 -9.796577087498901494e-07
2.424991024241769377e-01 -3.039753362779194196e-07 -1.821261256394239808e+03 3.766202895239984400e-07 -4.385172454543919685e+02 -6.106555378362779584e-07
2.474998551644826128e-01 -2.963322307526817322e-07 -1.677357796990073666e+03 1.221607023807737016e-06 -5.597939801472942918e+02 -1.857115067314956597e-06
2.525200307756395035e-01 -3.992865928510671497e-07 -1.438653758119393842e+03 3.393464069266161566e-07 -3.110423755026291701e+02 -7.269517430719340126e-07
2.575182250600202005e-01 -2.182912972207734114e-08 -1.327010625139706463e+03 3.965625232844050158e-07 -5.151147604500409898e+02 8.267782882236792521e-07
2.625255687975799335e-01 4.788231861913048118e-08 -1.028839618873737663e+03 7.439171138190363013e-07 -4.989947509556683940e+02 -5.696907681162456316e-07
2.675305520911575030e-01 4.749079762344485278e-07 -1.050233716739619695e+03 -1.236783416369216042e-07 -4.968061197718893141e+02 -2.417732487706431784e-08
2.725404586615198799e-01 1.513208308678663853e-07 -8.215156820225313368e+02 -5.832913627186690163e-07 -2.041966202993600064e+02 -3.943925255186157485e-07
2.775333197047151201e-01 2.520321092598935193e-07 -8.726011321632589670e+02 -6.237696100070759490e-07 -3.417951766743350390e+02 1.394903064806370576e-06
2.825123907298719983e-01 2.571557793587506890e-07 -6.366891866856049091e+02 4.426490558951012958e-07 -3.633354906441055050e+02 4.412238154543533415e-07
2.875104651677040102e-01 2.973724932214853639e-07 -5.533693736832024115e+02 -2.991991055877107019e-07 -3.241067324267381764e+02 2.262259415570083380e-07
2.924971317655564174e-01 2.314155897074292687e-07 -4.649126911650810712e+02 -7.365788891907199918e-07 -1.456025153452241909e+02 1.058303001710804507e-06
2.975058823671092867e-01 1.866952340393906521e-07 -4.150694432110825005e+02 1.497923316884428149e-07 -2.585601189947606713e+02 3.248799832757926299e-07
3.025121359101998753e-01 -2.170308936735333510e-07 -3.567738532705027978e+02 2.417684575420971570e-07 -3.194731745276901052e+02 -1.532904374388672139e-07
3.075010376196579687e-01 -3.667786470580550773e-07 -2.628585044677849396e+02 4.423669421474108193e-07 -1.994028949156085275e+02 -7.097166820573366259e-07
3.125134169243361515e-01 -6.247880399862382645e-08 -2.260674441986728311e+02 1.528218505417535930e-07 -3.808156042630203046e+02 1.988323694164307569e-07
3.175159688234982513e-01 -2.926109012584609439e-07 -1.085081392264542046e+02 2.878140012378304561e-08 -2.597104459136858736e+02 -4.269241018361151832e-07
3.225221380836135188e-01 -1.526743100457806293e-08 -6.543019633754956033e+01 1.721186797214225217e-07 -1.291848687936567899e+02 3.296540821861136010e-07
3.275181733526948968e-01 -7.852542316503147491e-08 2.056636430951499506e+01 -5.225612692636986011e-08 -2.339928915216586347e+02 -1.984320495447287930e-08
3.325123842131759710e-01 -9.990009295747085398e-08 1.271972766574450553e+01 1.155366292464662897e-06 -2.486614302107332719e+02 -2.562654558474252111e-07
3.374959366892091861e-01 -5.132059524226606074e-08 9.620286935500823233e+01 2.095590972392530703e-07 -1.589718494902427892e+02 -2.940242435754826226e-07
3.424919221947719805e-01 9.359581920009334079e-08 1.287865554342481573e+02 4.537362539482786352e-07 -2.443721841168774063e+02 -6.516100238876064345e-07
3.475179778446125245e-01 -1.420836698406410321e-07 1.710171366027379349e+02 8.751855522991063940e-07 -1.618900414937759251e+02 -1.194312952849072517e-06
3.525052850529177828e-01 3.313420585182819923e-08 2.232657352706370659e+02 -2.270667636316461717e-07 -1.874293150247485187e+02 1.995361367106418603e-07
3.575133254796376558e-01 3.439545847951843780e-07 1.636416828260686316e+02 -5.155225466770393880e-07 -2.437645147197461597e+02 1.896954561502172883e-07
3.625250227669692404e-01 -4.779141883752446823e-08 2.087309893088390140e+02 -4.337990325252220646e-07 -1.995207649450383940e+02 4.871048458439993915e-08
3.675230446100045678e-01 -1.142999202569002477e-07 1.371989297873426210e+02 1.798485606572685860e-07 -2.327877435863788378e+02 -5.145790753025521474e-07
3.725177060730277545e-01 -3.682680253787872418e-07 2.239440648407570507e+02 1.011844141840887008e-06 -2.368284779003945459e+02 -9.200054796668090611e-07
3.775163034622419089e-01 2.291643457025189428e-07 2.394801580460760988e+02 -6.293075994705077314e-07 -2.761055295439970791e+02 9.520894734507200931e-07
3.825226892977953153e-01 3.427041543496621346e-07 2.698491081081081120e+02 -7.891268343538851006e-07 -2.927843243243243023e+02 1.409427539722339594e-06
3.875130067694269043e-01 9.325708805321391927e-08 2.514354583772392004e+02 -6.126025956599052205e-07 -2.954168861959958008e+02 -6.821434414926896648e-07
3.924957861003909865e-01 -1.571400411933189684e-09 2.524329160364303561e+02 7.857002059665948419e-10 -3.547156952981688391e+02 4.637595465717826154e-07
3.975064703251052212e-01 7.496573772729385184e-08 2.615735828015612583e+02 5.761868492406759594e-08 -2.296202713586519053e+02 2.477154413583324476e-07
