3.798113400606732779e-03 3.192625000000000000e+04 0.000000000000000000e+00 1.919179276315789321e+04 0.000000000000000000e+00 -3.400491447368420631e+04
8.299341265228576958e-03 3.274707812500000000e+04 0.000000000000000000e+00 -5.641997070312500000e+02 0.000000000000000000e+00 1.144653808593750000e+03
1.293222767532251419e-02 3.686560828025477531e+04 0.000000000000000000e+00 1.464063057324840884e+04 0.000000000000000000e+00 -8.099718152866242235e+03
1.764839556552980082e-02 3.558436301369862485e+04 0.000000000000000000e+00 2.121350342465753420e+04 0.000000000000000000e+00 6.907986301369862304e+03
2.256548662787912635e-02 3.684087334593573178e+04 0.000000000000000000e+00 2.049621550094518170e+04 0.000000000000000000e+00 -1.253548487712665519e+04
2.777643688250242340e-02 3.237287073170731674e+04 0.000000000000000000e+00 2.103032195121951372e+04 0.000000000000000000e+00 3.331984146341463202e+03
3.269804980233311648e-02 2.945763999999999942e+04 0.000000000000000000e+00 1.619792300000000068e+04 0.000000000000000000e+00 7.693581874999999854e+02
3.761648458559932462e-02 2.592413486176668812e+04 0.000000000000000000e+00 1.242195010114632532e+04 0.000000000000000000e+00 2.860435940660822780e+03
4.263843696389812976e-02 2.313430803571428623e+04 0.000000000000000000e+00 1.131207477678571377e+04 0.000000000000000000e+00 2.195777064732142662e+03
4.756514582339458480e-02 2.132217880505887661e+04 0.000000000000000000e+00 1.312037592673353720e+04 0.000000000000000000e+00 -1.610657871783689643e+03
5.262096060748640974e-02 1.894250561797752744e+04 0.000000000000000000e+00 1.097221980337078639e+04 0.000000000000000000e+00 4.420088834269662584e+03
5.756031740041873956e-02 1.732092698019801901e+04 0.000000000000000000e+00 9.602746287128713448e+03 0.000000000000000000e+00 7.829324721534653690e+02
6.254738279606215923e-02 1.677585087073828618e+04 0.000000000000000000e+00 7.624915869511895835e+03 0.000000000000000000e+00 -2.505695517537404839e+02
6.757793472572401483e-02 1.563232161687170446e+04 0.000000000000000000e+00 8.772016695957820048e+03 0.000000000000000000e+00 9.448341388400702954e+02
7.255917516659465827e-02 1.476130332899386303e+04 0.000000000000000000e+00 7.719372884508090465e+03 0.000000000000000000e+00 -3.782763390366375233e+02
7.753384299139773339e-02 1.372741747572815621e+04 0.000000000000000000e+00 6.867558085035152544e+03 0.000000000000000000e+00 9.824188985604286017e+02
8.251793356505521260e-02 1.259251376146788971e+04 0.000000000000000000e+00 6.611452981651376831e+03 0.000000000000000000e+00 3.541371129587155906e+02
8.752751931716111489e-02 1.158502423221459139e+04 0.000000000000000000e+00 5.743386808345212557e+03 0.000000000000000000e+00 1.143228067902034581e+03
9.254701955136974967e-02 1.071332178669097448e+04 0.000000000000000000e+00 5.758703281677301675e+03 0.000000000000000000e+00 5.676475615314493552e+02
9.754963178921903511e-02 9.864643986182351000e+03 0.000000000000000000e+00 4.813323144561917616e+03 0.000000000000000000e+00 4.858577410237621734e+02
1.025319613041059119e-01 9.075151219512195894e+03 0.000000000000000000e+00 4.705870544090056683e+03 0.000000000000000000e+00 1.047850938086304041e+03
1.075116003998943526e-01 8.623940041350791944e+03 0.000000000000000000e+00 4.064422811853894018e+03 0.000000000000000000e+00 -7.841265183494141588e+00
1.125102861506304813e-01 8.347508695988251930e+03 0.000000000000000000e+00 4.043692355260106979e+03 0.000000000000000000e+00 -1.695043407474685182e+01
1.175500852175193622e-01 7.906767173943962916e+03 0.000000000000000000e+00 3.882921063860048434e+03 0.000000000000000000e+00 1.004376511164841475e+02
1.225369446564099490e-01 7.512388745448527516e+03 0.000000000000000000e+00 3.510572658060244976e+03 0.000000000000000000e+00 1.961347070506454884e+02
1.275260957852891452e-01 7.216317729808391960e+03 0.000000000000000000e+00 3.460736357021586173e+03 0.000000000000000000e+00 6.490730657288381735e+02
1.325302087090364789e-01 6.985040570113910690e+03 0.000000000000000000e+00 3.143385668593232822e+03 0.000000000000000000e+00 -3.777929970259805827e+02
1.375062694904859717e-01 6.702983315733896234e+03 0.000000000000000000e+00 2.930696304118268017e+03 0.000000000000000000e+00 5.449410242872228309e+02
1.425134422753508989e-01 6.394733346131694816e+03 0.000000000000000000e+00 2.873184872336340959e+03 0.000000000000000000e+00 2.968913419082357450e+02
1.475259222195813014e-01 6.042278008109708935e+03 0.000000000000000000e+00 2.617300833750968195e+03 0.000000000000000000e+00 1.868706205294090807e+02
1.525299430011916868e-01 5.731226242813661884e+03 0.000000000000000000e+00 2.536748731822793161e+03 0.000000000000000000e+00 2.697202823807913319e+02
1.574945685492469272e-01 5.475030856957981086e+03 0.000000000000000000e+00 2.389805637562178617e+03 0.000000000000000000e+00 2.196579447567436318e+02
1.625189323163163113e-01 5.245470364963503926e+03 0.000000000000000000e+00 2.218353576642336066e+03 0.000000000000000000e+00 2.296478832116788453e+02
1.675461007718098694e-01 4.965070615034168441e+03 0.000000000000000000e+00 1.923254271070615005e+03 0.000000000000000000e+00 1.540669490318906583e+02
1.725292014006662711e-01 4.811480106800277099e+03 0.000000000000000000e+00 2.011510960213600811e+03 0.000000000000000000e+00 4.914516926525365648e+02
1.775301965061671094e-01 4.731746087834427271e+03 0.000000000000000000e+00 1.915584931852599766e+03 0.000000000000000000e+00 3.808866418475517435e+02
1.825147654490652804e-01 4.570965405181837014e+03 0.000000000000000000e+00 1.646076516292948099e+03 0.000000000000000000e+00 1.080177479393778270e+02
1.875360723572403465e-01 4.446379888268156719e+03 0.000000000000000000e+00 1.786610391061452447e+03 0.000000000000000000e+00 3.324991340782123075e+02
1.925323683450522461e-01 4.271848345292920385e+03 0.000000000000000000e+00 1.652323015958016413e+03 0.000000000000000000e+00 1.871544393274070899e+02
1.975198663583639380e-01 4.160680308587327090e+03 0.000000000000000000e+00 1.547503326166687657e+03 0.000000000000000000e+00 2.867731377260654995e+02
2.025153694923672032e-01 4.059684261314291689e+03 0.000000000000000000e+00 1.426498793785583530e+03 0.000000000000000000e+00 9.977387701437808687e+01
2.075088499274508613e-01 3.928394788064760178e+03 0.000000000000000000e+00 1.428754494034669960e+03 0.000000000000000000e+00 1.559090315784652887e+02
2.125178062418619784e-01 3.834760342119043798e+03 0.000000000000000000e+00 1.359462471635538577e+03 0.000000000000000000e+00 1.037849973817420164e+02
2.175004174234404231e-01 3.710944196616446334e+03 0.000000000000000000e+00 1.279398282972813831e+03 0.000000000000000000e+00 5.494357587745139426e+01
2.225093171556767890e-01 3.609211166052678436e+03 0.000000000000000000e+00 1.113821319516951917e+03 0.000000000000000000e+00 1.539587281574437156e+02
2.275289586476768322e-01 3.482849227001377585e+03 0.000000000000000000e+00 1.203623756314097818e+03 0.000000000000000000e+00 1.894951017909077109e+02
2.325285406108919262e-01 3.408545722445564479e+03 0.000000000000000000e+00 1.107293544103469003e+03 0.000000000000000000e+00 7.748276426609426437e+01
2.375276552426477672e-01 3.337434628229917507e+03 0.000000000000000000e+00 1.063329864651081152e+03 0.000000000000000000e+00 1.309948848655299685e+02
2.424991024241769377e-01 3.250095858727398536e+03 0.000000000000000000e+00 9.799181537318725077e+02 0.000000000000000000e+00 2.998113382742727850e+01
2.474998551644826128e-01 3.180941402497598574e+03 0.000000000000000000e+00 9.425306436119116142e+02 0.000000000000000000e+00 9.397144572526417505e+01
2.525200307756395035e-01 3.104055923291060935e+03 0.000000000000000000e+00 9.358290133003403071e+02 0.000000000000000000e+00 5.463959944324157192e+01
2.575182250600202005e-01 3.037881528947172228e+03 0.000000000000000000e+00 9.236505774532448640e+02 0.000000000000000000e+00 1.526722002831383520e+02
2.625255687975799335e-01 2.963352998231300262e+03 0.000000000000000000e+00 8.887766303417583913e+02 0.000000000000000000e+00 6.455093569920693142e+01
2.675305520911575030e-01 2.919223319202993480e+03 0.000000000000000000e+00 8.013541928446168185e+02 0.000000000000000000e+00 4.704556344154319447e+01
2.725404586615198799e-01 2.859646268577775118e+03 0.000000000000000000e+00 7.703691754376685594e+02 0.000000000000000000e+00 7.389285053154915772e+01
2.775333197047151201e-01 2.806816760151989001e+03 0.000000000000000000e+00 6.992963010830511621e+02 0.000000000000000000e+00 5.179743437718096644e+00
2.825123907298719983e-01 2.741438794540851177e+03 0.000000000000000000e+00 7.197339591181374772e+02 0.000000000000000000e+00 6.102145371456802536e+01
2.875104651677040102e-01 2.681134265466385841e+03 0.000000000000000000e+00 6.817975483623827131e+02 0.000000000000000000e+00 6.257289671518866214e+01
2.924971317655564174e-01 2.638594735807834695e+03 0.000000000000000000e+00 6.957230345975563068e+02 0.000000000000000000e+00 3.461156353674184061e+01
2.975058823671092867e-01 2.569969629695408912e+03 0.000000000000000000e+00 6.337043779415682820e+02 0.000000000000000000e+00 4.211310884912529673e+01
3.025121359101998753e-01 2.536211664000691599e+03 0.000000000000000000e+00 6.080349314772383877e+02 0.000000000000000000e+00 1.036163725087544840e+01
3.075010376196579687e-01 2.498454888436014244e+03 0.000000000000000000e+00 5.977439724094685971e+02 0.000000000000000000e+00 4.338254428593823775e+01
3.125134169243361515e-01 2.427772370802332716e+03 0.000000000000000000e+00 5.498493464709431464e+02 0.000000000000000000e+00 -4.678450821938468174e+00
3.175159688234982513e-01 2.429623994262753968e+03 0.000000000000000000e+00 5.401387548997455497e+02 0.000000000000000000e+00 7.189394813883349222e+00
3.225221380836135188e-01 2.373638814423258736e+03 0.000000000000000000e+00 4.757791957711912687e+02 0.000000000000000000e+00 1.922669789503492765e+01
3.275181733526948968e-01 2.325474713069233530e+03 0.000000000000000000e+00 4.858351351351351468e+02 0.000000000000000000e+00 -5.094303498704183397e+01
3.325123842131759710e-01 2.291259578177677668e+03 0.000000000000000000e+00 4.461151249366199067e+02 0.000000000000000000e+00 -1.670010318724036580e+01
3.374959366892091861e-01 2.273377430543390801e+03 0.000000000000000000e+00 4.491563605787758888e+02 0.000000000000000000e+00 -1.852772571208352304e+01
3.424919221947719805e-01 2.234984206885631465e+03 0.000000000000000000e+00 4.394740184516914496e+02 0.000000000000000000e+00 -2.955046920967755497e+01
3.475179778446125245e-01 2.196881759074721231e+03 0.000000000000000000e+00 4.267569183520109846e+02 0.000000000000000000e+00 3.664965939164243025e+01
3.525052850529177828e-01 2.167687306402682225e+03 0.000000000000000000e+00 4.155779019639150533e+02 0.000000000000000000e+00 -5.355020756825802408e+01
3.575133254796376558e-01 2.142534540242659205e+03 0.000000000000000000e+00 3.872060764461068061e+02 0.000000000000000000e+00 -1.960325354868131642e+00
3.625250227669692404e-01 2.102605511218189804e+03 0.000000000000000000e+00 3.482953470862821632e+02 0.000000000000000000e+00 -2.939856008131305387e+01
3.675230446100045678e-01 2.078903075767848350e+03 0.000000000000000000e+00 3.441570908878828163e+02 0.000000000000000000e+00 2.462719892978734393e+01
3.725177060730277545e-01 2.064518954771570861e+03 0.000000000000000000e+00 3.169402195665847444e+02 0.000000000000000000e+00 2.482210067756875915e+01
3.775163034622419089e-01 2.034187490087642573e+03 0.000000000000000000e+00 3.400174043759179767e+02 0.000000000000000000e+00 -1.275597585866874439e+01
3.825226892977953153e-01 2.016427243243243311e+03 0.000000000000000000e+00 3.093467567567567471e+02 0.000000000000000000e+00 1.137903462837837765e+01
3.875130067694269043e-01 1.986373234984193914e+03 0.000000000000000000e+00 2.985190990516333045e+02 0.000000000000000000e+00 6.328390081664911015e+00
3.924957861003909865e-01 1.959317581179802573e+03 0.000000000000000000e+00 2.808510539696843011e+02 0.000000000000000000e+00 6.517496218582049039e+01
3.975064703251052212e-01 1.950200458459823039e+03 0.000000000000000000e+00 3.057274022675175047e+02 0.000000000000000000e+00 4.820237903475621266e+01
