3.798113400606732779e-03 0.000000000000000000e+00 8.341198147368420660e+07 6.578947368421052266e-03 2.408080707368420959e+08 -4.440789473684210453e-02 1.083423663157894611e+08 0.000000000000000000e+00 -3.353990063157894462e+07 0.000000000000000000e+00 1.865874863157894611e+08
8.299341265228576958e-03 -3.417968750000000000e-03 2.457314800000000000e+07 8.544921875000000000e-03 -5.625384000000000000e+06 -2.618408203125000000e-02 9.685364800000000000e+07 0.000000000000000000e+00 2.427573600000000000e+07 0.000000000000000000e+00 9.676038000000000000e+06
1.293222767532251419e-02 -6.667993630573248662e-03 3.328451016560509801e+07 1.826234076433121134e-02 8.108049936305732466e+06 -2.688345939490445827e-02 8.260165136305733025e+07 0.000000000000000000e+00 5.991570099363057315e+07 0.000000000000000000e+00 3.277685075159235671e+07
1.764839556552980082e-02 1.444777397260273892e-03 2.084048657534246519e+07 -1.872859589041095786e-03 1.132812975342465751e+07 6.822559931506848394e-04 6.099869808219178021e+07 0.000000000000000000e+00 4.504964558904109150e+07 0.000000000000000000e+00 3.378475835616438091e+07
2.256548662787912635e-02 -1.181474480151228765e-04 1.389372588279773109e+07 -2.953686200378071846e-04 2.230103107750472613e+06 7.384215500945179615e-05 5.076633890359168500e+07 0.000000000000000000e+00 3.551449962948960066e+07 0.000000000000000000e+00 -6.572436083175803535e+06
2.777643688250242340e-02 -7.240853658536585292e-04 9.584510751219512895e+06 -7.812500000000000434e-04 1.729544585365853738e+06 1.481516768292682942e-03 3.901590602926829457e+07 0.000000000000000000e+00 3.657131832195121795e+07 0.000000000000000000e+00 1.259241771707317047e+07
3.269804980233311648e-02 -6.406250000000000269e-04 6.783330304000000469e+06 2.507812500000000059e-03 1.862683520000000019e+06 -2.779296875000000083e-03 3.072277503999999911e+07 0.000000000000000000e+00 2.678120243200000003e+07 0.000000000000000000e+00 7.172664832000000402e+06
3.761648458559932462e-02 2.844740391099123580e-04 4.478412213081591763e+06 -6.374325691166554458e-04 9.827388590694537852e+05 1.463197488199595398e-03 2.356172489278489351e+07 0.000000000000000000e+00 2.012615172488199547e+07 0.000000000000000000e+00 5.294907554956169799e+06
4.263843696389812976e-02 4.337855747767856911e-04 3.090730857142856810e+06 -8.359636579241071274e-04 5.286409285714285215e+05 8.155277797154017547e-04 1.932329142857142910e+07 0.000000000000000000e+00 1.549116342857142724e+07 0.000000000000000000e+00 2.766414857142856810e+06
4.756514582339458480e-02 -3.884103794156127548e-04 2.314283987788923085e+06 5.621729175752290114e-04 1.614309289140863402e+05 -1.344956116441343346e-03 1.669815408983863890e+07 0.000000000000000000e+00 1.380278404186655022e+07 0.000000000000000000e+00 1.338120819886611542e+06
5.262096060748640974e-02 -2.057364817415730280e-06 1.844378966292134719e+06 -4.423334357443820187e-05 1.876161910112359619e+05 1.096404000614466310e-04 1.392647047191011161e+07 0.000000000000000000e+00 9.904276853932583705e+06 0.000000000000000000e+00 2.047443955056179781e+06
5.756031740041873956e-02 6.647393254950495533e-05 1.362662970297029708e+06 -4.079082224628712700e-04 1.118918514851485234e+05 1.542497389387376388e-04 1.204779849504950456e+07 0.000000000000000000e+00 8.663045069306930527e+06 0.000000000000000000e+00 4.954219801980198245e+05
6.254738279606215923e-02 -5.365464802550895036e-05 1.175473008584743598e+06 -2.337809663968604319e-04 1.908597105714986392e+05 1.178486019131714461e-04 1.041206013048810326e+07 0.000000000000000000e+00 7.464238151582045481e+06 0.000000000000000000e+00 1.553294096639686031e+06
6.757793472572401483e-02 3.893806980448154341e-05 9.451508752196836285e+05 -2.775544231931019326e-04 6.545128998242530361e+04 -2.277153028545144948e-04 9.674920267135323957e+06 0.000000000000000000e+00 6.372491472759226337e+06 0.000000000000000000e+00 -3.488599789103690418e+05
7.255917516659465827e-02 -3.777664124976753144e-05 7.751436235819230787e+05 7.264738701878371235e-06 2.354548633066765979e+04 -3.643266458992003298e-04 8.462038150641622022e+06 0.000000000000000000e+00 5.250688833178352565e+06 0.000000000000000000e+00 5.327372378649804741e+05
7.753384299139773339e-02 8.766013401824574106e-06 5.750143100100435549e+05 1.533235001412370417e-04 -4.458122530967526473e+03 -3.907159295096459991e-05 7.660175469702042639e+06 0.000000000000000000e+00 4.681126695681286044e+06 0.000000000000000000e+00 6.737797442249748856e+05
8.251793356505521260e-02 1.119911123853211071e-04 5.069339082568807644e+05 -4.098874713302752657e-04 8.767836697247707343e+04 6.187508959288991542e-04 6.828311486238532700e+06 0.000000000000000000e+00 4.185208954128440470e+06 0.000000000000000000e+00 -9.476295412844036764e+04
8.752751931716111489e-02 0.000000000000000000e+00 3.837286738369833329e+05 4.049501101464299854e-06 1.954777037708954231e+04 -3.948263573927692188e-05 6.161696078787093982e+06 0.000000000000000000e+00 3.648329280290268362e+06 0.000000000000000000e+00 5.766279082545030396e+05
9.254701955136974967e-02 6.097951800364630447e-05 2.890439525979945320e+05 -7.678077996809479688e-05 2.987583226982679844e+04 7.427705888217866765e-05 5.478949804922515526e+06 0.000000000000000000e+00 2.543170508659981657e+06 0.000000000000000000e+00 1.089164120328167774e+05
9.754963178921903511e-02 3.598346069297602719e-05 2.540599150005233823e+05 -6.215325028786768764e-05 2.379720381032136356e+04 2.559732544750340324e-04 5.092398199518475682e+06 0.000000000000000000e+00 2.622294530304616317e+06 0.000000000000000000e+00 4.529357378833874245e+05
1.025319613041059119e-01 2.417358627462476480e-05 2.055165838649155630e+05 -9.460449218750000271e-05 5.973586491557222871e+03 4.977428443436327096e-05 4.622336384240150452e+06 0.000000000000000000e+00 2.254835320075046737e+06 0.000000000000000000e+00 3.516668157598499092e+05
1.075116003998943526e-01 -1.194623320124052318e-05 1.600699875947622349e+05 6.789162108028945659e-05 4.556734941419710231e+04 -4.427257198699173252e-05 4.344193676085458137e+06 0.000000000000000000e+00 2.179760959338387474e+06 0.000000000000000000e+00 2.025956829772570636e+05
1.125102861506304813e-01 -2.279677475457988776e-05 1.380494494859704864e+05 -1.326289180258174245e-04 -3.625260261266136240e+03 -6.939051388459458402e-05 4.080090916905001272e+06 0.000000000000000000e+00 1.785181459689263487e+06 0.000000000000000000e+00 1.905124811007188691e+05
1.175500852175193622e-01 4.722390129426824105e-05 1.362124443180201924e+05 7.583602972550135420e-05 3.863344844261129765e+04 4.284874573318162759e-05 3.882881875124448910e+06 0.000000000000000000e+00 1.814638250035556965e+06 0.000000000000000000e+00 1.689618751244488813e+05
1.225369446564099490e-01 3.943747931148626869e-05 1.016391351208209235e+05 -1.700337222773916061e-05 1.337608262164846201e+04 5.290117614200596331e-05 3.646707170340946876e+06 0.000000000000000000e+00 1.602001867461105809e+06 0.000000000000000000e+00 4.822875604104601371e+04
1.275260957852891452e-01 2.581744178995876613e-05 8.829929274799903214e+04 -6.170131730536016640e-05 1.149065049721076866e+04 7.552786009883579170e-05 3.440311664322095457e+06 0.000000000000000000e+00 1.358018219742905581e+06 0.000000000000000000e+00 1.186486267281105975e+05
1.325302087090364789e-01 -2.334412350597609521e-05 8.142494360585825052e+04 -6.521011026317266236e-06 6.398474608607822120e+03 2.379621040485943622e-05 3.290122515234835446e+06 0.000000000000000000e+00 1.359188911957802484e+06 0.000000000000000000e+00 -3.441809101621682203e+04
1.375062694904859717e-01 -1.340582101372756015e-06 6.400665681098204368e+04 -7.275235942449840784e-05 1.265859007391763407e+04 4.987223221356916703e-05 3.097614273284054827e+06 0.000000000000000000e+00 1.169890696515311487e+06 0.000000000000000000e+00 2.737388266103484784e+05
1.425134422753508989e-01 -1.635728126799769553e-05 5.657004108274140890e+04 3.772954561816087387e-06 1.063798349011326536e+04 -1.086774955305720841e-05 2.949963733538107015e+06 0.000000000000000000e+00 1.060724524476866936e+06 0.000000000000000000e+00 3.968363678249184159e+04
1.475259222195813014e-01 7.029790651054717571e-06 4.762366868650052493e+04 -2.696236161100733632e-05 1.357764125928288377e+04 1.890924700441933508e-06 2.789717877625404391e+06 0.000000000000000000e+00 9.895656264977903338e+05 0.000000000000000000e+00 8.368488842316278897e+04
1.525299430011916868e-01 9.494816325667906608e-07 4.827467297937098192e+04 1.512978340590125006e-05 1.456434223875549469e+04 -3.865525494324906962e-05 2.640109732837335207e+06 0.000000000000000000e+00 9.241221670612106100e+05 0.000000000000000000e+00 6.800390125126818020e+04
1.574945685492469272e-01 -2.322233793019775651e-05 4.058522457232984016e+04 5.086797832329032572e-05 7.292582844663726974e+03 -7.993539450802765857e-05 2.523825265013952274e+06 0.000000000000000000e+00 8.313548182957899990e+05 0.000000000000000000e+00 9.629567679055282497e+03
1.625189323163163113e-01 -1.354356751824817635e-06 3.403969401459854271e+04 -8.874600821167884503e-06 1.629315970802919765e+04 2.714950672901460116e-05 2.419518411678832490e+06 0.000000000000000000e+00 8.134620870072992984e+05 0.000000000000000000e+00 1.275990236496350408e+05
1.675461007718098694e-01 -1.525878906250000000e-05 2.852460592255125084e+04 2.389616738147778773e-05 8.233776765375854666e+03 -4.797046982889023278e-05 2.330209530751708429e+06 0.000000000000000000e+00 7.563044009111616760e+05 0.000000000000000000e+00 5.903280182232346124e+04
1.725292014006662711e-01 -9.592762138642581599e-06 2.228730329300853919e+04 5.568952516728747843e-06 7.414081550581798183e+03 -3.672128660958565665e-05 2.208741773016448598e+06 0.000000000000000000e+00 6.825109699706629617e+05 0.000000000000000000e+00 5.581778870685961738e+04
1.775301965061671094e-01 1.217005891910651218e-05 1.797898435133770909e+04 -4.202521611559818028e-05 7.057817768803634863e+03 3.549343765774861135e-05 2.158185708228167612e+06 0.000000000000000000e+00 6.365990509843513137e+05 0.000000000000000000e+00 1.606549096415951499e+05
1.825147654490652804e-01 -7.501144790097196301e-07 1.459033330379036306e+04 8.453213167301840855e-06 1.303299146208159800e+04 9.592810164258913727e-07 2.092530704245324945e+06 0.000000000000000000e+00 6.295675670182280010e+05 0.000000000000000000e+00 5.007699654347247997e+04
1.875360723572403465e-01 -5.537491270949721098e-06 8.071464581005586297e+03 -1.227522695530726339e-07 1.249886659217877059e+04 1.186264293819832455e-05 2.035803073072625790e+06 0.000000000000000000e+00 6.100927356424580794e+05 0.000000000000000000e+00 6.374717497206704138e+04
1.925323683450522461e-01 -1.906163817339616328e-05 1.037169283495769560e+04 6.125087437747669798e-05 1.190453721752168713e+04 -7.892341854818195595e-05 1.943208948484523920e+06 0.000000000000000000e+00 4.810499646567419986e+05 0.000000000000000000e+00 1.783564742422619747e+04
1.975198663583639380e-01 -1.037450992791197629e-05 5.944896218540533482e+03 1.516654546604274630e-05 8.373384595927658665e+03 3.297612084229163694e-06 1.909366536385481013e+06 0.000000000000000000e+00 5.313265203996459022e+05 0.000000000000000000e+00 1.274820038952826580e+05
2.025153694923672032e-01 -1.241552729663224984e-05 4.256534980218083547e+03 -7.597737292531120444e-06 1.497712091093312847e+04 -1.311345897815545760e-05 1.867829951944417786e+06 0.000000000000000000e+00 4.644103336871562642e+05 0.000000000000000000e+00 6.485325716491363710e+04
2.075088499274508613e-01 -1.923203531109024853e-06 7.467884311525338489e+03 -2.348097334493576560e-06 1.137222725503217407e+04 -2.554953528246582386e-06 1.796412422542307060e+06 0.000000000000000000e+00 4.412497110536078108e+05 0.000000000000000000e+00 4.317244580823925935e+04
2.125178062418619784e-01 5.113785128294641796e-07 3.944154302670623110e+03 1.363676034211904408e-06 1.598862070169314029e+04 8.522975213824402553e-08 1.749434202129516518e+06 0.000000000000000000e+00 4.368094620352592319e+05 0.000000000000000000e+00 4.669133461337057088e+04
2.175004174234404231e-01 2.630249978958000256e-06 2.979612490531100320e+03 -1.093197647504418887e-05 6.021597508627220122e+03 3.569331416757848659e-05 1.684394242908846121e+06 0.000000000000000000e+00 4.102063758942849818e+05 0.000000000000000000e+00 7.938086019695311734e+03
2.225093171556767890e-01 -4.386364531825614266e-06 -2.852242863615767874e+02 5.001994641555524936e-06 7.026197277437402590e+03 -1.444806913772384382e-05 1.648066079076456372e+06 0.000000000000000000e+00 3.784774686077894294e+05 0.000000000000000000e+00 7.609157581607927568e+04
2.275289586476768322e-01 -1.392980529140517381e-05 4.392886881983774856e+02 1.987636536382596280e-05 9.699072401653145789e+03 -4.178124110585202473e-05 1.604425708250421099e+06 0.000000000000000000e+00 3.411357330476045026e+05 0.000000000000000000e+00 6.250864227766723343e+04
2.325285406108919262e-01 1.339435950375639045e-05 9.445557637385626322e+02 -3.597291511287359475e-05 1.153584603350735961e+04 3.634152646526477134e-05 1.559139535117239458e+06 0.000000000000000000e+00 3.350339193422225653e+05 0.000000000000000000e+00 8.328028843250323553e+04
2.375276552426477672e-01 6.445758810863069458e-06 -3.079935313763402974e+03 -8.630107169537704805e-06 7.533166180348040143e+03 1.778913562631833438e-05 1.527403079908595653e+06 0.000000000000000000e+00 3.309724596941465861e+05 0.000000000000000000e+00 4.857130434171207889e+04
2.424991024241769377e-01 5.605511285938581236e-06 -2.771740347441460017e+03 1.579435238802694624e-05 7.698813296642074420e+03 -1.590975997332567959e-06 1.496269429270845605e+06 0.000000000000000000e+00 2.797943038508939208e+05 0.000000000000000000e+00 1.274347475224959089e+04
2.474998551644826128e-01 -4.690501921229587334e-06 -4.786127697726545193e+03 -9.068303714377201544e-07 7.023898046749919558e+03 -6.730870256964457020e-06 1.456921493435798911e+06 0.000000000000000000e+00 2.708251624719820684e+05 0.000000000000000000e+00 5.105186756324047747e+04
2.525200307756395035e-01 -2.348522560315496623e-06 -4.825578224559233604e+03 1.400806864754098518e-06 1.001904361274358234e+04 -2.402421530650711580e-05 1.421228255613980815e+06 0.000000000000000000e+00 2.550266457160532300e+05 0.000000000000000000e+00 6.511104732446644448e+03
2.575182250600202005e-01 2.910550629610312310e-06 -4.510258013560837753e+03 -3.609082780716786909e-06 1.030466284181506489e+04 3.783715818493405665e-07 1.403202131584829651e+06 0.000000000000000000e+00 2.519394176886968198e+05 0.000000000000000000e+00 2.940895039117800479e+04
2.625255687975799335e-01 -3.760938480629885144e-06 -5.271779540138072662e+03 -1.183999151309408435e-06 4.957323443829520329e+03 -4.753408357462772025e-06 1.380836569863638841e+06 0.000000000000000000e+00 2.337948226165344822e+05 0.000000000000000000e+00 3.520410429622867377e+04
2.675305520911575030e-01 -7.389517543254028508e-06 -4.905860565305642922e+03 1.206864635257729060e-05 6.723826956269589573e+03 -8.933495205120061593e-07 1.337593393297524191e+06 0.000000000000000000e+00 2.205448642796978529e+05 0.000000000000000000e+00 1.245055793209152034e+04
2.725404586615198799e-01 -5.268386047495636382e-06 -5.162633098852276817e+03 7.644324853228962394e-06 8.560448511133441571e+03 1.363582271116517552e-05 1.321158874914052896e+06 0.000000000000000000e+00 2.029777381922039494e+05 0.000000000000000000e+00 4.247670555878774758e+04
2.775333197047151201e-01 4.783482662134567301e-06 -4.073488251867552208e+03 -1.377617764042184752e-05 8.033524439734277621e+03 -2.686764832986532667e-06 1.298068000516969478e+06 0.000000000000000000e+00 1.741754334014009801e+05 0.000000000000000000e+00 2.989047979941582525e+04
2.825123907298719983e-01 2.701784721793367550e-06 -3.717283863397764435e+03 1.447384672389304166e-06 7.084264459951831668e+03 8.081231087506947976e-06 1.266044182053973898e+06 0.000000000000000000e+00 1.921017423331069003e+05 0.000000000000000000e+00 4.189938862471438188e+04
2.875104651677040102e-01 1.636644680137904593e-06 -5.619095958628615335e+03 1.012381637856732347e-05 6.024890633978165170e+03 -1.000106802755698092e-05 1.250181810381152900e+06 0.000000000000000000e+00 1.750938134457000415e+05 0.000000000000000000e+00 2.175781957479409903e+04
2.924971317655564174e-01 8.895389497046549447e-06 -6.235900357188269481e+03 -9.256623588297170537e-06 5.531447595047913637e+03 8.838946670288640325e-06 1.219953276352749439e+06 0.000000000000000000e+00 1.666686921360783163e+05 0.000000000000000000e+00 3.056558147707174794e+04
2.975058823671092867e-01 -1.409212381227244446e-07 -4.236176538495693421e+03 1.480215005050617100e-05 7.864164106207264012e+03 -2.380078411178514417e-05 1.202237925583873410e+06 0.000000000000000000e+00 1.478578570286830654e+05 0.000000000000000000e+00 2.241970162507770056e+03
3.025121359101998753e-01 8.699706461296528810e-06 -5.410257749340711598e+03 -1.385435510313540176e-05 7.564491634602914019e+03 3.530380198228973149e-05 1.176061897194241406e+06 0.000000000000000000e+00 1.348794286455406109e+05 0.000000000000000000e+00 1.474928987073624194e+04
3.075010376196579687e-01 -7.188861482337880320e-06 -5.079598097925484581e+03 1.522673579812666604e-05 5.121396582536448477e+03 -2.615817470124954622e-05 1.166631465496159391e+06 0.000000000000000000e+00 1.497053005173224665e+05 0.000000000000000000e+00 2.428905044677849219e+04
3.125134169243361515e-01 3.063417454252966145e-06 -4.720175346873114904e+03 -4.280929519404786029e-06 6.482932314498290907e+03 -8.061108108787451773e-06 1.152754831932435278e+06 0.000000000000000000e+00 1.255395584154434036e+05 0.000000000000000000e+00 3.168206684094108277e+04
3.175159688234982513e-01 6.111250626283266963e-06 -4.638667701466731160e+03 -1.684671287245434265e-05 6.833240345413641990e+03 1.957135208417247176e-05 1.123544819483058527e+06 0.000000000000000000e+00 1.228865087090214220e+05 0.000000000000000000e+00 3.474442432042125438e+04
3.225221380836135188e-01 -6.605900524471399597e-06 -3.269788333018690082e+03 8.070997771439022216e-06 7.232255540872191887e+03 -1.804538328557143414e-05 1.104626477477817796e+06 0.000000000000000000e+00 1.092971532565603266e+05 0.000000000000000000e+00 4.070792433452897967e+04
3.275181733526948968e-01 -7.213040309144761124e-06 -3.927138689374305613e+03 1.759873368659755651e-05 5.202582747130692042e+03 -1.873989451244909214e-05 1.088465065087004798e+06 0.000000000000000000e+00 9.387460288781933195e+04 0.000000000000000000e+00 2.977192743428359790e+03
3.325123842131759710e-01 7.450158019360950931e-06 -4.816166665184091471e+03 -1.591071860934066822e-05 6.329487675351592770e+03 2.498683208187763033e-05 1.071056651716377353e+06 0.000000000000000000e+00 9.142939904107031180e+04 0.000000000000000000e+00 1.255672063833761786e+04
3.374959366892091861e-01 6.658847232684021362e-06 -3.982025155029254165e+03 -2.366093276481974638e-05 3.919844725501874564e+03 3.618476177253398672e-05 1.057025802753739990e+06 0.000000000000000000e+00 1.023353161195389403e+05 0.000000000000000000e+00 1.957410951897137784e+04
3.424919221947719805e-01 2.907574470368117393e-06 -3.561657685287818367e+03 -7.289283093137704904e-06 6.754789855736776190e+03 3.292894215172849498e-06 1.042808371567393770e+06 0.000000000000000000e+00 8.536543583161789866e+04 0.000000000000000000e+00 1.524604395402912087e+04
3.475179778446125245e-01 -3.325256413463423395e-07 -3.221483712876139180e+03 1.217407780938081957e-05 4.111796386447544137e+03 -4.881321867814654035e-07 1.029456002613781136e+06 0.000000000000000000e+00 8.278198738850589143e+04 0.000000000000000000e+00 3.468453517169274710e+04
3.525052850529177828e-01 1.528071611049018079e-06 -4.239576433019319666e+03 -3.352402003832029495e-06 6.357853808079195005e+03 8.423884570094204117e-06 1.019670456714034779e+06 0.000000000000000000e+00 7.619511569535367016e+04 0.000000000000000000e+00 1.111453654798020216e+04
3.575133254796376558e-01 6.313513874730783522e-06 -2.502438948118739063e+03 -3.239090846816533912e-06 4.951481693249841555e+03 3.022262625051735867e-05 1.007176045190118952e+06 0.000000000000000000e+00 6.221309563044661627e+04 0.000000000000000000e+00 1.538162748810080484e+04
3.625250227669692404e-01 7.940728053004065612e-07 -4.218836922150278042e+03 -3.573327623851829367e-06 5.082758861617226103e+03 6.753295108040957257e-06 9.971334225568438414e+05 0.000000000000000000e+00 7.178817455202528799e+04 0.000000000000000000e+00 1.058058485167896288e+04
3.675230446100045678e-01 1.287189525330067382e-05 -3.177946737236547506e+03 1.309971640822634789e-06 5.017650110447695624e+03 2.296722018094467301e-05 9.852742578279349254e+05 0.000000000000000000e+00 7.024107429521247104e+04 0.000000000000000000e+00 4.147527724194242182e+04
3.725177060730277545e-01 1.186571737949568474e-06 -2.781914346160443984e+03 -1.396664733904168431e-05 5.120847161072674680e+03 1.388812420932443406e-05 9.737038531648465432e+05 0.000000000000000000e+00 5.043519835325062013e+04 0.000000000000000000e+00 3.104827766024358425e+04
3.775163034622419089e-01 -3.973023734493624890e-07 -2.508493197536908610e+03 -3.922519195495824705e-06 3.687995972997014178e+03 -4.818974762706780042e-06 9.639281765813226812e+05 0.000000000000000000e+00 5.471872062666786223e+04 0.000000000000000000e+00 2.493618044283241761e+04
3.825226892977953153e-01 1.451646959459459561e-07 -2.601969513513513448e+03 6.209089949324324093e-06 4.465715891891892170e+03 4.851470122466216130e-06 9.566763727567567257e+05 0.000000000000000000e+00 4.233640129729729961e+04 0.000000000000000000e+00 3.584378464864864509e+04
3.875130067694269043e-01 -1.379561750856164434e-06 -2.663224868282402895e+03 9.791994245587460332e-07 4.032190937829294398e+03 -1.774698464460945870e-06 9.453272345626975875e+05 0.000000000000000000e+00 4.660381538461538730e+04 0.000000000000000000e+00 3.083512581664910613e+04
3.924957861003909865e-01 -6.848162995204840993e-06 -1.753296405239275373e+03 1.103594509300679116e-05 4.007895317478196830e+03 -1.812178240051652786e-05 9.381091485984617611e+05 0.000000000000000000e+00 4.097004787436038168e+04 0.000000000000000000e+00 5.059812935989444668e+04
3.975064703251052212e-01 -3.981030450405798879e-06 -1.170892608884207903e+03 6.594716095657023112e-07 4.656732544452016555e+03 -4.360680390775045140e-06 9.277525010841955664e+05 0.000000000000000000e+00 4.427455686760423851e+04 0.000000000000000000e+00 4.262232674555480480e+04
