3.798113400606732779e-03 3.289473684210526133e-02 -8.483995621052631736e+07 -7.565789473684210453e-02 -3.278360522105262876e+08 9.950657894736841813e-02 2.556888117894736826e+08 0.000000000000000000e+00 -2.412953869473684132e+08 0.000000000000000000e+00 7.782248016842105389e+08
8.299341265228576958e-03 -2.811431884765625000e-03 3.995048000000000000e+07 7.150650024414062500e-03 1.054755400000000000e+07 -1.104497909545898438e-02 1.236642480000000000e+08 0.000000000000000000e+00 6.824152000000000000e+07 0.000000000000000000e+00 8.065011200000000000e+07
1.293222767532251419e-02 1.393312101910828150e-03 3.376090822929936647e+07 -3.284235668789809055e-03 2.559930700636942871e+06 1.567476114649681614e-03 1.048092567643312216e+08 0.000000000000000000e+00 8.904178955414013565e+07 0.000000000000000000e+00 2.154472845859872550e+07
1.764839556552980082e-02 3.103595890410958732e-03 2.791588295890410990e+07 -8.133561643835615987e-03 5.334094465753423981e+06 9.284032534246575152e-03 9.615573917808218300e+07 0.000000000000000000e+00 7.269976372602739930e+07 0.000000000000000000e+00 4.334504328767123073e+07
2.256548662787912635e-02 -6.830399338374291279e-04 2.160757305103969947e+07 1.471304938563326985e-03 3.471814170132325031e+06 -2.423407224716446224e-03 7.355398581474480033e+07 0.000000000000000000e+00 6.779101447258979082e+07 0.000000000000000000e+00 8.204291871455577202e+06
2.777643688250242340e-02 1.129001524390243821e-03 1.462492784390243888e+07 -2.784394054878048651e-03 1.730954302439024439e+06 3.877072217987804961e-03 5.863271149268292636e+07 0.000000000000000000e+00 4.441940667317073047e+07 0.000000000000000000e+00 5.887642224390244111e+06
3.269804980233311648e-02 -5.781249999999999714e-04 9.508399104000000283e+06 1.007812500000000028e-03 1.730939648000000045e+06 -2.185546874999999990e-03 4.549051596800000221e+07 0.000000000000000000e+00 3.414609510400000215e+07 0.000000000000000000e+00 6.077118463999999687e+06
3.761648458559932462e-02 -1.064143627781523847e-03 6.517206915711395442e+06 1.954442009440323768e-03 1.422872944032366853e+06 -3.051510873229939212e-03 3.625532556169925630e+07 0.000000000000000000e+00 3.225722355225893483e+07 0.000000000000000000e+00 1.597453119352663495e+07
4.263843696389812976e-02 3.923688616071428184e-04 4.692548285714285448e+06 -9.460449218750000000e-04 8.779560714285713620e+05 1.751491001674107019e-03 2.917016457142857090e+07 0.000000000000000000e+00 2.412731657142857090e+07 0.000000000000000000e+00 5.024379428571428172e+06
4.756514582339458480e-02 3.066397732228521634e-04 3.244481925861317199e+06 -9.335477540340166068e-04 1.751118150894025457e+05 1.466760248582642864e-03 2.363830180898386613e+07 0.000000000000000000e+00 1.698118000872219726e+07 0.000000000000000000e+00 1.708684587876144797e+05
5.262096060748640974e-02 1.837912570224718982e-04 2.658316943820224609e+06 -3.716972436797752943e-04 6.355020674157303292e+05 2.033362227879213367e-04 2.054241366292134672e+07 0.000000000000000000e+00 1.579649006741572917e+07 0.000000000000000000e+00 7.937593528089887463e+06
5.756031740041873956e-02 2.175510519801980097e-05 2.249641821782178245e+06 -6.731996441831683727e-04 2.502093267326732748e+05 5.375323909344059030e-04 1.823260514851485193e+07 0.000000000000000000e+00 1.440192633663366362e+07 0.000000000000000000e+00 3.770647920792079531e+05
6.254738279606215923e-02 -2.855193769928869151e-04 1.672713418690213235e+06 3.918705543291635721e-04 2.343099651704684657e+05 -6.302025846210448879e-04 1.536904596124601364e+07 0.000000000000000000e+00 1.052507034780475684e+07 0.000000000000000000e+00 2.435217926907039247e+06
6.757793472572401483e-02 -1.917941289543057979e-04 1.307485019332161639e+06 2.598016668497363886e-04 1.114762249560632627e+05 -5.649238143947715078e-04 1.339626404217926040e+07 0.000000000000000000e+00 9.325163978910367936e+06 0.000000000000000000e+00 1.272240478031634353e+06
7.255917516659465827e-02 7.555328249953506287e-05 1.091234922075506765e+06 -1.452947740375674078e-04 1.047053330853635853e+05 4.751139111028454477e-04 1.211935098977124877e+07 0.000000000000000000e+00 7.606218676585456356e+06 0.000000000000000000e+00 5.179898381997396355e+05
7.753384299139773339e-02 -5.427163542015400321e-05 8.729806548376297578e+05 -6.309894961499832797e-05 1.581556022765316593e+05 -7.070024794944760574e-05 1.075553034884499572e+07 0.000000000000000000e+00 7.032181329762303270e+06 0.000000000000000000e+00 1.906569384666889906e+06
8.251793356505521260e-02 7.951368979357799284e-05 7.114902752293578815e+05 5.767542287844037356e-05 8.412344036697248521e+04 -1.805856687213302768e-05 9.572151779816513881e+06 0.000000000000000000e+00 5.321484917431193404e+06 0.000000000000000000e+00 -3.758793761467889999e+05
8.752751931716111489e-02 7.081881418459246577e-05 5.627909042373979464e+05 -1.578119052295257215e-04 8.870221692367500509e+04 2.559707837353813391e-04 8.447132446287417784e+06 0.000000000000000000e+00 4.780318619152520783e+06 0.000000000000000000e+00 9.057818737851497717e+05
9.254701955136974967e-02 7.121695533272561366e-06 4.897934585232451791e+05 -2.136508659981768579e-05 5.585467274384685152e+04 2.011878988149498463e-04 7.754073845031904988e+06 0.000000000000000000e+00 3.807377852324521169e+06 0.000000000000000000e+00 7.422579398359161569e+05
9.754963178921903511e-02 1.380047498168114666e-05 3.416068770019888761e+05 -2.673203116821940738e-05 2.977381094943996504e+04 1.051519524298649661e-04 6.782414745524966158e+06 0.000000000000000000e+00 2.934417405213022139e+06 0.000000000000000000e+00 -5.219070030356955613e+03
1.025319613041059119e-01 1.026031894934333958e-05 3.029981898686679197e+05 -6.595919324577861158e-06 4.239362701688555535e+04 -4.122449577861162927e-05 6.333299368105066009e+06 0.000000000000000000e+00 2.875204490806754213e+06 0.000000000000000000e+00 7.343648180112570117e+04
1.075116003998943526e-01 4.324199905237767239e-05 2.427347980702963541e+05 -1.296418687543073717e-04 4.577728463128876319e+04 7.594691565084424388e-05 5.728301871812542900e+06 0.000000000000000000e+00 2.329567184011026751e+06 0.000000000000000000e+00 -7.339280496209510602e+03
1.125102861506304813e-01 -6.861678229110303932e-05 1.892933496173765161e+05 1.884508217708896988e-04 3.616918914740666514e+04 -2.684188126835819737e-04 5.259839599288861267e+06 0.000000000000000000e+00 1.838592514493313851e+06 0.000000000000000000e+00 3.763184169436499942e+05
1.175500852175193622e-01 -4.639053833025174228e-05 1.841728482434931211e+05 6.986359515004978533e-05 4.220931531787796848e+04 -1.464288174690655717e-04 4.933109732328260317e+06 0.000000000000000000e+00 1.927388208789645927e+06 0.000000000000000000e+00 1.666416361826198408e+05
1.225369446564099490e-01 9.167597649784839419e-05 1.597145951671632065e+05 -1.563922335319430676e-04 4.608020337636544718e+04 1.439952881909963554e-04 4.697042782654750161e+06 0.000000000000000000e+00 1.799523434094670694e+06 0.000000000000000000e+00 5.502058920887124032e+02
1.275260957852891452e-01 1.948521086928510764e-05 1.098123890371088928e+05 -2.502730076040655916e-05 2.274444239631336313e+04 1.138446113018338357e-04 4.415979261702643707e+06 0.000000000000000000e+00 1.480397396070822142e+06 0.000000000000000000e+00 1.101843589619209233e+05
1.325302087090364789e-01 -1.008290780539812570e-05 9.624394770214914752e+04 3.265985354357218621e-05 8.751807867123055985e+03 -2.120698543852757902e-05 4.213920026934515685e+06 0.000000000000000000e+00 1.372347780259244610e+06 0.000000000000000000e+00 -1.539037207788563974e+05
1.375062694904859717e-01 2.175867872228088654e-05 9.114704287222809216e+04 -7.584601042766631767e-05 3.319281267159451090e+04 7.219808028643082620e-05 3.962807336008447688e+06 0.000000000000000000e+00 1.178748783104540547e+06 0.000000000000000000e+00 2.386094090813093935e+05
1.425134422753508989e-01 -2.901191147533115539e-05 6.690997888270301337e+04 -4.670495926521405454e-05 2.160618160875407921e+04 5.759028469355922482e-06 3.686746772125167772e+06 0.000000000000000000e+00 1.067103932424649596e+06 0.000000000000000000e+00 7.184708005375311586e+03
1.475259222195813014e-01 4.044354241651100447e-05 6.104915358330675372e+04 -9.543608193995170325e-05 1.396357738393548607e+04 1.101630484304524064e-04 3.558248142512187362e+06 0.000000000000000000e+00 9.660386794842589879e+05 0.000000000000000000e+00 2.547452745910975500e+05
1.525299430011916868e-01 1.418030177333446024e-05 4.865647074737909861e+04 1.772021699040412639e-05 2.187136692593845146e+04 2.427886457188451255e-06 3.312473084883327596e+06 0.000000000000000000e+00 9.143122678390260553e+05 0.000000000000000000e+00 2.054809279675346625e+05
1.574945685492469272e-01 -2.302486907024709753e-05 3.604946301613620744e+04 6.356522601811784193e-05 1.945289020099486152e+04 -1.024320343779067284e-04 3.119743321874873247e+06 0.000000000000000000e+00 7.731071207991264528e+05 0.000000000000000000e+00 9.440456310915193171e+04
1.625189323163163113e-01 1.062100821167883324e-05 3.478154744525547721e+04 -1.657304972627737506e-05 2.347351824817518354e+04 7.868634523266424549e-05 2.993848320000000298e+06 0.000000000000000000e+00 7.211056583941606805e+05 0.000000000000000000e+00 1.699151042335766542e+05
1.675461007718098694e-01 -1.230435382260820002e-05 3.039482004555808453e+04 6.760442990105352927e-05 1.326675626423690119e+04 -3.301146904808513461e-05 2.884651152619590051e+06 0.000000000000000000e+00 6.281730478359909030e+05 0.000000000000000000e+00 7.069009111617312010e+04
1.725292014006662711e-01 -2.050533383327290238e-05 1.899278742130072351e+04 -1.118619074892046101e-05 2.118637966839173532e+04 -8.649178782303788143e-05 2.737255118963642046e+06 0.000000000000000000e+00 5.755457871246333234e+05 0.000000000000000000e+00 1.909792741536737594e+05
1.775301965061671094e-01 2.096639264418223206e-05 1.500327410398788561e+04 -4.902685127855249957e-05 2.169097425542655037e+04 4.646767274951886777e-05 2.653694966178697534e+06 0.000000000000000000e+00 4.502503059061079985e+05 0.000000000000000000e+00 5.534341847551741375e+04
1.825147654490652804e-01 -1.523309403527430607e-05 1.024455954385653968e+04 6.254800732665662707e-05 2.305398398771012580e+04 -7.945443366126030539e-05 2.511901858725516126e+06 0.000000000000000000e+00 4.682860695441519492e+05 0.000000000000000000e+00 1.139274646813790605e+05
1.875360723572403465e-01 1.534403369413407897e-06 9.343582569832402442e+03 -2.417537753142458007e-06 1.946200849162011218e+04 1.993616200026187212e-05 2.391254868379888125e+06 0.000000000000000000e+00 3.789120357541899430e+05 0.000000000000000000e+00 1.160188281564245844e+05
1.925323683450522461e-01 1.947019523301113882e-05 7.101754739209595755e+03 -4.030823950161320420e-05 2.013172196637035449e+04 3.182455215870829454e-05 2.348030135589589830e+06 0.000000000000000000e+00 3.151247312841383391e+05 0.000000000000000000e+00 1.441789833993788052e+05
1.975198663583639380e-01 1.007809535854306206e-05 4.132987985329454204e+03 -8.200803085873276967e-06 1.387581838876944312e+04 3.421118154799544287e-05 2.264500045023397077e+06 0.000000000000000000e+00 3.310011944858985371e+05 0.000000000000000000e+00 8.483581636524597707e+04
2.025153694923672032e-01 1.755136211763003148e-06 -3.856739554183151995e+03 3.527941580020264613e-06 1.390862105567885919e+04 2.625342169105230353e-06 2.155788277525813319e+06 0.000000000000000000e+00 2.302276699797356268e+05 0.000000000000000000e+00 -1.975418701148316177e+04
2.075088499274508613e-01 1.373077869884815391e-05 -2.748876869174929652e+03 -2.090924769287137356e-05 1.394658178570610835e+04 -4.958957942132863453e-06 2.108050029448808171e+06 0.000000000000000000e+00 2.001883302113627724e+05 0.000000000000000000e+00 7.954116796812384564e+04
2.125178062418619784e-01 -9.833382652949905009e-06 -3.870323267585966278e+03 1.785030621345348238e-05 1.333394588933496379e+04 -2.737073587027077213e-05 2.039619072089369874e+06 0.000000000000000000e+00 2.413132455925990653e+05 0.000000000000000000e+00 6.672079874323616968e+04
2.175004174234404231e-01 -2.146710371009910874e-05 -5.314725359818196921e+03 6.755876697661971286e-05 1.333703358303173263e+04 -6.527993406333181784e-05 1.955893091827287339e+06 0.000000000000000000e+00 1.639658991667368100e+05 0.000000000000000000e+00 9.402225401902197336e+04
2.225093171556767890e-01 -1.569856779811272421e-05 -4.832951596698252615e+03 1.215869466716573764e-05 1.234975701818325069e+04 6.337142442032268517e-05 1.920227167786292732e+06 0.000000000000000000e+00 1.524237243553121516e+05 0.000000000000000000e+00 1.186799780934181763e+05
2.275289586476768322e-01 -2.970944388106536292e-06 -5.113753252716976021e+03 1.026750906455686594e-05 1.111633124138986750e+04 2.102783987902763022e-05 1.855534395836522337e+06 0.000000000000000000e+00 1.371292527169753739e+05 0.000000000000000000e+00 8.594976641665391799e+04
2.325285406108919262e-01 -5.755666418059774855e-06 -7.877260473323268343e+03 1.794204655012460702e-05 8.932368107980280911e+03 -1.597908007112582701e-05 1.813237424335583113e+06 0.000000000000000000e+00 9.838680777836393099e+04 0.000000000000000000e+00 8.326594539137395623e+04
2.375276552426477672e-01 -1.750911847424855133e-06 -5.850231675162594911e+03 2.042730488662331059e-06 1.196682439796097788e+04 -4.021089218228159321e-06 1.742514430515029002e+06 0.000000000000000000e+00 1.075831157672701811e+05 0.000000000000000000e+00 9.672758178941818187e+04
2.424991024241769377e-01 -1.318943831985548556e-05 -5.567827123394054070e+03 3.132491600965677799e-05 1.212295038238819689e+04 -4.614654732159437938e-05 1.703648056725136470e+06 0.000000000000000000e+00 8.005040001350599050e+04 0.000000000000000000e+00 5.517947252376209508e+04
2.474998551644826128e-01 6.695691492555235348e-06 -7.136261799551713011e+03 -1.736462898755203335e-05 1.213217649695805267e+04 -5.326162650346221931e-06 1.666057115337816300e+06 0.000000000000000000e+00 4.045396759526096866e+04 0.000000000000000000e+00 1.002704455971822026e+05
2.525200307756395035e-01 -2.597722703371481977e-06 -5.127632291988865290e+03 -4.138232678626662707e-06 1.400178954531394993e+04 -1.887879871636251283e-07 1.613105014537581243e+06 0.000000000000000000e+00 5.363274036498608621e+04 0.000000000000000000e+00 5.983296455304670963e+04
2.575182250600202005e-01 9.181877689348781469e-07 -7.726282095223902616e+03 -6.544873341568251082e-06 9.411750063333582148e+03 1.394068481545362582e-05 1.576455027076968923e+06 0.000000000000000000e+00 3.089130693688994870e+04 0.000000000000000000e+00 6.407488681916399219e+04
2.625255687975799335e-01 -1.775998726964112441e-06 -9.019860101557596863e+03 -5.745878234295658271e-07 1.218709876191019612e+04 -1.504810686057582557e-05 1.543225898328293581e+06 0.000000000000000000e+00 2.122176938437838908e+04 0.000000000000000000e+00 9.481895589661665144e+04
2.675305520911575030e-01 -7.928898385827314846e-06 -7.344917965783404725e+03 1.022126696676378369e-05 9.999723174217422638e+03 -2.592399174617859416e-05 1.503475143618563656e+06 0.000000000000000000e+00 6.416433686361689979e+03 0.000000000000000000e+00 5.057791657116029819e+04
2.725404586615198799e-01 -1.807779526101443769e-06 -6.537953562172740021e+03 4.596925080657956886e-06 1.201938329719151625e+04 -3.550995497699264706e-06 1.462209932829110883e+06 0.000000000000000000e+00 -1.620516083990056541e+04 0.000000000000000000e+00 8.509503908605278411e+04
2.775333197047151201e-01 -2.360188015353994669e-06 -5.987659730658877379e+03 -2.082518837077054275e-07 1.253173334711918687e+04 2.825599422125003340e-06 1.437470273735363269e+06 0.000000000000000000e+00 -2.042931548065241441e+04 0.000000000000000000e+00 6.070323984801095503e+04
2.825123907298719983e-01 -8.684308034335824571e-07 -8.082952979682579098e+03 2.412307787315506802e-06 9.895378595689495342e+03 -9.769846538627801848e-07 1.406741895880936179e+06 0.000000000000000000e+00 -1.792059442969184238e+04 0.000000000000000000e+00 7.932318330142654304e+04
2.875104651677040102e-01 -6.605030316270829190e-06 -7.823649875502776922e+03 -1.630799520565983469e-06 1.309151350316031312e+04 -3.075576837755578184e-05 1.389086792568473378e+06 0.000000000000000000e+00 -2.222057690097682280e+04 0.000000000000000000e+00 8.069725799655237643e+04
2.924971317655564174e-01 6.276442335479544843e-06 -5.192558092221618608e+03 -2.485742090418337991e-05 8.990469708354043178e+03 1.654339252274329646e-05 1.349556362089493545e+06 0.000000000000000000e+00 -4.482593172964662517e+04 0.000000000000000000e+00 3.675135692240113713e+04
2.975058823671092867e-01 -5.127365048619128228e-06 -5.643945653139152455e+03 1.520323357439392496e-05 1.023874327324393926e+04 -3.947285180531813188e-05 1.329580932421632111e+06 0.000000000000000000e+00 -5.641528105852055887e+04 0.000000000000000000e+00 8.247175490631382854e+04
3.025121359101998753e-01 -5.952847369331200242e-06 -5.529249924343954262e+03 3.483048992693787529e-06 9.504496649517963306e+03 -4.702116140136612804e-06 1.295586527517184615e+06 0.000000000000000000e+00 -4.638745787039038260e+04 0.000000000000000000e+00 3.575247347715187061e+04
3.075010376196579687e-01 -2.102438992527564698e-06 -5.673167079479542735e+03 4.684560667816272680e-06 1.078226263259654115e+04 -6.993671454512202150e-06 1.277611426493180916e+06 0.000000000000000000e+00 -4.452320911323614564e+04 0.000000000000000000e+00 5.557452457542980119e+04
3.125134169243361515e-01 -1.516980758596420799e-06 -5.446067323547154956e+03 -4.573034228584355489e-06 7.633513452644278914e+03 -7.643202001746933025e-06 1.250795347033983562e+06 0.000000000000000000e+00 -7.422258499899457092e+04 0.000000000000000000e+00 6.328028119847174821e+04
3.175159688234982513e-01 -3.223516813863701320e-06 -4.277749349156605604e+03 1.015503734367478521e-05 8.858735880382351752e+03 -7.935271859128017758e-06 1.234630274189270101e+06 0.000000000000000000e+00 -7.184839649870814173e+04 0.000000000000000000e+00 5.567436523857708380e+04
3.225221380836135188e-01 -5.609880691882640104e-07 -4.367191995469133872e+03 5.698091515239869091e-06 7.666735435151973434e+03 -1.350349585065217000e-05 1.212215182329620700e+06 0.000000000000000000e+00 -6.972282031338494562e+04 0.000000000000000000e+00 5.487801487634510704e+04
3.275181733526948968e-01 6.218761569788967464e-06 -3.845777711958533928e+03 -2.653820344316919756e-05 8.081496334690855292e+03 2.749632659200296246e-05 1.200901554091077298e+06 0.000000000000000000e+00 -7.107869381710478046e+04 0.000000000000000000e+00 4.234251847463902232e+04
3.325123842131759710e-01 -5.779003203474563693e-06 -4.658506240159406843e+03 1.637601415099584592e-05 8.227409875730540080e+03 -6.078432014703069945e-06 1.183277075602444587e+06 0.000000000000000000e+00 -8.012348879617851344e+04 0.000000000000000000e+00 3.816779483530071593e+04
3.374959366892091861e-01 2.027163512069509254e-06 -3.938926391759801390e+03 2.630180506166135395e-06 6.954507094559086909e+03 2.676155206070665660e-06 1.157540104403881822e+06 0.000000000000000000e+00 -9.038183008093053650e+04 0.000000000000000000e+00 4.377283396979995450e+04
3.424919221947719805e-01 3.890330571969097048e-06 -3.159560559717974229e+03 -1.039320531465384366e-05 6.254067689538207560e+03 2.315275710169265673e-05 1.144432620456875302e+06 0.000000000000000000e+00 -6.974027659202093491e+04 0.000000000000000000e+00 5.451183425147305388e+04
3.475179778446125245e-01 -1.722951449014931095e-06 -2.606707485215800261e+03 1.250735125951579669e-05 6.389850164994935767e+03 -9.811251306890580345e-06 1.126412713431567885e+06 0.000000000000000000e+00 -8.155663005194890138e+04 0.000000000000000000e+00 5.924625974450288777e+04
3.525052850529177828e-01 8.638282372664856442e-06 -3.141886763531853831e+03 -1.972459783650007829e-05 6.392973590930863793e+03 2.955960976169567410e-05 1.112576277949864278e+06 0.000000000000000000e+00 -9.224126763531853794e+04 0.000000000000000000e+00 6.089243059236787667e+04
3.575133254796376558e-01 -3.046354649692268898e-06 -2.405513807666071443e+03 1.138827665726483269e-05 4.979729871005817586e+03 -4.128858436453311677e-06 1.096165585915644187e+06 0.000000000000000000e+00 -8.718703356301400345e+04 0.000000000000000000e+00 6.201103239800415759e+04
3.625250227669692404e-01 8.087778572504140960e-07 -1.982075229634091102e+03 4.212997383677156759e-06 6.678079566330371563e+03 1.170889761519349468e-06 1.080654692726998823e+06 0.000000000000000000e+00 -8.166571925914772146e+04 0.000000000000000000e+00 5.872449570847763243e+04
3.675230446100045678e-01 -3.885418603146483265e-06 -2.516630900567912704e+03 1.485376131587676502e-05 5.400252243582734081e+03 -2.031924421812690786e-06 1.077140291465272894e+06 0.000000000000000000e+00 -8.981349476922627946e+04 0.000000000000000000e+00 5.631091853115500271e+04
3.725177060730277545e-01 -5.897959520984619493e-07 -1.727907942135056373e+03 -1.149927610748184613e-06 5.067638858711190551e+03 -6.923122603404282879e-07 1.061704091028646566e+06 0.000000000000000000e+00 -9.427191583280920167e+04 0.000000000000000000e+00 6.486653416433186794e+04
3.775163034622419089e-01 2.063268244744511264e-06 -2.195292102523083031e+03 3.952848223341899550e-06 5.717603712565766727e+03 -1.687966253484880682e-05 1.046063510250239633e+06 0.000000000000000000e+00 -8.288804826887141098e+04 0.000000000000000000e+00 3.854232598037525895e+04
3.825226892977953153e-01 -4.940548458614865224e-06 -1.822607351351351326e+03 6.676751214104729296e-06 4.478723459459459264e+03 -1.129006050728462817e-05 1.035200013837837847e+06 0.000000000000000000e+00 -7.491062313513513072e+04 0.000000000000000000e+00 6.716777167567567085e+04
3.875130067694269043e-01 -8.682556473919916074e-08 -6.458210748155953524e+02 6.158183573169125998e-07 4.864706006322445319e+03 5.267015623970956575e-06 1.025749540147523745e+06 0.000000000000000000e+00 -9.097926406743942061e+04 0.000000000000000000e+00 5.338584615384615608e+04
3.924957861003909865e-01 -4.399921153412931078e-06 -1.425639700061146414e+03 -8.736986290348534981e-06 5.862707302159431492e+03 -1.063209518713996186e-05 1.014907520638496499e+06 0.000000000000000000e+00 -9.114904345251504856e+04 0.000000000000000000e+00 5.990145260515560221e+04
3.975064703251052212e-01 -3.303408246081407968e-06 -7.389814261817731449e+02 -1.373395003407471798e-06 3.663325345393718180e+03 -1.215333574050554549e-05 1.013065524862152408e+06 0.000000000000000000e+00 -9.656423408710736840e+04 0.000000000000000000e+00 7.089304702310885477e+04
