3.798113400606732779e-03 8.994654605263157395e-05 -3.182776842105262913e+06 -1.477693256578947354e-04 -1.281332421052631456e+06 2.714458264802631208e-04
8.299341265228576958e-03 9.918212890625000000e-05 -2.147469000000000000e+06 -2.174377441406250000e-04 -7.822410625000000000e+05 3.328323364257812500e-04
1.293222767532251419e-02 -2.177050159235668984e-05 -1.220383286624203902e+06 4.665107484076433779e-06 -6.524092993630573619e+04 2.604685011942675259e-05
1.764839556552980082e-02 7.859321489726026283e-05 -1.069405150684931548e+06 -2.198937821061643680e-04 -1.523581643835616414e+05 2.226111007063356049e-04
2.256548662787912635e-02 -2.953686200378071914e-05 -7.437732778827977600e+05 7.707274929111531596e-05 -2.160930812854442411e+04 -1.625681193879962129e-04
2.777643688250242340e-02 3.453696646341463094e-05 -5.347301853658537148e+05 -8.574695121951218997e-05 -8.812614634146341996e+04 9.765625000000000542e-05
3.269804980233311648e-02 -1.086425781249999949e-05 -4.270159039999999804e+05 3.723144531249999919e-06 -2.854067599999999948e+04 -9.323120117187499810e-06
3.761648458559932462e-02 -1.185308496291301379e-05 -3.119591746459878632e+05 2.831570296695886646e-05 -6.037198651382332901e+04 -4.156811046021577529e-05
4.263843696389812976e-02 1.307896205357142785e-05 -2.304452678571428405e+05 -2.397809709821428523e-05 -1.317221316964285688e+04 4.196166992187500000e-05
4.756514582339458480e-02 -1.384137865242040978e-06 -1.904040610553859733e+05 4.844482528347143845e-06 -1.893486960313999225e+04 -6.454873698484517997e-06
5.262096060748640974e-02 -6.000647384129213317e-07 -1.505784269662921433e+05 -1.393007428458567345e-05 -2.328959971910112290e+04 2.017717682913447859e-05
5.756031740041873956e-02 2.492772470606435740e-06 -1.320396534653465496e+05 -1.945117912670173301e-05 -2.601832425742574196e+04 2.187785535755724174e-05
6.254738279606215923e-02 -2.515061626195732154e-06 -1.057979259259259125e+05 -5.988241967132695163e-08 -1.660180132450331075e+04 -6.137948016311012112e-07
6.757793472572401483e-02 4.853850299318980369e-06 -9.170113884007029992e+04 -1.406543912703207311e-05 -1.475280492091388260e+04 1.697171551481491581e-05
7.255917516659465827e-02 1.906993909243072354e-06 -7.764255160870373948e+04 3.132918565185047484e-06 -1.132676734238422978e+04 8.047968343174633529e-06
7.753384299139773339e-02 -6.130079301975226470e-07 -6.503714496149983461e+04 -5.925743325242718991e-07 -9.067373953799798983e+03 -4.750811459030800196e-07
8.251793356505521260e-02 1.277398625645068772e-06 -5.528605963302752934e+04 5.862034788919152231e-07 -7.592383600917431977e+03 -9.033658088894065736e-07
8.752751931716111489e-02 -5.694610923934171881e-06 -4.641345600622003985e+04 2.094351350913567443e-05 -6.785945833873267475e+03 -1.785893259200466618e-05
9.254701955136974967e-02 -1.634373486639699117e-06 -3.875283865086599690e+04 7.997997913343208979e-08 -4.033119416590701803e+03 -6.851328429897590278e-06
9.754963178921903511e-02 6.900237490840573329e-06 -3.304396775881922076e+04 -1.865619766042081124e-06 -4.616533444991102442e+03 3.392616766329948525e-06
1.025319613041059119e-01 1.379875483700750375e-06 -2.866281425891182153e+04 -2.510686305405722146e-06 -4.841572983114446288e+03 4.720061626040689190e-06
1.075116003998943526e-01 1.198829740265334294e-06 -2.506177532736043941e+04 -3.628037371855616746e-06 -3.628474500344590069e+03 4.498240538583304862e-06
1.125102861506304813e-01 1.037932625415475031e-07 -2.231837860400402133e+04 -3.302512899049239036e-08 -4.056406276571075523e+03 1.086290850008695992e-06
1.175500852175193622e-01 -9.548950629355710133e-07 -1.920537277769876164e+04 -1.128512347105674933e-07 -3.108367799743990872e+03 -2.615110342812189181e-06
1.225369446564099490e-01 -2.173910232538894547e-06 -1.711127282356835713e+04 4.085173318023833242e-06 -2.150511618669314885e+03 -4.474093131930652713e-06
1.275260957852891452e-01 4.663127387521222476e-07 -1.505550327431481855e+04 1.039951425312272539e-06 -2.311503759398496186e+03 -1.249051978800327345e-07
1.325302087090364789e-01 3.664643801554345895e-07 -1.314317894618708306e+04 -1.284337780918579298e-07 -1.696977722911172123e+03 2.913306199716977241e-06
1.375062694904859717e-01 6.517613701986535792e-07 -1.170635438225976759e+04 -1.706744700575831471e-06 -1.649735163674762362e+03 8.075516729949016381e-07
1.425134422753508989e-01 -7.074289803405164380e-07 -9.964344787867152263e+03 -7.982376693283259261e-08 -1.828019773468995936e+03 -1.220974086410689489e-06
1.475259222195813014e-01 1.598943680520752750e-08 -9.409815116861816932e+03 -2.264590886650587864e-06 -1.656582805594787942e+03 2.211843125016017173e-06
1.525299430011916868e-01 5.005419476031450858e-07 -8.462984105512343376e+03 -4.515197980956205611e-07 -1.639544132566790722e+03 -9.281956992279970517e-07
1.574945685492469272e-01 2.172157459457273262e-07 -7.163855542524365774e+03 7.602551108100456151e-07 -1.059107857807255186e+03 1.611839569347272111e-06
1.625189323163163113e-01 -5.078837819343066394e-07 -6.974696642335767137e+03 3.639833770529197565e-06 -1.567945693430657002e+03 -8.071565279995438077e-06
1.675461007718098694e-01 7.538154619429811952e-07 -5.979731207289293707e+03 -1.345788699347771904e-06 -9.024706719817767180e+02 1.618965340095120246e-06
1.725292014006662711e-01 -3.581190563503312886e-07 -5.271884761182715010e+03 8.087857340046808247e-07 -1.000278405906978378e+03 -1.238327411143982767e-06
1.775301965061671094e-01 -3.600950977647021428e-07 -4.799784957092377226e+03 -2.551475960097488394e-07 -7.814773472993437053e+02 1.422808905673231704e-06
1.825147654490652804e-01 4.039077963898490520e-07 -4.015666282608053280e+03 -6.058616945847736044e-07 -7.339848739992319224e+02 1.377614091258235070e-06
1.875360723572403465e-01 -7.024157646648044484e-07 -3.675559776536312711e+03 1.033164935405027944e-06 -7.798352513966480046e+02 -5.736963708973463566e-07
1.925323683450522461e-01 -4.485956514572400120e-07 -3.308251258434186639e+03 4.220394425822667799e-07 -7.101758594837741612e+02 -6.429666725690632476e-07
1.975198663583639380e-01 -2.470121411407613353e-07 -2.874404552927785517e+03 1.117729938661945108e-06 -7.394143923106107650e+02 -2.153637105571012690e-06
2.025153694923672032e-01 1.023338646959133538e-07 -2.713862588053652416e+03 -1.148495172126797368e-07 -4.856136736466274328e+02 1.321505662799744494e-07
2.075088499274508613e-01 -1.397676984817605213e-08 -2.155120932469257241e+03 2.376050874189928946e-08 -4.517866220888960243e+02 -1.617811109926377917e-07
2.125178062418619784e-01 -6.964868807547128905e-07 -1.871218362716006368e+03 7.397676142624149760e-07 -3.881299965089893931e+02 -2.280561727136607567e-08
2.175004174234404231e-01 4.732651939677847284e-07 -1.847681844962545256e+03 -1.624320635198794242e-06 -5.076900513424795918e+02 3.272561390445485368e-07
2.225093171556767890e-01 -6.973934836784145833e-07 -1.641005023541695437e+03 5.963916688008510941e-07 -2.843884675242804860e+02 -5.266523204330096146e-07
2.275289586476768322e-01 6.802575102484502466e-08 -1.365368131027093341e+03 -2.775041903395501991e-07 -1.107563332312873143e+02 8.127325511391087122e-08
2.325285406108919262e-01 6.661650946828443786e-07 -1.108774925872701260e+03 6.528417927891874825e-07 -4.478397031269896615e+02 -1.071415527281574631e-06
2.375276552426477672e-01 2.274468821409738181e-07 -1.074865178414484035e+03 -6.930692729390051655e-07 -3.053636139919142352e+02 1.385602114552206148e-06
2.424991024241769377e-01 -2.555453674472000550e-07 -8.972233045768406328e+02 4.080482480205291158e-07 -2.918022723819492512e+02 -6.728674392863774887e-07
2.474998551644826128e-01 2.120497743555875782e-07 -6.910397054114633875e+02 -4.050443846561799605e-07 -1.595882644892731435e+02 5.358654148029739270e-07
2.525200307756395035e-01 -2.359849839545314104e-10 -6.414202288895762649e+02 -3.543314534077288916e-07 -1.891349675224250007e+02 2.729461320664098879e-07
2.575182250600202005e-01 -4.565926300201177196e-07 -4.323646226063631275e+02 1.166948893059384433e-06 -1.079245436256612720e+02 -3.231165972403322991e-07
2.625255687975799335e-01 -8.705876112569178697e-09 -3.917288469218919431e+02 -6.094113278798424922e-09 -1.033196710789068220e+02 3.258174135129015059e-07
2.675305520911575030e-01 3.034017239474737770e-08 -3.111257232018336936e+02 1.972111205658579683e-07 -7.932161251570676086e+01 -5.810985796160643895e-07
2.725404586615198799e-01 -2.445344626824720939e-07 -1.639726556301898768e+02 2.400957183103480188e-07 -5.044563190881683568e+01 -5.501016604816502727e-07
2.775333197047151201e-01 -1.380457562456380715e-08 -1.422020058417556356e+02 3.240131107308333210e-07 -1.430425465918783914e+02 -7.165067769706636061e-07
2.825123907298719983e-01 3.437538596924597182e-07 -2.586584326560859637e+01 -9.046154202433149977e-07 -1.121457913913419446e+02 9.890461927993577336e-07
2.875104651677040102e-01 -3.046789426863867161e-07 -7.647983504117985376e+01 7.196852722927839355e-07 -6.684931646236353231e+01 -6.829703637316545929e-07
2.924971317655564174e-01 3.333654455389034514e-07 4.598132275254597801e+01 -8.335899976808770362e-07 -6.626660809857933998e+01 9.668479839796292791e-07
2.975058823671092867e-01 4.681142690645188323e-08 1.057969207885622893e+02 1.383911768313083511e-07 -1.227569709617263101e+02 5.741465971404457719e-07
3.025121359101998753e-01 -3.990993637461631675e-07 9.657976308849595171e+01 7.576291227478816329e-07 -9.309648307466170536e+01 -1.425460888652876636e-06
3.075010376196579687e-01 -3.291439684903590088e-07 1.264793541307414984e+02 7.801222353947850445e-07 -1.355371165804462521e+02 -1.319286846570125963e-06
3.125134169243361515e-01 -5.412528434797908502e-07 1.706623366177357752e+02 4.249632586278403299e-07 -5.161948019304242763e+01 -1.341242342438229049e-06
3.175159688234982513e-01 -2.248546884670550438e-10 2.190767749604581809e+02 6.517413145217590474e-07 2.146121710170840302e+00 1.680320349023596799e-07
3.225221380836135188e-01 -5.242778194024919874e-08 2.611291296960544059e+02 -2.295875945405418446e-07 -1.298284878232962285e+02 3.136304812497050294e-07
3.275181733526948968e-01 -1.313464811933080409e-08 2.302755646057015895e+02 2.090951240932177828e-07 -1.066816086634579790e+02 1.759936923408720268e-07
3.325123842131759710e-01 2.551795852718005538e-07 2.322996521878363581e+02 -4.913564354701691548e-07 -1.155003780566996170e+02 9.456575375471459330e-07
3.374959366892091861e-01 6.722463387203079560e-08 2.604453806537504761e+02 -1.812926756409737266e-07 -1.183988456013733668e+02 1.663241686953127779e-07
3.424919221947719805e-01 1.627753377392927700e-07 2.883703339472785387e+02 -4.700137877222079096e-07 -1.399224928951820743e+02 6.719569411050179613e-07
3.475179778446125245e-01 -6.368838183207680705e-08 3.448026268500669858e+02 2.115675697846387043e-07 -1.122195657856046012e+02 2.397661928560817202e-08
3.525052850529177828e-01 -2.840770884061153049e-07 2.576955931662142802e+02 6.692622314336180747e-07 -1.404627654478684349e+02 -1.019668640010029202e-06
3.575133254796376558e-01 2.526154039978232831e-07 2.788038721248400407e+02 -6.614781134313372896e-07 -2.022076016892642940e+02 7.774940767488560828e-07
3.625250227669692404e-01 -1.594579070828941425e-07 3.340798373738894611e+02 5.512096816885634372e-07 -1.064023490438187025e+02 -6.029645715594883486e-07
3.675230446100045678e-01 1.651925854807755492e-07 3.414349014719069260e+02 -2.634738307819642330e-07 -1.161866310901151138e+02 1.150215949358945413e-06
3.725177060730277545e-01 -1.570462594345016856e-08 3.374375321630739677e+02 1.422141127101320824e-07 -1.515393961918920525e+02 5.300311255914431973e-08
3.775163034622419089e-01 -2.046880574017620813e-07 2.933839374987070983e+02 6.548952506736901915e-07 -1.654670151219478669e+02 -8.613078934077663803e-07
3.825226892977953153e-01 2.680598078547297380e-08 2.885322972972973048e+02 2.794007997255067617e-07 -2.485028378378378306e+02 -5.487493566564611553e-07
3.875130067694269043e-01 -1.929456994204425904e-08 2.937376185458377336e+02 5.627582899762908750e-09 -1.975807692307692491e+02 -5.774302025363870495e-07
3.924957861003909865e-01 -3.957964787556721517e-08 2.948239307437325465e+02 2.144470499660074666e-07 -2.274735236378849947e+02 6.862600236489477011e-09
3.975064703251052212e-01 -7.789630250604051983e-08 3.169089151849328232e+02 7.373679120717428310e-08 -2.399115296450034123e+02 -3.904268560072176469e-08
