3.798113400606732779e-03 -6.424753289473683583e-04 -3.900653473684210330e+06 2.017372532894736933e-03 8.140421052631578277e+03 -1.654373972039473650e-03
8.299341265228576958e-03 -1.411437988281250000e-04 -2.114276500000000000e+06 3.814697265625000000e-04 -3.091789062500000000e+05 -3.757476806640625000e-04
1.293222767532251419e-02 4.665107484076433440e-05 -1.512153885350318626e+06 -1.259579020700636934e-04 -4.887450191082803067e+05 1.613349671576433169e-04
1.764839556552980082e-02 -3.846050941780821704e-05 -9.753985753424656577e+05 8.444590111301369733e-05 -1.124175410958904104e+05 -1.277139742080479474e-04
2.256548662787912635e-02 -5.445858931947069763e-05 -7.544709565217391355e+05 5.584312972589792524e-05 -1.087242268431001867e+05 -1.757212532490548312e-04
2.777643688250242340e-02 -5.638308641387195048e-06 -5.088730146341463551e+05 4.476221596322408616e-05 -7.441531219512195094e+04 -2.550497287657202595e-05
3.269804980233311648e-02 -1.318359374999999985e-05 -4.126011520000000019e+05 4.638671874999999885e-06 -6.402838799999999901e+04 1.159667968749999971e-06
3.761648458559932462e-02 6.255794841537424320e-06 -2.738778799730276223e+05 5.432663941335131178e-06 -4.409753472690492345e+04 -1.312893785822656744e-05
4.263843696389812976e-02 1.195498875209263296e-05 -2.171533392857142608e+05 -3.150531223842075796e-05 -4.021779910714285506e+04 4.321336746215820312e-05
4.756514582339458480e-02 5.749495747928478233e-06 -1.711973344962930714e+05 -1.352196222197993872e-05 -1.063906759703445277e+04 -3.380490555494984679e-06
5.262096060748640974e-02 5.700615014922752333e-06 -1.377519438202247256e+05 -9.793913766239465226e-06 -1.763249016853932699e+04 1.795372266447945855e-05
5.756031740041873956e-02 1.605194393951113805e-06 -1.177491287128712866e+05 6.609623975092822359e-08 -1.754922524752475147e+04 -2.355150657125038629e-05
6.254738279606215923e-02 5.763682893365219502e-06 -9.612650085847436276e+04 -1.045696753510546965e-05 -1.133387000245278250e+04 9.901183827530965199e-06
6.757793472572401483e-02 -5.899707546133567439e-06 -8.325382776801405998e+04 1.045857246814586901e-05 -1.155882601054481529e+04 -1.540628175115333728e-05
7.255917516659465827e-02 1.021603879951645836e-06 -6.968179430909428629e+04 4.358843221127022402e-06 -7.098451924865166802e+03 -2.270230844336990746e-06
7.753384299139773339e-02 3.065039650987613235e-07 -6.068346836290592910e+04 -5.833792135713090679e-06 -1.004335453632407189e+04 3.690818579730917480e-06
8.251793356505521260e-02 2.449805583428899219e-06 -4.938741284403669852e+04 3.254741703698394464e-06 -6.640126720183486214e+03 1.233652097369552768e-06
8.752751931716111489e-02 -1.518562913049112445e-06 -4.214568355578593037e+04 2.847305461967085941e-06 -6.908380458727485347e+03 -3.780588918945186377e-06
9.254701955136974967e-02 7.302519833922060177e-07 -3.519741112123974744e+04 -4.384989290750341865e-06 -6.192081586144028734e+03 3.772099233260454510e-06
9.754963178921903511e-02 -3.322336569663979735e-06 -3.090043337171569146e+04 7.385809758714539744e-06 -3.852771276038940869e+03 -5.718252365094734551e-06
1.025319613041059119e-01 1.348384549425422131e-06 -2.707250431519699850e+04 -1.699079044764305745e-06 -4.312483302063789779e+03 5.151988417748886168e-06
1.075116003998943526e-01 4.206420141281874517e-08 -2.305536319779462428e+04 2.734173091833218601e-07 -2.415952446588559724e+03 -2.539626160298931722e-06
1.125102861506304813e-01 3.396870410450645411e-07 -2.086030455283296033e+04 -8.869606071732241414e-07 -3.927689881734560004e+03 3.439331290581278525e-06
1.175500852175193622e-01 1.041703705020622933e-07 -1.741077513867159723e+04 1.605959878573460466e-06 -2.173318731332669813e+03 -2.842983028285450298e-07
1.225369446564099490e-01 -3.555838298576630513e-06 -1.553263899371069238e+04 8.243079692154915900e-06 -2.808579940417080707e+03 -8.032961974511752234e-06
1.275260957852891452e-01 5.181252652801358160e-08 -1.379643754547659410e+04 -1.861550060256487925e-06 -2.261728595682754985e+03 -8.798877272882305811e-07
1.325302087090364789e-01 1.114805193837326791e-06 -1.216485898658885526e+04 4.195503417667358792e-08 -1.704270018517479230e+03 2.010630796028035706e-06
1.375062694904859717e-01 -1.050552319825765527e-06 -1.084009799366420339e+04 1.627389329791446639e-06 -1.801244350580781429e+03 -3.634234290440205937e-06
1.425134422753508989e-01 -5.038417582549433796e-07 -9.549909003647533609e+03 2.290722412531195883e-06 -1.347015741985025898e+03 -1.208341426047465890e-06
1.475259222195813014e-01 1.429316611804638133e-06 -8.323713335459473456e+03 -5.478120088045013167e-07 -1.453823591051984067e+03 6.058606163364504023e-06
1.525299430011916868e-01 2.683317657253973399e-07 -7.916161650321271736e+03 -3.808246982795062588e-06 -1.516418498478187303e+03 3.093555645237994500e-06
1.574945685492469272e-01 -1.806840068548550058e-06 -6.553452986613822759e+03 6.546092707364418781e-06 -5.498302260686698446e+02 -5.719191856321024975e-06
1.625189323163163113e-01 7.217295848540146870e-07 -6.211859854014599478e+03 -9.667612340328468645e-07 -1.447679708029197172e+03 2.181895457915145997e-06
1.675461007718098694e-01 3.492099005975049781e-07 -5.784012528473804196e+03 1.697170978798138550e-07 -1.047152121298405518e+03 -3.018452529212065334e-06
1.725292014006662711e-01 1.207142886574150571e-07 -4.845392491017570137e+03 -2.096404813017107889e-06 -7.900583445957082631e+02 1.350994080557570005e-06
1.775301965061671094e-01 -1.810103699993690098e-07 -4.289443210499747693e+03 2.193306504566822287e-06 -6.145259969712266184e+02 -1.608392675978435849e-06
1.825147654490652804e-01 2.848992492392685358e-07 -3.900704895270170709e+03 -1.640875422833761823e-07 -7.558473219297468404e+02 8.821959347488108670e-07
1.875360723572403465e-01 2.386849685754189809e-08 -3.649878212290502688e+03 2.850580481843575462e-06 -8.883345251396648337e+02 -4.211084802723463481e-06
1.925323683450522461e-01 -2.418657792920638116e-07 -2.952556709863981723e+03 1.091664463291206975e-06 -6.960423048088250653e+02 7.403053920223304387e-07
1.975198663583639380e-01 5.260586693357151852e-07 -2.699069887441507490e+03 -9.955747157384279888e-07 -7.118581510054382306e+02 7.499616668033466755e-07
2.025153694923672032e-01 -4.814845144685420026e-07 -2.508661391488951267e+03 2.201282413243028146e-07 -4.946365917205442884e+02 -1.687772552628642890e-07
2.075088499274508613e-01 1.785532348104490642e-07 -2.130560351736929988e+03 -7.205024856734755136e-07 -5.230102818933339677e+02 1.266644767490954642e-06
2.125178062418619784e-01 -1.056632522846687407e-07 -1.918439692791063180e+03 4.026564779363183849e-07 -4.417697242101588699e+02 -7.161764932939739895e-07
2.175004174234404231e-01 -1.798022446553320363e-08 -1.600011615183907224e+03 5.381224322184580935e-07 -3.051981735544146090e+02 -2.147994672757448956e-07
2.225093171556767890e-01 3.366727162585449639e-08 -1.421026851322865923e+03 9.210403594787337303e-07 -2.711231851224364959e+02 -2.498592515661629876e-06
2.275289586476768322e-01 -2.569212914243073625e-07 -1.294850757691719082e+03 3.970601776557477516e-07 -2.915265574774223296e+02 1.051041646735802853e-08
2.325285406108919262e-01 -4.774183178560384219e-08 -1.035539701307914811e+03 2.126176927196078248e-07 -2.754954977898241282e+02 -2.577226210054253909e-07
2.375276552426477672e-01 3.679918895016698991e-07 -9.515887502197223284e+02 -7.054071934325013724e-07 -2.028677799261733128e+02 2.399189104659210708e-07
2.424991024241769377e-01 -2.266934711225161607e-08 -8.515503182347678148e+02 -3.348880823400806914e-07 -3.685807235831377966e+02 -5.412306623050073023e-07
2.474998551644826128e-01 -3.112343462315882350e-07 -5.884169708613512739e+02 -1.600389483644532598e-06 -2.008473262888248598e+02 -7.267835008155219627e-09
2.525200307756395035e-01 1.887879871636251283e-09 -6.137575626353233247e+02 -2.312652842754407921e-07 -1.669528147231673358e+02 -4.740938327646536026e-07
2.575182250600202005e-01 -5.057081718947917115e-07 -5.391546978615601802e+02 1.462551691379181893e-06 -2.530344981745026303e+02 -1.136024292619774890e-06
2.625255687975799335e-01 5.108172809049965209e-07 -4.511646602384892049e+02 -6.397730708224275236e-07 -3.009582073372511104e+02 1.416690896280671497e-06
2.675305520911575030e-01 -1.601286876389445008e-07 -3.615786028914264989e+02 2.011721986285055460e-06 -1.328688501953853063e+02 -2.065870766184014131e-06
2.725404586615198799e-01 -2.421133293885862059e-07 -2.218391336542021293e+02 8.812925189744538084e-07 -5.763625244618395271e+01 -9.095390740697889566e-07
2.775333197047151201e-01 1.055803525000121145e-07 -2.549396179595212857e+02 -2.765722075353457401e-07 -2.043734814020213619e+01 -4.482758610013210095e-07
2.825123907298719983e-01 -1.365875053794463648e-07 -1.058183783116161294e+02 2.781456840315838997e-07 -3.729613413203236405e+01 -3.667520577136195099e-07
2.875104651677040102e-01 3.032176527934063954e-08 -9.859077523462937620e+01 -5.492623385239596989e-07 -1.245514029879333435e+02 7.321519016922718373e-07
2.924971317655564174e-01 5.428212479608335541e-08 1.127686570183449000e+01 4.047347542167758335e-07 -1.170461570472436392e+02 -1.861455764102895001e-07
2.975058823671092867e-01 3.086039613697162422e-07 1.139864909865908871e+01 -7.132443915081641749e-07 -1.105675006660154480e+02 1.431781798270336955e-06
3.025121359101998753e-01 9.532207944019929728e-08 7.829943447105615739e+00 -3.464908112523507604e-07 -9.122652500972721157e+01 2.128667370889917647e-07
3.075010376196579687e-01 -2.149641809714166481e-07 9.558651826305063537e+01 1.000508361583581706e-06 -7.341364372681194084e+01 -8.546739821337593219e-07
3.125134169243361515e-01 -8.487758947142695215e-08 5.904141866076815148e+01 1.360994696065786509e-07 -1.695823446611703105e+02 -1.338078130449348392e-08
3.175159688234982513e-01 1.470549662574539947e-07 1.654797182462103819e+02 -2.884885653032315949e-07 -9.476249373716733260e+01 3.919779356701937167e-07
3.225221380836135188e-01 -1.192588006772701657e-07 1.500900981687748015e+02 -5.222613662509439907e-07 -8.268982442892203721e+01 -8.659946124059019887e-07
3.275181733526948968e-01 1.216014196854174357e-07 1.843210292484264983e+02 -1.537318761063610702e-07 -1.548629211403184058e+02 7.024741711240483515e-07
3.325123842131759710e-01 -3.607804987513009512e-07 2.106074348185772749e+02 7.173532490220563488e-07 -1.468990633089301525e+02 -9.515958922575934645e-07
3.374959366892091861e-01 3.319801004734085449e-07 1.900074098728234731e+02 -5.829698865801160259e-07 -1.528668500157656922e+02 7.571792508985894476e-07
3.424919221947719805e-01 -1.678620670436456782e-07 1.937903807849052953e+02 3.270766942698914443e-07 -4.573422147030144913e+01 -4.879445085200518738e-07
3.475179778446125245e-01 -1.326114251845982861e-07 1.984813604730943837e+02 4.073065202098375778e-07 -9.247735812069133488e+01 -5.512597120220660439e-07
3.525052850529177828e-01 1.866235417830911646e-07 2.366568577359093126e+02 -3.218403377225371368e-07 -1.396428229283091298e+02 8.470540455539977305e-07
3.575133254796376558e-01 4.678063036996727403e-10 2.611714480612549778e+02 8.303561890669190686e-08 -1.537608357412758551e+02 2.396922548581198357e-07
3.625250227669692404e-01 2.196567135032374517e-07 2.029372534256888798e+02 -2.991559006079656701e-07 -1.404543743412136507e+02 6.218628609796151859e-07
3.675230446100045678e-01 5.250565679927680285e-08 2.750792963424680693e+02 4.850098806034891520e-08 -1.935964540092878110e+02 -4.483004171633168210e-08
3.725177060730277545e-01 -6.630842065012293541e-08 2.265008005031734228e+02 2.268445969609468954e-07 -1.495570215564068803e+02 -3.044952474591171862e-07
3.775163034622419089e-01 4.208711583150026737e-08 2.357871204859985710e+02 2.491557257224815627e-07 -1.640157632342902048e+02 -3.198620803194020241e-08
3.825226892977953153e-01 -5.319956186655405462e-08 2.581644594594594651e+02 2.412538270692567609e-08 -1.898856216216216239e+02 1.091312717747043969e-07
3.875130067694269043e-01 1.439053341510800897e-07 2.363644625922023295e+02 -5.647681410119204275e-07 -1.710918730242360368e+02 8.873492322304728556e-08
3.924957861003909865e-01 -6.364171668329418333e-08 2.402525665368648049e+02 4.796699757426061414e-07 -2.339286197019920905e+02 -5.172853731032569088e-07
3.975064703251052212e-01 -1.625045436988879385e-07 1.991761972616318701e+02 7.126471801477991031e-07 -2.215859488259711441e+02 -5.983433369832162850e-07
