3.798113400606732779e-03 -2.328973067434210312e-05 -1.079625684210526291e+06 5.822432668585525781e-05 -8.108240526315788738e+05 -1.107266074732730156e-04
8.299341265228576958e-03 8.392333984375000000e-05 -1.913125625000000000e+06 -4.539489746093750000e-04 -4.460244062500000000e+05 3.061294555664062500e-04
1.293222767532251419e-02 -4.820611066878981177e-05 -1.443634038216560613e+06 1.115738206608280278e-04 -2.500676433121019218e+05 -1.587108441978503273e-04
1.764839556552980082e-02 4.180490154109588809e-06 -1.116031561643835623e+06 -4.180490154109588809e-07 -5.630249863013698487e+05 -1.682647287029109538e-05
2.256548662787912635e-02 2.959455118738185390e-05 -7.311073270321361488e+05 -8.875480897034498755e-05 -2.131478638941398822e+04 7.772896375457821630e-05
2.777643688250242340e-02 -1.377012671493902476e-05 -4.714286439024390420e+05 3.204345703125000136e-05 -2.820034878048780593e+04 -6.374266089462652849e-05
3.269804980233311648e-02 -6.835937500000000142e-06 -3.710904959999999846e+05 8.789062500000001030e-06 -9.170949000000000524e+03 -2.905273437500000209e-05
3.761648458559932462e-02 -8.560561362103842915e-06 -3.119757896156439674e+05 4.247355445043829800e-05 -8.479102360080917424e+04 -4.025110101989210897e-05
4.263843696389812976e-02 -3.405979701450892615e-06 -2.171749464285714203e+05 3.405979701450892403e-07 -2.991111607142856883e+04 -4.819461277553012788e-06
4.756514582339458480e-02 -6.920689326210204889e-06 -1.735889193196685519e+05 2.667127194177932928e-05 -8.976622764936764725e+03 -3.890225942406236575e-05
5.262096060748640974e-02 -6.000647384129212893e-06 -1.490122471910112363e+05 1.877345395891853944e-05 -2.730369662921348208e+04 -2.565276756715238635e-05
5.756031740041873956e-02 -1.742108033435179520e-06 -1.210789405940594006e+05 3.429922727074953459e-06 -1.938280940594059575e+04 -8.518743042898650636e-06
6.254738279606215923e-02 2.455179206524404845e-06 -9.961904537650232669e+04 -9.730893196590629051e-06 -1.595623056168751464e+04 1.122795368837380288e-05
6.757793472572401483e-02 2.011263936181897952e-06 -8.697417223198594002e+04 -5.242694660314147063e-06 -1.337255623901581566e+04 4.857202405879283720e-06
7.255917516659465827e-02 2.383742386553840495e-06 -7.375053152315417537e+04 -1.195276539543425778e-05 -1.022526613353170978e+04 -1.898480543576808633e-06
7.753384299139773339e-02 -4.168453925343153830e-06 -5.875503716103114130e+04 1.232145939697020529e-05 -8.492533645798461293e+03 -1.870185027044275413e-05
8.251793356505521260e-02 -1.469883350057339531e-06 -4.919472477064220584e+04 -2.064836134604358125e-06 -4.530768922018349258e+03 1.233652097369552768e-06
8.752751931716111489e-02 4.840419285344045972e-06 -4.195533393805883679e+04 -5.330788559349488718e-06 -6.622224698717118372e+03 1.284055671528767710e-05
9.254701955136974967e-02 -2.590655845843778489e-06 -3.563512123974475981e+04 6.031533643779910607e-06 -6.158114402917046391e+03 -5.182615713086471769e-06
9.754963178921903511e-02 -5.775754344185072691e-06 -2.998354108656966491e+04 5.136843465403538468e-06 -4.153907672982309123e+03 -3.162608849968596391e-06
1.025319613041059119e-01 -4.876800594365619103e-06 -2.677802326454033755e+04 1.063463164538871879e-05 -3.507081801125703350e+03 -1.052745511339484580e-05
1.075116003998943526e-01 5.047704169538249155e-07 -2.339340317022742965e+04 -5.047704169538249155e-07 -2.359226567884217729e+03 2.103210070640937325e-07
1.125102861506304813e-01 -1.731460334215815275e-06 -2.007628847491690613e+04 -1.521514871347685013e-06 -2.892318775604854636e+03 2.046378528518010561e-07
1.175500852175193622e-01 1.592938582260702567e-06 -1.809929625942255734e+04 -5.310518679553050590e-06 -3.387960460816384511e+03 7.726511699582652612e-06
1.225369446564099490e-01 2.262806190003310384e-07 -1.656398914266799329e+04 2.747693230718305618e-07 -3.082595167163191036e+03 4.727648646971202072e-07
1.275260957852891452e-01 -8.919156352322338325e-07 -1.394744991511035551e+04 7.494311872801964070e-07 -2.092112054329371858e+03 -1.781518211244466946e-06
1.325302087090364789e-01 -1.030895125483979536e-06 -1.236973727624712410e+04 1.536067985978620799e-06 -2.259481286123113023e+03 -1.629824643985676967e-06
1.375062694904859717e-01 3.931514816525871331e-07 -1.154744920802534216e+04 -4.308553532536958880e-06 -2.059071172122492044e+03 1.707147519716869007e-06
1.425134422753508989e-01 1.058946486099779212e-06 -9.707752735649835813e+03 -1.006951188372888277e-06 -1.880719331925513416e+03 8.870141477359648073e-06
1.475259222195813014e-01 7.396852504669916599e-07 -8.320256594833477720e+03 -3.940353383126793618e-06 -1.032478381703038849e+03 4.843408966168732132e-06
1.525299430011916868e-01 -4.386192324357456569e-08 -7.972746702739262219e+03 -3.238041980628593300e-07 -1.807643726750084397e+03 -1.531942172110141265e-07
1.574945685492469272e-01 -5.924065798519836168e-08 -6.822065596311723311e+03 6.121534658470497903e-07 -1.153355117887329470e+03 -7.158246173211468571e-07
1.625189323163163113e-01 -3.118584625912409027e-08 -6.164021605839416225e+03 5.056562214872263671e-07 -8.639300000000000637e+02 -8.804432667084854655e-07
1.675461007718098694e-01 1.737903082289293768e-08 -5.506593394077448465e+03 -6.690926866813780988e-07 -5.513364891799544694e+02 6.321622461827306414e-07
1.725292014006662711e-01 9.657143092593203778e-08 -4.974437815209151267e+03 6.438095395062135852e-08 -1.013676566568876410e+03 -7.564762089198009825e-07
1.775301965061671094e-01 3.851284468071680654e-07 -4.393585562847047186e+03 -1.254555915474349975e-06 -9.296561080262493988e+02 2.318713955058406563e-06
1.825147654490652804e-01 -1.081895883187095590e-07 -3.927224556116872009e+03 -6.238932926378918179e-07 -6.897787231528258189e+02 4.643136498677952155e-07
1.875360723572403465e-01 -2.062920085544692838e-07 -3.397564692737430050e+03 -4.611734571403631397e-07 -7.719716201117319088e+02 8.417907373865223850e-08
1.925323683450522461e-01 4.845997423358094963e-07 -3.136601263789225413e+03 3.050644494512548956e-07 -6.541553496840526805e+02 8.388378641341602184e-07
1.975198663583639380e-01 -3.705182117111420029e-07 -2.691753433666371620e+03 9.139449222208169935e-07 -6.119872518022004897e+02 -1.241236009232325617e-06
2.025153694923672032e-01 2.799456982059068544e-07 -2.145210074302808152e+03 -2.404661766640481886e-07 -3.654138762906494549e+02 1.501395161014075842e-06
2.075088499274508613e-01 2.180376096315464100e-07 -2.118170967963544172e+03 -1.649258842084774202e-07 -5.317780576610409753e+02 5.625649863890861303e-07
2.125178062418619784e-01 5.983561407439807943e-07 -1.844831907837319022e+03 -3.133275409418160239e-07 -4.523721417350323009e+02 3.388278000349356993e-07
2.175004174234404231e-01 -5.583501847421829203e-07 -1.614846730073226126e+03 2.348666820810274820e-07 -3.280075751199394176e+02 2.603520448837363953e-07
2.225093171556767890e-01 -5.068126782249167845e-07 -1.531064715037134874e+03 4.385763330546581224e-07 -2.357262071275191602e+02 -1.669085050915688213e-07
2.275289586476768322e-01 1.500653906728340829e-07 -1.415207102403183853e+03 -4.779319932518082000e-07 -4.062861242920557174e+02 7.166790228679756071e-07
2.325285406108919262e-01 -3.991439192308042371e-07 -1.089601295181270871e+03 6.425717475794935678e-07 -1.625302239281101606e+02 -1.133937897105454116e-06
2.375276552426477672e-01 -1.416178700123044468e-07 -1.043305888556864147e+03 7.788982850676745368e-07 -1.790799437510986252e+02 -1.013855205769906889e-07
2.424991024241769377e-01 1.635799479122701867e-07 -8.197288673543464483e+02 -3.191741030918153800e-07 -2.146946972127023798e+02 5.252590768395573154e-07
2.474998551644826128e-01 1.270344270333013170e-08 -6.604379763048350469e+02 5.252384963876880989e-07 -1.166473663144412427e+02 -8.758046556045869902e-08
2.525200307756395035e-01 2.084632352008341959e-07 -6.056961954840705857e+02 -5.249338477453579791e-07 -1.984624497370863025e+02 5.251587709331896551e-07
2.575182250600202005e-01 -7.167230925415393656e-07 -5.069860070039490552e+02 1.420712526078533638e-06 -7.313115267118693907e+01 -2.751834665589374763e-06
2.625255687975799335e-01 -2.159057275917156343e-07 -4.316812061390996860e+02 8.113876536914474717e-07 -1.872905089290808576e+02 -4.587996711323957262e-07
2.675305520911575030e-01 -1.045050382485742995e-07 -3.961746730920589243e+02 8.292980454564283061e-07 -1.141866930862595098e+02 6.826538788818160644e-08
2.725404586615198799e-01 1.642335417685909889e-07 -2.494903210451155644e+02 -4.008993212459340262e-07 -1.834431691965938569e+02 -4.182003362418267688e-07
2.775333197047151201e-01 2.433549474387391022e-07 -2.443298007082482286e+02 -4.727081110297063246e-07 -1.573995915940755310e+02 1.552571039261210186e-06
2.825123907298719983e-01 2.962615501296856594e-07 -5.710686098931637389e+01 -9.818846540557649397e-07 -1.394980423639844389e+02 1.069990426756546030e-06
2.875104651677040102e-01 -1.424757645655765008e-07 -4.915656124305688479e+01 5.724603155750215082e-07 -7.188320005746025743e+01 -2.835815698564840112e-07
2.924971317655564174e-01 -3.598230205816735508e-08 -6.233050318463974548e+01 -2.151882770145302744e-08 2.092082724051832765e-01 3.170499409291951870e-07
2.975058823671092867e-01 1.076387582055184867e-07 -2.040796360225557038e+01 6.423603312264812832e-08 -1.683964234970251255e+02 5.095056483508659714e-08
3.025121359101998753e-01 5.548635575718867011e-07 5.079845229345899327e+01 -5.876408296977338374e-07 -8.392621914314123899e+01 9.748558554687078332e-07
3.075010376196579687e-01 -1.808378198973193342e-07 1.040649527094111022e+02 7.487068469293776582e-07 -1.269535768406751401e+02 -1.137053673124216181e-06
3.125134169243361515e-01 4.594819348701739636e-08 1.031419163482807164e+02 -3.677006101502802476e-07 -2.673011763523024342e+01 4.072916140960012530e-07
3.175159688234982513e-01 -1.319147505673389591e-08 1.606466976451749247e+02 1.193228880131838890e-07 -1.206751677456749547e+02 1.833315226634722023e-07
3.225221380836135188e-01 -3.439492947069095965e-07 1.372312252218236779e+02 1.562751192449735820e-06 -1.125078535019822681e+02 -2.907077298876428062e-06
3.275181733526948968e-01 2.858551375647908044e-07 1.393380507219548292e+02 -6.050412101420769841e-07 -1.513439004072565695e+02 6.995259369359727759e-07
3.325123842131759710e-01 3.453068430486492274e-07 2.200318101354777411e+02 -7.894279084791446514e-07 -5.637035323838921386e+01 1.283770488032281680e-06
3.374959366892091861e-01 1.119965073255701946e-07 1.874462565252426316e+02 2.909503537562843831e-07 -1.497321059454156966e+02 -3.046826224050938590e-07
3.424919221947719805e-01 -4.247418969134670772e-08 2.038408354099125859e+02 2.072842191523806569e-08 -5.952800256690196790e+01 -5.687599203429585778e-08
3.475179778446125245e-01 -2.098850000102100852e-07 2.225447936746495827e+02 5.616044002648495465e-07 -1.113384274839089016e+02 -5.794894937930354672e-07
3.525052850529177828e-01 5.530488770856618003e-08 2.281580233115120677e+02 -3.916414404912781705e-07 -1.140887913140667393e+02 2.543842109194126049e-07
3.575133254796376558e-01 1.188228011397168777e-07 2.482090119643445689e+02 -1.361316343766047583e-07 -1.529550628108928549e+02 1.699306398189061351e-07
3.625250227669692404e-01 -6.421971906292349859e-08 2.481699894594187583e+02 2.359126889010973491e-07 -1.118561511820508940e+02 -7.107393907829322279e-07
3.675230446100045678e-01 5.784521511784732854e-08 2.230665675189000581e+02 9.789190250712625466e-09 -1.559836843601688372e+02 2.017908081226443375e-07
3.725177060730277545e-01 -2.011064599980702228e-07 2.736530676425181809e+02 3.561896411896406547e-07 -1.942449539710675310e+02 -1.090544493899513748e-06
3.775163034622419089e-01 1.127934704284207089e-07 2.674619262037911653e+02 2.213782292736914023e-07 -1.763097344522517460e+02 -4.114015572529151190e-07
3.825226892977953153e-01 -1.604234850084459432e-07 2.309322432432432493e+02 1.296997070312500093e-07 -2.082673378378378288e+02 -2.036223540434966263e-08
3.875130067694269043e-01 1.785627029467181768e-07 2.499356427818756856e+02 5.685994195485894309e-08 -2.081509351949420648e+02 1.451646314405917758e-08
3.924957861003909865e-01 -1.166764805860393317e-07 2.135173945225758700e+02 2.971911029068644994e-07 -1.888082772825282518e+02 -4.566391384552103169e-07
3.975064703251052212e-01 -2.345397166474351223e-07 2.494187968527352837e+02 1.607556582664100902e-07 -1.485145901740908414e+02 -8.293380155918449881e-07
