3.798113400606732779e-03 -1.177014802631578920e-02 2.283096117894736826e+08 2.942537006578947040e-02 3.149091031578947306e+08 -4.630319695723683626e-02 1.840465650526315570e+08 0.000000000000000000e+00 5.176280926315788925e+07 0.000000000000000000e+00 1.381131048421052694e+08
8.299341265228576958e-03 1.129150390625000000e-02 2.198180800000000000e+07 -2.725219726562500000e-02 1.050210500000000000e+07 4.030609130859375000e-02 1.438952160000000000e+08 0.000000000000000000e+00 3.679431200000000000e+07 0.000000000000000000e+00 1.361367360000000000e+08
1.293222767532251419e-02 -4.976114649681528642e-04 4.358687307006369531e+07 1.990445859872611457e-03 1.369138384713375941e+07 4.030652866242038189e-03 1.292030108535031974e+08 0.000000000000000000e+00 9.817257579617835581e+07 0.000000000000000000e+00 8.167794140127388760e+06
1.764839556552980082e-02 5.618578767123287359e-04 2.752448175342465565e+07 -1.297624143835616421e-03 8.744137643835615367e+06 4.384498073630136404e-03 8.824865665753424168e+07 0.000000000000000000e+00 9.451064810958904028e+07 0.000000000000000000e+00 3.203274345205479115e+07
2.256548662787912635e-02 1.772211720226843108e-03 1.710854871833648533e+07 -5.493856332703214024e-03 1.156019901701323222e+06 7.369447069943289332e-03 6.787469985633270442e+07 0.000000000000000000e+00 4.847629162948960066e+07 0.000000000000000000e+00 -1.061322186767485924e+07
2.777643688250242340e-02 -1.162347560975609704e-03 1.237673834146341495e+07 2.105564024390244038e-03 2.176691668292683084e+06 -4.713700457317073454e-03 5.193178037073170394e+07 0.000000000000000000e+00 4.950850185365853459e+07 0.000000000000000000e+00 8.639222009756097570e+06
3.269804980233311648e-02 6.640625000000000477e-04 8.138351104000000283e+06 -1.394531249999999938e-03 1.425498368000000017e+06 1.120117187500000019e-03 4.060177612799999863e+07 0.000000000000000000e+00 3.334853017599999905e+07 0.000000000000000000e+00 2.391594240000000224e+06
3.761648458559932462e-02 3.792987188132164412e-04 6.424635382333108224e+06 -1.158968307484827985e-03 1.632981707349966280e+06 1.396030006743088220e-03 3.333394401618340984e+07 0.000000000000000000e+00 2.966318780849629268e+07 0.000000000000000000e+00 1.111011966014834866e+07
4.263843696389812976e-02 8.228846958705356368e-05 4.336718571428570896e+06 -6.242479596819196274e-04 1.039260357142857043e+06 6.613731384277343750e-04 2.557244800000000000e+07 0.000000000000000000e+00 1.930400457142857090e+07 0.000000000000000000e+00 3.002233142857142724e+06
4.756514582339458480e-02 5.300981843518316441e-05 2.868583270824247971e+06 -1.802240663670682684e-04 2.270278726559093047e+05 3.714097726308670622e-04 2.150174389533362538e+07 0.000000000000000000e+00 1.462193134583515115e+07 0.000000000000000000e+00 -1.256112286088094348e+06
5.262096060748640974e-02 -1.700754915730336896e-04 2.262566292134831194e+06 4.471339536516854012e-04 3.837330786516853841e+05 -5.465732531601122986e-04 1.760530840449438244e+07 0.000000000000000000e+00 1.303251128089887649e+07 0.000000000000000000e+00 2.707813752808988560e+06
5.756031740041873956e-02 -1.148186107673267398e-04 1.914769425742574269e+06 6.931418239480198213e-04 4.250694653465346782e+05 -3.826783435179455456e-04 1.577167461386138573e+07 0.000000000000000000e+00 1.193571738613861427e+07 0.000000000000000000e+00 1.869507960396039532e+06
6.254738279606215923e-02 -8.814692175619327026e-05 1.388906933529556030e+06 1.092255334805003610e-04 1.004247672308069596e+05 -9.533281211675251007e-05 1.361917990679421090e+07 0.000000000000000000e+00 8.355539104243315756e+06 0.000000000000000000e+00 2.736309717929850449e+05
6.757793472572401483e-02 3.604184973637961076e-05 1.204686059753954178e+06 -4.891393892794376036e-05 1.263523514938488515e+05 4.751946259885764224e-04 1.221473450966607966e+07 0.000000000000000000e+00 7.296682516695957631e+06 0.000000000000000000e+00 -3.564020246045694221e+05
7.255917516659465827e-02 1.438418262971917418e-04 9.917073401525014779e+05 -3.236441091686814123e-04 1.520911140040915052e+05 5.242417065742979287e-04 1.081316957411195897e+07 0.000000000000000000e+00 6.523374765110656619e+06 0.000000000000000000e+00 1.559669025850846199e+06
7.753384299139773339e-02 1.075624581519919688e-04 8.008799303649147041e+05 -1.695171262972882710e-04 1.305726628724472830e+05 3.094055359683629087e-04 9.452886476062940434e+06 0.000000000000000000e+00 5.431594252427184954e+06 0.000000000000000000e+00 7.059298131904922193e+05
8.251793356505521260e-02 3.485723372993119714e-05 5.859465321100917645e+05 -3.114752813216743250e-05 9.143971903669726089e+03 1.316420528866829186e-04 8.245997211009174585e+06 0.000000000000000000e+00 3.527009761467889883e+06 0.000000000000000000e+00 -3.766194128440367058e+05
8.752751931716111489e-02 4.960638849293767490e-05 4.736706927562524797e+05 -6.529820526111182921e-05 5.530885888298561622e+04 4.036846410522224065e-05 7.399877548270053230e+06 0.000000000000000000e+00 3.458896313075029291e+06 0.000000000000000000e+00 7.270155842944149626e+05
9.254701955136974967e-02 -6.298249487237921464e-05 3.789442041932542925e+05 1.912842909639927069e-04 5.257318505013673712e+04 -6.167499608306746127e-05 6.651243113947127946e+06 0.000000000000000000e+00 2.983009312670920510e+06 0.000000000000000000e+00 3.006961531449407339e+05
9.754963178921903511e-02 3.475675180571548474e-05 3.047538373285878915e+05 -4.600158327227049112e-05 5.423809400188422296e+04 4.983504854495969814e-05 5.758659142049618065e+06 0.000000000000000000e+00 2.382124779231654946e+06 0.000000000000000000e+00 2.042633325656861707e+05
1.025319613041059119e-01 6.595919324577861158e-06 2.512078529080675507e+05 2.455147748592870457e-05 4.328652607879925199e+04 -5.102676477485928807e-05 5.384314188367730007e+06 0.000000000000000000e+00 2.078580136585365748e+06 0.000000000000000000e+00 6.401857320825515781e+05
1.075116003998943526e-01 1.346054445210199845e-06 2.110022880771881319e+05 -1.817173501033769823e-05 2.316444658855961461e+04 1.017953674190213656e-04 4.967828730530668050e+06 0.000000000000000000e+00 1.884659297036526492e+06 0.000000000000000000e+00 -4.283681598897312506e+04
1.125102861506304813e-01 1.102095733168431658e-05 1.835506741903068905e+05 -3.963015478859086514e-05 3.748798144855839928e+04 3.598795484849656175e-05 4.621613334776223637e+06 0.000000000000000000e+00 1.801701444229728775e+06 0.000000000000000000e+00 7.864015261652624467e+05
1.175500852175193622e-01 3.708465189873417833e-05 1.554343632484710542e+05 -1.249349976888067260e-04 2.717395078936139907e+04 1.759958409632342692e-04 4.356797114492960274e+06 0.000000000000000000e+00 1.507102693784667877e+06 0.000000000000000000e+00 4.931831261555966921e+04
1.225369446564099490e-01 -4.396309169149288988e-06 1.161643429328037164e+05 2.133502979145978392e-05 2.547436636875207114e+04 1.981571706388613244e-05 4.093958101290963590e+06 0.000000000000000000e+00 1.354205527706057765e+06 0.000000000000000000e+00 9.980052803707381827e+04
1.275260957852891452e-01 1.509965058816395799e-05 9.864989182634004101e+04 -3.822284099866601952e-05 2.223956148435605064e+04 4.326345965089133957e-05 3.768686583555663470e+06 0.000000000000000000e+00 1.104956476352170808e+06 0.000000000000000000e+00 2.868993490177055355e+05
1.325302087090364789e-01 1.238444110880421967e-05 8.414081185118679423e+04 -2.570045522136804844e-05 1.649878053981258199e+04 6.262088529684080686e-05 3.649843757364906371e+06 0.000000000000000000e+00 9.154835234835306183e+05 0.000000000000000000e+00 6.931040188541608222e+04
1.375062694904859717e-01 -1.691195881731784407e-05 7.294844350580780883e+04 4.392984424498416242e-05 2.466260105596620997e+04 -7.151489902323126017e-05 3.415734849419218488e+06 0.000000000000000000e+00 9.281431112988383975e+05 0.000000000000000000e+00 2.278552194297782553e+05
1.425134422753508989e-01 -3.013676749376079965e-05 6.117009790746783983e+04 6.484326256239201028e-05 1.233860702630063315e+04 -8.558865402728450008e-05 3.191778512574390508e+06 0.000000000000000000e+00 7.424448208869264927e+05 0.000000000000000000e+00 4.893896256479170552e+04
1.475259222195813014e-01 -2.491571369994077237e-06 4.815012255683630065e+04 5.321284568773065069e-05 1.517818798122921362e+04 -6.073205214360562996e-05 3.039527783862590790e+06 0.000000000000000000e+00 6.955752218324297573e+05 0.000000000000000000e+00 1.822293644357374069e+04
1.525299430011916868e-01 1.519170612106865057e-05 4.027963205951978307e+04 -3.500697497463645596e-05 2.236689347311464371e+04 -4.276795527561718036e-05 2.871514340209671762e+06 0.000000000000000000e+00 5.773074873182278825e+05 0.000000000000000000e+00 2.048145444707473798e+05
1.574945685492469272e-01 1.686384063978646749e-05 3.586719229991507018e+04 2.924513815869292323e-05 1.553548946495733253e+04 -5.256127379736724546e-05 2.700615363610628061e+06 0.000000000000000000e+00 5.901316513932138914e+05 0.000000000000000000e+00 4.873617988433695427e+04
1.625189323163163113e-01 7.769730839416059273e-06 2.663311883211679014e+04 -1.063882869525547542e-05 2.200218861313868911e+04 3.528010236085766540e-05 2.597163875036496669e+06 0.000000000000000000e+00 4.796984805839416222e+05 0.000000000000000000e+00 7.799140437956205278e+04
1.675461007718098694e-01 -1.299082554011247083e-05 1.756243621867881302e+04 -5.149841308593750000e-05 1.839345558086560413e+04 2.303047440861243563e-05 2.453662323462414555e+06 0.000000000000000000e+00 4.539995626423690119e+05 0.000000000000000000e+00 3.793919589977221040e+04
1.725292014006662711e-01 -1.210361934271681572e-05 1.497912964366944834e+04 9.657143092593203725e-06 1.065616138708507788e+04 -2.127790528068035773e-05 2.364258131786267739e+06 0.000000000000000000e+00 3.474895748426014907e+05 0.000000000000000000e+00 8.171968592807462846e+04
1.775301965061671094e-01 -1.530500447611686147e-05 1.213177082281675939e+04 4.454780744218513375e-05 1.603103987884906564e+04 -4.499937054606653478e-05 2.228157835436648224e+06 0.000000000000000000e+00 2.942097768803634681e+05 0.000000000000000000e+00 9.830862796567390615e+04
1.825147654490652804e-01 2.423446778339094418e-06 1.010949664687287623e+04 -2.636940899288014591e-05 1.480688280303701686e+04 -2.553274284321545640e-06 2.154144592750154901e+06 0.000000000000000000e+00 2.544202102277762897e+05 0.000000000000000000e+00 4.759721350704599899e+04
1.875360723572403465e-01 -4.923729923184357770e-06 8.207881117318436736e+03 -3.831916681215084060e-05 1.109941005586592109e+04 -5.197024212203212560e-05 2.076847052513966570e+06 0.000000000000000000e+00 2.421982248044692678e+05 0.000000000000000000e+00 1.560775794413407857e+05
1.925323683450522461e-01 2.269616177573096190e-05 2.313792867087929608e+03 -3.310292719824354661e-05 1.328998093606083239e+04 -2.584695381948163174e-05 1.994280194495019736e+06 0.000000000000000000e+00 1.826538888293884520e+05 0.000000000000000000e+00 2.254410624397557967e+03
1.975198663583639380e-01 -3.161755406601745092e-06 2.563180978879473514e+03 -1.995858100417351462e-05 1.671625445807512369e+04 -1.225180220058176138e-05 1.939255162868344458e+06 0.000000000000000000e+00 1.985779211331731349e+05 0.000000000000000000e+00 1.742954971544201253e+05
2.025153694923672032e-01 -9.953624825098910189e-06 -1.271992569719193398e+03 2.837077561094760345e-05 1.247159316800154556e+04 -4.704560159567089731e-05 1.844196233523111092e+06 0.000000000000000000e+00 1.183205542796487571e+05 0.000000000000000000e+00 6.910577709157580102e+04
2.075088499274508613e-01 -1.162867251368247591e-06 -3.126795850603402869e+03 4.964548650072133904e-06 1.211134525636034778e+04 -3.758073876777577095e-05 1.785583990107398946e+06 0.000000000000000000e+00 9.755788976161579194e+04 0.000000000000000000e+00 8.734798085598480247e+04
2.125178062418619784e-01 -1.780236447787572005e-05 -5.624766625938209472e+03 4.237516739123319877e-05 1.420896910455577017e+04 -3.470582141366840078e-05 1.737607350672019646e+06 0.000000000000000000e+00 1.108455646709722496e+05 0.000000000000000000e+00 1.198688943969279208e+05
2.175004174234404231e-01 1.705039000031562945e-05 -6.162072552815419840e+03 -3.210497508495707599e-05 1.645910613584715247e+04 4.628430852865131627e-05 1.675023880144769093e+06 0.000000000000000000e+00 9.912679404090564640e+04 0.000000000000000000e+00 3.717187442134500452e+04
2.225093171556767890e-01 -3.539873130946986989e-06 -5.135890624692185156e+03 1.646810543527511318e-05 8.336810385926202798e+03 -4.790371791335868308e-05 1.636030079785662238e+06 0.000000000000000000e+00 7.724825342290340632e+04 0.000000000000000000e+00 9.264953740076042595e+04
2.275289586476768322e-01 -5.970500465485324620e-06 -5.946495025256391273e+03 1.901830664167137138e-05 8.300148783101178196e+03 -4.554827655235768618e-05 1.575995091994489543e+06 0.000000000000000000e+00 3.715796846777897008e+04 0.000000000000000000e+00 5.277695882442982111e+04
2.325285406108919262e-01 9.201960507885689988e-06 -6.659667836938133405e+03 -5.654409323667983038e-05 1.252767547705237121e+04 2.480354702535790572e-05 1.533794897131319158e+06 0.000000000000000000e+00 4.742323977225183626e+04 0.000000000000000000e+00 5.827889152856857254e+04
2.375276552426477672e-01 -4.694846963438213902e-06 -5.688365336614519038e+03 -1.416178700123044468e-07 8.791411355246968014e+03 -1.099576931633415355e-05 1.492137016698892694e+06 0.000000000000000000e+00 9.913953243100721011e+03 0.000000000000000000e+00 1.140827708208824042e+05
2.424991024241769377e-01 -1.429405377914338258e-05 -5.582655614269073340e+03 -2.281772829334998990e-05 1.069484159168031329e+04 -7.971366784562659665e-06 1.439896857494977536e+06 0.000000000000000000e+00 6.593849239444229170e+03 0.000000000000000000e+00 8.617515020343389187e+04
2.474998551644826128e-01 -2.876841178354146814e-06 -7.055229971181555811e+03 1.744866714697406454e-05 1.069910009606148014e+04 -5.456617235030419848e-06 1.413914542683317326e+06 0.000000000000000000e+00 -2.249308382965097553e+04 0.000000000000000000e+00 9.503361844380403636e+04
2.525200307756395035e-01 -3.273583697417259791e-06 -6.916148221466130963e+03 -1.984728109051190809e-05 1.092956981132075452e+04 3.359623822567081998e-05 1.370058028580266051e+06 0.000000000000000000e+00 -2.295976937828642258e+04 0.000000000000000000e+00 7.065049675224249950e+04
2.575182250600202005e-01 1.298105580806199169e-05 -5.370476477162655101e+03 -1.717224871470084183e-06 9.207850383726994551e+03 3.822280614335742517e-05 1.344457782400715165e+06 0.000000000000000000e+00 -5.241394471350868116e+04 0.000000000000000000e+00 7.790364783548170817e+04
2.625255687975799335e-01 1.780177547498145807e-05 -5.776200376561875601e+03 -2.608976953414731542e-05 1.097435499515033916e+04 6.493538874843098930e-05 1.306828250813031336e+06 0.000000000000000000e+00 -1.574207748045871995e+04 0.000000000000000000e+00 9.653986831745307427e+04
2.675305520911575030e-01 -1.941771033263832173e-06 -5.628146090222448947e+03 8.737969649687245624e-06 8.198335399953051819e+03 -6.202879689592797336e-07 1.270612671131301671e+06 0.000000000000000000e+00 -6.176849698291931418e+04 0.000000000000000000e+00 5.582508057055273821e+04
2.725404586615198799e-01 2.091859165917384785e-06 -5.828934468715290677e+03 -3.841531492965568301e-06 1.066985053154916022e+04 6.677485624537208162e-06 1.250561096736658365e+06 0.000000000000000000e+00 -5.885950727243877918e+04 0.000000000000000000e+00 1.096260931929973012e+05
2.775333197047151201e-01 5.932023354098275654e-07 -5.618851603897949644e+03 -1.344802315700364380e-05 1.045171018688448203e+04 -6.798161870428050160e-06 1.220109856437562965e+06 0.000000000000000000e+00 -4.499434414661255869e+04 0.000000000000000000e+00 8.339876775144104613e+04
2.825123907298719983e-01 1.652430834311122072e-06 -6.381320916445378316e+03 5.005538658679676412e-07 9.706844784783548675e+03 5.914677156024208229e-06 1.190520751435805578e+06 0.000000000000000000e+00 -6.849757519916012825e+04 0.000000000000000000e+00 6.441531031927376171e+04
2.875104651677040102e-01 7.154475316031411046e-06 -4.960844665772840017e+03 -3.196133253926451110e-05 8.945156866500670731e+03 2.698710174355966051e-05 1.178631158781842561e+06 0.000000000000000000e+00 -7.499063627657537290e+04 0.000000000000000000e+00 8.338149473280980601e+04
2.924971317655564174e-01 1.693284802737287423e-07 -5.331662231675316434e+03 -1.100635121779236772e-06 8.873055612710815694e+03 2.279866879818862792e-05 1.156323872521934099e+06 0.000000000000000000e+00 -6.486040786507762095e+04 0.000000000000000000e+00 4.992382628397044755e+04
2.975058823671092867e-01 3.848233810274398328e-06 -4.634652339934285919e+03 -1.482383024098658995e-05 6.447229198117395754e+03 1.264090606198938724e-05 1.120544622324837837e+06 0.000000000000000000e+00 -7.517643690613622312e+04 0.000000000000000000e+00 7.831592078856228909e+04
3.025121359101998753e-01 4.939596753274826273e-06 -5.751186200337209812e+03 -5.889519205827676763e-06 9.101190955860101894e+03 6.126999818965890232e-06 1.105814549824910238e+06 0.000000000000000000e+00 -8.455484328390471637e+04 0.000000000000000000e+00 6.827673615494358819e+04
3.075010376196579687e-01 -6.103196687046036893e-06 -3.968334765114699621e+03 1.321678881224852529e-05 8.705177196007734892e+03 -2.433369013560119260e-05 1.093293095971155446e+06 0.000000000000000000e+00 -7.439566276845900575e+04 0.000000000000000000e+00 8.571531203427915170e+04
3.125134169243361515e-01 6.578492610094510108e-06 -4.209263140961190402e+03 -1.499307196360345900e-05 7.107661371405590216e+03 2.602186573119847097e-05 1.070925762638246641e+06 0.000000000000000000e+00 -8.538687729740599752e+04 0.000000000000000000e+00 4.731229535491655406e+04
3.175159688234982513e-01 -7.675040033008812163e-07 -4.799188297590159891e+03 6.408658427562358103e-06 6.471103496379837452e+03 -1.314350605652759096e-06 1.055624398699295707e+06 0.000000000000000000e+00 -6.587762674499710556e+04 0.000000000000000000e+00 5.205953689422443858e+04
3.225221380836135188e-01 2.544187747781763394e-06 -3.953383726637719519e+03 -1.242135141353596436e-05 6.206131470643760622e+03 7.610670323414197268e-06 1.034396896054370445e+06 0.000000000000000000e+00 -8.638839614876345149e+04 0.000000000000000000e+00 6.652613086652822676e+04
3.275181733526948968e-01 4.717174700920954825e-06 -3.107828211773417479e+03 -4.236418333198352367e-06 6.388389485375786535e+03 2.558304618262044033e-05 1.017950779711218085e+06 0.000000000000000000e+00 -6.914705486856719654e+04 0.000000000000000000e+00 5.053890677526842046e+04
3.325123842131759710e-01 4.039438541323821298e-06 -2.666148785326062807e+03 -1.009859635330955409e-05 6.551868845459316617e+03 9.254874916049173823e-06 1.003522514068156946e+06 0.000000000000000000e+00 -8.468820765542578010e+04 0.000000000000000000e+00 7.999804954766627634e+04
3.374959366892091861e-01 -4.135584633272606863e-06 -3.141369582734821506e+03 5.549039360570017801e-06 8.493973583715796849e+03 -6.875355993862330562e-06 9.864352041481274646e+05 0.000000000000000000e+00 -8.513407672634271148e+04 0.000000000000000000e+00 6.564034894720246666e+04
3.424919221947719805e-01 1.013276477427097527e-06 -2.462974572669161262e+03 5.800906098684046559e-06 5.972684562751585872e+03 3.159367570933585818e-06 9.759472623657168588e+05 0.000000000000000000e+00 -7.674728476777038304e+04 0.000000000000000000e+00 6.009954645842535683e+04
3.475179778446125245e-01 -1.475676009572973337e-07 -2.610566994478387187e+03 -1.066873871785866035e-06 7.858220668474531521e+03 6.353882007434981816e-06 9.635559300813538721e+05 0.000000000000000000e+00 -9.121527493710588897e+04 0.000000000000000000e+00 6.348935080210409069e+04
3.525052850529177828e-01 -5.948564485869391991e-06 -2.531392112406195338e+03 1.148782407592208147e-05 5.450055245090212338e+03 -2.614581202349113991e-05 9.523679381765926955e+05 0.000000000000000000e+00 -8.685621791473735357e+04 0.000000000000000000e+00 6.068191218266006763e+04
3.575133254796376558e-01 -2.193075951744065846e-06 -1.869692667336036493e+03 4.749169595159077997e-06 5.288994121298986101e+03 -7.854467839117504485e-06 9.404348314644633792e+05 0.000000000000000000e+00 -9.127443946930735547e+04 0.000000000000000000e+00 6.774544338588652317e+04
3.625250227669692404e-01 -9.845032280530040150e-06 -1.558947628369221320e+03 1.427492918046980754e-05 4.280198283391055156e+03 -9.518763940389247515e-06 9.269823450685137650e+05 0.000000000000000000e+00 -8.193101713597349590e+04 0.000000000000000000e+00 5.964640795060984237e+04
3.675230446100045678e-01 -7.831352200570100373e-08 -2.041071087490613763e+03 1.306767905831492632e-05 5.255552960216959036e+03 -2.627952619123125392e-06 9.133801994328164728e+05 0.000000000000000000e+00 -9.246492534027367947e+04 0.000000000000000000e+00 7.819430594376281078e+04
3.725177060730277545e-01 1.573952511221339118e-06 -1.654045628680885329e+03 -5.409371158299502800e-08 4.674414317571045103e+03 -6.975471356549116664e-07 9.051361363142547198e+05 0.000000000000000000e+00 -8.732335067756875651e+04 0.000000000000000000e+00 6.725592360912573349e+04
3.775163034622419089e-01 -3.892216472097144741e-06 -1.444424517828452508e+03 4.464601247405547906e-06 5.138097903062314799e+03 -1.333488178005254440e-05 8.913393210638458841e+05 0.000000000000000000e+00 -9.235299957937125873e+04 0.000000000000000000e+00 4.905642873790692101e+04
3.825226892977953153e-01 -4.503404771959459625e-07 -3.032338648648648700e+02 -1.245364627322635188e-05 4.629094918918918665e+03 1.542807914115287184e-05 8.918353643243242987e+05 0.000000000000000000e+00 -9.552987329729729390e+04 0.000000000000000000e+00 6.785805837837838044e+04
3.875130067694269043e-01 5.550404619994731952e-06 -1.310339620653319344e+03 -8.512121106098525502e-06 4.128405057955743359e+03 1.142962086941846732e-05 8.744656252897788072e+05 0.000000000000000000e+00 -9.120813319283456076e+04 0.000000000000000000e+00 5.142166996838778141e+04
3.924957861003909865e-01 -5.129050944549930717e-06 -1.107207311814115201e+03 1.116322852637338021e-05 3.849344704405754328e+03 -2.456413123933962075e-05 8.692473647990217432e+05 0.000000000000000000e+00 -8.561798026582563762e+04 0.000000000000000000e+00 6.676335658610369137e+04
3.975064703251052212e-01 1.728844150765132412e-06 -8.852605414782232174e+02 -2.991066761275633480e-06 3.948750833281705127e+03 4.521955987953813920e-06 8.627619915494703455e+05 0.000000000000000000e+00 -8.336431517254197388e+04 0.000000000000000000e+00 6.042930990644941630e+04
