3.798113400606732779e-03 -1.192434210526315680e-02 1.550422736842105165e+07 2.816611842105263067e-02 4.204244884210526198e+07 -3.078741776315789200e-02 9.981356463157893717e+07 0.000000000000000000e+00 -3.864273515789473802e+07 0.000000000000000000e+00 -1.288321684210526198e+07
8.299341265228576958e-03 -5.371093750000000000e-03 5.390838400000000000e+07 2.685546875000000000e-03 5.514183200000000000e+07 -8.117675781250000000e-03 1.319426640000000000e+08 0.000000000000000000e+00 3.265891400000000000e+07 0.000000000000000000e+00 2.002410240000000000e+08
1.293222767532251419e-02 -3.980891719745223130e-04 4.221255092993630469e+07 1.990445859872611457e-03 1.992762700636942871e+06 -1.691878980891719803e-03 1.067587179617834389e+08 0.000000000000000000e+00 4.683565329936306179e+07 0.000000000000000000e+00 -4.888565890445860475e+07
1.764839556552980082e-02 1.444777397260273892e-03 3.029617621917808056e+07 -6.153681506849314727e-04 1.928679276712328568e+07 3.056774400684931364e-03 8.194848964383561909e+07 0.000000000000000000e+00 6.190992482191780210e+07 0.000000000000000000e+00 5.256417490410958976e+07
2.256548662787912635e-02 -1.733444588846880978e-03 1.850119065406427160e+07 3.979169128071833803e-03 3.214478759924385697e+06 -4.521216697188090890e-03 6.679247316446124762e+07 0.000000000000000000e+00 5.069792254064272344e+07 0.000000000000000000e+00 8.176734850661626086e+06
2.777643688250242340e-02 -1.143292682926829200e-04 1.062201818536585383e+07 -5.525914634146340950e-04 7.764856195121951168e+05 -6.192835365853658616e-05 4.968738216585365683e+07 0.000000000000000000e+00 3.351753802926829085e+07 0.000000000000000000e+00 1.231484003902439028e+07
3.269804980233311648e-02 4.531250000000000230e-04 8.211471360000000335e+06 -2.421874999999999983e-04 5.584939520000000484e+05 7.753906250000000382e-04 3.890646220800000429e+07 0.000000000000000000e+00 2.866436710400000215e+07 0.000000000000000000e+00 4.183649791999999899e+06
3.761648458559932462e-02 -2.080874915711395897e-04 6.184079622387053445e+06 4.359301247471341809e-04 1.693790252191503765e+06 -1.144810456001348672e-03 3.247038127039784193e+07 0.000000000000000000e+00 2.887106891436277702e+07 0.000000000000000000e+00 1.128843928253540024e+07
4.263843696389812976e-02 3.362383161272321274e-04 4.263169714285713620e+06 -4.918234688895088821e-04 9.547692857142856810e+05 1.047611236572265625e-03 2.529363428571428359e+07 0.000000000000000000e+00 2.252058742857142910e+07 0.000000000000000000e+00 3.217214571428571362e+06
4.756514582339458480e-02 2.861971216746620156e-04 3.114456254688181449e+06 -4.974378543392935252e-04 3.596166419537723414e+05 3.526357392062799689e-04 2.115156179677278548e+07 0.000000000000000000e+00 1.651049012472743168e+07 0.000000000000000000e+00 6.581685756650676485e+05
5.262096060748640974e-02 2.153375175561797591e-04 2.417525752808988560e+06 -4.601639308286516574e-04 1.764535842696629115e+05 9.712476408883426735e-04 1.802241869662921131e+07 0.000000000000000000e+00 1.378031748314606771e+07 0.000000000000000000e+00 1.934746786516853841e+06
5.756031740041873956e-02 4.834467821782178277e-06 1.785735920792079298e+06 -7.251701732673266991e-06 1.431118811881188012e+05 -5.982653929455445437e-05 1.540729029702970386e+07 0.000000000000000000e+00 1.075526209900990129e+07 0.000000000000000000e+00 1.849510178217821755e+06
6.254738279606215923e-02 -3.832474858964924904e-06 1.534162476330635138e+06 -1.015605837625705062e-04 2.224923816531763296e+05 2.620454684817267489e-04 1.349318244591611437e+07 0.000000000000000000e+00 8.971609351974491030e+06 0.000000000000000000e+00 2.548453439293597825e+06
6.757793472572401483e-02 6.264416739894551362e-05 1.267297855887521990e+06 -1.806383183216168692e-04 1.187743268892794295e+05 2.877984608413884041e-04 1.195110310017574579e+07 0.000000000000000000e+00 7.392322586994727142e+06 0.000000000000000000e+00 1.089474249560632510e+06
7.255917516659465827e-02 3.922958899014320416e-05 1.009881388134647626e+06 1.380300353356890441e-05 7.828541417147108587e+04 1.167806746326948179e-04 1.061084758936209790e+07 0.000000000000000000e+00 6.186649209596429020e+06 0.000000000000000000e+00 9.891553386646829313e+05
7.753384299139773339e-02 1.691901887345162472e-05 7.320478125209240243e+05 -4.622079793689320369e-05 5.049428590559089935e+04 6.426366468237362261e-06 9.176192557080684230e+06 0.000000000000000000e+00 4.862490911282223649e+06 0.000000000000000000e+00 1.227528141948443372e+06
8.251793356505521260e-02 5.823537844036697571e-05 6.164512293577982346e+05 -2.676587586009174257e-04 5.087329816513761762e+04 4.899611166857798607e-05 8.296482642201835290e+06 0.000000000000000000e+00 4.355051743119265884e+06 0.000000000000000000e+00 1.393779229357798351e+06
8.752751931716111489e-02 -2.034874303485810693e-04 4.528819136970325490e+05 3.272503077620837341e-04 3.442954101334715961e+04 -5.929355440909680813e-04 7.140016416742257774e+06 0.000000000000000000e+00 3.334204773875858635e+06 0.000000000000000000e+00 7.925915252040949417e+05
9.254701955136974967e-02 -2.436955190291704426e-05 4.011816955332725774e+05 2.353497820761166898e-05 5.267943117593436182e+04 -5.687619733506152884e-05 6.522842195077483542e+06 0.000000000000000000e+00 3.011873371011850424e+06 0.000000000000000000e+00 6.421999781221513404e+05
9.754963178921903511e-02 -4.825054956558149239e-05 3.120386760180048295e+05 5.847312362608604673e-05 4.364549104993195942e+04 1.127549918873652231e-04 5.925534804145294242e+06 0.000000000000000000e+00 2.473914111169266049e+06 0.000000000000000000e+00 3.839632601277085487e+05
1.025319613041059119e-01 3.601417756214821678e-05 2.611568870544090169e+05 -1.307102797402673550e-04 4.346877298311444611e+04 1.386789175180288549e-04 5.418187263039399870e+06 0.000000000000000000e+00 2.229391705816135276e+06 0.000000000000000000e+00 3.497286844277673517e+05
1.075116003998943526e-01 2.019081667815299916e-05 2.314831702274293639e+05 3.836255168849069739e-05 2.724844107512060509e+04 6.074070684011026466e-05 4.931207851137146354e+06 0.000000000000000000e+00 1.682891247415575432e+06 0.000000000000000000e+00 8.152551343900758184e+03
1.125102861506304813e-01 -7.397628893870294804e-06 1.714964916132024373e+05 7.163622265594805775e-05 2.093848032774213425e+04 -4.549919199775836912e-05 4.606627806755816564e+06 0.000000000000000000e+00 1.404816394527324708e+06 0.000000000000000000e+00 3.762034474762309692e+05
1.175500852175193622e-01 9.618397543023751839e-06 1.555879778125444427e+05 -2.793502102296970747e-05 2.510745214052055235e+04 7.704701028258783332e-05 4.296777111648414284e+06 0.000000000000000000e+00 1.207432975110226078e+06 0.000000000000000000e+00 -1.920822870146494097e+04
1.225369446564099490e-01 1.280101787487587035e-05 1.387170701092353556e+05 2.282201671631910045e-05 3.901262469381000119e+04 -2.017130089374379325e-05 4.064765457795432303e+06 0.000000000000000000e+00 1.385274792717643315e+06 0.000000000000000000e+00 3.756247070506455202e+04
1.275260957852891452e-01 -3.292315971380063250e-05 1.066942789231142378e+05 2.356729778074217584e-05 8.421611447974775729e+03 -4.526934460647586545e-05 3.824352644191123080e+06 0.000000000000000000e+00 1.067011601261217613e+06 0.000000000000000000e+00 1.375697463012369699e+05
1.325302087090364789e-01 3.090630436002468991e-05 8.934838134784804424e+04 -4.833219937152797159e-05 3.292959631894955237e+04 5.542859372369675835e-05 3.563752599292968865e+06 0.000000000000000000e+00 8.645227307109589456e+05 0.000000000000000000e+00 -5.154357308792996628e+04
1.375062694904859717e-01 -1.832988219376979766e-05 8.393383738120380440e+04 6.251753068901795595e-05 1.610604604012671552e+04 -1.366555879586853314e-04 3.414331742344244849e+06 0.000000000000000000e+00 8.760748739176345989e+05 0.000000000000000000e+00 2.550333634635691706e+05
1.425134422753508989e-01 -1.031118016893837540e-06 6.143784373200230038e+04 -2.423127339700518166e-05 1.968350009598771430e+04 3.134364426353426709e-05 3.179333639470147900e+06 0.000000000000000000e+00 6.963558763678248506e+05 0.000000000000000000e+00 7.539252831637550844e+04
1.475259222195813014e-01 -3.505996856348808427e-05 4.779375607089161349e+04 8.836179894300423261e-05 1.358582605130074262e+04 -1.007084249282427514e-04 3.023607147478245199e+06 0.000000000000000000e+00 6.606345167433596216e+05 0.000000000000000000e+00 8.545223782404664962e+04
1.525299430011916868e-01 -4.128181011159959280e-08 4.857119513019952137e+04 -6.501885092576936249e-06 2.534630503889076863e+04 1.274059864569242370e-05 2.851651787622590549e+06 0.000000000000000000e+00 5.962294108894149540e+05 0.000000000000000000e+00 1.163464267839025997e+05
1.574945685492469272e-01 -6.042547114490232786e-06 3.799710308569579502e+04 4.812316116997613469e-05 1.448639883528127029e+04 -7.919982300471144438e-05 2.664162504145266023e+06 0.000000000000000000e+00 5.344134952076677000e+05 0.000000000000000000e+00 -4.098678206009624773e+03
1.625189323163163113e-01 -7.128193430656934919e-08 3.219245080291970953e+04 1.179716012773722718e-05 1.050803153284671680e+04 8.723126710766424292e-06 2.571733694598540198e+06 0.000000000000000000e+00 4.743792864233577275e+05 0.000000000000000000e+00 1.692195316788321361e+05
1.675461007718098694e-01 1.494596650768792573e-05 2.286585649202733475e+04 5.773314039365033651e-05 1.254197722095671998e+04 -3.367187221935506730e-05 2.435081330296127591e+06 0.000000000000000000e+00 3.910889840546696796e+05 0.000000000000000000e+00 1.529771526195899787e+04
1.725292014006662711e-01 1.544338132890529891e-05 2.075119570161848605e+04 -7.041264457387019305e-05 1.733884510663546462e+04 -4.332335224674078018e-05 2.326270388238784391e+06 0.000000000000000000e+00 3.841265781059432775e+05 0.000000000000000000e+00 1.743533580775950395e+05
1.775301965061671094e-01 4.282628328495708811e-06 1.351217566885411361e+04 -1.563621494037102403e-05 1.862311559818273599e+04 1.913703252184818367e-05 2.203489049974760041e+06 0.000000000000000000e+00 3.180813245835436392e+05 0.000000000000000000e+00 1.644296012115093472e+05
1.825147654490652804e-01 -1.286734837070519002e-05 1.293697444533073394e+04 3.747687339360099084e-05 1.565166427368607583e+04 -5.952591149295400068e-05 2.123053279683299363e+06 0.000000000000000000e+00 2.227436721912021167e+05 0.000000000000000000e+00 6.693941304026707076e+04
1.875360723572403465e-01 1.137504364525139617e-05 8.871467262569833110e+03 -4.687772782821228917e-05 1.735421318435754074e+04 4.338269793121508531e-05 2.045980374525139807e+06 0.000000000000000000e+00 2.207255454748603515e+05 0.000000000000000000e+00 6.699211083798883192e+04
1.925323683450522461e-01 -7.190604249223519165e-06 6.411147477776587039e+03 4.600679336912284572e-05 1.790966177573096138e+04 -7.504702916655510479e-05 1.973488508942915127e+06 0.000000000000000000e+00 2.103526117596658296e+05 0.000000000000000000e+00 7.196494634250829404e+04
1.975198663583639380e-01 -5.712155763880106209e-08 2.715593980017705690e+03 1.614919064001833597e-05 1.384413163020108732e+04 -9.332234479239123769e-06 1.908292780371822417e+06 0.000000000000000000e+00 1.846313571265966748e+05 0.000000000000000000e+00 1.466426665992158814e+05
2.025153694923672032e-01 4.193479807970664899e-06 -3.924645758950111031e+03 -3.328869083518286613e-05 1.196285399980700640e+04 4.152840748033870938e-05 1.828708468204188161e+06 0.000000000000000000e+00 1.009454034545980976e+05 0.000000000000000000e+00 9.709282948953006417e+04
2.075088499274508613e-01 -2.236283175708168394e-06 4.526753532254001584e+02 2.549362820307311936e-06 1.619970450433946280e+04 8.687960137626234543e-06 1.769944546841008589e+06 0.000000000000000000e+00 8.495850291969132377e+04 0.000000000000000000e+00 8.789245203691406641e+04
2.125178062418619784e-01 8.714742156135451369e-06 -7.379558387153081185e+02 -3.712821077522255318e-05 1.362488113108744983e+04 -1.840163617259775079e-05 1.716279230581253301e+06 0.000000000000000000e+00 5.462752452434979932e+04 0.000000000000000000e+00 8.490883574794903689e+04
2.175004174234404231e-01 2.888394630213155370e-06 -3.474732429930140825e+03 -1.513228534036749935e-05 1.288138708862890417e+04 1.508588993973768511e-05 1.654478032488847850e+06 0.000000000000000000e+00 8.408748893190809758e+04 0.000000000000000000e+00 6.932387240131302678e+04
2.225093171556767890e-01 1.513584340093772888e-05 -3.472756171076220198e+03 -1.148294442953251512e-05 1.204130982447154383e+04 4.182016217082258381e-05 1.608742187427355675e+06 0.000000000000000000e+00 5.334429566005397646e+04 0.000000000000000000e+00 1.110569868993912678e+05
2.275289586476768322e-01 5.143097124693862377e-06 -2.886515230368896482e+03 -1.196085393985343737e-05 1.729807684065513604e+04 2.297285083751482933e-05 1.563133727230981225e+06 0.000000000000000000e+00 3.357799479565284128e+04 0.000000000000000000e+00 5.420120128577989090e+04
2.325285406108919262e-01 2.295160806213959823e-05 -5.291151365215651822e+03 -6.619016380768741380e-05 1.168513357466392699e+04 6.587928676350208806e-05 1.514903510014006868e+06 0.000000000000000000e+00 -2.628440288869081542e+03 0.000000000000000000e+00 4.751728448511087481e+04
2.375276552426477672e-01 -2.231554315345403443e-06 -4.996069045526454829e+03 2.267602500439444704e-05 1.078340263666725332e+04 -3.401832895719810232e-05 1.470368961856213864e+06 0.000000000000000000e+00 -1.950386556512568131e+04 0.000000000000000000e+00 1.221362005273334507e+05
2.424991024241769377e-01 8.071833209264683427e-06 -5.672794016848716637e+03 -9.825873942075152937e-06 1.330454145493221768e+04 2.237883170082159755e-05 1.439679032971485518e+06 0.000000000000000000e+00 -2.423035267502912393e+04 0.000000000000000000e+00 6.763086684787196282e+04
2.474998551644826128e-01 -3.252081332052513716e-06 -9.184073775216138529e+03 1.450928594300352247e-05 8.063602945885366353e+03 -1.338356548190842219e-05 1.389741060262568062e+06 0.000000000000000000e+00 -3.484707166186359245e+04 0.000000000000000000e+00 1.025375907780979760e+05
2.525200307756395035e-01 4.839580050939530274e-06 -6.821381008351377204e+03 -3.022023704521729144e-06 1.078685060315496594e+04 -1.182166777120225063e-06 1.357170515063408762e+06 0.000000000000000000e+00 -3.253028147231673574e+04 0.000000000000000000e+00 6.636451197030622279e+04
2.575182250600202005e-01 6.053945309589449063e-06 -5.650132300126667360e+03 -2.223660681022278553e-05 9.416831532672676985e+03 3.181231838164071265e-05 1.324287065345354378e+06 0.000000000000000000e+00 -2.794100660159451581e+04 0.000000000000000000e+00 8.021929477684226003e+04
2.625255687975799335e-01 -4.234538141153648433e-06 -5.763293204769784097e+03 1.259217920922006062e-05 1.054868032178923931e+04 -3.538068052148114508e-06 1.301736820220231544e+06 0.000000000000000000e+00 -4.890028322017458413e+04 0.000000000000000000e+00 1.020595771096023236e+05
2.675305520911575030e-01 4.894881146352576970e-06 -5.664022093039311585e+03 1.955255554328164458e-07 8.813196172380938151e+03 -3.286852009430966138e-07 1.267638728876983048e+06 0.000000000000000000e+00 -7.229314723629885702e+04 0.000000000000000000e+00 5.873187765979480901e+04
2.725404586615198799e-01 -7.518425921946897488e-06 -7.216584756968318288e+03 2.062966975277013548e-05 9.910367165600042426e+03 -3.101108579473706964e-05 1.241915237319511129e+06 0.000000000000000000e+00 -6.804964595123498293e+04 0.000000000000000000e+00 5.597915184852170933e+04
2.775333197047151201e-01 3.799019211879959537e-06 -4.976882570372476039e+03 -9.497548029699898843e-06 1.033891074521156952e+04 2.372651575060743986e-05 1.211771219065835932e+06 0.000000000000000000e+00 -6.360601132163258444e+04 0.000000000000000000e+00 5.867943898467185500e+04
2.825123907298719983e-01 -3.594338603100105317e-06 -7.149260445871673255e+03 5.319138671030692047e-06 8.887183153214351478e+03 -1.545987753195825421e-05 1.179696060272957431e+06 0.000000000000000000e+00 -7.203771387636633881e+04 0.000000000000000000e+00 6.262495132464645576e+04
2.875104651677040102e-01 -3.156386168837387550e-06 -4.562479984677264838e+03 -1.969818775737406424e-05 7.054389580540126190e+03 -1.838302685369181999e-06 1.149885021260294830e+06 0.000000000000000000e+00 -6.588051024707910256e+04 0.000000000000000000e+00 7.782341160697184387e+04
2.924971317655564174e-01 2.187159536868996263e-06 -4.901228219029233514e+03 -9.509205238038817077e-06 7.891641147163878486e+03 2.280748798986954889e-05 1.135906986972453771e+06 0.000000000000000000e+00 -6.451287001352460356e+04 0.000000000000000000e+00 4.550906694101191533e+04
2.975058823671092867e-01 1.723575143193321972e-06 -4.278923008613799539e+03 3.712732619771778621e-06 8.996390373856673250e+03 -6.302160370276840449e-06 1.111754281147322617e+06 0.000000000000000000e+00 -8.704153449960038415e+04 0.000000000000000000e+00 9.272489476955865393e+04
3.025121359101998753e-01 -8.760395951320738387e-07 -6.024478319138817824e+03 2.612286744520340541e-06 8.722442436557001201e+03 -1.053490386615905074e-05 1.095258022221261403e+06 0.000000000000000000e+00 -7.594527032986035920e+04 0.000000000000000000e+00 4.397550646318792860e+04
3.075010376196579687e-01 -1.020601452683283764e-07 -5.618842159168104445e+03 -2.602533704342373617e-06 8.446597397711240774e+03 -6.590533880702304577e-06 1.076080435595965944e+06 0.000000000000000000e+00 -8.453626461827872845e+04 0.000000000000000000e+00 6.413892518158541498e+04
3.125134169243361515e-01 -7.268252469585763723e-06 -4.454046410617334004e+03 2.688958854376131285e-05 7.310638407399959760e+03 -3.553459923823019246e-05 1.052485773255580105e+06 0.000000000000000000e+00 -9.581605887794088630e+04 0.000000000000000000e+00 5.778622159662175545e+04
3.175159688234982513e-01 -1.419882406106630303e-06 -3.474334980499258108e+03 2.494388010727864218e-07 8.097641323889145497e+03 -6.346298727294161683e-06 1.038608963385761017e+06 0.000000000000000000e+00 -9.953824035523769271e+04 0.000000000000000000e+00 7.316603786189349194e+04
3.225221380836135188e-01 1.235221587691145962e-05 -3.257305493675665730e+03 -1.797523952237115488e-05 6.951376854823485701e+03 5.317444573579385188e-05 1.021389060977912042e+06 0.000000000000000000e+00 -9.998578999433641729e+04 0.000000000000000000e+00 5.294912229563904111e+04
3.275181733526948968e-01 -1.292562361162532351e-06 -3.670187930396149568e+03 2.399827320899666604e-06 8.171583265457237758e+03 1.630391160102739805e-06 1.004817117215845967e+06 0.000000000000000000e+00 -9.512730633098851831e+04 0.000000000000000000e+00 4.385956253239540820e+04
3.325123842131759710e-01 1.025061823389700844e-06 -4.142540434275954794e+03 8.417668702242544568e-06 6.188123148634103927e+03 3.980801530240088427e-06 9.869841721447823802e+05 0.000000000000000000e+00 -9.661979294946494338e+04 0.000000000000000000e+00 5.853345938781501172e+04
3.374959366892091861e-01 8.810035516589006609e-07 -2.287622324212591593e+03 -4.973821022229618721e-06 5.942578705812283260e+03 9.756258991368286623e-06 9.671225275549171492e+05 0.000000000000000000e+00 -9.321095161685877247e+04 0.000000000000000000e+00 2.909333538871177007e+04
3.424919221947719805e-01 1.562643242297210762e-06 -2.741678253839935678e+03 -2.018414187967230232e-06 6.079485286151230866e+03 9.115418913400396181e-06 9.573593440732067684e+05 0.000000000000000000e+00 -1.005154112460308970e+05 0.000000000000000000e+00 4.178267167823717318e+04
3.475179778446125245e-01 -2.492695962116509001e-07 -2.443396085862711061e+03 1.835621306502597423e-06 5.737630215310223321e+03 -5.643214388635564947e-06 9.436015301074917661e+05 0.000000000000000000e+00 -1.046025016499493504e+05 0.000000000000000000e+00 5.946587172868951166e+04
3.525052850529177828e-01 -2.377866537601788303e-06 -2.478928820054286916e+03 5.102667701181542787e-06 4.553652626536803837e+03 -9.233723542531533773e-06 9.334541366118473234e+05 0.000000000000000000e+00 -1.003501769758901501e+05 0.000000000000000000e+00 3.792673313108734146e+04
3.575133254796376558e-01 -2.417622977519908576e-06 -1.895439017099585499e+03 1.732754548903587890e-06 5.462808685455005616e+03 -2.853618452568003567e-07 9.151306174092327710e+05 0.000000000000000000e+00 -1.014423589609951741e+05 0.000000000000000000e+00 6.221247559994175390e+04
3.625250227669692404e-01 -2.411628519801234436e-06 -1.680087095316970135e+03 3.676262987501882216e-06 5.631815931335641835e+03 -6.727561267128444044e-06 9.080128260201776866e+05 0.000000000000000000e+00 -9.268663297696129302e+04 0.000000000000000000e+00 3.799203059780153126e+04
3.675230446100045678e-01 -6.923627286413111270e-07 -1.643249188956688386e+03 -5.758713646578308541e-06 5.426985747508548229e+03 6.526942599662642534e-06 8.997164147584367311e+05 0.000000000000000000e+00 -1.134154596446719079e+05 0.000000000000000000e+00 5.277652134228579234e+04
3.725177060730277545e-01 -1.046975062896677948e-07 -1.562731888615701337e+03 -5.932858689747841972e-08 4.719520155526331109e+03 9.065059086247069834e-07 8.883086118131397525e+05 0.000000000000000000e+00 -9.163501629595746635e+04 0.000000000000000000e+00 5.307274927097032923e+04
3.775163034622419089e-01 3.215455649526620197e-06 -1.442673268009460799e+03 -1.022043520852152437e-05 4.538319388226532283e+03 1.421239814513932508e-05 8.747327568834858248e+05 0.000000000000000000e+00 -1.071996544500451710e+05 0.000000000000000000e+00 5.086014830955516663e+04
3.825226892977953153e-01 -1.887141047297297377e-06 -8.154932972972973175e+02 7.281329180743243071e-06 4.919718486486486654e+03 8.371713999155405658e-07 8.687492012972972589e+05 0.000000000000000000e+00 -1.088223827027027000e+05 0.000000000000000000e+00 6.133557967567567539e+04
3.875130067694269043e-01 7.650296982020548706e-06 -1.117349209694415322e+03 -7.741946189245258486e-06 4.780215806111697020e+03 8.290635521972141700e-06 8.611268653319283621e+05 0.000000000000000000e+00 -9.623597723919915734e+04 0.000000000000000000e+00 4.146419388830348180e+04
3.924957861003909865e-01 -3.834217005116983111e-06 -3.101312908312683021e+02 1.999449884143790596e-05 3.198885514755575969e+03 -1.991750022125317831e-05 8.532320878447527066e+05 0.000000000000000000e+00 -1.004824081614263268e+05 0.000000000000000000e+00 6.807431913236572291e+04
3.975064703251052212e-01 -1.467173076327365174e-06 -1.081490861780558816e+03 2.264286696146459290e-06 2.978820543956384427e+03 -5.084813494168577381e-06 8.431452449290626682e+05 0.000000000000000000e+00 -9.680317164983582916e+04 0.000000000000000000e+00 6.405394382008550019e+04
