3.798113400606732779e-03 1.911956184210526117e+05 0.000000000000000000e+00 -4.303233684210525826e+05 0.000000000000000000e+00 1.068742421052631456e+06 6.713189052631577849e+07 0.000000000000000000e+00 1.270117322105263025e+08 0.000000000000000000e+00 -9.973783578947368264e+07
8.299341265228576958e-03 6.957210000000000000e+05 0.000000000000000000e+00 6.471624375000000000e+05 0.000000000000000000e+00 7.915890000000000000e+05 2.666692400000000000e+07 0.000000000000000000e+00 5.371961600000000000e+07 0.000000000000000000e+00 1.913322000000000000e+07
1.293222767532251419e-02 1.227279388535031816e+06 0.000000000000000000e+00 1.183687235668789828e+06 0.000000000000000000e+00 -6.125974012738853926e+05 1.747068086624203995e+07 0.000000000000000000e+00 3.106677075159235671e+07 0.000000000000000000e+00 -1.266075475159235671e+07
1.764839556552980082e-02 1.336083945205479395e+06 0.000000000000000000e+00 1.486601643835616298e+06 0.000000000000000000e+00 1.510519178082191793e+05 1.107845084931506775e+07 0.000000000000000000e+00 2.491448635616438091e+07 0.000000000000000000e+00 7.955716383561643772e+06
2.256548662787912635e-02 1.115377603024574695e+06 0.000000000000000000e+00 9.757413988657845184e+05 0.000000000000000000e+00 -2.371171266540642682e+04 4.954228143667296506e+06 0.000000000000000000e+00 9.290193542533081025e+06 0.000000000000000000e+00 -1.081730177693761885e+06
2.777643688250242340e-02 7.994169756097560748e+05 0.000000000000000000e+00 5.140380097560975701e+05 0.000000000000000000e+00 -1.709859512195122079e+05 2.661877073170731775e+06 0.000000000000000000e+00 4.773469970731707290e+06 0.000000000000000000e+00 -7.210814439024389721e+05
3.269804980233311648e-02 7.867051520000000019e+05 0.000000000000000000e+00 7.134881280000000261e+05 0.000000000000000000e+00 6.668707600000000093e+04 1.816505087999999989e+06 0.000000000000000000e+00 3.366137856000000145e+06 0.000000000000000000e+00 -1.592769280000000144e+05
3.761648458559932462e-02 6.079246068779501365e+05 0.000000000000000000e+00 4.871249305461901240e+05 0.000000000000000000e+00 7.319966554281860590e+04 1.174160744436952053e+06 0.000000000000000000e+00 2.282508428860418033e+06 0.000000000000000000e+00 8.292910586648684694e+04
4.263843696389812976e-02 5.220316785714285215e+05 0.000000000000000000e+00 3.169682142857142608e+05 0.000000000000000000e+00 -1.416552678571428405e+05 8.107636428571428405e+05 0.000000000000000000e+00 1.393578142857142724e+06 0.000000000000000000e+00 -2.022906250000000000e+05
4.756514582339458480e-02 4.596754923680767533e+05 0.000000000000000000e+00 3.484370170082860859e+05 0.000000000000000000e+00 1.509818403837767073e+04 5.935127221979938913e+05 0.000000000000000000e+00 1.063651754034016514e+06 0.000000000000000000e+00 -7.670004361098997470e+04
5.262096060748640974e-02 4.181995505617977469e+05 0.000000000000000000e+00 3.255441573033707682e+05 0.000000000000000000e+00 6.178433707865168253e+04 4.559405393258426921e+05 0.000000000000000000e+00 8.491160449438202195e+05 0.000000000000000000e+00 1.198110674157303292e+05
5.756031740041873956e-02 3.803327920792079531e+05 0.000000000000000000e+00 2.306926336633663450e+05 0.000000000000000000e+00 -2.208856683168316886e+04 3.520158811881188303e+05 0.000000000000000000e+00 5.781123564356436254e+05 0.000000000000000000e+00 -3.709174257425742690e+04
6.254738279606215923e-02 3.782188079470198136e+05 0.000000000000000000e+00 3.043689300956585212e+05 0.000000000000000000e+00 5.635425263674269809e+04 2.865233377483443473e+05 0.000000000000000000e+00 4.556202541084130062e+05 0.000000000000000000e+00 -6.662870247731174459e+03
6.757793472572401483e-02 3.370022073813708266e+05 0.000000000000000000e+00 2.222476063268892758e+05 0.000000000000000000e+00 2.061421353251318124e+03 2.436683866432337381e+05 0.000000000000000000e+00 3.629305869947275496e+05 0.000000000000000000e+00 -8.863892794376097299e+03
7.255917516659465827e-02 3.038290556072159088e+05 0.000000000000000000e+00 1.904250429607587866e+05 0.000000000000000000e+00 2.726005728101171553e+04 1.994450675097638159e+05 0.000000000000000000e+00 2.772515231541752000e+05 0.000000000000000000e+00 -9.503642179654081701e+03
7.753384299139773339e-02 2.931944345497154281e+05 0.000000000000000000e+00 1.679579725477067404e+05 0.000000000000000000e+00 1.597456980247740285e+04 1.749086896551724349e+05 0.000000000000000000e+00 2.383103957147639885e+05 0.000000000000000000e+00 1.301614596585202708e+04
8.251793356505521260e-02 2.571014128440367058e+05 0.000000000000000000e+00 1.592273211009174411e+05 0.000000000000000000e+00 -2.128324770642201838e+04 1.507254220183486177e+05 0.000000000000000000e+00 1.959766055045871763e+05 0.000000000000000000e+00 -6.501587586009175084e+02
8.752751931716111489e-02 2.347619852274199948e+05 0.000000000000000000e+00 1.293687474407153059e+05 0.000000000000000000e+00 1.865078346507710376e+04 1.321092196449397597e+05 0.000000000000000000e+00 1.612376042503563804e+05 0.000000000000000000e+00 5.790877802254762173e+03
9.254701955136974967e-02 2.093042552415679093e+05 0.000000000000000000e+00 1.236401531449407485e+05 0.000000000000000000e+00 -1.370924703737465825e+04 1.145817028258887876e+05 0.000000000000000000e+00 1.321470774840473896e+05 0.000000000000000000e+00 -2.918297857793983439e+03
9.754963178921903511e-02 1.927584599602219241e+05 0.000000000000000000e+00 1.087585370040824928e+05 0.000000000000000000e+00 -7.349178687323354097e+03 1.048406691091803659e+05 0.000000000000000000e+00 1.082699114414320065e+05 0.000000000000000000e+00 -3.824697163194808127e+03
1.025319613041059119e-01 1.708164082551594765e+05 0.000000000000000000e+00 8.996782589118198666e+04 0.000000000000000000e+00 1.049063864915572231e+04 9.358395196998123720e+04 0.000000000000000000e+00 9.292159399624765501e+04 0.000000000000000000e+00 3.395353846153846007e+03
1.075116003998943526e-01 1.605772680909717456e+05 0.000000000000000000e+00 8.663520330806339916e+04 0.000000000000000000e+00 3.169785320468642112e+03 8.658266574776016932e+04 0.000000000000000000e+00 8.215047829083391116e+04 0.000000000000000000e+00 1.578942798070296249e+03
1.125102861506304813e-01 1.516860650846409553e+05 0.000000000000000000e+00 8.764937775372961187e+04 0.000000000000000000e+00 1.870003246502280308e+04 8.047759325964289019e+04 0.000000000000000000e+00 7.341362974414470955e+04 0.000000000000000000e+00 6.632157687253614313e+03
1.175500852175193622e-01 1.450025908121177636e+05 0.000000000000000000e+00 7.875998748399942997e+04 0.000000000000000000e+00 4.740297823922628595e+03 7.542777755653535132e+04 0.000000000000000000e+00 6.169295064713412285e+04 0.000000000000000000e+00 2.369681410894609598e+03
1.225369446564099490e-01 1.374563739159218967e+05 0.000000000000000000e+00 7.006999642502483039e+04 0.000000000000000000e+00 2.297986362131744499e+03 6.994773757034094888e+04 0.000000000000000000e+00 5.555963508771930356e+04 0.000000000000000000e+00 2.579623965574313388e+03
1.275260957852891452e-01 1.304591491632306570e+05 0.000000000000000000e+00 6.338260101867571939e+04 0.000000000000000000e+00 2.913846471016250234e+03 6.609954305117632612e+04 0.000000000000000000e+00 4.913640358961920720e+04 0.000000000000000000e+00 3.638463254911472177e+03
1.325302087090364789e-01 1.243612403344368940e+05 0.000000000000000000e+00 5.677956029403512366e+04 0.000000000000000000e+00 -7.184751921889905134e+03 6.315835026092812041e+04 0.000000000000000000e+00 4.176001616070927412e+04 0.000000000000000000e+00 1.367178188653835207e+02
1.375062694904859717e-01 1.177529714889123570e+05 0.000000000000000000e+00 6.173813051742344396e+04 0.000000000000000000e+00 8.601684477296726982e+03 6.078530095036958664e+04 0.000000000000000000e+00 3.949318690601900744e+04 0.000000000000000000e+00 1.585977191129883749e+03
1.425134422753508989e-01 1.114548020733346057e+05 0.000000000000000000e+00 4.895302745248607971e+04 0.000000000000000000e+00 -1.034531291994624553e+03 5.721441505087348924e+04 0.000000000000000000e+00 3.444703244384718710e+04 0.000000000000000000e+00 8.202454885774621118e+01
1.475259222195813014e-01 1.053237698300605989e+05 0.000000000000000000e+00 4.910922447491913044e+04 0.000000000000000000e+00 3.087788236366121509e+03 5.515949738029067521e+04 0.000000000000000000e+00 3.207194860813704508e+04 0.000000000000000000e+00 7.598538429996810919e+02
1.525299430011916868e-01 9.814835035508961300e+04 0.000000000000000000e+00 4.578035576597903128e+04 0.000000000000000000e+00 4.880756848156916021e+03 5.220092255664524419e+04 0.000000000000000000e+00 2.952323030098072195e+04 0.000000000000000000e+00 3.439736895502197967e+03
1.574945685492469272e-01 9.540028891495126300e+04 0.000000000000000000e+00 4.282419185505722271e+04 0.000000000000000000e+00 -2.783693290734824132e+03 4.973017155336271389e+04 0.000000000000000000e+00 2.475864342621425749e+04 0.000000000000000000e+00 -6.745833704048205846e+02
1.625189323163163113e-01 8.807859386861314124e+04 0.000000000000000000e+00 3.831671357664233801e+04 0.000000000000000000e+00 6.690986277372263430e+03 4.796031532846715709e+04 0.000000000000000000e+00 2.435969868613138897e+04 0.000000000000000000e+00 2.269293138686131442e+03
1.675461007718098694e-01 8.416860136674258683e+04 0.000000000000000000e+00 3.617293621867881302e+04 0.000000000000000000e+00 3.447187927107061114e+03 4.606027334851936030e+04 0.000000000000000000e+00 2.141327107061503193e+04 0.000000000000000000e+00 -9.013893792710705384e+02
1.725292014006662711e-01 8.087162105679533852e+04 0.000000000000000000e+00 3.241380492467943623e+04 0.000000000000000000e+00 4.509574974453637878e+03 4.509388904637901578e+04 0.000000000000000000e+00 2.204795886211557081e+04 0.000000000000000000e+00 2.031010317434156377e+03
1.775301965061671094e-01 7.746475517415445938e+04 0.000000000000000000e+00 3.071839475012619732e+04 0.000000000000000000e+00 1.480942958101968770e+03 4.325433619384149642e+04 0.000000000000000000e+00 1.866551236749116651e+04 0.000000000000000000e+00 -1.107838213023725302e+03
1.825147654490652804e-01 7.489658944134243939e+04 0.000000000000000000e+00 3.075323371443765063e+04 0.000000000000000000e+00 5.117028686224112789e+03 4.218148128452834499e+04 0.000000000000000000e+00 1.780075984519483609e+04 0.000000000000000000e+00 4.722704363496706037e+02
1.875360723572403465e-01 7.177004335195530439e+04 0.000000000000000000e+00 2.686753608938547404e+04 0.000000000000000000e+00 4.739593743016759618e+03 4.179590078212290246e+04 0.000000000000000000e+00 1.720686659217877241e+04 0.000000000000000000e+00 8.612856424581005967e+02
1.925323683450522461e-01 7.019778001499410311e+04 0.000000000000000000e+00 2.576819106779479262e+04 0.000000000000000000e+00 1.438160008568062494e+03 4.037613794580700051e+04 0.000000000000000000e+00 1.496234593552532897e+04 0.000000000000000000e+00 8.593661240227053213e+02
1.975198663583639380e-01 6.721324517516123888e+04 0.000000000000000000e+00 2.259451888200328540e+04 0.000000000000000000e+00 3.074119843176931681e+03 3.960210891615024593e+04 0.000000000000000000e+00 1.392797511066143852e+04 0.000000000000000000e+00 6.099382319463766180e+02
2.025153694923672032e-01 6.463528167519058479e+04 0.000000000000000000e+00 2.300200945672102898e+04 0.000000000000000000e+00 4.230932162501206335e+02 3.865287812409533944e+04 0.000000000000000000e+00 1.280049406542507131e+04 0.000000000000000000e+00 -1.190735887291325071e+03
2.075088499274508613e-01 6.167405161556253006e+04 0.000000000000000000e+00 2.010346415077057100e+04 0.000000000000000000e+00 1.604890608898761229e+03 3.784749456135931541e+04 0.000000000000000000e+00 1.198399743525155100e+04 0.000000000000000000e+00 -1.956281343744990693e+02
2.125178062418619784e-01 5.978555140513178776e+04 0.000000000000000000e+00 1.831374131611101620e+04 0.000000000000000000e+00 2.936649327980450380e+03 3.666822691569209564e+04 0.000000000000000000e+00 1.156420178041543113e+04 0.000000000000000000e+00 -6.178516102286612188e+00
2.175004174234404231e-01 5.770713710967090447e+04 0.000000000000000000e+00 1.804964161265886651e+04 0.000000000000000000e+00 7.434819459641444155e+02 3.622718357040653063e+04 0.000000000000000000e+00 1.132603518222371895e+04 0.000000000000000000e+00 -5.466353000589176645e+02
2.225093171556767890e-01 5.555559583144540375e+04 0.000000000000000000e+00 1.852417533145525158e+04 0.000000000000000000e+00 2.426672130178680618e+03 3.515548330411142524e+04 0.000000000000000000e+00 9.862244794231792184e+03 0.000000000000000000e+00 1.914891156596599728e+02
2.275289586476768322e-01 5.373031685290065798e+04 0.000000000000000000e+00 1.545950221950099512e+04 0.000000000000000000e+00 5.198543165467625613e+02 3.441144466554416431e+04 0.000000000000000000e+00 9.750024797183530609e+03 0.000000000000000000e+00 -5.592260064288994954e+02
2.325285406108919262e-01 5.220882804285740713e+04 0.000000000000000000e+00 1.514579622723882676e+04 0.000000000000000000e+00 2.096120495515980565e+03 3.385628290251578437e+04 0.000000000000000000e+00 8.987053280701435142e+03 0.000000000000000000e+00 2.976873556109363221e+02
2.375276552426477672e-01 5.003539124626472039e+04 0.000000000000000000e+00 1.421522123396027382e+04 0.000000000000000000e+00 2.049847917032870555e+03 3.319269720513271022e+04 0.000000000000000000e+00 8.977091228686940667e+03 0.000000000000000000e+00 3.205031815784848277e+02
2.424991024241769377e-01 4.896703499738321989e+04 0.000000000000000000e+00 1.310906987658906291e+04 0.000000000000000000e+00 2.619329360322793036e+03 3.267245326085121633e+04 0.000000000000000000e+00 7.834942278797292602e+03 0.000000000000000000e+00 -1.644377964985734252e+03
2.474998551644826128e-01 4.755215984630163439e+04 0.000000000000000000e+00 1.148537995517130912e+04 0.000000000000000000e+00 2.201628690361831559e+03 3.218860634005763859e+04 0.000000000000000000e+00 7.970271149535702534e+03 0.000000000000000000e+00 5.804573166826769466e+02
2.525200307756395035e-01 4.660414277760594268e+04 0.000000000000000000e+00 1.146719059696875956e+04 0.000000000000000000e+00 2.366362387875038621e+03 3.159644961336220513e+04 0.000000000000000000e+00 7.455902505412929713e+03 0.000000000000000000e+00 -6.050024744819054376e+02
2.575182250600202005e-01 4.526310420982042706e+04 0.000000000000000000e+00 1.045786799791371777e+04 0.000000000000000000e+00 1.773690544668802659e+03 3.102521433574249386e+04 0.000000000000000000e+00 7.426000923925192183e+03 0.000000000000000000e+00 -8.529003203934132671e+02
2.625255687975799335e-01 4.379522884692189109e+04 0.000000000000000000e+00 8.916514178125178660e+03 0.000000000000000000e+00 1.361091573001654524e+03 3.093020277286472265e+04 0.000000000000000000e+00 6.820916757003480598e+03 0.000000000000000000e+00 -6.608304901009870491e+02
2.675305520911575030e-01 4.260152342552574555e+04 0.000000000000000000e+00 9.774626033885198922e+03 0.000000000000000000e+00 -7.431631018627193441e+01 3.016581466701647150e+04 0.000000000000000000e+00 6.726935005039974385e+03 0.000000000000000000e+00 -7.378681874042059690e+02
2.725404586615198799e-01 4.143668778759189445e+04 0.000000000000000000e+00 8.539872851324906151e+03 0.000000000000000000e+00 2.520296398159411638e+03 2.980442121965409387e+04 0.000000000000000000e+00 5.969832548791452609e+03 0.000000000000000000e+00 -3.860144655418627622e+02
2.775333197047151201e-01 4.066487574637475336e+04 0.000000000000000000e+00 7.327794866492619803e+03 0.000000000000000000e+00 6.641469227389045500e+02 2.936306170031276633e+04 0.000000000000000000e+00 5.749205676325380409e+03 0.000000000000000000e+00 -1.309482875384496083e+03
2.825123907298719983e-01 3.938881482121904992e+04 0.000000000000000000e+00 7.513177101216575466e+03 0.000000000000000000e+00 8.220908787747792985e+02 2.883039654171555594e+04 0.000000000000000000e+00 5.340665818563576977e+03 0.000000000000000000e+00 -1.198923584264805868e+03
2.875104651677040102e-01 3.874539590116835461e+04 0.000000000000000000e+00 6.691964757709250989e+03 0.000000000000000000e+00 1.158929036583029983e+03 2.839604673434207871e+04 0.000000000000000000e+00 5.849138862286918084e+03 0.000000000000000000e+00 -4.324869756751580212e+02
2.924971317655564174e-01 3.806448845784831065e+04 0.000000000000000000e+00 6.967674947115328905e+03 0.000000000000000000e+00 3.182135731542382473e+02 2.817919948213480529e+04 0.000000000000000000e+00 5.425462784218982961e+03 0.000000000000000000e+00 -1.366056803338380860e+03
2.975058823671092867e-01 3.695862179202557309e+04 0.000000000000000000e+00 6.191593641772488809e+03 0.000000000000000000e+00 4.598715034188792856e+02 2.789598650208684921e+04 0.000000000000000000e+00 5.225556522511322328e+03 0.000000000000000000e+00 -5.540494627475356992e+02
3.025121359101998753e-01 3.591453893043966673e+04 0.000000000000000000e+00 5.210451428818468230e+03 0.000000000000000000e+00 -1.642869958064934508e+02 2.758619687864770094e+04 0.000000000000000000e+00 4.829702477195106439e+03 0.000000000000000000e+00 -1.563308287579438911e+03
3.075010376196579687e-01 3.520117585828500160e+04 0.000000000000000000e+00 5.372946313424256914e+03 0.000000000000000000e+00 1.376057104039295609e+03 2.728787433767048424e+04 0.000000000000000000e+00 4.370887641741130210e+03 0.000000000000000000e+00 -6.654380519412657122e+02
3.125134169243361515e-01 3.471610697767946840e+04 0.000000000000000000e+00 4.260817695556002946e+03 0.000000000000000000e+00 9.330348682887592986e+02 2.675135137743816813e+04 0.000000000000000000e+00 4.406415121656948031e+03 0.000000000000000000e+00 -6.879342047054092291e+02
3.175159688234982513e-01 3.390172757905905019e+04 0.000000000000000000e+00 4.474570207582202784e+03 0.000000000000000000e+00 6.773505712685797562e+02 2.654728877798626490e+04 0.000000000000000000e+00 4.159777426295055193e+03 0.000000000000000000e+00 -8.649863347447220576e+02
3.225221380836135188e-01 3.317277915801397467e+04 0.000000000000000000e+00 3.552124145742873679e+03 0.000000000000000000e+00 5.156792524070228865e+02 2.621984670568246293e+04 0.000000000000000000e+00 3.890124674343968763e+03 0.000000000000000000e+00 -1.064682650556919043e+03
3.275181733526948968e-01 3.249560074046649243e+04 0.000000000000000000e+00 3.237033987412069564e+03 0.000000000000000000e+00 6.564086634579784914e+02 2.599870507219548381e+04 0.000000000000000000e+00 3.837237763791188627e+03 0.000000000000000000e+00 -1.279614513143280192e+03
3.325123842131759710e-01 3.179456146312390774e+04 0.000000000000000000e+00 3.158053888646735231e+03 0.000000000000000000e+00 1.412448437513899307e+03 2.577382139711965283e+04 0.000000000000000000e+00 3.567622975172794213e+03 0.000000000000000000e+00 -6.954240728715408295e+02
3.374959366892091861e-01 3.149432757593805945e+04 0.000000000000000000e+00 2.954817643555337781e+03 0.000000000000000000e+00 1.053737080895491118e+02 2.538043625407280342e+04 0.000000000000000000e+00 3.113498651157902259e+03 0.000000000000000000e+00 -1.570899765266440227e+03
3.424919221947719805e-01 3.082977006225570949e+04 0.000000000000000000e+00 2.890047321004425612e+03 0.000000000000000000e+00 6.520887748043570582e+02 2.520970502296043924e+04 0.000000000000000000e+00 3.188397603113618970e+03 0.000000000000000000e+00 -8.740503212794507135e+02
3.475179778446125245e-01 3.019138053386480169e+04 0.000000000000000000e+00 1.980717352239683578e+03 0.000000000000000000e+00 2.251867546639657576e+02 2.486560904368281626e+04 0.000000000000000000e+00 2.994064364361093794e+03 0.000000000000000000e+00 -8.104271571862645942e+02
3.525052850529177828e-01 2.944006131247006124e+04 0.000000000000000000e+00 2.462324125818297944e+03 0.000000000000000000e+00 1.324413779338974848e+02 2.464246476129650182e+04 0.000000000000000000e+00 3.052133226888072841e+03 0.000000000000000000e+00 -1.116045473415296101e+03
3.575133254796376558e-01 2.904107315801978984e+04 0.000000000000000000e+00 1.553053904699128680e+03 0.000000000000000000e+00 7.321722681668724135e+02 2.422727796981704887e+04 0.000000000000000000e+00 2.661557219612021072e+03 0.000000000000000000e+00 -8.224973825601091448e+02
3.625250227669692404e-01 2.882372269236560533e+04 0.000000000000000000e+00 1.566494564071675768e+03 0.000000000000000000e+00 2.268082818852582250e+02 2.408749911157957831e+04 0.000000000000000000e+00 2.652460051197108896e+03 0.000000000000000000e+00 -9.413996687245896737e+02
3.675230446100045678e-01 2.834978328922715809e+04 0.000000000000000000e+00 1.462616422077874859e+03 0.000000000000000000e+00 3.222424017088409300e+02 2.386950614205833699e+04 0.000000000000000000e+00 2.567008464011547858e+03 0.000000000000000000e+00 -7.497685920288112129e+02
3.725177060730277545e-01 2.809203865286751898e+04 0.000000000000000000e+00 1.096495854537137802e+03 0.000000000000000000e+00 5.593405569214935440e+02 2.357184515981474033e+04 0.000000000000000000e+00 2.500788381268225748e+03 0.000000000000000000e+00 -9.581228772371205196e+02
3.775163034622419089e-01 2.762794133263458571e+04 0.000000000000000000e+00 1.317225174285103549e+03 0.000000000000000000e+00 1.069211989987657034e+03 2.344609666186276445e+04 0.000000000000000000e+00 2.451138745423076671e+03 0.000000000000000000e+00 -7.932475986236476047e+02
3.825226892977953153e-01 2.712692756756756717e+04 0.000000000000000000e+00 8.966229729729730025e+02 0.000000000000000000e+00 1.616558054054054082e+03 2.325783870270270199e+04 0.000000000000000000e+00 2.322937945945946012e+03 0.000000000000000000e+00 -3.212700810810810594e+02
3.875130067694269043e-01 2.674815595363540706e+04 0.000000000000000000e+00 9.836589041095891162e+02 0.000000000000000000e+00 7.188592729188619614e+02 2.307126491043203350e+04 0.000000000000000000e+00 2.041215806111696565e+03 0.000000000000000000e+00 -5.239842992623814553e+02
3.924957861003909865e-01 2.648474516139413754e+04 0.000000000000000000e+00 8.870716570656197746e+02 0.000000000000000000e+00 1.393713230135487493e+03 2.294127114858559071e+04 0.000000000000000000e+00 2.118538203585106203e+03 0.000000000000000000e+00 -3.190262929231165572e+02
3.975064703251052212e-01 2.606391177746112589e+04 0.000000000000000000e+00 9.102272226008302596e+02 0.000000000000000000e+00 8.608122916795738320e+02 2.277808413357289101e+04 0.000000000000000000e+00 2.113475992813332596e+03 0.000000000000000000e+00 -1.116027383681308578e+02
