3.798113400606732779e-03 -4.934210526315789547e-02 1.760330913684210479e+08 1.233552631578947317e-01 2.539598416842105091e+08 -1.731085526315789269e-01 1.465201178947368264e+08 0.000000000000000000e+00 2.142825229473684132e+08 0.000000000000000000e+00 6.458285002105262280e+08
8.299341265228576958e-03 7.080078125000000000e-03 3.513666400000000000e+07 -1.965332031250000000e-02 3.578305600000000000e+07 1.852416992187500000e-02 1.131597360000000000e+08 0.000000000000000000e+00 8.640259200000000000e+07 0.000000000000000000e+00 4.566588800000000000e+07
1.293222767532251419e-02 -1.990445859872611565e-04 3.547906608917197585e+07 1.492834394904458701e-03 1.230093452229299396e+07 -2.214371019108280197e-03 1.090371375286624283e+08 0.000000000000000000e+00 8.798778700636942685e+07 0.000000000000000000e+00 -3.780485054777070135e+07
1.764839556552980082e-02 2.688891267123287576e-03 1.765246947945205495e+07 -7.036601027397259775e-03 2.417244931506849360e+06 1.078900898972602607e-02 6.368455189041095227e+07 0.000000000000000000e+00 5.751408219178082049e+07 0.000000000000000000e+00 1.038522564383561537e+07
2.256548662787912635e-02 1.515610231568998052e-03 1.336336356899810955e+07 -2.518940512759924259e-03 5.132371236294896342e+06 5.846221866138941355e-03 5.146077737618147582e+07 0.000000000000000000e+00 4.911735434404537082e+07 0.000000000000000000e+00 7.056133323251417838e+06
2.777643688250242340e-02 -8.193597560975609444e-04 9.343562302439024672e+06 7.907774390243902957e-04 9.114344585365853272e+05 1.595846036585365916e-04 4.011514505365853757e+07 0.000000000000000000e+00 3.894052714146341383e+07 0.000000000000000000e+00 8.896782360975610092e+06
3.269804980233311648e-02 2.890624999999999857e-04 6.395780095999999903e+06 -3.906250000000000081e-06 1.205563904000000097e+06 1.083984375000000014e-04 2.981453619200000167e+07 0.000000000000000000e+00 2.621011558399999887e+07 0.000000000000000000e+00 1.124070400000000140e+06
3.761648458559932462e-02 -5.847521915037087389e-04 4.241850260283209383e+06 1.066777646662171166e-03 1.185447444369521225e+06 -1.624531144639244831e-03 2.413092803236682341e+07 0.000000000000000000e+00 2.315310815374241397e+07 0.000000000000000000e+00 8.507653696561025456e+06
4.263843696389812976e-02 -2.615792410714285569e-05 2.867871428571428638e+06 -6.713867187500000000e-04 7.271000000000000000e+05 -1.329694475446428455e-04 1.942360000000000000e+07 0.000000000000000000e+00 1.784854400000000000e+07 0.000000000000000000e+00 6.609733714285713620e+06
4.756514582339458480e-02 6.132795464457042997e-05 2.166277135630178731e+06 -3.066397732228521498e-05 2.814293240296554723e+04 2.118369766681203921e-03 1.605729889576973394e+07 0.000000000000000000e+00 1.186522420584387332e+07 0.000000000000000000e+00 3.652062450937636313e+05
5.262096060748640974e-02 1.206987359550561764e-04 1.637304449438202195e+06 -1.920207162921348126e-04 3.223021629213483175e+04 3.470088658707865242e-04 1.401936826966292039e+07 0.000000000000000000e+00 1.132238094382022507e+07 0.000000000000000000e+00 2.756080179775280878e+06
5.756031740041873956e-02 -1.353650990099010019e-04 1.366857188118811930e+06 1.041827815594059464e-03 7.071380198019802629e+04 -5.275613010519801787e-04 1.191772007920792140e+07 0.000000000000000000e+00 8.264377663366336375e+06 0.000000000000000000e+00 -6.435805940594059648e+05
6.254738279606215923e-02 -9.197939661515820448e-05 1.167182300711307209e+06 2.222835418199656428e-04 1.323920765268579707e+05 -2.471946284032376542e-04 1.095505791905813105e+07 0.000000000000000000e+00 7.911574699043413624e+06 0.000000000000000000e+00 1.110397017414765665e+06
6.757793472572401483e-02 -3.496917563708259942e-05 9.320834024604569422e+05 4.203809795144991166e-04 4.933002460456941481e+04 -1.308930569667179184e-04 9.717188611599296331e+06 0.000000000000000000e+00 6.451327325131809339e+06 0.000000000000000000e+00 1.059939768014059635e+06
7.255917516659465827e-02 -5.375906639389994493e-05 7.361931545471452409e+05 2.012332620420308855e-04 1.054285199925609049e+05 -2.693401873721406096e-04 8.711677048168124631e+06 0.000000000000000000e+00 6.133501000557932071e+06 0.000000000000000000e+00 8.613262592523712665e+05
7.753384299139773339e-02 4.250188316036157245e-05 5.872773699363910127e+05 -5.394469785738199293e-05 6.399858051556746068e+04 1.225198516488115285e-04 7.756620020087044686e+06 0.000000000000000000e+00 5.145630168061600998e+06 0.000000000000000000e+00 1.312047137596250512e+06
8.251793356505521260e-02 -1.209504013761467957e-04 4.364979449541284703e+05 2.956565366972477228e-04 -2.030271559633027573e+04 -2.228623136467890100e-04 6.903802715596330352e+06 0.000000000000000000e+00 3.968138862385321409e+06 0.000000000000000000e+00 9.033847706422019110e+04
8.752751931716111489e-02 -6.580439289879487432e-05 3.746779111053518718e+05 2.141173707399248675e-04 6.868815964753142907e+04 -2.117129794609304337e-04 6.264289812103149481e+06 0.000000000000000000e+00 3.692374682389529888e+06 0.000000000000000000e+00 4.316559077361669042e+05
9.254701955136974967e-02 7.210716727438468447e-05 2.979834749316317029e+05 -1.731462226526891447e-04 1.554062716499544149e+04 2.451421134343664517e-04 5.540988149498632178e+06 0.000000000000000000e+00 2.960310023701002821e+06 0.000000000000000000e+00 2.974876061987237772e+05
9.754963178921903511e-02 4.027694179838793933e-05 2.415397115042395017e+05 -2.218298571129488053e-05 1.787733444991102442e+04 2.021769584816288199e-04 5.091077600753690116e+06 0.000000000000000000e+00 2.708800824034334626e+06 0.000000000000000000e+00 1.466248843295299957e+04
1.025319613041059119e-01 -3.902585600375234391e-05 2.053967729831144388e+05 6.971520286116323056e-05 1.140115647279549739e+04 4.969841991088180161e-06 4.678594905816134997e+06 0.000000000000000000e+00 2.222808327204502653e+06 0.000000000000000000e+00 2.628617606003752444e+05
1.075116003998943526e-01 4.374676946933149762e-05 1.804518483804272837e+05 -2.120035751206064624e-05 2.390579462439696727e+04 7.344409566678152738e-05 4.377904165403170511e+06 0.000000000000000000e+00 2.122284283942108974e+06 0.000000000000000000e+00 1.669006864231564396e+05
1.125102861506304813e-01 -5.601061876787508706e-05 1.421420162325114070e+05 7.465566302079307617e-05 3.751707505604081689e+03 -1.254388756570302174e-04 4.052562200200974010e+06 0.000000000000000000e+00 1.827200207776146010e+06 0.000000000000000000e+00 3.702547174770039856e+05
1.175500852175193622e-01 3.472345683402076628e-05 1.110816714549850731e+05 -7.347483466078794892e-05 1.938210098136822853e+04 4.496687660005689558e-05 3.809019594367799815e+06 0.000000000000000000e+00 1.665915903854359407e+06 0.000000000000000000e+00 2.176032040961456369e+05
1.225369446564099490e-01 -5.172128434293280515e-06 9.459976219794771168e+04 3.672211188348229496e-05 1.539153604766633725e+04 -2.495551969546507885e-05 3.629462752730884124e+06 0.000000000000000000e+00 1.528958432307183044e+06 0.000000000000000000e+00 3.578364356173452688e+04
1.275260957852891452e-01 -3.931830584525830444e-05 8.943043803056026809e+04 5.092431178753334799e-05 1.749959374242056811e+03 -1.398050001515886557e-04 3.434040750909531955e+06 0.000000000000000000e+00 1.356075773951006588e+06 0.000000000000000000e+00 1.117879679844773200e+05
1.325302087090364789e-01 -3.244065989562874917e-05 7.823555221368049388e+04 3.200227259974187510e-05 1.224289186914314632e+04 -1.060897256046237561e-04 3.313760533303406090e+06 0.000000000000000000e+00 1.426481013635598356e+06 0.000000000000000000e+00 -9.810544593457157316e+04
1.375062694904859717e-01 -2.701788542766631496e-05 6.613464667370643292e+04 4.686881269799366524e-05 6.148000422386483478e+03 -6.500534170406546599e-05 3.101521476663146634e+06 0.000000000000000000e+00 1.259222099260823568e+06 0.000000000000000000e+00 1.777601689545934496e+05
1.425134422753508989e-01 1.363887922345939731e-05 5.196409905932040419e+04 -1.609950176377423673e-05 1.110228450758302824e+04 7.077804978462757092e-05 2.979837247840276454e+06 0.000000000000000000e+00 1.204957647149164928e+06 0.000000000000000000e+00 3.445952159723555087e+04
1.475259222195813014e-01 -4.271265205704132528e-06 4.494512187343386904e+04 2.847510137136088211e-06 2.234800164016583949e+04 -6.745039637341108962e-05 2.848827996537427884e+06 0.000000000000000000e+00 1.054851656476377044e+06 0.000000000000000000e+00 1.894645514602031908e+05
1.525299430011916868e-01 8.586616503212714878e-06 4.196921203922894347e+04 -1.221941579303348010e-05 7.993065945214744715e+03 1.147634321102468749e-05 2.688247082854243927e+06 0.000000000000000000e+00 9.593990016909028636e+05 0.000000000000000000e+00 7.371207575245181215e+04
1.574945685492469272e-01 8.214704573947506153e-06 3.763970008492740453e+04 3.791402111052695148e-06 8.378226877502323987e+03 3.712414567072430877e-05 2.572257354956120718e+06 0.000000000000000000e+00 8.910461458324907580e+05 0.000000000000000000e+00 1.444652533667650641e+04
1.625189323163163113e-01 -3.585481295620438158e-05 2.686615824817518660e+04 1.692945939781022202e-05 1.339471649635036556e+04 1.820362397354014625e-05 2.435120733430657070e+06 0.000000000000000000e+00 8.574248735766423633e+05 0.000000000000000000e+00 1.482104899270073220e+05
1.675461007718098694e-01 1.183729236924295181e-05 3.273035079726651384e+04 -2.625645700511193613e-05 1.252806719817767589e+04 7.251916550829633277e-05 2.338457075170842931e+06 0.000000000000000000e+00 7.756141047835990321e+05 0.000000000000000000e+00 3.152660136674259411e+04
1.725292014006662711e-01 -8.112000197778291332e-06 2.169544305633385011e+04 -1.062285740185252376e-05 1.081186617002340427e+04 -9.351333561327751590e-06 2.274951911131621804e+06 0.000000000000000000e+00 7.081523863269275753e+05 0.000000000000000000e+00 1.114824432211491076e+05
1.775301965061671094e-01 8.226343623801110920e-06 1.934871882887430547e+04 -6.024949421851337537e-05 1.082155880868248278e+04 8.143541007737569771e-05 2.203954528016153257e+06 0.000000000000000000e+00 6.652734416961130919e+05 0.000000000000000000e+00 1.039693084300858172e+05
1.825147654490652804e-01 7.789650358947088565e-06 1.531287683535702672e+04 -2.247458381340659993e-05 1.466676971254690034e+04 1.423053718352093146e-05 2.151559861738899257e+06 0.000000000000000000e+00 6.795825356140506919e+05 0.000000000000000000e+00 7.106883393896422058e+04
1.875360723572403465e-01 2.138617318435754238e-05 1.026557586592178814e+04 -1.560317737430167782e-05 3.329338994413407818e+03 6.819570530726257202e-07 2.043585015418994473e+06 0.000000000000000000e+00 5.742696688268156722e+05 0.000000000000000000e+00 7.856526301675978175e+04
1.925323683450522461e-01 -5.883221658455606590e-06 6.689657063296562228e+03 -2.863167873781728608e-06 1.045962857448859359e+04 -1.086108087280443327e-05 1.986472043697118992e+06 0.000000000000000000e+00 5.721271260576201603e+05 0.000000000000000000e+00 3.526216986183998961e+04
1.975198663583639380e-01 -1.420319811559377757e-06 1.041936107246743268e+04 2.414543679650941933e-06 1.657814493486783613e+04 -3.454619176441760237e-05 1.931771195345895831e+06 0.000000000000000000e+00 5.163249139243707759e+05 0.000000000000000000e+00 1.263465903123814205e+05
2.025153694923672032e-01 1.955386652031265065e-06 1.572622117147544259e+03 3.404257484560455546e-06 7.988784714850912678e+03 -4.520359203114446308e-06 1.877185179581202567e+06 0.000000000000000000e+00 4.575742468397182529e+05 0.000000000000000000e+00 6.084653478722378350e+04
2.075088499274508613e-01 -5.478893780485012821e-06 3.518328516796812437e+03 3.947039805124916971e-06 5.340687077789736577e+03 -2.942669123834985978e-05 1.825308877601960208e+06 0.000000000000000000e+00 4.968806584075660212e+05 0.000000000000000000e+00 3.640661302067828365e+04
2.125178062418619784e-01 2.804591531299092513e-06 3.852603595740967194e+03 -2.098915817891975269e-05 1.152734089718973701e+04 5.080192620518279124e-05 1.762038750218188157e+06 0.000000000000000000e+00 3.762655290626636706e+05 0.000000000000000000e+00 6.081437737825100339e+04
2.175004174234404231e-01 -2.445310527312516065e-06 -4.589937294840501636e+02 6.359862253808602276e-06 6.920737311674101875e+03 -1.069823355699225641e-05 1.723409668546418659e+06 0.000000000000000000e+00 4.328814126757007325e+05 0.000000000000000000e+00 1.738824812726201708e+04
2.225093171556767890e-01 -2.212420706841867027e-06 5.739179685191387534e+02 1.415949252378794796e-05 4.786268513228659685e+03 -3.410013654675833765e-06 1.679041912649475038e+06 0.000000000000000000e+00 3.723754687259904458e+05 0.000000000000000000e+00 5.616389653474123770e+04
2.275289586476768322e-01 2.279125419743992137e-05 5.134556482473595906e+02 -5.368954296336867019e-05 6.035303842032756620e+03 6.742840902228351002e-05 1.633711982856268296e+06 0.000000000000000000e+00 3.411908281034746906e+05 0.000000000000000000e+00 5.221201898056023492e+04
2.325285406108919262e-01 6.679415349353319083e-06 -3.018420824768522834e+03 -2.707294944791079582e-05 7.495885179997453633e+03 1.582808264966438318e-05 1.592797772288214415e+06 0.000000000000000000e+00 3.429800386371491477e+05 0.000000000000000000e+00 2.394889942335328305e+04
2.375276552426477672e-01 8.376911583758130472e-06 -2.466454983301107404e+03 -1.709713921603093801e-05 4.768361680435928974e+03 4.598718469854104664e-05 1.553450875162594486e+06 0.000000000000000000e+00 3.019618503076111665e+05 0.000000000000000000e+00 7.064906113552469469e+04
2.424991024241769377e-01 -1.154075852987354976e-07 -3.058823020951158924e+03 -1.992429526193169266e-05 9.926399675856364411e+03 1.115950132844022695e-05 1.513530121114918962e+06 0.000000000000000000e+00 3.232859953066702583e+05 0.000000000000000000e+00 -4.487215437340671997e+03
2.474998551644826128e-01 3.345891370477105547e-06 -4.044012295869356421e+03 -1.249237011687479916e-05 6.875377777777777737e+03 1.401287448967339057e-05 1.484475389048991259e+06 0.000000000000000000e+00 3.086070737111751805e+05 0.000000000000000000e+00 3.743624566122318356e+04
2.525200307756395035e-01 1.027006650170120698e-06 -3.733397092483761298e+03 -1.175016432106402830e-05 5.466171110423755636e+03 2.038910261367151386e-07 1.463018984720074339e+06 0.000000000000000000e+00 2.461599079492731253e+05 0.000000000000000000e+00 4.408863594184967951e+04
2.575182250600202005e-01 4.853343174875195834e-06 -3.890386945831160119e+03 -2.546731800909023298e-08 8.920444080172863323e+03 1.253810638411817353e-05 1.422562499247448053e+06 0.000000000000000000e+00 2.392649666045749036e+05 0.000000000000000000e+00 5.847753389464272186e+04
2.625255687975799335e-01 -3.064468391624351007e-07 -5.535962115593084491e+03 2.437645311519370009e-06 5.771491755577109871e+03 -4.349455705839561450e-06 1.394294104410338216e+06 0.000000000000000000e+00 2.487794474810292595e+05 0.000000000000000000e+00 6.357452615963941207e+04
2.675305520911575030e-01 -9.223412408003202396e-06 -4.151597133428149391e+03 2.888384411979950505e-05 5.838661824608883762e+03 -3.387985917413457337e-05 1.363766935667830985e+06 0.000000000000000000e+00 2.257534909487579425e+05 0.000000000000000000e+00 1.521026575164662063e+04
2.725404586615198799e-01 5.294211469297085854e-06 -2.705674935209181513e+03 1.743215971597820725e-06 7.960527635267360893e+03 -8.138236045181678887e-06 1.338785084889194462e+06 0.000000000000000000e+00 2.311261750674353389e+05 0.000000000000000000e+00 4.173426561590944766e+04
2.775333197047151201e-01 -1.022958495424819645e-05 -3.482880760979140177e+03 2.668779443029958371e-05 5.588957117377930444e+03 -3.238159025076252628e-05 1.311845137436348014e+06 0.000000000000000000e+00 2.022799547134696331e+05 0.000000000000000000e+00 2.309913138780468944e+04
2.825123907298719983e-01 6.338338711171493970e-06 -4.950996998703143618e+03 -2.486787790248872959e-05 5.105598122645587864e+03 3.122204738351448428e-05 1.277817937133329222e+06 0.000000000000000000e+00 1.697835886617674259e+05 0.000000000000000000e+00 4.109600741060952714e+04
2.875104651677040102e-01 -5.319095210448190139e-07 -5.208679563302049246e+03 -7.052185023522792539e-06 6.380935069909978665e+03 4.415652734113136951e-05 1.262328301857881481e+06 0.000000000000000000e+00 1.763967975483623741e+05 0.000000000000000000e+00 3.481237464087339322e+04
2.924971317655564174e-01 -1.806170456253106513e-07 -6.098728224808978666e+03 -1.535244887815140484e-06 4.285205377475175737e+03 1.377204972892993756e-06 1.240594968662220053e+06 0.000000000000000000e+00 1.604799840941404982e+05 0.000000000000000000e+00 1.094838483857170831e+04
2.975058823671092867e-01 1.830621083690391596e-06 -3.102074060918213036e+03 -1.385567423484537243e-05 9.292237634313116359e+03 7.457477395799801138e-06 1.219786781280525727e+06 0.000000000000000000e+00 1.451290279726489680e+05 0.000000000000000000e+00 2.866077541958973234e+04
3.025121359101998753e-01 -4.967302824807617054e-06 -5.010489127145388920e+03 -1.291300833939032013e-05 5.811831395097487984e+03 -1.701795968773980232e-05 1.203681963079849491e+06 0.000000000000000000e+00 1.496357352470710175e+05 0.000000000000000000e+00 7.841157234879598946e+03
3.075010376196579687e-01 -2.888302111093692938e-06 -3.062318566128442399e+03 2.464752508230130153e-06 3.683249328525892452e+03 -1.132484886933688671e-05 1.170480511177300708e+06 0.000000000000000000e+00 1.253140453780634416e+05 0.000000000000000000e+00 1.682823096619114949e+04
3.125134169243361515e-01 -5.567172104363563756e-06 -5.845507500502714720e+03 1.085451280665594240e-05 5.663890609290167049e+03 -1.719858525098029456e-05 1.161303059561632806e+06 0.000000000000000000e+00 1.205740747235069430e+05 0.000000000000000000e+00 6.716481479991956803e+03
3.175159688234982513e-01 -3.559299815307836575e-06 -4.244064642257174455e+03 -2.767811311903802840e-06 5.127277342790620423e+03 -9.949969867792830130e-06 1.147857493412973592e+06 0.000000000000000000e+00 1.182606676032262185e+05 0.000000000000000000e+00 6.797390240787495941e+01
3.225221380836135188e-01 1.786001362799697989e-06 -4.797176968095148368e+03 6.062034303025297663e-06 6.365265168963564975e+03 -1.332875533173258528e-06 1.126240320181234740e+06 0.000000000000000000e+00 1.165255068151784071e+05 0.000000000000000000e+00 2.381983583160279522e+04
3.275181733526948968e-01 6.390500624768604251e-06 -4.162926027397260441e+03 -2.186961281701221678e-05 5.962572676786375268e+03 2.233624590718715140e-05 1.112219742021473590e+06 0.000000000000000000e+00 9.961656630877453426e+04 0.000000000000000000e+00 -1.356475853387634197e+04
3.325123842131759710e-01 -9.252974642541831189e-07 -3.850038908705978884e+03 -2.103195571163058303e-07 5.594122739443322644e+03 -7.276333893622281359e-06 1.088120761806488503e+06 0.000000000000000000e+00 8.310998315201437799e+04 0.000000000000000000e+00 3.496903479011181480e+04
3.374959366892091861e-01 -3.023638403023508359e-06 -4.635969029184037936e+03 2.290181562686122878e-06 4.998943628910766165e+03 -6.420420300620993230e-07 1.077219945205479395e+06 0.000000000000000000e+00 6.971979679781383311e+04 0.000000000000000000e+00 6.345731282626213215e+03
3.424919221947719805e-01 1.079849047197816030e-06 -3.310849094500329556e+03 -3.415834104047428359e-06 4.829458166998641900e+03 9.716010631968250078e-06 1.063587714207135607e+06 0.000000000000000000e+00 9.158400693396895076e+04 0.000000000000000000e+00 1.881291385043629271e+04
3.475179778446125245e-01 -5.902704038291893349e-07 -2.564216813147319044e+03 2.560497292286078399e-06 4.138672852615414740e+03 -7.591754822222040063e-06 1.053852274839089019e+06 0.000000000000000000e+00 8.448224994282353146e+04 0.000000000000000000e+00 2.204728382396183952e+04
3.525052850529177828e-01 2.292107416573527119e-06 -3.615096918409707996e+03 -5.667898271595081891e-06 6.974396167970620809e+03 3.276388237466070650e-06 1.039960927606578334e+06 0.000000000000000000e+00 6.374378336260578362e+04 0.000000000000000000e+00 9.470316972696789890e+03
3.575133254796376558e-01 7.447476354898790092e-07 -3.536599305592813835e+03 -2.041506709345371697e-06 5.698756290669957707e+03 5.402695001427520328e-06 1.027880041020610020e+06 0.000000000000000000e+00 5.783881966107410699e+04 0.000000000000000000e+00 1.766897594101371214e+04
3.625250227669692404e-01 -7.573101754253876713e-07 -3.102492757114892356e+03 4.201968594714650976e-06 4.904690739346483497e+03 -1.259120073219394571e-07 1.012578568287908449e+06 0.000000000000000000e+00 5.510365113687697158e+04 0.000000000000000000e+00 6.461329558801385247e+03
3.675230446100045678e-01 -3.559705545713681675e-07 -2.435081512586663393e+03 4.912393653084880457e-07 5.022590235403043152e+03 7.455803265497306733e-06 1.001629770458339714e+06 0.000000000000000000e+00 5.274580559747464577e+04 0.000000000000000000e+00 2.631529538015149228e+04
3.725177060730277545e-01 1.181336862635084884e-06 -3.277214935102064373e+03 -2.476096023750643533e-06 3.613505860826805474e+03 1.565663958640073804e-06 9.891361052089885343e+05 0.000000000000000000e+00 5.897486740236720652e+04 0.000000000000000000e+00 8.877625021442050638e+03
3.775163034622419089e-01 4.363592169409947746e-06 -2.133451679411947225e+03 -3.797941332634584056e-06 4.150332544941767082e+03 6.430911299053240394e-06 9.792115571675826795e+05 0.000000000000000000e+00 4.912265782197061344e+04 0.000000000000000000e+00 1.706458601168106543e+04
3.825226892977953153e-01 1.647949218749999981e-06 -2.179314162162162120e+03 -2.087567303631756779e-06 3.907908756756756702e+03 1.082074964368665593e-05 9.683279429189189104e+05 0.000000000000000000e+00 4.864840302702702320e+04 0.000000000000000000e+00 2.388228151351351335e+04
3.875130067694269043e-01 2.045224413856691518e-06 -1.866743097997892619e+03 -7.505587707455216851e-06 4.526815595363540524e+03 2.085421434569283653e-06 9.589669361433087615e+05 0.000000000000000000e+00 4.490945753424657596e+04 0.000000000000000000e+00 2.263271654373024285e+04
3.924957861003909865e-01 -2.828520741479741528e-06 -2.488702397579892477e+03 1.544372324847938729e-05 4.184908364174685630e+03 -1.062109538425642909e-05 9.528863323399736546e+05 0.000000000000000000e+00 4.583871260579925001e+04 0.000000000000000000e+00 3.673464309207350743e+04
3.975064703251052212e-01 -1.771195538535406765e-06 -2.267300018586209262e+03 1.176687932710179136e-05 3.251518988910228927e+03 -1.049577048790734904e-05 9.441147789108481957e+05 0.000000000000000000e+00 3.808268117217025429e+04 0.000000000000000000e+00 4.930481967659996735e+04
