3.798113400606732779e-03 2.838937859786184125e-04 -2.314182736842105165e+06 -6.968849583675986500e-04 -1.923368421052631456e+06 9.742034109015213416e-04
8.299341265228576958e-03 1.487731933593750000e-04 -2.162780250000000000e+06 -3.681182861328125000e-04 -5.080966562500000000e+05 4.611015319824218750e-04
1.293222767532251419e-02 3.110071656050955401e-05 -1.367366929936305853e+06 -8.708200636942675936e-05 9.854466878980891488e+04 1.803841560509554282e-04
1.764839556552980082e-02 -9.197078339041095380e-06 -1.010780383561643772e+06 -6.061710723458903943e-05 -1.828616712328766880e+05 3.501160504066780924e-05
2.256548662787912635e-02 -5.538161625708885050e-06 -7.820723175803403137e+05 -4.430529300567108040e-05 -4.739558412098298868e+04 4.615134688090737259e-06
2.777643688250242340e-02 -2.227411037538109702e-05 -5.089441951219512266e+05 5.330341618235518114e-05 -8.035312682926829439e+04 -6.356355620593559888e-05
3.269804980233311648e-02 9.559631347656250867e-06 -4.089779199999999837e+05 -1.706314086914062449e-05 -7.627420799999999872e+04 2.234458923339843723e-06
3.761648458559932462e-02 -6.749673381658800036e-06 -2.740194093054619152e+05 3.786402140930546165e-06 -3.731279298718813516e+04 -3.164938311277815000e-05
4.263843696389812976e-02 -8.263758250645228553e-06 -2.162956071428571304e+05 1.636786120278494553e-05 -3.783577678571428260e+04 -2.760067582130432129e-05
4.756514582339458480e-02 5.962440034888792556e-06 -1.766001988661142532e+05 -1.788732010466637597e-05 -1.180610902747492401e+04 1.469315580026166707e-05
5.262096060748640974e-02 1.393007428458567430e-06 -1.408898988764044771e+05 2.132372909717345420e-06 -2.416516292134831383e+04 6.962358281853493480e-06
5.756031740041873956e-02 6.231931176516089350e-07 -1.166543663366336696e+05 -4.503986623027536894e-06 -3.878390470297029879e+03 -4.751847522093517719e-06
6.254738279606215923e-02 8.144009075300464893e-06 -9.999868923227862979e+04 -2.904297354059356994e-05 -1.598945008584743482e+04 -5.284623535994603571e-06
6.757793472572401483e-02 -6.436044595782073955e-07 -8.722242530755711778e+04 1.072674099297012185e-06 -1.671084710017574616e+04 -2.681685248242530462e-07
7.255917516659465827e-02 4.597217459782406579e-06 -6.997933420122745156e+04 -6.328268478589362393e-06 -9.821336804909800776e+03 1.560358037198367973e-05
7.753384299139773339e-02 3.678047581185135670e-07 -5.856483160361566843e+04 -4.924497039253432241e-06 -6.926434549715433604e+03 1.225505020453213996e-05
8.251793356505521260e-02 -3.219744481077981830e-06 -5.049261926605505141e+04 3.149750035837156138e-06 -6.096868692660550550e+03 -7.051940358013188571e-06
8.752751931716111489e-02 -1.969386277860567504e-06 -4.295573927692108555e+04 1.039661952709926201e-05 -7.572148762472464114e+03 -9.493984149746501213e-06
9.254701955136974967e-02 -4.590155324179580667e-07 -3.574542935278030927e+04 -1.738695198552871345e-07 -3.929035095715587886e+03 -1.100594060683967611e-06
9.754963178921903511e-02 7.858603809012875509e-07 -3.047097079451481113e+04 1.341712845441222756e-06 -5.552273003245053587e+03 1.728253927104051101e-06
1.025319613041059119e-01 5.868765024038461864e-07 -2.703909343339587213e+04 -2.200071180962710938e-06 -5.168713320825516348e+03 6.523633316354947928e-07
1.075116003998943526e-01 -5.783827694262577973e-07 -2.368154927636112916e+04 6.888012981349069612e-07 -3.864287388008270227e+03 -1.194886221382882481e-06
1.125102861506304813e-01 -6.015291351839684616e-07 -2.115428059055422636e+04 -2.044019590732975253e-06 -4.159015536832341240e+03 5.537311583146933636e-06
1.175500852175193622e-01 -4.166814820082491733e-07 -1.771938444033565611e+04 2.048683953207225437e-06 -2.074191864599630208e+03 6.857882724719100933e-07
1.225369446564099490e-01 1.616290135716650227e-08 -1.585665779543197641e+04 1.866815106752731093e-06 -2.102556901688182734e+03 -4.414492433176101343e-06
1.275260957852891452e-01 -2.206195884036578318e-06 -1.358739655590589246e+04 3.931506756235030377e-06 -2.469257579432452076e+03 -5.177262625646856846e-06
1.325302087090364789e-01 -5.856580280988721025e-07 -1.232465518208854701e+04 2.448804035618090936e-07 -2.025533471746815621e+03 4.037101758020733974e-07
1.375062694904859717e-01 -9.023148759239704454e-08 -1.079842365364308353e+04 2.855182071673706365e-06 -1.869664413938754024e+03 -1.400199334246304129e-06
1.425134422753508989e-01 1.054552517277788321e-06 -9.360804760990593422e+03 -1.792739279372240358e-06 -1.490489345363793291e+03 1.168795706649548934e-06
1.475259222195813014e-01 4.379715298817713943e-07 -8.742578158458243706e+03 -2.050819068494008935e-07 -1.733624128661898112e+03 -7.464633812865905381e-07
1.525299430011916868e-01 8.540174466837165975e-07 -7.442328035170780822e+03 -1.412611939756298607e-06 -1.102033987149137602e+03 2.030871549005801680e-06
1.574945685492469272e-01 3.011400114247583253e-07 -6.910023860557284934e+03 -1.108293976473086116e-06 -1.166526954341408100e+03 1.988881673815565713e-06
1.625189323163163113e-01 1.802653291799726354e-06 -6.345978394160584685e+03 -4.364069360886176976e-06 -1.353639416058394318e+03 5.567160836101448770e-06
1.675461007718098694e-01 -3.910281935150911225e-08 -5.702473234624145334e+03 -1.574974668324672566e-06 -1.086541856492027364e+03 3.829360822881816035e-06
1.725292014006662711e-01 1.508928608217688082e-07 -4.984487062003494430e+03 -7.655297805691070866e-07 -1.175800771335333138e+03 7.864032929827850960e-07
1.775301965061671094e-01 2.349283525523725294e-07 -4.247391216557294683e+03 2.368539947864083798e-07 -9.501037985865724522e+02 1.549660587840342690e-06
1.825147654490652804e-01 -7.032323240716121268e-07 -3.883471653520045038e+03 1.891514635772105531e-06 -4.421089840172530785e+02 -3.613306854869235663e-06
1.875360723572403465e-01 2.182262569832402262e-07 -3.322213631284916119e+03 -1.718531773743016768e-06 -5.642517877094971936e+02 8.319876047486033427e-07
1.925323683450522461e-01 2.026443015690264418e-07 -2.799364678162150540e+03 -6.210067306147585104e-08 -3.745403502195566148e+02 -3.292969900496679514e-07
1.975198663583639380e-01 9.015943151637789003e-07 -2.735345592512962867e+03 -1.231973053939547153e-06 -6.116959656001010899e+02 1.519896580956747146e-06
2.025153694923672032e-01 6.736365913436022610e-07 -2.334242207854868411e+03 -1.071560719891380372e-06 -4.797170703464248049e+02 2.329475824683142518e-06
2.075088499274508613e-01 -9.563604768614463262e-07 -2.106147610433030422e+03 2.513896766817565200e-06 -4.481816849481325562e+02 -1.985181769904530289e-06
2.125178062418619784e-01 -9.242101247490836076e-07 -1.879132309303543479e+03 2.406408783028233453e-06 -4.604627770989701503e+02 -3.052623427170154273e-06
2.175004174234404231e-01 -2.170469953339365518e-07 -1.580563925595488627e+03 1.004966117448552360e-06 -2.402210462082316269e+02 3.034162878558728651e-08
2.225093171556767890e-01 -3.713920901227073902e-07 -1.426204999901499150e+03 8.971426086371673355e-07 -4.096684856484308739e+02 -1.191430634723877631e-06
2.275289586476768322e-01 -2.253900420222332934e-07 -1.372856880453084386e+03 1.432336199690513702e-06 -2.313702165926833061e+02 -9.265224071989084398e-07
2.325285406108919262e-01 3.330825473414221893e-07 -1.067471667909701182e+03 -3.641702517599549114e-07 -3.859265093773307171e+02 5.040649216433522140e-07
2.375276552426477672e-01 -8.046469887062752900e-08 -9.430391984531552225e+02 -4.468472943948848926e-07 -3.083470205660045735e+02 2.132314520071629380e-08
2.424991024241769377e-01 -6.594719159927743098e-08 -7.571819762632316042e+02 7.048106102172775684e-07 -1.283690003882970530e+02 -1.188079873655732513e-06
2.474998551644826128e-01 2.169357138568683983e-07 -7.517476785142491735e+02 -1.222462063220461151e-06 -2.256392090938200568e+02 1.127430539920549188e-06
2.525200307756395035e-01 1.689652485114444799e-07 -7.127602845654191697e+02 -2.864857705208011471e-07 -3.474563563253943812e+02 5.891365124424876756e-07
2.575182250600202005e-01 3.265273987594068966e-07 -4.262485954846881668e+02 -9.973183641774085966e-07 -3.768829744430370283e+02 3.336900819494635248e-07
2.625255687975799335e-01 4.979761136389570784e-07 -4.403788725965653157e+02 -1.321551993888001392e-06 -2.233761910195698022e+02 1.536151840062831639e-06
2.675305520911575030e-01 1.382163409094047353e-07 -3.491165822068184639e+02 -2.064817287975863100e-06 -7.742076883776805118e+01 3.215636882559961549e-06
2.725404586615198799e-01 4.729280367390384265e-07 -2.985447188871846151e+02 -9.369785847338287030e-07 -1.356668826360607056e+02 1.447635948635921715e-06
2.775333197047151201e-01 -4.715248616904580408e-07 -1.889407552924755009e+02 7.559977236680764240e-07 -1.706093519787008574e+02 -1.258508927430100021e-06
2.825123907298719983e-01 1.176000046316309555e-07 -2.175310072253442968e+02 9.423077294201198113e-07 -1.467671709998147378e+02 1.074230811538936553e-07
2.875104651677040102e-01 -2.206547738400210596e-07 -1.082913713847921855e+02 1.035323889176522733e-06 -9.164088536678796970e+01 -4.484333359083209429e-07
2.924971317655564174e-01 1.834391869632061286e-07 -2.108575841819926211e+01 3.287794658648233141e-07 -8.331348761400548142e+01 -3.693477475970708131e-07
2.975058823671092867e-01 -1.844509955716910144e-07 3.508466374544889188e+00 6.345690127725807231e-07 -1.170976489654559884e+02 -4.799706232334980778e-08
3.025121359101998753e-01 1.098347835764234146e-07 2.329978708227054440e+01 -1.960864229314826303e-07 -1.113938977994898636e+02 4.500175160422903876e-07
3.075010376196579687e-01 -1.097146561634530029e-07 1.036545853582066172e+02 -1.467114588232220468e-07 -8.064925014370068368e+01 -7.622617099728275340e-08
3.125134169243361515e-01 9.082247260205108302e-08 4.724425397144580785e+01 5.265248749497285761e-07 -1.602452945907902802e+02 6.781002177382867383e-08
3.175159688234982513e-01 6.655698778624829877e-08 1.011441679519800374e+02 6.850572841962943425e-07 -1.255225019893703831e+02 4.830628223900565599e-07
3.225221380836135188e-01 -7.060286637317556249e-08 1.546691617896922821e+02 6.589030733373180673e-08 -1.246150179346800115e+02 1.765285457375591228e-07
3.275181733526948968e-01 1.694793305720103732e-08 1.544171973343206332e+02 3.988413579461310796e-07 -3.807295677526841615e+01 2.994134840105516660e-08
3.325123842131759710e-01 -8.904138720122401627e-08 1.950002045953903860e+02 -5.157885234217244470e-07 -5.996181627333944419e+01 -3.211462227410000333e-07
3.374959366892091861e-01 5.345895337736047443e-08 1.881945135409732757e+02 -1.357857415784956130e-07 -1.359035665487159861e+02 -3.718070207395421188e-07
3.424919221947719805e-01 -1.144514093479402351e-07 2.109031494553667585e+02 2.584058486611272900e-07 -1.242326379918159205e+02 -3.255506754785855533e-08
3.475179778446125245e-01 7.295809494119758089e-08 2.117957820106511519e+02 -3.083932285631018725e-08 -1.463459829450779068e+02 5.280036376630071129e-08
3.525052850529177828e-01 -1.125588463495928439e-07 2.376991058598115956e+02 3.613090241048618887e-07 -9.298451221459365001e+01 -8.996180522637912649e-08
3.575133254796376558e-01 -1.267170325146488470e-07 2.437600386292739358e+02 3.093076804274273934e-07 -1.686087789623747994e+02 -7.439070460379186212e-07
3.625250227669692404e-01 1.757713240899337399e-08 2.535530793555187472e+02 -1.009249073287626091e-07 -1.166542839933744915e+02 2.031566112663637666e-07
3.675230446100045678e-01 2.629732471895982181e-07 2.699756942166233102e+02 -5.897987126054356856e-07 -1.305141832338210577e+02 7.673946470970572839e-07
3.725177060730277545e-01 2.102674917984161616e-07 2.865826519526559650e+02 -3.249985091075104539e-07 -1.635433272342615396e+02 2.939164369277653147e-07
3.775163034622419089e-01 1.531971016266609555e-07 2.279679356782810657e+02 -2.874550011291468281e-07 -1.588849339061239334e+02 4.702183016274367066e-07
3.825226892977953153e-01 -6.433435388513513182e-08 2.697417837837837737e+02 1.398034997888513475e-07 -1.492601216216216073e+02 -2.244485391152871619e-07
3.875130067694269043e-01 -6.916399876360396313e-08 2.416382244467860971e+02 1.341198719213584153e-07 -1.446199947312961172e+02 -7.319217989391974536e-07
3.924957861003909865e-01 3.101551563053133141e-07 2.126205387313745234e+02 -2.819681614162617183e-07 -1.668404338171402799e+02 6.704232538724334919e-07
3.975064703251052212e-01 3.875908255761725036e-08 2.289601635586394934e+02 -3.419307356363453713e-07 -2.470045474258100739e+02 4.384030374657317356e-08
