3.798113400606732779e-03 9.452827368421051651e+05 0.000000000000000000e+00 4.097090105263157748e+06 0.000000000000000000e+00 6.418624842105262913e+06 1.297504471578947306e+08 0.000000000000000000e+00 4.965622298947368264e+08 0.000000000000000000e+00 6.542292345263158083e+08
8.299341265228576958e-03 1.351818000000000000e+06 0.000000000000000000e+00 1.250044750000000000e+06 0.000000000000000000e+00 9.400595625000000000e+05 3.912826800000000000e+07 0.000000000000000000e+00 6.827480000000000000e+07 0.000000000000000000e+00 7.571520000000000000e+05
1.293222767532251419e-02 1.280732535031847190e+06 0.000000000000000000e+00 1.070558267515923595e+06 0.000000000000000000e+00 -7.351305732484077453e+04 1.905331689171974733e+07 0.000000000000000000e+00 3.751032010191082954e+07 0.000000000000000000e+00 -8.805927133757961914e+06
1.764839556552980082e-02 1.115370739726027241e+06 0.000000000000000000e+00 9.957334794520547148e+05 0.000000000000000000e+00 6.435304657534246799e+05 9.103511671232875437e+06 0.000000000000000000e+00 1.953363989041095600e+07 0.000000000000000000e+00 3.717645589041095693e+06
2.256548662787912635e-02 9.955977920604915125e+05 0.000000000000000000e+00 7.559395085066162283e+05 0.000000000000000000e+00 -2.420049451795841160e+05 4.926298495274102315e+06 0.000000000000000000e+00 9.279648665406428277e+06 0.000000000000000000e+00 -2.360743682419659570e+06
2.777643688250242340e-02 9.323285853658536216e+05 0.000000000000000000e+00 8.068575999999999767e+05 0.000000000000000000e+00 -2.005630731707316954e+04 2.880470165853658691e+06 0.000000000000000000e+00 5.385902829268292524e+06 0.000000000000000000e+00 -6.318183804878048832e+05
3.269804980233311648e-02 7.254042240000000456e+05 0.000000000000000000e+00 7.866461439999999711e+05 0.000000000000000000e+00 1.504706879999999946e+05 1.807785472000000067e+06 0.000000000000000000e+00 3.670314751999999862e+06 0.000000000000000000e+00 3.604138240000000224e+05
3.761648458559932462e-02 6.339134403236681828e+05 0.000000000000000000e+00 5.655999784221173031e+05 0.000000000000000000e+00 1.036458530006743094e+05 1.229780067430883413e+06 0.000000000000000000e+00 2.386031514497640077e+06 0.000000000000000000e+00 8.766005124747134687e+04
4.263843696389812976e-02 5.499302857142856810e+05 0.000000000000000000e+00 3.781282142857142608e+05 0.000000000000000000e+00 3.066759151785714130e+04 8.010216428571428405e+05 0.000000000000000000e+00 1.512097571428571362e+06 0.000000000000000000e+00 1.308938928571428551e+05
4.756514582339458480e-02 4.512529472307021497e+05 0.000000000000000000e+00 2.417533990405582299e+05 0.000000000000000000e+00 -1.226380252943741798e+05 5.848888268643697957e+05 0.000000000000000000e+00 9.515195115569123300e+05 0.000000000000000000e+00 -2.076680261665939761e+05
5.262096060748640974e-02 4.410150112359550549e+05 0.000000000000000000e+00 3.152736853932584054e+05 0.000000000000000000e+00 4.006418258426966349e+04 4.502444943820224726e+05 0.000000000000000000e+00 7.806945617977527436e+05 0.000000000000000000e+00 7.154897752808989026e+04
5.756031740041873956e-02 3.967543366336633917e+05 0.000000000000000000e+00 2.684605346534653218e+05 0.000000000000000000e+00 1.346711262376237573e+04 3.610605544554455555e+05 0.000000000000000000e+00 5.779983762376237428e+05 0.000000000000000000e+00 2.090334158415841728e+02
6.254738279606215923e-02 3.725920196222712402e+05 0.000000000000000000e+00 2.069130988471915480e+05 0.000000000000000000e+00 -1.431462153544272587e+04 3.092644827078733942e+05 0.000000000000000000e+00 4.741239303409369313e+05 0.000000000000000000e+00 -1.609073142016188285e+04
6.757793472572401483e-02 3.496368084358523483e+05 0.000000000000000000e+00 2.385221792618629115e+05 0.000000000000000000e+00 3.357778910369068035e+04 2.423552056239015656e+05 0.000000000000000000e+00 3.613591564147627214e+05 0.000000000000000000e+00 6.782134446397187276e+03
7.255917516659465827e-02 3.122261841175376903e+05 0.000000000000000000e+00 2.249102116421796673e+05 0.000000000000000000e+00 2.536681123302956985e+04 2.028779051515715255e+05 0.000000000000000000e+00 2.937926843965036096e+05 0.000000000000000000e+00 1.501574707085735645e+04
7.753384299139773339e-02 2.848209762303314637e+05 0.000000000000000000e+00 1.861629300301305775e+05 0.000000000000000000e+00 8.239045195848677395e+03 1.756356263809842640e+05 0.000000000000000000e+00 2.344476196853029833e+05 0.000000000000000000e+00 1.267258654168061730e+04
8.251793356505521260e-02 2.610197798165137647e+05 0.000000000000000000e+00 1.462067431192660588e+05 0.000000000000000000e+00 2.978426892201835017e+03 1.546319633027522941e+05 0.000000000000000000e+00 1.923133211009174411e+05 0.000000000000000000e+00 1.056710292431192784e+03
8.752751931716111489e-02 2.379300888946481864e+05 0.000000000000000000e+00 1.430953582998574711e+05 0.000000000000000000e+00 7.856162757548270747e+03 1.349679720098483958e+05 0.000000000000000000e+00 1.669874697421277815e+05 0.000000000000000000e+00 2.745913904366982024e+04
9.254701955136974967e-02 2.098232123974475835e+05 0.000000000000000000e+00 1.247677374658158515e+05 0.000000000000000000e+00 2.592602917046490256e+04 1.189704357338195114e+05 0.000000000000000000e+00 1.357984612579763052e+05 0.000000000000000000e+00 1.514585779398359045e+04
9.754963178921903511e-02 1.917756482780278311e+05 0.000000000000000000e+00 1.039985529153145617e+05 0.000000000000000000e+00 1.319305097875013053e+04 1.072102702815869416e+05 0.000000000000000000e+00 1.217628908196378034e+05 0.000000000000000000e+00 1.343859562441118032e+04
1.025319613041059119e-01 1.757160465290806897e+05 0.000000000000000000e+00 1.031646499061913637e+05 0.000000000000000000e+00 4.192888555347091824e+03 9.755227617260787520e+04 0.000000000000000000e+00 9.713269793621012650e+04 0.000000000000000000e+00 1.452714915572232712e+03
1.075116003998943526e-01 1.647048380427291559e+05 0.000000000000000000e+00 8.765022742935905990e+04 0.000000000000000000e+00 -4.535553066850447834e+01 8.909632529290144157e+04 0.000000000000000000e+00 8.602055961405926791e+04 0.000000000000000000e+00 5.622248793935216781e+03
1.125102861506304813e-01 1.548995903223312926e+05 0.000000000000000000e+00 8.440005565432480944e+04 0.000000000000000000e+00 7.048958491149416659e+03 8.272225338177321828e+04 0.000000000000000000e+00 7.160110937620777986e+04 0.000000000000000000e+00 3.182155677514107083e+03
1.175500852175193622e-01 1.483599101123595610e+05 0.000000000000000000e+00 8.241475977812544443e+04 0.000000000000000000e+00 8.079436211065282805e+03 7.777495548286160920e+04 0.000000000000000000e+00 6.519600625800028502e+04 0.000000000000000000e+00 5.885491679704167836e+03
1.225369446564099490e-01 1.392849477656405361e+05 0.000000000000000000e+00 6.869346891757695994e+04 0.000000000000000000e+00 7.692605097649785421e+03 7.353222482621649397e+04 0.000000000000000000e+00 5.809651797418073693e+04 0.000000000000000000e+00 7.037695597484277641e+03
1.275260957852891452e-01 1.335766771768129838e+05 0.000000000000000000e+00 6.478052292020372988e+04 0.000000000000000000e+00 4.428006791171476834e+03 6.877359592529710790e+04 0.000000000000000000e+00 5.031120252243511641e+04 0.000000000000000000e+00 3.991381760853746982e+03
1.325302087090364789e-01 1.289898111217103433e+05 0.000000000000000000e+00 6.213263363447618030e+04 0.000000000000000000e+00 7.552275405420571133e+02 6.621125189383311954e+04 0.000000000000000000e+00 4.319926378991077945e+04 0.000000000000000000e+00 7.684837551203636394e+02
1.375062694904859717e-01 1.196942327349524858e+05 0.000000000000000000e+00 5.917042618796198076e+04 0.000000000000000000e+00 1.040214572333685283e+04 6.152739683210137446e+04 0.000000000000000000e+00 4.233421583949313208e+04 0.000000000000000000e+00 6.746799155227032315e+03
1.425134422753508989e-01 1.135202365137262386e+05 0.000000000000000000e+00 5.109825302361297508e+04 0.000000000000000000e+00 3.695578421961988624e+03 5.879170358994048729e+04 0.000000000000000000e+00 3.734291572278748208e+04 0.000000000000000000e+00 4.112639662123248172e+02
1.475259222195813014e-01 1.049565709599526162e+05 0.000000000000000000e+00 4.942273670782268164e+04 0.000000000000000000e+00 1.040947141099822329e+04 5.645819381292997423e+04 0.000000000000000000e+00 3.210966804865825179e+04 0.000000000000000000e+00 2.848455601621941696e+03
1.525299430011916868e-01 9.863193236388231162e+04 0.000000000000000000e+00 4.632764017585390684e+04 0.000000000000000000e+00 1.037657000338180524e+03 5.345194724382820277e+04 0.000000000000000000e+00 3.190611024687182726e+04 0.000000000000000000e+00 5.220445383834967288e+03
1.574945685492469272e-01 9.367910381364499335e+04 0.000000000000000000e+00 4.018003186799854302e+04 0.000000000000000000e+00 1.591037489384073979e+03 5.174243280624418549e+04 0.000000000000000000e+00 2.719823480406033559e+04 0.000000000000000000e+00 2.111757835564362722e+03
1.625189323163163113e-01 9.129713985401460377e+04 0.000000000000000000e+00 4.219911007299270568e+04 0.000000000000000000e+00 8.968376058394162101e+03 5.002179737226277939e+04 0.000000000000000000e+00 2.590820671532846973e+04 0.000000000000000000e+00 4.933969051094891256e+03
1.675461007718098694e-01 8.560148519362186198e+04 0.000000000000000000e+00 3.782274487471525936e+04 0.000000000000000000e+00 3.543834567198177410e+03 4.829871526195899787e+04 0.000000000000000000e+00 2.318399088838268653e+04 0.000000000000000000e+00 1.554015375854213971e+03
1.725292014006662711e-01 8.185080396875103179e+04 0.000000000000000000e+00 3.650994837986617495e+04 0.000000000000000000e+00 7.873513663183572135e+03 4.657484022810430179e+04 0.000000000000000000e+00 2.188672789003527214e+04 0.000000000000000000e+00 2.546368592807462846e+03
1.775301965061671094e-01 7.837411408379605564e+04 0.000000000000000000e+00 2.991480666330136228e+04 0.000000000000000000e+00 1.580249873801110425e+03 4.545006360424028389e+04 0.000000000000000000e+00 2.022437152953054101e+04 0.000000000000000000e+00 2.050631246845027817e+03
1.825147654490652804e-01 7.569103725368548476e+04 0.000000000000000000e+00 2.994011474489645116e+04 0.000000000000000000e+00 6.272397412035805928e+02 4.372521823392123770e+04 0.000000000000000000e+00 1.860324523619604588e+04 0.000000000000000000e+00 1.083266625306508331e+03
1.875360723572403465e-01 7.354314368715083401e+04 0.000000000000000000e+00 2.907722547486033727e+04 0.000000000000000000e+00 4.568849608938547135e+03 4.236234368715083838e+04 0.000000000000000000e+00 1.599220737430167537e+04 0.000000000000000000e+00 1.937562458100558615e+03
1.925323683450522461e-01 7.143997086858733383e+04 0.000000000000000000e+00 2.755418485594944650e+04 0.000000000000000000e+00 5.634028060404840289e+03 4.177968598050765286e+04 0.000000000000000000e+00 1.585584234764913708e+04 0.000000000000000000e+00 1.128503052372282355e+03
1.975198663583639380e-01 6.884975439484001254e+04 0.000000000000000000e+00 2.643215216896420679e+04 0.000000000000000000e+00 4.320820741115467172e+03 4.026476266599215887e+04 0.000000000000000000e+00 1.540438477298596081e+04 0.000000000000000000e+00 1.065193170608321680e+03
2.025153694923672032e-01 6.581677738106726611e+04 0.000000000000000000e+00 2.323436379426807252e+04 0.000000000000000000e+00 9.953845411560359935e+02 3.968255061275692424e+04 0.000000000000000000e+00 1.384827405191546859e+04 0.000000000000000000e+00 -1.025142695165492626e+02
2.075088499274508613e-01 6.286302796033799677e+04 0.000000000000000000e+00 2.064494996450571489e+04 0.000000000000000000e+00 1.391454532963887459e+03 3.871442643522865546e+04 0.000000000000000000e+00 1.295510426160434145e+04 0.000000000000000000e+00 1.496254551283519163e+02
2.125178062418619784e-01 6.090087065805550810e+04 0.000000000000000000e+00 1.986572874847268395e+04 0.000000000000000000e+00 5.888963518938732705e+03 3.796289753883749654e+04 0.000000000000000000e+00 1.226666015011345917e+04 0.000000000000000000e+00 6.241495898062489687e+02
2.175004174234404231e-01 5.885646528070027853e+04 0.000000000000000000e+00 1.856479555592963516e+04 0.000000000000000000e+00 1.616720814746233600e+03 3.698935510478915967e+04 0.000000000000000000e+00 1.101970002525040036e+04 0.000000000000000000e+00 4.441095551721235779e+01
2.225093171556767890e-01 5.653300131991095986e+04 0.000000000000000000e+00 1.662282902228088642e+04 0.000000000000000000e+00 2.437851106164181147e+03 3.608725249699572305e+04 0.000000000000000000e+00 1.008195299540986161e+04 0.000000000000000000e+00 6.268448612123480643e+02
2.275289586476768322e-01 5.485389744374713337e+04 0.000000000000000000e+00 1.668851921016378401e+04 0.000000000000000000e+00 3.381160875554875474e+03 3.562404041022501042e+04 0.000000000000000000e+00 1.020162742997091664e+04 0.000000000000000000e+00 -1.257888030001530808e+02
2.325285406108919262e-01 5.387395732450475771e+04 0.000000000000000000e+00 1.553047728885089055e+04 0.000000000000000000e+00 1.409972895785203718e+03 3.453406144834736915e+04 0.000000000000000000e+00 9.635255125243302246e+03 0.000000000000000000e+00 6.443309988539829192e+02
2.375276552426477672e-01 5.142239915626648144e+04 0.000000000000000000e+00 1.432845027245561687e+04 0.000000000000000000e+00 3.650293548954121889e+03 3.472204183512040618e+04 0.000000000000000000e+00 9.129675373527861666e+03 0.000000000000000000e+00 -6.924817015292670703e+02
2.424991024241769377e-01 5.025742488140056957e+04 0.000000000000000000e+00 1.345502945992943205e+04 0.000000000000000000e+00 1.825173973967214351e+02 3.358416774433170940e+04 0.000000000000000000e+00 8.945155301943173981e+03 0.000000000000000000e+00 -1.148013944929346906e+02
2.474998551644826128e-01 4.904870240153698251e+04 0.000000000000000000e+00 1.271244213896893962e+04 0.000000000000000000e+00 3.014444060198527040e+03 3.291355030419468676e+04 0.000000000000000000e+00 7.359488696765930399e+03 0.000000000000000000e+00 8.764160742875440064e+02
2.525200307756395035e-01 4.729395706773894199e+04 0.000000000000000000e+00 1.167176591401175392e+04 0.000000000000000000e+00 1.374909000927930720e+03 3.258110337148159670e+04 0.000000000000000000e+00 7.453940241261986557e+03 0.000000000000000000e+00 -4.492985462418806151e+02
2.575182250600202005e-01 4.637954346173906379e+04 0.000000000000000000e+00 9.993727084419939274e+03 0.000000000000000000e+00 2.921170583414052544e+03 3.210550534237389002e+04 0.000000000000000000e+00 6.719467342224871572e+03 0.000000000000000000e+00 -6.217663065345353743e+02
2.625255687975799335e-01 4.451724904433160555e+04 0.000000000000000000e+00 1.008689313630398829e+04 0.000000000000000000e+00 1.143722827637359387e+03 3.149452889827123727e+04 0.000000000000000000e+00 6.650219204655673821e+03 0.000000000000000000e+00 -5.544858218748216814e+02
2.675305520911575030e-01 4.331275668659642542e+04 0.000000000000000000e+00 9.634055978238355237e+03 0.000000000000000000e+00 1.620408099860537732e+01 3.111930429019207077e+04 0.000000000000000000e+00 6.861848800762209066e+03 0.000000000000000000e+00 -5.753460460363705806e+02
2.725404586615198799e-01 4.259671359813825256e+04 0.000000000000000000e+00 8.773697783889563652e+03 0.000000000000000000e+00 9.036346326757285397e+02 3.064298471465594776e+04 0.000000000000000000e+00 6.338644100068757325e+03 0.000000000000000000e+00 7.312867192045273441e+02
2.775333197047151201e-01 4.168271843254839769e+04 0.000000000000000000e+00 7.500061519373432930e+03 0.000000000000000000e+00 1.609850130534804975e+03 3.023840607956160966e+04 0.000000000000000000e+00 6.403395869413498076e+03 0.000000000000000000e+00 -7.370738490965957226e+02
2.825123907298719983e-01 4.031613462607299880e+04 0.000000000000000000e+00 7.061397887976286256e+03 0.000000000000000000e+00 1.771887803371827431e+03 2.980972262088556818e+04 0.000000000000000000e+00 5.267156919656641548e+03 0.000000000000000000e+00 -6.832273204471067629e+02
2.875104651677040102e-01 3.983642060907871928e+04 0.000000000000000000e+00 7.452493392070484333e+03 0.000000000000000000e+00 1.265952499521164555e+03 2.941139245355295861e+04 0.000000000000000000e+00 5.543463321202834777e+03 0.000000000000000000e+00 -1.330918047308944665e+02
2.924971317655564174e-01 3.864057945416083385e+04 0.000000000000000000e+00 6.746396328705683118e+03 0.000000000000000000e+00 3.436333329480169709e+02 2.902410098371267668e+04 0.000000000000000000e+00 4.827679524673732885e+03 0.000000000000000000e+00 -6.965297483498826523e+02
2.975058823671092867e-01 3.779557197406979685e+04 0.000000000000000000e+00 6.243233105408045049e+03 0.000000000000000000e+00 2.529631293846017343e+03 2.850672870970606527e+04 0.000000000000000000e+00 4.806427493117840640e+03 0.000000000000000000e+00 -7.138003729686528231e+02
3.025121359101998753e-01 3.695271626821149403e+04 0.000000000000000000e+00 5.083061173317193607e+03 0.000000000000000000e+00 1.103058579395616334e+03 2.821524845445506071e+04 0.000000000000000000e+00 4.748205611517011675e+03 0.000000000000000000e+00 -9.113305953050019070e+02
3.075010376196579687e-01 3.592084393583111523e+04 0.000000000000000000e+00 5.096390531431258751e+03 0.000000000000000000e+00 1.352852798244239011e+03 2.789865445994670154e+04 0.000000000000000000e+00 4.774010053822438749e+03 0.000000000000000000e+00 -3.612114333490097806e+02
3.125134169243361515e-01 3.530740365976272005e+04 0.000000000000000000e+00 4.560219424894429721e+03 0.000000000000000000e+00 7.512613613512969835e+01 2.751265151819827224e+04 0.000000000000000000e+00 4.037368831691132073e+03 0.000000000000000000e+00 -7.960567866478986616e+02
3.175159688234982513e-01 3.436744733817331871e+04 0.000000000000000000e+00 4.227052843571632366e+03 0.000000000000000000e+00 5.106579953041035083e+02 2.730563637256731818e+04 0.000000000000000000e+00 4.359102553270918179e+03 0.000000000000000000e+00 -1.396335157332180643e+03
3.225221380836135188e-01 3.378463462337171950e+04 0.000000000000000000e+00 3.841235416273362716e+03 0.000000000000000000e+00 5.345307154993392942e+02 2.680132724183500250e+04 0.000000000000000000e+00 3.841575533320748036e+03 0.000000000000000000e+00 -5.010276382858222064e+02
3.275181733526948968e-01 3.322044042947056732e+04 0.000000000000000000e+00 3.480720325805257289e+03 0.000000000000000000e+00 4.063628285820066566e+01 2.656699000370233261e+04 0.000000000000000000e+00 4.340507071455016558e+03 0.000000000000000000e+00 -1.513215549796371761e+03
3.325123842131759710e-01 3.250360610939626713e+04 0.000000000000000000e+00 3.495106683152904225e+03 0.000000000000000000e+00 1.077383171584368938e+03 2.608835546225215148e+04 0.000000000000000000e+00 3.400290845690598417e+03 0.000000000000000000e+00 -6.394202300363824634e+02
3.374959366892091861e-01 3.216046302070560341e+04 0.000000000000000000e+00 2.846050660407105170e+03 0.000000000000000000e+00 5.651798339347651563e+02 2.600874301930420916e+04 0.000000000000000000e+00 3.418372840976772295e+03 0.000000000000000000e+00 -1.296061100795291395e+03
3.424919221947719805e-01 3.133026394086124856e+04 0.000000000000000000e+00 3.157300885914542505e+03 0.000000000000000000e+00 4.371847085982881822e+02 2.571453423230462795e+04 0.000000000000000000e+00 3.209683821016926686e+03 0.000000000000000000e+00 -8.905343656501846681e+02
3.475179778446125245e-01 3.100183043094716777e+04 0.000000000000000000e+00 2.721884797595321288e+03 0.000000000000000000e+00 9.745369359950337866e+02 2.539341719214558543e+04 0.000000000000000000e+00 3.294492109648119367e+03 0.000000000000000000e+00 -6.076043388767275246e+02
3.525052850529177828e-01 3.042539358135079237e+04 0.000000000000000000e+00 2.014315567619351668e+03 0.000000000000000000e+00 -6.120229921762733056e+02 2.529637656075363338e+04 0.000000000000000000e+00 3.166713715471818432e+03 0.000000000000000000e+00 -1.371370653041673222e+03
3.575133254796376558e-01 2.980494877788934173e+04 0.000000000000000000e+00 2.602001916134619933e+03 0.000000000000000000e+00 6.297756283005419391e+02 2.505032726046401149e+04 0.000000000000000000e+00 2.619457197384859683e+03 0.000000000000000000e+00 -9.218694115933809599e+02
3.625250227669692404e-01 2.950015286854389342e+04 0.000000000000000000e+00 1.389747929528685290e+03 0.000000000000000000e+00 2.459498418912814088e+02 2.478053208854088007e+04 0.000000000000000000e+00 2.617775636199367455e+03 0.000000000000000000e+00 -1.027683180243939205e+03
3.675230446100045678e-01 2.879886248350574897e+04 0.000000000000000000e+00 1.476554148532102772e+03 0.000000000000000000e+00 5.182927337809563824e+02 2.442285426007334172e+04 0.000000000000000000e+00 2.593149180937383790e+03 0.000000000000000000e+00 -6.255116535077168010e+02
3.725177060730277545e-01 2.865647847218251627e+04 0.000000000000000000e+00 1.335223740636971797e+03 0.000000000000000000e+00 4.290204985991194917e+02 2.428460769626622641e+04 0.000000000000000000e+00 2.371626050660415331e+03 0.000000000000000000e+00 -4.173124535422265922e+02
3.775163034622419089e-01 2.808206899690389764e+04 0.000000000000000000e+00 9.187166548293006372e+02 0.000000000000000000e+00 -1.277475675936588431e+02 2.412677446714613689e+04 0.000000000000000000e+00 2.411180504892394765e+03 0.000000000000000000e+00 -7.342598382303252720e+02
3.825226892977953153e-01 2.787195502702702652e+04 0.000000000000000000e+00 1.363148648648648532e+03 0.000000000000000000e+00 1.006947243243243179e+03 2.383624821621621595e+04 0.000000000000000000e+00 2.414751351351351332e+03 0.000000000000000000e+00 -3.813774054054053977e+02
3.875130067694269043e-01 2.750809863013698850e+04 0.000000000000000000e+00 9.758763962065332862e+02 0.000000000000000000e+00 6.654427291886196372e+02 2.383661959957850559e+04 0.000000000000000000e+00 2.060295258166491294e+03 0.000000000000000000e+00 -5.739496311907271320e+02
3.924957861003909865e-01 2.698873553245583025e+04 0.000000000000000000e+00 7.049010008689216420e+02 0.000000000000000000e+00 1.205800122292665719e+03 2.361666032890290808e+04 0.000000000000000000e+00 2.324866475718469701e+03 0.000000000000000000e+00 -2.087208830817751846e+02
3.975064703251052212e-01 2.681969939904590865e+04 0.000000000000000000e+00 1.207883823802738561e+03 0.000000000000000000e+00 1.131742122545071652e+03 2.341740848770212688e+04 0.000000000000000000e+00 2.145039836441360876e+03 0.000000000000000000e+00 -5.942498234310141925e+02
