3.798113400606732779e-03 -2.598889802631578732e+03 0.000000000000000000e+00 -1.030439473684210447e+06 0.000000000000000000e+00 2.079432631578947185e+06 6.583273094736842066e+07 0.000000000000000000e+00 1.997726720000000000e+08 0.000000000000000000e+00 1.560174618947368264e+08
8.299341265228576958e-03 8.278383750000000000e+05 0.000000000000000000e+00 1.005156875000000000e+06 0.000000000000000000e+00 1.029876250000000000e+05 2.701262400000000000e+07 0.000000000000000000e+00 4.445166000000000000e+07 0.000000000000000000e+00 -8.644028000000000000e+06
1.293222767532251419e-02 1.056195464968152810e+06 0.000000000000000000e+00 4.158252738853503251e+05 0.000000000000000000e+00 -4.090370191082802485e+05 1.376544122292993777e+07 0.000000000000000000e+00 2.266968866242038459e+07 0.000000000000000000e+00 -5.219195923566879705e+06
1.764839556552980082e-02 9.401818082191779977e+05 0.000000000000000000e+00 1.088265095890410943e+06 0.000000000000000000e+00 1.808302739726027357e+04 8.248031561643835157e+06 0.000000000000000000e+00 1.756086180821917579e+07 0.000000000000000000e+00 1.019134246575342375e+06
2.256548662787912635e-02 8.381850737240075832e+05 0.000000000000000000e+00 5.807578374291115906e+05 0.000000000000000000e+00 -3.663894744801512570e+05 4.251555085066162981e+06 0.000000000000000000e+00 7.302186586011342704e+06 0.000000000000000000e+00 -2.685225618147448171e+06
2.777643688250242340e-02 7.682132292682926636e+05 0.000000000000000000e+00 6.237354536585365422e+05 0.000000000000000000e+00 2.013803512195122021e+05 2.609813229268292896e+06 0.000000000000000000e+00 5.319229814634146169e+06 0.000000000000000000e+00 4.494821463414634345e+05
3.269804980233311648e-02 6.369617280000000028e+05 0.000000000000000000e+00 5.071137920000000158e+05 0.000000000000000000e+00 -4.966497600000000239e+04 1.676971391999999993e+06 0.000000000000000000e+00 3.274712064000000246e+06 0.000000000000000000e+00 -1.478703839999999909e+05
3.761648458559932462e-02 5.417719109912340064e+05 0.000000000000000000e+00 4.148874443695212249e+05 0.000000000000000000e+00 1.505663331085637328e+05 9.991568658125421498e+05 0.000000000000000000e+00 1.910127169251517160e+06 0.000000000000000000e+00 1.581851921780175180e+05
4.263843696389812976e-02 4.349755357142856810e+05 0.000000000000000000e+00 2.456874821428571304e+05 0.000000000000000000e+00 -1.950761383928571377e+04 6.842684285714285215e+05 0.000000000000000000e+00 1.232325000000000000e+06 0.000000000000000000e+00 -2.804822991071428260e+04
4.756514582339458480e-02 4.342797453118186095e+05 0.000000000000000000e+00 3.370172176188399317e+05 0.000000000000000000e+00 -4.868864195377234864e+04 5.247858211949411780e+05 0.000000000000000000e+00 8.921773606628871057e+05 0.000000000000000000e+00 -9.305950283471435250e+04
5.262096060748640974e-02 3.785633707865168690e+05 0.000000000000000000e+00 2.479463370786516753e+05 0.000000000000000000e+00 2.555449438202247256e+04 3.971331235955056036e+05 0.000000000000000000e+00 7.066421573033707682e+05 0.000000000000000000e+00 5.099554494382022676e+04
5.756031740041873956e-02 3.588986534653465496e+05 0.000000000000000000e+00 2.420157227722772222e+05 0.000000000000000000e+00 2.989759158415841739e+04 3.256619405940594152e+05 0.000000000000000000e+00 5.508139801980197662e+05 0.000000000000000000e+00 -2.498912871287128655e+04
6.254738279606215923e-02 3.252137787588913343e+05 0.000000000000000000e+00 2.078563649742457492e+05 0.000000000000000000e+00 1.169162815795928327e+04 2.645623428991905530e+05 0.000000000000000000e+00 4.192996183468236122e+05 0.000000000000000000e+00 -1.008500564140299139e+04
6.757793472572401483e-02 2.976549173989454866e+05 0.000000000000000000e+00 2.028075922671353037e+05 0.000000000000000000e+00 1.624904393673110644e+04 2.058964499121265253e+05 0.000000000000000000e+00 2.956069736379613169e+05 0.000000000000000000e+00 -2.517984007029876739e+04
7.255917516659465827e-02 2.719991906267435406e+05 0.000000000000000000e+00 1.631942510693695513e+05 0.000000000000000000e+00 -2.083273647015064125e+04 1.752234182629719144e+05 0.000000000000000000e+00 2.586381759345360042e+05 0.000000000000000000e+00 4.243485586758415593e+03
7.753384299139773339e-02 2.497450766655507323e+05 0.000000000000000000e+00 1.462963829929695348e+05 0.000000000000000000e+00 1.622794643454971629e+04 1.512963321057917783e+05 0.000000000000000000e+00 2.033048168731168553e+05 0.000000000000000000e+00 7.044741881486441343e+03
8.251793356505521260e-02 2.295938165137614706e+05 0.000000000000000000e+00 1.354076605504587351e+05 0.000000000000000000e+00 -5.693401949541284921e+03 1.307291834862385440e+05 0.000000000000000000e+00 1.717703486238532350e+05 0.000000000000000000e+00 -3.548459862385321230e+03
8.752751931716111489e-02 2.024273640015550191e+05 0.000000000000000000e+00 1.237250040171050932e+05 0.000000000000000000e+00 1.250124348840222956e+04 1.157507881301023735e+05 0.000000000000000000e+00 1.400276708565504814e+05 0.000000000000000000e+00 3.775640533886225512e+03
9.254701955136974967e-02 1.803836499544211547e+05 0.000000000000000000e+00 1.032300893345487711e+05 0.000000000000000000e+00 9.621480401093891487e+03 1.006444120328167774e+05 0.000000000000000000e+00 1.166001093892433855e+05 0.000000000000000000e+00 9.501273473108476537e+03
9.754963178921903511e-02 1.652308761645556369e+05 0.000000000000000000e+00 8.411984339997905772e+04 0.000000000000000000e+00 -4.963757563069192656e+03 9.018340291008060740e+04 0.000000000000000000e+00 9.436905516591646301e+04 0.000000000000000000e+00 2.286001256149900655e+03
1.025319613041059119e-01 1.485060442776735581e+05 0.000000000000000000e+00 7.518260712945590785e+04 0.000000000000000000e+00 8.273584990619136079e+03 8.229556472795497393e+04 0.000000000000000000e+00 8.538191369606004446e+04 0.000000000000000000e+00 4.342211632270168593e+03
1.075116003998943526e-01 1.380085458304617496e+05 0.000000000000000000e+00 7.018648656099241634e+04 0.000000000000000000e+00 -2.247481909028256268e+03 7.518554927636112552e+04 0.000000000000000000e+00 7.138675120606478595e+04 0.000000000000000000e+00 1.892909631288766263e+02
1.125102861506304813e-01 1.332262527633918216e+05 0.000000000000000000e+00 7.477000231893020100e+04 0.000000000000000000e+00 4.486101878333462082e+03 6.965693313751256210e+04 0.000000000000000000e+00 6.261215923320708680e+04 0.000000000000000000e+00 5.277676741130092523e+03
1.175500852175193622e-01 1.262409876262267207e+05 0.000000000000000000e+00 5.883487412885791855e+04 0.000000000000000000e+00 6.697543450433793623e+03 6.468592689517849794e+04 0.000000000000000000e+00 5.408433736310624954e+04 0.000000000000000000e+00 5.183501635613711187e+03
1.225369446564099490e-01 1.205047165839126246e+05 0.000000000000000000e+00 6.165235882158226013e+04 0.000000000000000000e+00 1.032834478649453922e+04 6.077639139357829117e+04 0.000000000000000000e+00 4.724121125455147558e+04 0.000000000000000000e+00 1.433543859649122851e+03
1.275260957852891452e-01 1.151715934998787270e+05 0.000000000000000000e+00 5.618646228474411328e+04 0.000000000000000000e+00 -1.293825612418142100e+03 5.817742032500606001e+04 0.000000000000000000e+00 4.299156536502546805e+04 0.000000000000000000e+00 6.099346107203492465e+03
1.325302087090364789e-01 1.057872918466977135e+05 0.000000000000000000e+00 4.848454834184388892e+04 0.000000000000000000e+00 -6.277979911340553372e+03 5.370579698108972661e+04 0.000000000000000000e+00 3.545704505919982330e+04 0.000000000000000000e+00 8.656757196565848744e+02
1.375062694904859717e-01 1.023060882787750743e+05 0.000000000000000000e+00 4.418994551214361127e+04 0.000000000000000000e+00 1.032792903907075015e+04 5.158620654699049192e+04 0.000000000000000000e+00 3.405896515311510302e+04 0.000000000000000000e+00 6.325360929250264235e+03
1.425134422753508989e-01 9.698155653676329530e+04 0.000000000000000000e+00 4.280296410059511982e+04 0.000000000000000000e+00 4.836432712612785508e+03 4.906592743328853976e+04 0.000000000000000000e+00 3.033628258782875855e+04 0.000000000000000000e+00 2.927016509886734639e+03
1.475259222195813014e-01 8.949284833022006205e+04 0.000000000000000000e+00 3.796453232493507676e+04 0.000000000000000000e+00 4.518055492277552730e+03 4.640737126976172294e+04 0.000000000000000000e+00 2.819514182878491192e+04 0.000000000000000000e+00 5.019025194769693371e+03
1.525299430011916868e-01 8.587974839364220679e+04 0.000000000000000000e+00 3.786248495096381521e+04 0.000000000000000000e+00 3.984712208319242563e+03 4.480341427122083405e+04 0.000000000000000000e+00 2.442417314846127920e+04 0.000000000000000000e+00 3.665965843760568077e+03
1.574945685492469272e-01 8.100165810652323125e+04 0.000000000000000000e+00 3.694633267278682615e+04 0.000000000000000000e+00 5.765821652444695246e+03 4.314756695110607689e+04 0.000000000000000000e+00 2.059393408015529349e+04 0.000000000000000000e+00 1.229114975532818335e+03
1.625189323163163113e-01 7.659699854014598532e+04 0.000000000000000000e+00 3.100380262773723007e+04 0.000000000000000000e+00 3.096550072992701189e+03 4.123362569343065843e+04 0.000000000000000000e+00 1.817253605839416196e+04 0.000000000000000000e+00 2.034952554744525742e+03
1.675461007718098694e-01 7.317849658314351109e+04 0.000000000000000000e+00 2.914483371298405473e+04 0.000000000000000000e+00 2.336630125284737915e+03 3.972598633257402980e+04 0.000000000000000000e+00 1.839173917995444208e+04 0.000000000000000000e+00 6.484117845956718895e+01
1.725292014006662711e-01 7.008039872103372181e+04 0.000000000000000000e+00 2.709980710024063228e+04 0.000000000000000000e+00 2.441960114711408551e+03 3.867849292942611646e+04 0.000000000000000000e+00 1.742240880772654054e+04 0.000000000000000000e+00 1.114672512113920448e+03
1.775301965061671094e-01 6.635751236749115924e+04 0.000000000000000000e+00 2.582606764260474301e+04 0.000000000000000000e+00 1.564796567390206974e+03 3.736794750126198778e+04 0.000000000000000000e+00 1.560931145885916158e+04 0.000000000000000000e+00 2.160894497728419992e+03
1.825147654490652804e-01 6.450800673579721479e+04 0.000000000000000000e+00 2.281721291618659234e+04 0.000000000000000000e+00 2.217732636119235394e+03 3.640920275340482476e+04 0.000000000000000000e+00 1.334715377116015225e+04 0.000000000000000000e+00 -4.281027504505303227e+02
1.875360723572403465e-01 6.270286659217876877e+04 0.000000000000000000e+00 2.205835620111731987e+04 0.000000000000000000e+00 3.229401787709497057e+03 3.517637005586592568e+04 0.000000000000000000e+00 1.340865787709497272e+04 0.000000000000000000e+00 3.743148324022346287e+02
1.925323683450522461e-01 6.035829923958444851e+04 0.000000000000000000e+00 2.111152961336617591e+04 0.000000000000000000e+00 3.308359430223840263e+03 3.460174360072828131e+04 0.000000000000000000e+00 1.184405612080968058e+04 0.000000000000000000e+00 -6.417982221270215177e+02
1.975198663583639380e-01 5.691445615277601610e+04 0.000000000000000000e+00 1.771069158973061712e+04 0.000000000000000000e+00 3.172808903503224883e+03 3.385594334134311066e+04 0.000000000000000000e+00 1.149072447198684677e+04 0.000000000000000000e+00 1.467060882762109486e+03
2.025153694923672032e-01 5.490608356653479132e+04 0.000000000000000000e+00 1.604910083952523564e+04 0.000000000000000000e+00 -6.243381742738589537e+02 3.288447901186915260e+04 0.000000000000000000e+00 1.086202065039081390e+04 0.000000000000000000e+00 2.580335568850719028e+02
2.075088499274508613e-01 5.311307371361835976e+04 0.000000000000000000e+00 1.668602038059035112e+04 0.000000000000000000e+00 3.645582541390918323e+03 3.183673251047654048e+04 0.000000000000000000e+00 9.545306372941904556e+03 0.000000000000000000e+00 1.032921866770477948e+02
2.125178062418619784e-01 5.084519043463082926e+04 0.000000000000000000e+00 1.515907976959329790e+04 0.000000000000000000e+00 3.491798917786699349e+03 3.123796264618607165e+04 0.000000000000000000e+00 9.161945191132834225e+03 0.000000000000000000e+00 1.286412724733810592e+03
2.175004174234404231e-01 4.918916320175069268e+04 0.000000000000000000e+00 1.433168790505849756e+04 0.000000000000000000e+00 1.951567713155458250e+03 3.083396751115225925e+04 0.000000000000000000e+00 8.328632270010941284e+03 0.000000000000000000e+00 -2.839649966332800446e+01
2.225093171556767890e-01 4.806943787553437141e+04 0.000000000000000000e+00 1.283358042591753474e+04 0.000000000000000000e+00 3.788152636866886041e+03 2.994461165067670299e+04 0.000000000000000000e+00 7.737791138866452457e+03 0.000000000000000000e+00 8.352844112606135241e+02
2.275289586476768322e-01 4.609704576764121157e+04 0.000000000000000000e+00 1.273043073626205478e+04 0.000000000000000000e+00 2.505267717740701300e+03 2.971158610133170077e+04 0.000000000000000000e+00 6.986757079442829308e+03 0.000000000000000000e+00 -5.059917725394153081e+02
2.325285406108919262e-01 4.476802153784585244e+04 0.000000000000000000e+00 1.076192720062576154e+04 0.000000000000000000e+00 2.006697687955905849e+03 2.875973936296000102e+04 0.000000000000000000e+00 6.230968657340877144e+03 0.000000000000000000e+00 8.986874465646772592e+01
2.375276552426477672e-01 4.353095278607840009e+04 0.000000000000000000e+00 1.043553805589734657e+04 0.000000000000000000e+00 1.139628546317454720e+03 2.836011784144840931e+04 0.000000000000000000e+00 6.773106275268061836e+03 0.000000000000000000e+00 5.103895939532430930e+02
2.424991024241769377e-01 4.191838036229804129e+04 0.000000000000000000e+00 9.919764455624399488e+03 0.000000000000000000e+00 6.825734978812486133e+02 2.776347725085678758e+04 0.000000000000000000e+00 5.873578849627740965e+03 0.000000000000000000e+00 -6.073526581466412608e+02
2.474998551644826128e-01 4.073596926032660849e+04 0.000000000000000000e+00 9.827621133525455662e+03 0.000000000000000000e+00 1.422738520653218075e+03 2.751040922190201672e+04 0.000000000000000000e+00 6.040815626000640805e+03 0.000000000000000000e+00 -4.023568043547870730e+02
2.525200307756395035e-01 3.987422901330034074e+04 0.000000000000000000e+00 8.015411568202907802e+03 0.000000000000000000e+00 3.166955150015465961e+02 2.688947231673368515e+04 0.000000000000000000e+00 5.400961088772039147e+03 0.000000000000000000e+00 -9.618240643365295455e+02
2.575182250600202005e-01 3.889773221071455191e+04 0.000000000000000000e+00 7.344291602712167332e+03 0.000000000000000000e+00 1.552021220475374321e+03 2.655499959764548112e+04 0.000000000000000000e+00 5.417452410401609086e+03 0.000000000000000000e+00 -7.157177557559049319e+02
2.625255687975799335e-01 3.749253791293432732e+04 0.000000000000000000e+00 7.749329377531807950e+03 0.000000000000000000e+00 1.267484908997546654e+03 2.627905288982712227e+04 0.000000000000000000e+00 4.459784789182403983e+03 0.000000000000000000e+00 -6.451927026872824911e+01
2.675305520911575030e-01 3.645372342276411655e+04 0.000000000000000000e+00 6.482813548556358000e+03 0.000000000000000000e+00 -9.917140056061086852e+02 2.598047395092583611e+04 0.000000000000000000e+00 4.524841358169591331e+03 0.000000000000000000e+00 -1.050576379779345643e+03
2.725404586615198799e-01 3.586147437457026535e+04 0.000000000000000000e+00 5.872836515576241254e+03 0.000000000000000000e+00 1.559236790606653585e+03 2.531963315174273885e+04 0.000000000000000000e+00 3.984392658803617451e+03 0.000000000000000000e+00 -6.470591315385835287e+02
2.775333197047151201e-01 3.468428774523741595e+04 0.000000000000000000e+00 5.172927753508930437e+03 0.000000000000000000e+00 7.547568433840824582e+02 2.505394452917000308e+04 0.000000000000000000e+00 4.099623749579962350e+03 0.000000000000000000e+00 -1.031038126502442537e+03
2.825123907298719983e-01 3.375215740134625958e+04 0.000000000000000000e+00 4.977656221824245222e+03 0.000000000000000000e+00 1.372732711665534453e+03 2.482876857901562471e+04 0.000000000000000000e+00 3.892890804668684268e+03 0.000000000000000000e+00 -3.623734947199407088e+02
2.875104651677040102e-01 3.327842482283087156e+04 0.000000000000000000e+00 4.425590116835855042e+03 0.000000000000000000e+00 8.769139053821106700e+02 2.445067228500287092e+04 0.000000000000000000e+00 3.846411032369278018e+03 0.000000000000000000e+00 8.731224262593372032e+01
2.924971317655564174e-01 3.223907912471534655e+04 0.000000000000000000e+00 4.898028551942572449e+03 0.000000000000000000e+00 3.220390479603278209e+02 2.401975359789154754e+04 0.000000000000000000e+00 3.529087794333537204e+03 0.000000000000000000e+00 -1.045458761516142658e+03
2.975058823671092867e-01 3.156930574549329322e+04 0.000000000000000000e+00 3.511190480419145842e+03 0.000000000000000000e+00 9.055093686173519245e+02 2.370593020158067520e+04 0.000000000000000000e+00 3.430608649320663972e+03 0.000000000000000000e+00 -4.650137643193322106e+02
3.025121359101998753e-01 3.078721231248108597e+04 0.000000000000000000e+00 3.625311486749383675e+03 0.000000000000000000e+00 2.956414119579784483e+02 2.351983813929358803e+04 0.000000000000000000e+00 3.122107301889239352e+03 0.000000000000000000e+00 -1.206764774544982856e+03
3.075010376196579687e-01 3.017695145529602451e+04 0.000000000000000000e+00 2.655339499399070064e+03 0.000000000000000000e+00 2.212113162982703670e+03 2.318170229398547599e+04 0.000000000000000000e+00 2.931005361341903154e+03 0.000000000000000000e+00 -6.070544808486179136e+02
3.125134169243361515e-01 2.939189125276492996e+04 0.000000000000000000e+00 3.179075809370601291e+03 0.000000000000000000e+00 9.140685300623366629e+02 2.288926217574904513e+04 0.000000000000000000e+00 3.108189664186607843e+03 0.000000000000000000e+00 -1.282271063744218736e+03
3.175159688234982513e-01 2.908843162951538034e+04 0.000000000000000000e+00 2.922249707734475578e+03 0.000000000000000000e+00 4.320615771531864198e+02 2.256274413258539425e+04 0.000000000000000000e+00 2.888213849947441304e+03 0.000000000000000000e+00 -6.544681160416932926e+02
3.225221380836135188e-01 2.832170723050783636e+04 0.000000000000000000e+00 2.648449159901831536e+03 0.000000000000000000e+00 2.726850670190673895e+02 2.241040528601095139e+04 0.000000000000000000e+00 2.805455163299981450e+03 0.000000000000000000e+00 -8.848205399282613826e+02
3.275181733526948968e-01 2.773207197334320517e+04 0.000000000000000000e+00 1.747454276194002205e+03 0.000000000000000000e+00 4.355445390596075299e+02 2.211510877452795103e+04 0.000000000000000000e+00 2.537069529803776277e+03 0.000000000000000000e+00 -9.198116253239541038e+02
3.325123842131759710e-01 2.730404405027709436e+04 0.000000000000000000e+00 1.905355239865856674e+03 0.000000000000000000e+00 4.898471227661297007e+02 2.195656642678598655e+04 0.000000000000000000e+00 2.682201873382139638e+03 0.000000000000000000e+00 -5.642823772205272235e+02
3.374959366892091861e-01 2.672816508425883876e+04 0.000000000000000000e+00 1.991003608590547628e+03 0.000000000000000000e+00 1.973634691518060436e+02 2.179191143187471607e+04 0.000000000000000000e+00 2.472069509161615770e+03 0.000000000000000000e+00 -1.094800196195214312e+03
3.424919221947719805e-01 2.625189549041995633e+04 0.000000000000000000e+00 1.700616689863237525e+03 0.000000000000000000e+00 6.979217094900366192e+02 2.141796971389044120e+04 0.000000000000000000e+00 2.284869713057030367e+03 0.000000000000000000e+00 -6.505643684004367060e+02
3.475179778446125245e-01 2.575191296108733150e+04 0.000000000000000000e+00 1.789182735975430433e+03 0.000000000000000000e+00 1.172936648479105997e+03 2.130204253928839535e+04 0.000000000000000000e+00 2.216108994674420956e+03 0.000000000000000000e+00 -3.061621197765217062e+02
3.525052850529177828e-01 2.536265738463994785e+04 0.000000000000000000e+00 9.279988503911863518e+02 0.000000000000000000e+00 3.221041353983713975e+02 2.110271192719144165e+04 0.000000000000000000e+00 1.908116365958805773e+03 0.000000000000000000e+00 -1.235400798339454013e+03
3.575133254796376558e-01 2.489273159552697689e+04 0.000000000000000000e+00 1.039004836323780864e+03 0.000000000000000000e+00 4.814838853078462080e+02 2.083531672172360049e+04 0.000000000000000000e+00 1.990687279165485052e+03 0.000000000000000000e+00 -4.018859669964973023e+02
3.625250227669692404e-01 2.448487733775033848e+04 0.000000000000000000e+00 8.101860563168197586e+02 0.000000000000000000e+00 9.527232645685890020e+02 2.068678331576569690e+04 0.000000000000000000e+00 2.171324800481855164e+03 0.000000000000000000e+00 -7.365875018822465563e+02
3.675230446100045678e-01 2.414999774001414335e+04 0.000000000000000000e+00 8.414749688340659759e+02 0.000000000000000000e+00 3.928798489454614469e+02 2.037566575538204779e+04 0.000000000000000000e+00 1.829442979098776050e+03 0.000000000000000000e+00 -4.162870327843754694e+02
3.725177060730277545e-01 2.380677591629024027e+04 0.000000000000000000e+00 1.702204528560809820e+02 0.000000000000000000e+00 2.532798330379095546e+02 2.026452101320830479e+04 0.000000000000000000e+00 1.729682772028132149e+03 0.000000000000000000e+00 -4.894737263422723004e+02
3.775163034622419089e-01 2.346428768247357220e+04 0.000000000000000000e+00 8.340265202970604150e+02 0.000000000000000000e+00 7.153116858937671623e+02 2.008175169113438824e+04 0.000000000000000000e+00 1.786705428868922354e+03 0.000000000000000000e+00 -8.763788416849973828e+02
3.825226892977953153e-01 2.313382918918918949e+04 0.000000000000000000e+00 4.601241621621621789e+02 0.000000000000000000e+00 7.001738378378378229e+02 1.994684021621621650e+04 0.000000000000000000e+00 1.675804432432432350e+03 0.000000000000000000e+00 -4.714895675675675761e+02
3.875130067694269043e-01 2.288764762908324701e+04 0.000000000000000000e+00 3.482204952581665225e+02 0.000000000000000000e+00 6.663230769230769965e+02 1.981049863013698632e+04 0.000000000000000000e+00 1.675146680716543869e+03 0.000000000000000000e+00 -3.729871970495258324e+02
3.924957861003909865e-01 2.249797171821195298e+04 0.000000000000000000e+00 2.691763267145109921e+02 0.000000000000000000e+00 8.322113732179062708e+02 1.961929855501560814e+04 0.000000000000000000e+00 1.456887201107070496e+03 0.000000000000000000e+00 -3.878045119557172029e+02
3.975064703251052212e-01 2.244021361749582138e+04 0.000000000000000000e+00 2.088808128368750658e+02 0.000000000000000000e+00 1.047680416331082370e+03 1.949055785886872036e+04 0.000000000000000000e+00 1.311811758874914858e+03 0.000000000000000000e+00 -1.867222972554364731e+02
