3.798113400606732779e-03 1.619100164473684163e+04 0.000000000000000000e+00 8.604307565789473301e+03 0.000000000000000000e+00 2.478193256578947330e+04
8.299341265228576958e-03 2.404618359375000000e+04 0.000000000000000000e+00 7.329978027343750000e+03 0.000000000000000000e+00 1.452824218750000000e+04
1.293222767532251419e-02 3.450027707006369747e+04 0.000000000000000000e+00 1.485219745222930032e+04 0.000000000000000000e+00 -1.830225000000000000e+04
1.764839556552980082e-02 3.188534931506849171e+04 0.000000000000000000e+00 1.609782534246575233e+04 0.000000000000000000e+00 1.062976455479451943e+04
2.256548662787912635e-02 3.402038185255198914e+04 0.000000000000000000e+00 1.754053497164461442e+04 0.000000000000000000e+00 -7.927944706994328953e+03
2.777643688250242340e-02 3.387019024390244158e+04 0.000000000000000000e+00 2.310843658536585281e+04 0.000000000000000000e+00 7.442695731707317464e+03
3.269804980233311648e-02 2.833491200000000026e+04 0.000000000000000000e+00 1.690574799999999959e+04 0.000000000000000000e+00 -5.159822500000000218e+03
3.761648458559932462e-02 2.437829265003371620e+04 0.000000000000000000e+00 1.166451517194875305e+04 0.000000000000000000e+00 -2.414280849629129989e+03
4.263843696389812976e-02 2.153368080357142753e+04 0.000000000000000000e+00 1.101365066964285688e+04 0.000000000000000000e+00 4.245971540178571558e+03
4.756514582339458480e-02 1.952556476232010391e+04 0.000000000000000000e+00 9.389808111644135352e+03 0.000000000000000000e+00 -1.224567597034452774e+03
5.262096060748640974e-02 1.823287780898876372e+04 0.000000000000000000e+00 9.247075140449438550e+03 0.000000000000000000e+00 9.228969452247190475e+02
5.756031740041873956e-02 1.723503836633663377e+04 0.000000000000000000e+00 9.985517945544554095e+03 0.000000000000000000e+00 4.887973777846534773e+01
6.254738279606215923e-02 1.658053078243806522e+04 0.000000000000000000e+00 9.123352465047828446e+03 0.000000000000000000e+00 1.865530291881285166e+03
6.757793472572401483e-02 1.568124956063268837e+04 0.000000000000000000e+00 7.433223198594024325e+03 0.000000000000000000e+00 5.278900414652899542e+01
7.255917516659465827e-02 1.423586832806397615e+04 0.000000000000000000e+00 6.467818486144690723e+03 0.000000000000000000e+00 -2.585596522224288947e+02
7.753384299139773339e-02 1.304356879812521038e+04 0.000000000000000000e+00 6.775805825242719038e+03 0.000000000000000000e+00 6.628554569802478227e+02
8.251793356505521260e-02 1.240698050458715625e+04 0.000000000000000000e+00 6.530299885321101101e+03 0.000000000000000000e+00 -1.080711654243119256e+03
8.752751931716111489e-02 1.104862822340287676e+04 0.000000000000000000e+00 5.007282622780873680e+03 0.000000000000000000e+00 9.474637164701309757e+02
9.254701955136974967e-02 1.020738286235186933e+04 0.000000000000000000e+00 4.854276207839562630e+03 0.000000000000000000e+00 2.163518402461257892e+02
9.754963178921903511e-02 9.226967863498377483e+03 0.000000000000000000e+00 4.577619595938448583e+03 0.000000000000000000e+00 9.739498586831361990e+02
1.025319613041059119e-01 8.826580863039400356e+03 0.000000000000000000e+00 4.245924953095684941e+03 0.000000000000000000e+00 2.315579502814258888e+02
1.075116003998943526e-01 8.226191592005512575e+03 0.000000000000000000e+00 4.007351826326671016e+03 0.000000000000000000e+00 1.181530517746381861e+02
1.125102861506304813e-01 7.815426760454511168e+03 0.000000000000000000e+00 3.710041276957563696e+03 0.000000000000000000e+00 5.089826080234985284e+02
1.175500852175193622e-01 7.489314180059735918e+03 0.000000000000000000e+00 3.211914663632484917e+03 0.000000000000000000e+00 1.676477385862608571e+01
1.225369446564099490e-01 7.274794836146971647e+03 0.000000000000000000e+00 3.203274677259185864e+03 0.000000000000000000e+00 2.804663025488248991e+02
1.275260957852891452e-01 6.906677661896676909e+03 0.000000000000000000e+00 2.920841135095804020e+03 0.000000000000000000e+00 3.251367329614358255e+02
1.325302087090364789e-01 6.711521014533415837e+03 0.000000000000000000e+00 2.606062959429886178e+03 0.000000000000000000e+00 -5.331037469838953768e+01
1.375062694904859717e-01 6.337044561774023350e+03 0.000000000000000000e+00 2.728832523759239848e+03 0.000000000000000000e+00 4.790078141499471940e+02
1.425134422753508989e-01 6.089298521789211009e+03 0.000000000000000000e+00 2.552088116721059578e+03 0.000000000000000000e+00 6.543132079093875575e+01
1.475259222195813014e-01 5.704678664176044549e+03 0.000000000000000000e+00 2.295768372135404661e+03 0.000000000000000000e+00 1.093932069798168527e+02
1.525299430011916868e-01 5.463833953331078192e+03 0.000000000000000000e+00 2.210100946905647561e+03 0.000000000000000000e+00 1.476052270037199889e+02
1.574945685492469272e-01 5.302134185303513732e+03 0.000000000000000000e+00 2.234097302543777914e+03 0.000000000000000000e+00 7.790031140049337921e+01
1.625189323163163113e-01 4.964017518248175293e+03 0.000000000000000000e+00 1.899763503649635140e+03 0.000000000000000000e+00 2.009476277372262984e+02
1.675461007718098694e-01 4.805898063781321071e+03 0.000000000000000000e+00 1.950417568337129751e+03 0.000000000000000000e+00 2.377010428530751653e+02
1.725292014006662711e-01 4.659990374789860653e+03 0.000000000000000000e+00 1.844927580182615429e+03 0.000000000000000000e+00 1.997305435606685080e+02
1.775301965061671094e-01 4.462864714790509424e+03 0.000000000000000000e+00 1.567534704694598759e+03 0.000000000000000000e+00 9.857956051236749317e+01
1.825147654490652804e-01 4.401934710035747230e+03 0.000000000000000000e+00 1.616385713019587001e+03 0.000000000000000000e+00 2.693031921179355237e+01
1.875360723572403465e-01 4.234112178770949868e+03 0.000000000000000000e+00 1.557393966480447034e+03 0.000000000000000000e+00 1.625916340782122802e+02
1.925323683450522461e-01 4.094441469422726641e+03 0.000000000000000000e+00 1.462945592802827377e+03 0.000000000000000000e+00 3.070220962300524548e+01
1.975198663583639380e-01 3.961442569874794117e+03 0.000000000000000000e+00 1.368241406348804730e+03 0.000000000000000000e+00 2.547310990261793222e+02
2.025153694923672032e-01 3.819851780372479425e+03 0.000000000000000000e+00 1.238842902634372422e+03 0.000000000000000000e+00 7.332077463089839853e+01
2.075088499274508613e-01 3.723549062263848555e+03 0.000000000000000000e+00 1.248110650575923501e+03 0.000000000000000000e+00 1.613158533513476414e+02
2.125178062418619784e-01 3.672527840809914778e+03 0.000000000000000000e+00 1.204496072613021624e+03 0.000000000000000000e+00 2.392196718449991408e+02
2.175004174234404231e-01 3.537611985523104067e+03 0.000000000000000000e+00 1.107062284319501714e+03 0.000000000000000000e+00 1.025735312684117559e+02
2.225093171556767890e-01 3.435813794054490700e+03 0.000000000000000000e+00 1.177756939382597011e+03 0.000000000000000000e+00 2.060711372904395091e+02
2.275289586476768322e-01 3.352200520434716054e+03 0.000000000000000000e+00 9.541440379611204889e+02 0.000000000000000000e+00 -2.528590186361549286e+01
2.325285406108919262e-01 3.258981681916577600e+03 0.000000000000000000e+00 9.620660324159133552e+02 0.000000000000000000e+00 4.710617030178451614e+01
2.375276552426477672e-01 3.202516575848128014e+03 0.000000000000000000e+00 9.566223940938654096e+02 0.000000000000000000e+00 1.285634206363156977e+02
2.424991024241769377e-01 3.115739131902824283e+03 0.000000000000000000e+00 8.571183630746375002e+02 0.000000000000000000e+00 -1.650898253507335411e+01
2.474998551644826128e-01 3.048262568043548072e+03 0.000000000000000000e+00 8.179362151777137342e+02 0.000000000000000000e+00 9.034828690361831605e+01
2.525200307756395035e-01 2.971476399628827949e+03 0.000000000000000000e+00 8.006893287967832293e+02 0.000000000000000000e+00 -4.417766006804825452e+01
2.575182250600202005e-01 2.921809581998360954e+03 0.000000000000000000e+00 8.214094329781685246e+02 0.000000000000000000e+00 8.407018851054317565e+01
2.625255687975799335e-01 2.835597192902378993e+03 0.000000000000000000e+00 7.999766075198265298e+02 0.000000000000000000e+00 1.410198978718548517e+02
2.675305520911575030e-01 2.792478203835903969e+03 0.000000000000000000e+00 7.354326507504729307e+02 0.000000000000000000e+00 -1.348577890045704830e+00
2.725404586615198799e-01 2.728470090442693163e+03 0.000000000000000000e+00 7.164240757391442003e+02 0.000000000000000000e+00 8.295813058655524230e+01
2.775333197047151201e-01 2.675106366479696135e+03 0.000000000000000000e+00 6.397130302168686740e+02 0.000000000000000000e+00 4.519371171194458014e+01
2.825123907298719983e-01 2.635203063051936169e+03 0.000000000000000000e+00 6.402211819922189306e+02 0.000000000000000000e+00 -7.527296517013524202e+00
2.875104651677040102e-01 2.575122198812488023e+03 0.000000000000000000e+00 5.969678222562727115e+02 0.000000000000000000e+00 -3.005223496456617482e+01
2.924971317655564174e-01 2.507673606214382289e+03 0.000000000000000000e+00 5.516529840825809288e+02 0.000000000000000000e+00 -2.622891548856188138e+01
2.975058823671092867e-01 2.488859248734570428e+03 0.000000000000000000e+00 5.805723736790693010e+02 0.000000000000000000e+00 5.153518781635733603e+01
3.025121359101998753e-01 2.430944792702433915e+03 0.000000000000000000e+00 5.582085080627729212e+02 0.000000000000000000e+00 8.103638143886990886e-01
3.075010376196579687e-01 2.383119276793645895e+03 0.000000000000000000e+00 5.176374980404452799e+02 0.000000000000000000e+00 4.708770967236244331e+01
3.125134169243361515e-01 2.357837924793886941e+03 0.000000000000000000e+00 4.990194248944299602e+02 0.000000000000000000e+00 5.311439272069173967e+01
3.175159688234982513e-01 2.314065644310400785e+03 0.000000000000000000e+00 4.587003173168551484e+02 0.000000000000000000e+00 1.949493478057981566e+00
3.225221380836135188e-01 2.282985387955446640e+03 0.000000000000000000e+00 4.440210307721351910e+02 0.000000000000000000e+00 1.770455092505191885e+01
3.275181733526948968e-01 2.241014291003331891e+03 0.000000000000000000e+00 4.394315808959644869e+02 0.000000000000000000e+00 -4.457407904479822491e+01
3.325123842131759710e-01 2.214767802022825890e+03 0.000000000000000000e+00 4.218286558082852480e+02 0.000000000000000000e+00 4.492203581308876892e+01
3.374959366892091861e-01 2.158380408506463937e+03 0.000000000000000000e+00 3.972329467820481455e+02 0.000000000000000000e+00 -4.611813754685912414e+01
3.424919221947719805e-01 2.142837893473568329e+03 0.000000000000000000e+00 3.691764745101634730e+02 0.000000000000000000e+00 -1.881765724358066327e+00
3.475179778446125245e-01 2.105570490410690127e+03 0.000000000000000000e+00 3.588673179338059640e+02 0.000000000000000000e+00 1.362730952069787982e+01
3.525052850529177828e-01 2.081104646335621965e+03 0.000000000000000000e+00 3.392034488264409902e+02 0.000000000000000000e+00 -3.924768481558358957e+01
3.575133254796376558e-01 2.062621732032405816e+03 0.000000000000000000e+00 3.516518766622468206e+02 0.000000000000000000e+00 2.154205532263874900e+01
3.625250227669692404e-01 2.043114952567384307e+03 0.000000000000000000e+00 3.319870200271043359e+02 0.000000000000000000e+00 -3.720764192139737503e+01
3.675230446100045678e-01 1.991965881503838318e+03 0.000000000000000000e+00 3.144424469085580540e+02 0.000000000000000000e+00 1.758415348949106516e+01
3.725177060730277545e-01 1.970608496769398016e+03 0.000000000000000000e+00 3.132286294242095437e+02 0.000000000000000000e+00 1.841951905483446694e+01
3.775163034622419089e-01 1.960103653953565299e+03 0.000000000000000000e+00 2.780667903269181807e+02 0.000000000000000000e+00 -1.362236676067604080e+01
3.825226892977953153e-01 1.938279567567567483e+03 0.000000000000000000e+00 2.887353783783783570e+02 0.000000000000000000e+00 3.041621621621621685e+01
3.875130067694269043e-01 1.919804214963119193e+03 0.000000000000000000e+00 2.721520811380400460e+02 0.000000000000000000e+00 8.432719474446786379e+00
3.924957861003909865e-01 1.884766530428346186e+03 0.000000000000000000e+00 2.606967592443600665e+02 0.000000000000000000e+00 7.091076497280597835e+01
3.975064703251052212e-01 1.874095136608636494e+03 0.000000000000000000e+00 2.585177374388204043e+02 0.000000000000000000e+00 4.161861718604795612e+01
