3.798113400606732779e-03 9.868421052631578400e-03 3.549252715789473802e+07 -1.809210526315789547e-02 1.253911444210526198e+08 2.837171052631578747e-02 7.494115705263157189e+07 0.000000000000000000e+00 -2.735778694736842066e+07 0.000000000000000000e+00 1.185282694736842066e+08
8.299341265228576958e-03 6.866455078125000000e-03 5.631203200000000000e+07 -1.521301269531250000e-02 4.383234000000000000e+06 5.107879638671875000e-03 1.096501200000000000e+08 0.000000000000000000e+00 9.146338000000000000e+06 0.000000000000000000e+00 7.558514400000000000e+07
1.293222767532251419e-02 -4.876592356687898741e-03 2.448262848407643288e+07 1.338574840764331260e-02 4.241928968152866699e+06 -1.615993232484076378e-02 7.707021859872612357e+07 0.000000000000000000e+00 1.111969589808917232e+07 0.000000000000000000e+00 1.122473661146496795e+07
1.764839556552980082e-02 -1.214014340753424631e-03 2.117986191780821979e+07 2.499933112157534318e-03 9.328606684931505471e+06 -5.943402852097602086e-03 6.649938761643835157e+07 0.000000000000000000e+00 4.231332120547945052e+07 0.000000000000000000e+00 4.518763660273972154e+07
2.256548662787912635e-02 -6.055056710775047609e-04 1.232023277126654051e+07 9.821006616257089376e-04 4.169996219281663798e+04 -9.359493147448015582e-04 4.322599392060491443e+07 0.000000000000000000e+00 2.419198644990548119e+07 0.000000000000000000e+00 -8.447752226843100041e+06
2.777643688250242340e-02 -3.072599085365853677e-04 9.350363785365853459e+06 -8.324599847560975414e-04 1.829616390243902337e+06 -2.938619474085365753e-04 3.971221853658536822e+07 0.000000000000000000e+00 3.783074091707316786e+07 0.000000000000000000e+00 1.541280343414634094e+07
3.269804980233311648e-02 3.710937500000000043e-04 6.994079743999999948e+06 -3.183593750000000117e-04 1.538704640000000130e+06 8.735351562500000711e-04 3.191594598400000110e+07 0.000000000000000000e+00 3.066133094400000200e+07 0.000000000000000000e+00 3.053583871999999974e+06
3.761648458559932462e-02 -3.977368509777477832e-04 4.366677448415374383e+06 9.680019386378961588e-04 1.250560517869184026e+06 -1.433235523432231954e-03 2.379997786109238118e+07 0.000000000000000000e+00 2.100964760080917180e+07 0.000000000000000000e+00 8.647782883344572037e+06
4.263843696389812976e-02 -1.395089285714285637e-04 3.259060285714285448e+06 4.970005580357142547e-04 6.108545000000000000e+05 -5.296979631696428726e-04 1.974993600000000000e+07 0.000000000000000000e+00 1.634516457142857090e+07 0.000000000000000000e+00 5.412113714285713620e+06
4.756514582339458480e-02 -2.044265154819014513e-04 2.327008293065852486e+06 2.521260357610118053e-04 -3.231978717836895157e+04 -8.228167248146532609e-04 1.653103621805495024e+07 0.000000000000000000e+00 1.108240233057130501e+07 0.000000000000000000e+00 -2.013141351940689143e+06
5.262096060748640974e-02 4.059866573033708024e-04 1.849612224719101097e+06 -7.132198033707864971e-05 3.059044943820224726e+05 7.173345330056179678e-04 1.395829644943820126e+07 0.000000000000000000e+00 9.505792000000000000e+06 0.000000000000000000e+00 2.541341123595505487e+06
5.756031740041873956e-02 2.876508353960395884e-04 1.319200316831683274e+06 -9.511815439356435418e-04 -1.266692277227722807e+05 1.202876024907178175e-03 1.213730851485148445e+07 0.000000000000000000e+00 8.407292831683168188e+06 0.000000000000000000e+00 1.551265108910890995e+06
6.254738279606215923e-02 -1.341366200637723759e-05 1.180567138582290849e+06 -9.293751532989943465e-05 1.677424930095658347e+05 -1.461131039980377631e-04 1.094031151532989927e+07 0.000000000000000000e+00 7.832159317144959234e+06 0.000000000000000000e+00 1.416121924944812199e+06
6.757793472572401483e-02 1.373022847100175596e-04 9.859946854130051797e+05 -3.415394332161686918e-04 1.912370333919156401e+05 3.934568596221440649e-04 9.589934565905096009e+06 0.000000000000000000e+00 6.422147824253074825e+06 0.000000000000000000e+00 2.534726186291739868e+05
7.255917516659465827e-02 -2.324716384601078727e-05 7.649124314673610497e+05 -1.540124604798214576e-04 5.957628714896782913e+04 2.608041193974335145e-04 8.650483859401153401e+06 0.000000000000000000e+00 5.386710769574112259e+06 0.000000000000000000e+00 5.746057355402640678e+04
7.753384299139773339e-02 5.557938567124205107e-05 5.454154134583193809e+05 -7.486870187479076550e-05 -6.722385671242049284e+03 1.172888506444593371e-04 7.543712353531972505e+06 0.000000000000000000e+00 4.683927868764647283e+06 0.000000000000000000e+00 6.336577649815869518e+05
8.251793356505521260e-02 1.212303791571101036e-04 4.768555963302752352e+05 -3.254741703698394600e-04 3.260042660550458822e+04 3.139600841277236229e-04 6.972671412844036706e+06 0.000000000000000000e+00 4.111463633027523290e+06 0.000000000000000000e+00 1.686582752293577942e+05
8.752751931716111489e-02 8.554571076843333526e-05 3.658319948166385875e+05 1.181948133989892499e-04 1.386842762731631592e+04 2.853632807438123920e-05 6.172777093689258210e+06 0.000000000000000000e+00 3.529355793183879927e+06 0.000000000000000000e+00 9.347785097835947527e+05
9.254701955136974967e-02 3.004465303099361853e-06 3.115152160437557031e+05 -1.107201102438468447e-05 3.598687784867821392e+03 1.237950981369644546e-06 5.569156083865086548e+06 0.000000000000000000e+00 2.969019857793983538e+06 0.000000000000000000e+00 4.071769261622607009e+05
9.754963178921903511e-02 4.620603475348058153e-05 2.372416556055689289e+05 -9.813671098084370806e-05 4.388445430754737026e+04 9.384322987543180269e-05 5.025623066261907108e+06 0.000000000000000000e+00 2.424345350779859815e+06 0.000000000000000000e+00 1.726450547471998434e+05
1.025319613041059119e-01 -2.729977720450281296e-05 2.012980112570356578e+05 3.756009615384615593e-06 1.210109793621013159e+04 -9.213674806519699969e-05 4.625859097936210223e+06 0.000000000000000000e+00 2.310400480300187599e+06 0.000000000000000000e+00 2.039739076923076937e+05
1.075116003998943526e-01 -1.842412021881461085e-05 1.700934307374224591e+05 -2.729966671691936499e-05 2.024015161957270902e+04 1.429236403504049037e-04 4.375300057891109958e+06 0.000000000000000000e+00 2.241006356995175593e+06 0.000000000000000000e+00 3.174841075120606693e+05
1.125102861506304813e-01 -1.207776145938007370e-05 1.415581751565278100e+05 2.536329906469815410e-05 3.365843456751952181e+04 5.133048620236530985e-06 4.013677903687098995e+06 0.000000000000000000e+00 1.908712412460385123e+06 0.000000000000000000e+00 5.020601079075519810e+05
1.175500852175193622e-01 6.250222230123737600e-07 1.288089523538614740e+05 -5.267548401720950412e-05 1.468567998862181776e+04 1.007240674112857344e-04 3.829370556677571032e+06 0.000000000000000000e+00 1.882858117479732726e+06 0.000000000000000000e+00 2.743082781965581235e+05
1.225369446564099490e-01 -3.491186693147964581e-05 9.783253121482953429e+04 -3.504117014233697886e-05 1.360273286991062741e+04 -4.496519157563721086e-05 3.566754226547501050e+06 0.000000000000000000e+00 1.587709525587553857e+06 0.000000000000000000e+00 1.395743269116186711e+05
1.275260957852891452e-01 -4.559502334465194906e-05 7.875257433907348604e+04 8.461725760975017502e-05 2.047290225563909553e+04 -7.643087841832403985e-05 3.471365463982536923e+06 0.000000000000000000e+00 1.505702713558088755e+06 0.000000000000000000e+00 1.942652709192335606e+05
1.325302087090364789e-01 -1.618008736401225890e-05 7.338049447281297762e+04 1.601012666433736855e-05 1.078493013860052815e+04 -3.616812922029969963e-05 3.274398389315975364e+06 0.000000000000000000e+00 1.372337322484709090e+06 0.000000000000000000e+00 -1.158228409180180606e+05
1.375062694904859717e-01 -4.630164334741288245e-05 7.129082998944033170e+04 1.009045835533262884e-04 1.524730559662090855e+04 -1.014073018413410790e-04 3.154522721858500503e+06 0.000000000000000000e+00 1.291160518690601923e+06 0.000000000000000000e+00 2.246241453009503603e+05
1.425134422753508989e-01 -1.584172225955077793e-05 5.053485889806104387e+04 6.435113805432904409e-05 1.318969168746400464e+04 -7.502555297921865670e-05 2.969765915914762765e+06 0.000000000000000000e+00 1.175142124784027692e+06 0.000000000000000000e+00 8.697303282779804431e+04
1.475259222195813014e-01 1.014425486354731444e-05 5.010064859446899936e+04 -2.820814729600437472e-05 1.670919021367716050e+04 4.758456393229759836e-05 2.782042426351998001e+06 0.000000000000000000e+00 9.948788190805959748e+05 0.000000000000000000e+00 6.176069688824092009e+04
1.525299430011916868e-01 4.375871871829556995e-06 3.802187081501521607e+04 -5.981734285170781248e-05 1.078048765640852253e+04 6.067394041152350152e-05 2.678337796415285673e+06 0.000000000000000000e+00 9.234164139330402249e+05 0.000000000000000000e+00 1.751168454514710756e+05
1.574945685492469272e-01 1.042635580539491081e-05 3.586832854774133011e+04 -2.890944109677680092e-05 7.246813281028834353e+03 2.136613064666154107e-05 2.545047703320256900e+06 0.000000000000000000e+00 9.489790276216281345e+05 0.000000000000000000e+00 9.501712233590810501e+04
1.625189323163163113e-01 7.555885036496351437e-06 3.077729401459854125e+04 -6.051836222627738021e-05 1.694736467153284684e+04 -6.388643362226277566e-05 2.441944011678832117e+06 0.000000000000000000e+00 8.934928443795620697e+05 0.000000000000000000e+00 1.631537518248175329e+05
1.675461007718098694e-01 -5.911042858636460623e-06 2.923374031890660626e+04 1.164938159847042279e-05 1.019455580865603588e+04 5.440994384348527840e-06 2.367272674259680789e+06 0.000000000000000000e+00 7.652781776765375398e+05 0.000000000000000000e+00 1.979616856492027364e+04
1.725292014006662711e-01 3.167542934370570659e-05 1.982748142532221391e+04 -9.914666908395688841e-05 1.788661291492237433e+04 1.355219080660579679e-04 2.251783864719649311e+06 0.000000000000000000e+00 7.477142889540825272e+05 0.000000000000000000e+00 1.768013786465372541e+05
1.775301965061671094e-01 8.911872259117870163e-06 1.495586370519939373e+04 -8.251376972843576249e-05 1.452282483594144287e+04 6.577031050349413442e-06 2.206779961635537446e+06 0.000000000000000000e+00 6.513311337708227802e+05 0.000000000000000000e+00 8.523993942453306227e+04
1.825147654490652804e-01 -9.087925418771603325e-06 1.376695228810304616e+04 1.643039214600136070e-05 3.487946349966025537e+03 -2.751261230944784187e-05 2.126395278797010425e+06 0.000000000000000000e+00 6.393300694259800948e+05 0.000000000000000000e+00 6.483165021123224142e+04
1.875360723572403465e-01 -1.803094448324022206e-05 1.138051843575418934e+04 -2.731919954608938648e-05 1.287743016759776583e+04 -3.986379953736033770e-05 2.049681877094972180e+06 0.000000000000000000e+00 5.749135874860335607e+05 0.000000000000000000e+00 1.142494534078212309e+05
1.925323683450522461e-01 1.307382590767912575e-05 6.035412230909285427e+03 -2.891930290778622434e-05 1.142292642176287882e+04 9.295490220359858428e-06 1.999055717253935756e+06 0.000000000000000000e+00 5.212484626753774937e+05 0.000000000000000000e+00 3.330061047445645954e+02
1.975198663583639380e-01 -1.230120462880991376e-05 5.322935930188440580e+03 2.008208707474389809e-05 9.433326419628176154e+03 -2.995639741684583013e-05 1.939807374326545978e+06 0.000000000000000000e+00 5.331483001897053327e+05 0.000000000000000000e+00 1.173517080055646802e+05
2.025153694923672032e-01 -2.807628966937663037e-05 1.456100646530927406e+03 7.942580330110730663e-05 7.249753160281772580e+03 -9.621812790433815501e-05 1.866884310720833950e+06 0.000000000000000000e+00 4.545119799285921617e+05 0.000000000000000000e+00 6.015027308694394014e+04
2.075088499274508613e-01 -5.579526523391880085e-06 -2.058920515697634457e+00 2.790322332489867088e-05 9.880468432984496758e+03 -3.242750372475326082e-05 1.814183860587602248e+06 0.000000000000000000e+00 4.483287216102956445e+05 0.000000000000000000e+00 8.077269458883877178e+02
2.125178062418619784e-01 -4.858095871879909759e-06 2.212054110665037570e+03 -2.603768927823354819e-05 1.036722359923197837e+04 4.121923887785826915e-05 1.765563319252923829e+06 0.000000000000000000e+00 4.525659514749520458e+05 0.000000000000000000e+00 6.480873031942747912e+04
2.175004174234404231e-01 2.465859355273125372e-07 -1.880073394495412913e+03 -9.822339765171282875e-06 7.562652301994781737e+03 1.612055553509805469e-05 1.704683594983587274e+06 0.000000000000000000e+00 4.280458331790253287e+05 0.000000000000000000e+00 -2.167871121959431184e+04
2.225093171556767890e-01 -2.924243021217076319e-06 1.145012667205137859e+03 2.039274738480329254e-06 1.316778345580268433e+04 -1.037913888122771399e-05 1.670158706093260553e+06 0.000000000000000000e+00 4.060653329918638337e+05 0.000000000000000000e+00 5.542678639112704695e+04
2.275289586476768322e-01 1.050107387494259946e-05 -2.357538037654982418e+03 -1.272461086981478687e-05 9.699226695239553010e+03 3.792625391043548551e-05 1.621547652839430608e+06 0.000000000000000000e+00 3.769250659727537422e+05 0.000000000000000000e+00 1.975246165620694956e+04
2.325285406108919262e-01 -2.877833209029887428e-06 -1.037718516362578157e+03 -1.403387799465192062e-06 1.187893926109180939e+04 -3.508469498662980154e-07 1.584078842486311449e+06 0.000000000000000000e+00 3.222874263365652296e+05 0.000000000000000000e+00 2.305313226493005641e+04
2.375276552426477672e-01 5.887870232026718386e-06 -3.057116259448057917e+03 -4.832173382844085574e-06 1.078999500791000173e+04 2.275541684061346695e-05 1.547936502865178511e+06 0.000000000000000000e+00 3.188620442256987444e+05 0.000000000000000000e+00 5.525537929337317473e+04
2.424991024241769377e-01 -4.517382624550504300e-06 -4.024692721962419455e+03 -1.566245800482838900e-06 5.937488089409619533e+03 -8.173330058835446104e-06 1.514082219843668165e+06 0.000000000000000000e+00 3.245943254604696995e+05 0.000000000000000000e+00 3.928686563233332708e+04
2.474998551644826128e-01 -5.691142331091898791e-06 -3.890591354466858775e+03 2.248313920909381840e-05 6.581065898174832000e+03 -3.140291036263208199e-05 1.477072816650656518e+06 0.000000000000000000e+00 2.787656217739353306e+05 0.000000000000000000e+00 5.278083483829651232e+04
2.525200307756395035e-01 5.316269718527683613e-06 -3.127674605629446432e+03 -1.969436282090937212e-05 7.992764120012372587e+03 3.192782438911228075e-05 1.440887661985771731e+06 0.000000000000000000e+00 2.365368259820600215e+05 0.000000000000000000e+00 7.214484627281163739e+03
2.575182250600202005e-01 -1.286463378287757989e-05 -5.550476179122270878e+03 1.312658333954250729e-05 4.835485880336785158e+03 -2.512532831011101829e-05 1.410144792072125711e+06 0.000000000000000000e+00 2.453761735787198995e+05 0.000000000000000000e+00 -8.004658967290067267e+03
2.625255687975799335e-01 -7.682065081731044031e-06 -4.948165459006105266e+03 1.073608642202031067e-05 6.981823700576253941e+03 -9.239546318269669772e-06 1.385492039481942076e+06 0.000000000000000000e+00 2.403671446339932736e+05 0.000000000000000000e+00 4.966987527814229543e+04
2.675305520911575030e-01 2.346306665193797138e-06 -3.923615525883375994e+03 -1.778608328385412969e-05 7.389944463622429794e+03 2.559699211036853923e-05 1.353319395423979266e+06 0.000000000000000000e+00 2.201281860233909974e+05 0.000000000000000000e+00 3.152725137736291799e+04
2.725404586615198799e-01 -7.928404493044903197e-06 -4.833274871740624803e+03 1.698021483445284657e-05 6.424255566721320065e+03 -9.132514784537471700e-06 1.324028371291056043e+06 0.000000000000000000e+00 2.017406192415507394e+05 0.000000000000000000e+00 5.242105040461204771e+04
2.775333197047151201e-01 -1.114047741173224919e-06 -5.921666709747460118e+03 -1.455646278932939068e-06 7.478232171013518382e+03 -9.832193436902284459e-07 1.303538156796856783e+06 0.000000000000000000e+00 1.917743134386227757e+05 0.000000000000000000e+00 -6.677189546876211352e+03
2.825123907298719983e-01 7.236923361946520828e-07 -5.187090322979065604e+03 1.338830821960106269e-05 5.897938121410486019e+03 -1.725403144877416190e-05 1.283460010819489835e+06 0.000000000000000000e+00 1.893976943123571982e+05 0.000000000000000000e+00 1.933582402272586842e+04
2.875104651677040102e-01 1.072586781447519608e-05 -5.429930664623635494e+03 -2.241910953810333281e-05 7.837094809423481820e+03 2.542132962323130057e-05 1.259834594139053719e+06 0.000000000000000000e+00 1.751965248036774574e+05 0.000000000000000000e+00 3.161018655429994033e+04
2.924971317655564174e-01 -1.174010796564519223e-05 -3.933658509519240397e+03 3.133705741599139658e-05 6.825304188003559830e+03 -4.589930671953207201e-05 1.237114062305656029e+06 0.000000000000000000e+00 1.623625631552786217e+05 0.000000000000000000e+00 8.345747517599324055e+03
2.975058823671092867e-01 -1.685634809852588598e-06 -4.873294734037829585e+03 5.905141882104164407e-06 7.009633247491341535e+03 7.825193751526285653e-07 1.213499288517893525e+06 0.000000000000000000e+00 1.487354430334783683e+05 0.000000000000000000e+00 2.832270242429624341e+04
3.025121359101998753e-01 -1.567042212527290304e-06 -4.637491850763045477e+03 6.619607174135224667e-06 5.505314253599066433e+03 -1.487242954414614677e-05 1.192214101595261833e+06 0.000000000000000000e+00 1.522682820457394700e+05 0.000000000000000000e+00 2.162386407850935939e+04
3.075010376196579687e-01 7.552450749856299982e-07 -5.351317008935569902e+03 1.186959489470658995e-05 6.464702304436432314e+03 -1.695474163270105264e-05 1.171536905471076956e+06 0.000000000000000000e+00 1.249319489575168554e+05 0.000000000000000000e+00 1.938607321941788177e+04
3.125134169243361515e-01 4.735041882415041563e-06 -3.413363362155640516e+03 -9.834600985949126158e-06 5.605064789865272360e+03 1.510690688703373334e-05 1.156313072350693867e+06 0.000000000000000000e+00 1.076018088075608248e+05 0.000000000000000000e+00 7.673116750452443739e+03
3.175159688234982513e-01 -1.630946007014372717e-07 -3.871132968533564053e+03 -2.638295011346779115e-07 6.598703618198072945e+03 8.550474286773879817e-07 1.131802087650185218e+06 0.000000000000000000e+00 1.105882175044945034e+05 0.000000000000000000e+00 4.782624790010904690e+03
3.225221380836135188e-01 9.536095018406645681e-06 -5.007894883896545252e+03 -2.200584130757976472e-05 5.925891334717764948e+03 -2.053901567219652804e-06 1.122226827864829218e+06 0.000000000000000000e+00 9.747227306022276753e+04 0.000000000000000000e+00 1.939178251840664643e+03
3.275181733526948968e-01 5.328430153184006150e-06 -4.385201036653091251e+03 -1.740213766313402575e-05 5.146331580895964180e+03 9.790820927145039702e-06 1.094387204738985514e+06 0.000000000000000000e+00 9.848266923361718364e+04 0.000000000000000000e+00 -9.844352758237690068e+03
3.325123842131759710e-01 -2.745080815179198879e-06 -4.031485914052145290e+03 -8.513225312897515469e-07 4.734794203723636201e+03 6.250271033295675867e-06 1.086458561961269239e+06 0.000000000000000000e+00 1.052649172989850340e+05 0.000000000000000000e+00 4.427287687805225687e+03
3.374959366892091861e-01 1.445530099323827250e-06 -3.075946887152716954e+03 -4.777092073800932238e-06 7.284255193917948418e+03 6.093251505951546984e-06 1.069781047822583467e+06 0.000000000000000000e+00 1.016908809865816584e+05 0.000000000000000000e+00 -8.072817012927863288e+03
3.424919221947719805e-01 4.394934118960905029e-06 -2.541925009792564651e+03 -1.801922988773971206e-05 4.521491270033086948e+03 1.011241785705356364e-05 1.051965614181299927e+06 0.000000000000000000e+00 8.438001003425313684e+04 0.000000000000000000e+00 6.988212852844844747e+03
3.475179778446125245e-01 -3.348438485911106909e-06 -4.808756166889927044e+03 6.201453649351557361e-06 4.217219590289802909e+03 2.583056190743232613e-08 1.040227089489332517e+06 0.000000000000000000e+00 7.661840703107131412e+04 0.000000000000000000e+00 1.677694749567092367e+04
3.525052850529177828e-01 1.169442559476289260e-06 -4.561556314865080822e+03 -6.837340831071371998e-06 2.549614178508702025e+03 5.463245823686731482e-06 1.026615410122944275e+06 0.000000000000000000e+00 7.121196512853265449e+04 0.000000000000000000e+00 -1.273168462398211705e+04
3.575133254796376558e-01 1.024682927623763148e-05 -3.012520483479087488e+03 -2.972628376229200409e-05 3.789342919116125358e+03 3.465976904110875013e-05 1.016569931157115381e+06 0.000000000000000000e+00 8.799210785538548953e+04 0.000000000000000000e+00 1.251736812011864822e+04
3.625250227669692404e-01 -1.235224363800632287e-06 -3.236771088691461955e+03 1.097364501769311815e-05 5.829656497515434239e+03 -3.701077762667519593e-06 1.000920233458816423e+06 0.000000000000000000e+00 7.521914506851376791e+04 0.000000000000000000e+00 -7.586296039753048717e+03
3.675230446100045678e-01 -9.808768631214050555e-06 -2.578465746633714843e+03 1.802723880988051322e-05 3.316387580284174874e+03 -4.511548560477859454e-05 9.937988493610072182e+05 0.000000000000000000e+00 6.312209854996391368e+04 0.000000000000000000e+00 1.944111243794151596e+04
3.725177060730277545e-01 -9.132458105921044338e-06 -2.742991823431871580e+03 2.238443590463336057e-05 4.571393218594545033e+03 -3.439572098883751942e-05 9.826537970152668422e+05 0.000000000000000000e+00 6.467689450511750329e+04 0.000000000000000000e+00 1.928560535193550459e+04
3.775163034622419089e-01 9.343339714593059264e-07 -3.037479868432847525e+03 -1.338370283441708525e-07 2.167220912833313832e+03 3.840449319624398992e-07 9.673414298894642852e+05 0.000000000000000000e+00 5.916339509450355399e+04 0.000000000000000000e+00 1.991844204632432593e+04
3.825226892977953153e-01 -4.909206081081081252e-06 -2.608463567567567679e+03 1.272170608108108057e-05 5.346069189189189274e+03 -3.540698902027026912e-05 9.612617894054054050e+05 0.000000000000000000e+00 5.843413102702702599e+04 0.000000000000000000e+00 3.299056778378378658e+04
3.875130067694269043e-01 -6.502270070468915368e-06 -1.947354478398314086e+03 2.775523886163066439e-05 5.416598103266596809e+03 -2.512554976661288396e-05 9.502508510010538157e+05 0.000000000000000000e+00 4.614417197049526294e+04 0.000000000000000000e+00 8.481736564805058151e+03
3.924957861003909865e-01 -5.804753121681202935e-06 -3.162901502912496653e+03 2.177803830898207557e-05 3.054238264731438903e+03 -1.186603736061049855e-05 9.408780778167541139e+05 0.000000000000000000e+00 4.765779638914814132e+04 0.000000000000000000e+00 2.472124269944968546e+04
3.975064703251052212e-01 -2.135719983272412050e-06 -2.122544873304008433e+03 1.240593151756396890e-05 3.032527253577845386e+03 -1.183040640875720320e-05 9.391492321913141059e+05 0.000000000000000000e+00 4.853145574623629363e+04 0.000000000000000000e+00 2.747138680379158905e+04
