3.798113400606732779e-03 -2.960526315789473520e-02 1.623427772631578743e+08 6.743421052631579093e-02 3.504687966315789223e+08 -8.511513157894735893e-02 1.385421204210526347e+08 0.000000000000000000e+00 1.195986728421052545e+08 0.000000000000000000e+00 6.555620513684209585e+08
8.299341265228576958e-03 5.737304687500000000e-03 5.713287200000000000e+07 -1.385498046875000000e-02 2.418115800000000000e+07 1.948547363281250000e-02 1.356008320000000000e+08 0.000000000000000000e+00 6.056468000000000000e+06 0.000000000000000000e+00 3.870132000000000000e+07
1.293222767532251419e-02 3.781847133757961811e-03 3.340029717197452486e+07 -7.464171974522293071e-03 7.840411719745223410e+06 1.584892515923566961e-02 8.970875271337580681e+07 0.000000000000000000e+00 5.272709380891720206e+07 0.000000000000000000e+00 -1.899113498089171946e+07
1.764839556552980082e-02 -7.063356164383561252e-03 1.979587682191780582e+07 7.384417808219178106e-03 6.969668821917807683e+06 -1.228060787671232841e-02 7.206242893150684237e+07 0.000000000000000000e+00 5.757618849315068126e+07 0.000000000000000000e+00 5.772661830136986077e+07
2.256548662787912635e-02 -5.612003780718336941e-04 1.357486989792060480e+07 1.964201323251417875e-03 1.423766260869565187e+06 -2.403562145557655919e-03 4.932980046880907565e+07 0.000000000000000000e+00 3.505591023062381893e+07 0.000000000000000000e+00 -4.046274540642722044e+06
2.777643688250242340e-02 -8.288871951219511968e-04 1.004806993170731701e+07 2.053163109756097650e-03 1.817071921951219440e+06 -3.850276295731707484e-03 4.148814673170731962e+07 0.000000000000000000e+00 3.957205291707316786e+07 0.000000000000000000e+00 1.244038618536585383e+07
3.269804980233311648e-02 3.671875000000000009e-04 6.510891008000000380e+06 1.953125000000000041e-05 2.460689919999999925e+06 -1.088867187499999991e-03 2.958703001599999890e+07 0.000000000000000000e+00 2.879711436800000072e+07 0.000000000000000000e+00 2.871371520000000019e+06
3.761648458559932462e-02 8.112778152393795893e-04 4.764021556304787286e+06 -7.217211732973701985e-04 1.172127762643290684e+06 2.664310097774780922e-03 2.325043717869184166e+07 0.000000000000000000e+00 1.907398654619015381e+07 0.000000000000000000e+00 6.989271606203640811e+06
4.263843696389812976e-02 7.599421909877231368e-04 3.125736857142856810e+06 -8.230209350585937500e-04 4.270170714285714203e+05 2.136468887329101562e-03 1.992613714285714179e+07 0.000000000000000000e+00 1.552407314285714179e+07 0.000000000000000000e+00 3.482822857142856810e+06
4.756514582339458480e-02 -2.146478412559965252e-04 1.969005522895769682e+06 5.025485172263410892e-04 -1.805499171391190612e+05 -6.988831498037505370e-04 1.557650209158307873e+07 0.000000000000000000e+00 1.039405104230266064e+07 0.000000000000000000e+00 -1.891409500218054978e+06
5.262096060748640974e-02 -4.937675561797752672e-05 1.752787775280898903e+06 2.880310744382022460e-04 1.434092921348314558e+05 -3.394651948735955081e-04 1.446186283146067336e+07 0.000000000000000000e+00 1.137838166292134859e+07 0.000000000000000000e+00 2.062784719101123512e+06
5.756031740041873956e-02 1.039410581683168291e-04 1.360363722772277193e+06 -3.758798731435643650e-04 1.668192871287128655e+05 4.958351059715346331e-04 1.221453433663366362e+07 0.000000000000000000e+00 8.911247841584159061e+06 0.000000000000000000e+00 1.957094178217821755e+06
6.254738279606215923e-02 1.135370676968358968e-04 1.082791841059602564e+06 -3.834870155751778217e-04 -2.389209320578856932e+04 4.924131369573214907e-04 1.089744567476085201e+07 0.000000000000000000e+00 7.513650860927151516e+06 0.000000000000000000e+00 1.386091749816041207e+06
6.757793472572401483e-02 2.188255162565904891e-05 9.317044639718803810e+05 -2.233307474736379353e-04 1.370839367311071837e+05 3.298472855338312404e-05 9.990041420035148039e+06 0.000000000000000000e+00 7.384400534270649776e+06 0.000000000000000000e+00 1.837738966608084273e+06
7.255917516659465827e-02 -1.583713037009484826e-04 7.499342175934535917e+05 2.506334852148038258e-04 1.370890593267621298e+05 -5.446737841733308378e-04 8.675184788543798029e+06 0.000000000000000000e+00 6.085418896782592870e+06 0.000000000000000000e+00 8.939154353728845017e+05
7.753384299139773339e-02 3.792475728155340155e-05 5.988797750251088291e+05 -1.157358972212922730e-04 5.468783394710411812e+04 1.750750648644124659e-04 7.667594070304653607e+06 0.000000000000000000e+00 5.176099224640107714e+06 0.000000000000000000e+00 1.585362147974556545e+06
8.251793356505521260e-02 6.233005348695528356e-05 4.765773211009174702e+05 -1.827030006898652543e-04 -8.968254013761468286e+02 1.543683743258135064e-04 6.867153614678899758e+06 0.000000000000000000e+00 3.921413577981651761e+06 0.000000000000000000e+00 3.181722935779816471e+05
8.752751931716111489e-02 7.036008163794221250e-05 3.715464641700142529e+05 -1.936167714137618321e-04 3.030205105610988903e+04 3.312365354088376516e-04 6.185960513152780011e+06 0.000000000000000000e+00 3.522887223532461096e+06 0.000000000000000000e+00 4.756272665543605108e+05
9.254701955136974967e-02 -1.936210973108477563e-05 2.795660018231540453e+05 -1.100524512876025526e-04 1.676565724703737578e+04 -9.071816067969461455e-05 5.570973053783044219e+06 0.000000000000000000e+00 3.278097268915223423e+06 0.000000000000000000e+00 7.951282989972652867e+05
9.754963178921903511e-02 -5.479299696430440581e-05 2.195193300533863658e+05 1.856419449387626877e-04 1.401561394326389564e+04 -1.425026824034334827e-04 5.064238574688579887e+06 0.000000000000000000e+00 2.625206493457552511e+06 0.000000000000000000e+00 4.450201042604417307e+05
1.025319613041059119e-01 -6.999003283302064377e-05 2.048108307692307571e+05 1.324680464352720563e-04 2.569137335834896930e+03 -1.896784855769230807e-04 4.638034515572232194e+06 0.000000000000000000e+00 2.498265479924953077e+06 0.000000000000000000e+00 4.162560000000000000e+05
1.075116003998943526e-01 2.860365696071674740e-05 1.696664038594072917e+05 -5.939465239490006630e-05 7.541636802205375716e+03 1.601384147786009688e-04 4.353099512060647830e+06 0.000000000000000000e+00 1.999360000000000000e+06 0.000000000000000000e+00 1.064583321847002080e+05
1.125102861506304813e-01 -1.328553760531808040e-05 1.513882229264899215e+05 1.690886604313210386e-05 3.989033392594882912e+02 -1.449331375125608709e-05 4.041718897425987758e+06 0.000000000000000000e+00 2.017806366236376343e+06 0.000000000000000000e+00 3.911576705573162180e+05
1.175500852175193622e-01 -1.805619755369079765e-05 1.263848260560375493e+05 8.347519022898592061e-05 1.863692106386004889e+04 -1.380257409152325487e-04 3.800901288579149637e+06 0.000000000000000000e+00 1.756042176646280801e+06 0.000000000000000000e+00 2.215523072109230561e+05
1.225369446564099490e-01 -2.379179079774909156e-05 1.002318384640847507e+05 -6.465160542866601025e-05 1.499888831512744218e+04 3.245510592519033818e-05 3.610963096193313599e+06 0.000000000000000000e+00 1.560488819331347244e+06 0.000000000000000000e+00 3.291804769281694898e+05
1.275260957852891452e-01 -2.344886914867814513e-05 8.451736308513217955e+04 5.956960192820761360e-05 -8.779291777831675063e+03 -1.471179681815425546e-04 3.500910211011399515e+06 0.000000000000000000e+00 1.578284022313849069e+06 0.000000000000000000e+00 2.274166500121270947e+05
1.325302087090364789e-01 1.380919982043656379e-05 7.646292351719881117e+04 -6.214139919196453199e-05 4.639188822176084614e+03 6.205920157398574395e-05 3.273002104034565855e+06 0.000000000000000000e+00 1.378473163122159196e+06 0.000000000000000000e+00 5.911568419280624221e+04
1.375062694904859717e-01 -4.619852164730728681e-05 5.963060443505807780e+04 5.114836325237592492e-05 7.887737275607179981e+03 -7.919746568109820983e-05 3.113449616895459127e+06 0.000000000000000000e+00 1.266300674973600777e+06 0.000000000000000000e+00 3.436061736008447479e+05
1.425134422753508989e-01 2.334076238241505156e-05 5.381503705125743727e+04 -7.260008218947973933e-05 9.347888654252255947e+03 3.921763639254175323e-05 2.947204103666730691e+06 0.000000000000000000e+00 1.168265067383375019e+06 0.000000000000000000e+00 7.458284661163370765e+04
1.475259222195813014e-01 -1.041120893890382267e-05 4.493205886372955138e+04 1.285828796300514895e-05 1.689444730967242140e+04 -7.776149753405622064e-05 2.781863276504624169e+06 0.000000000000000000e+00 1.157795637523349607e+06 0.000000000000000000e+00 2.742665429860130535e+05
1.525299430011916868e-01 -2.658548571187013850e-05 3.666406222522827011e+04 8.338925642543117904e-06 4.869976327358809613e+03 -3.259198908310787657e-05 2.642576578965167515e+06 0.000000000000000000e+00 9.977639391274939990e+05 0.000000000000000000e+00 1.733452553263442533e+05
1.574945685492469272e-01 2.022081125894770745e-05 3.279081813402353146e+04 -7.456424151736967462e-05 4.967136814008978035e+03 1.093187608686860485e-04 2.517248176001940854e+06 0.000000000000000000e+00 8.815580261252881028e+05 0.000000000000000000e+00 3.154343543494964615e+04
1.625189323163163113e-01 -8.910241788321168648e-07 3.082238598540146268e+04 1.015767563868613279e-06 9.286484671532847642e+03 -1.079475792655109533e-05 2.429309944525547791e+06 0.000000000000000000e+00 8.851473191240876913e+05 0.000000000000000000e+00 2.478184455474452698e+05
1.675461007718098694e-01 -3.041330394006264163e-06 2.395601366742596656e+04 1.789171223216827797e-05 1.180714578587699179e+04 -3.216206891661624383e-05 2.352671781321184244e+06 0.000000000000000000e+00 8.511760182232345687e+05 0.000000000000000000e+00 3.949564920273348253e+04
1.725292014006662711e-01 -7.725714474074563658e-06 2.209326327586775369e+04 3.463695322543429390e-05 1.815692256979925514e+04 -9.624952615617893509e-06 2.267991803012822755e+06 0.000000000000000000e+00 7.979884123018097598e+05 0.000000000000000000e+00 2.064635400995484088e+05
1.775301965061671094e-01 2.649683714033316578e-06 1.821722968197879891e+04 2.147476219396769127e-05 5.201673902069661381e+03 -1.755415460547072074e-05 2.174979101463906933e+06 0.000000000000000000e+00 7.023038869257949991e+05 0.000000000000000000e+00 1.055658596668349346e+05
1.825147654490652804e-01 -1.086223466719844079e-05 1.391136967118674147e+04 1.509605389007060740e-05 6.685690921445242566e+03 -5.502342145909036987e-05 2.102523061360749416e+06 0.000000000000000000e+00 6.495014578864958603e+05 0.000000000000000000e+00 1.176669372802741564e+05
1.875360723572403465e-01 -1.914935405027933110e-05 1.352148022346368816e+04 3.085173708100558522e-05 1.047703687150838050e+04 -4.051506852304469507e-05 2.038965459664804395e+06 0.000000000000000000e+00 5.925335383240223164e+05 0.000000000000000000e+00 6.386914681564245984e+04
1.925323683450522461e-01 -6.013959917532398017e-06 1.237214351504765909e+04 1.294308764860233433e-05 1.710307807646995570e+04 -9.105919744698511622e-06 1.982183022384063341e+06 0.000000000000000000e+00 5.863539483774231048e+05 0.000000000000000000e+00 8.333340816107956925e+04
1.975198663583639380e-01 2.281157123434930781e-05 8.555505754394838732e+03 -5.885064262678638678e-05 1.301483829518148377e+04 6.835134710541291745e-05 1.911631743012520485e+06 0.000000000000000000e+00 6.011623102567344904e+05 0.000000000000000000e+00 1.244713506513216125e+05
2.025153694923672032e-01 -3.062653792338126139e-07 2.627136736466274215e+03 4.034457399522339366e-05 2.661797741966612193e+03 -2.921006054442487775e-05 1.867562563736369833e+06 0.000000000000000000e+00 5.019198795715526794e+05 0.000000000000000000e+00 4.633936890861720167e+04
2.075088499274508613e-01 8.766230048776019158e-06 3.161940598593968389e+03 -6.351044219011198037e-06 1.010451313288602978e+04 1.335061055897776496e-05 1.802871250543864211e+06 0.000000000000000000e+00 4.927034775241017924e+05 0.000000000000000000e+00 1.062232045615883108e+05
2.125178062418619784e-01 3.579649589806248940e-06 3.474350497469017228e+03 -1.044064463693489331e-05 1.382626217489963346e+04 1.481932315303717983e-05 1.757999053237912478e+06 0.000000000000000000e+00 4.530841626810961752e+05 0.000000000000000000e+00 1.060602436725432053e+05
2.175004174234404231e-01 -1.109636709872906418e-06 -9.208047302415621971e+02 7.048247990489016195e-06 5.174517969867856664e+03 -2.043067219983587282e-05 1.691086226411918178e+06 0.000000000000000000e+00 4.088922669808938517e+05 0.000000000000000000e+00 7.005993434896052349e+03
2.225093171556767890e-01 5.694578515001674334e-06 1.474235574555268840e+03 1.312061671361872386e-05 7.788545064124032251e+03 -4.558548578140698748e-05 1.653730486948641716e+06 0.000000000000000000e+00 3.929962356927562505e+05 0.000000000000000000e+00 1.051535192766099935e+05
2.275289586476768322e-01 -8.221481325577836234e-07 4.696176335527322863e+02 2.597240691489361724e-05 9.371819378539721583e+03 6.180124882806520812e-05 1.611488533904791111e+06 0.000000000000000000e+00 3.756090935251798946e+05 0.000000000000000000e+00 2.321105035971222969e+04
2.325285406108919262e-01 5.030656740013279944e-06 6.886542120677423782e+02 -9.307991785456042354e-06 7.657391664999181558e+03 5.218751230184875002e-05 1.592423288523457013e+06 0.000000000000000000e+00 3.733708192749167792e+05 0.000000000000000000e+00 1.095776396412784525e+05
2.375276552426477672e-01 9.089828815751889982e-07 -4.173213710669713691e+03 -2.547110042749714304e-06 1.017119409386535517e+04 6.294988081354231021e-06 1.540553767059237231e+06 0.000000000000000000e+00 3.286193296537176939e+05 0.000000000000000000e+00 6.415536846545965818e+04
2.424991024241769377e-01 -4.055752283355562415e-06 -1.869610115982644857e+03 -2.126796929076697023e-06 6.575771208616818512e+03 -1.042377797216078821e-05 1.511482708895379212e+06 0.000000000000000000e+00 3.241070208836290403e+05 0.000000000000000000e+00 5.649952803335978388e+04
2.474998551644826128e-01 -4.065101665065642145e-07 -1.170850592379122645e+03 -1.222657500800512279e-05 5.291065257764969829e+03 2.131051372878642368e-05 1.469100634005763801e+06 0.000000000000000000e+00 2.942529741914825281e+05 0.000000000000000000e+00 5.717925584373999300e+04
2.525200307756395035e-01 2.055901180211877800e-06 -2.736236313021960996e+03 -1.673888688186282175e-05 7.477921930095886637e+03 2.590808343341614105e-05 1.437035040148468921e+06 0.000000000000000000e+00 2.515348468914321274e+05 0.000000000000000000e+00 6.355347281163006846e+04
2.575182250600202005e-01 -1.309747783324640561e-06 -2.809485790924670255e+03 4.802408538857015248e-07 8.621611146710378307e+03 -7.971270536845242400e-06 1.420822408821995370e+06 0.000000000000000000e+00 2.586378166753594996e+05 0.000000000000000000e+00 1.755947699873332749e+04
2.625255687975799335e-01 1.346799034614451947e-06 -3.032584241456039308e+03 -6.320030763919595238e-06 9.512081702516117730e+03 1.795946065607036574e-05 1.379430884920408484e+06 0.000000000000000000e+00 2.404751270611057116e+05 0.000000000000000000e+00 5.715691858275802952e+04
2.675305520911575030e-01 -4.854427583159580432e-07 -3.819076566189364712e+03 3.047501760539070055e-06 8.623617569489511880e+03 -6.627642103119260359e-06 1.350053839190290077e+06 0.000000000000000000e+00 2.203526937214343634e+05 0.000000000000000000e+00 4.702690766490382521e+04
2.725404586615198799e-01 -5.165084360289839341e-06 -3.337860051832654335e+03 1.136318559263764740e-05 5.886914687681810392e+03 -7.695975696831861338e-06 1.322927085206537275e+06 0.000000000000000000e+00 2.045349417675992881e+05 0.000000000000000000e+00 3.250789400751044377e+04
2.775333197047151201e-01 -7.145248343274226419e-06 -5.206293380205236645e+03 8.977707153323467949e-06 7.891641533331609935e+03 -2.805306695956894279e-05 1.301114881588130258e+06 0.000000000000000000e+00 1.928519790110372996e+05 0.000000000000000000e+00 3.746803215550442837e+04
2.825123907298719983e-01 -1.238720048786512677e-05 -4.869659334280244366e+03 2.266966243129747433e-05 6.508241141233866983e+03 -2.698317029349101481e-05 1.283613904872475890e+06 0.000000000000000000e+00 1.736574490211819939e+05 0.000000000000000000e+00 3.233467972580744754e+04
2.875104651677040102e-01 7.855894464661941707e-06 -3.833135414671518902e+03 -1.066157105918406435e-05 6.199995020111089616e+03 2.698125658398774129e-05 1.259675041562919039e+06 0.000000000000000000e+00 1.998345144608312403e+05 0.000000000000000000e+00 2.593542386515992985e+04
2.924971317655564174e-01 4.966968754696042541e-06 -5.523313412477314159e+03 -6.502213642511183025e-06 7.478498653319307778e+03 1.912282970557976501e-05 1.235268449941624422e+06 0.000000000000000000e+00 1.497962653596735618e+05 0.000000000000000000e+00 -1.615383703429700836e+04
2.975058823671092867e-01 1.223846752619660731e-05 -3.740531746736524383e+03 3.268288714923185913e-06 7.912503685285498250e+03 -4.302027297267671432e-05 1.221276359825948020e+06 0.000000000000000000e+00 1.548244170144747186e+05 0.000000000000000000e+00 4.071432093064559012e+04
3.025121359101998753e-01 7.493832681250269868e-07 -4.159232545069387015e+03 5.219296142082054548e-06 5.476401711988241004e+03 4.640107313372746593e-06 1.197908588128485484e+06 0.000000000000000000e+00 1.445855594656521571e+05 0.000000000000000000e+00 -4.533214474082400557e+03
3.075010376196579687e-01 -1.694198411454251140e-06 -4.984231509641010234e+03 7.246270314051315025e-06 5.028669655640905148e+03 -1.713589839055233409e-05 1.177410128985734424e+06 0.000000000000000000e+00 1.407004894811098929e+05 0.000000000000000000e+00 1.752939967602027536e+04
3.125134169243361515e-01 7.417986816308063756e-06 -5.118191514176553937e+03 -1.461750876608686921e-05 4.163743414437964930e+03 2.004783349619193607e-05 1.158432976794691291e+06 0.000000000000000000e+00 1.273811214156444767e+05 0.000000000000000000e+00 1.891094856223607349e+04
3.175159688234982513e-01 4.178099917969172009e-06 -3.360764861333516819e+03 -3.614464165545087515e-06 7.536577654213044298e+03 9.476875603258146387e-06 1.134606606870941352e+06 0.000000000000000000e+00 1.184870640429900523e+05 0.000000000000000000e+00 -1.079115159493471947e+04
3.225221380836135188e-01 -7.134787379648858499e-06 -4.270404530866528148e+03 1.112621236077024796e-05 6.240340117047385320e+03 -7.911409907730791030e-06 1.126382601472531678e+06 0.000000000000000000e+00 1.054140919010760845e+05 0.000000000000000000e+00 2.119022963941853959e+04
3.275181733526948968e-01 -1.518534801925212902e-06 -3.924486930766383011e+03 1.410068030359126220e-06 3.784304776008885710e+03 -1.816818423731951169e-06 1.108773248426508624e+06 0.000000000000000000e+00 1.104473092928544938e+05 0.000000000000000000e+00 8.739515142539799854e+03
3.325123842131759710e-01 1.737392920999493041e-08 -3.506901909853492270e+03 7.670589746212762557e-06 5.685178006885080322e+03 -1.135603447988293573e-05 1.096387309392707655e+06 0.000000000000000000e+00 1.075437561222946824e+05 0.000000000000000000e+00 3.269836896554791747e+04
3.374959366892091861e-01 -7.013814683109694880e-07 -2.467298602109098738e+03 1.085430589373927138e-05 5.026739445748519756e+03 2.844016319675577610e-07 1.076825169043197995e+06 0.000000000000000000e+00 9.484622863749430689e+04 0.000000000000000000e+00 -2.363368896051571573e+04
3.424919221947719805e-01 1.045831544974956182e-06 -4.138347615198060339e+03 1.975685661810665973e-06 4.940049104501245893e+03 -3.925429004169132474e-06 1.061969236246655928e+06 0.000000000000000000e+00 1.021937645617514936e+05 0.000000000000000000e+00 2.810784588587287362e+04
3.475179778446125245e-01 3.774440225836818084e-06 -2.982347044793674741e+03 -1.008220735797264466e-05 4.271490574051686963e+03 1.603308274573243982e-05 1.048991327735485276e+06 0.000000000000000000e+00 7.930783311007285374e+04 0.000000000000000000e+00 1.330269807560361915e+04
3.525052850529177828e-01 -3.118513491936771537e-08 -3.269569726967906718e+03 5.816027662462078982e-06 4.043700207568258065e+03 4.697260947229761720e-06 1.040120634328596527e+06 0.000000000000000000e+00 7.783574746926393709e+04 0.000000000000000000e+00 -1.779791869711000982e+04
3.575133254796376558e-01 3.240962072031332626e-06 -2.400467475530961110e+03 -8.102405180078331353e-06 5.455407071303201519e+03 2.159674581659909329e-05 1.022444367008760571e+06 0.000000000000000000e+00 7.000255848426086595e+04 0.000000000000000000e+00 2.568505798223360034e+04
3.625250227669692404e-01 9.264182728504742685e-07 -2.175973497967173444e+03 9.925910066255082280e-07 5.572948170456255866e+03 -3.354589976095467485e-06 1.006312015178436879e+06 0.000000000000000000e+00 6.408238951965064916e+04 0.000000000000000000e+00 -7.469478452040354568e+03
3.675230446100045678e-01 -1.893763350319678719e-06 -2.234105723596439475e+03 2.114465094153927114e-06 3.449966450145441286e+03 1.191967401982226261e-05 9.997881247220581863e+05 0.000000000000000000e+00 5.480391353731528216e+04 0.000000000000000000e+00 1.687908935692466912e+04
3.725177060730277545e-01 8.075667651809709393e-06 -1.916983132254560132e+03 -1.628046222804334353e-05 4.928252959002801617e+03 1.907501316675839351e-05 9.890995693292927463e+05 0.000000000000000000e+00 5.704359265824232716e+04 0.000000000000000000e+00 3.958798330379095660e+03
3.775163034622419089e-01 -2.639703904951696659e-06 -2.117227822177477719e+03 8.323148026837493159e-06 3.059747760669144554e+03 -9.582394532515980292e-06 9.789675274063756224e+05 0.000000000000000000e+00 5.132738480633839208e+04 0.000000000000000000e+00 4.771585025616979692e+03
3.825226892977953153e-01 -1.893739442567567452e-06 -2.112073513513513717e+03 7.753114442567567786e-07 4.242845837837838189e+03 -1.049557247677364817e-05 9.678603347027027048e+05 0.000000000000000000e+00 5.010464864864864649e+04 0.000000000000000000e+00 2.635039827027027059e+04
3.875130067694269043e-01 1.286304662802950647e-07 -2.023362908324552336e+03 -1.447092745653319399e-05 4.111455005268704554e+03 1.855816052258956901e-05 9.592858975763962371e+05 0.000000000000000000e+00 5.050713761854584300e+04 0.000000000000000000e+00 1.147256311907270901e+04
3.924957861003909865e-01 4.852484472049689621e-06 -1.287019959450326724e+03 -1.406717648762591469e-05 4.383711028867505775e+03 2.828835021562128130e-05 9.465200202362179989e+05 0.000000000000000000e+00 4.202550968364818254e+04 0.000000000000000000e+00 2.675952437164097500e+04
3.975064703251052212e-01 -1.385495399913264410e-06 -2.593712508518679442e+03 1.512852073136732600e-05 3.530602168391053965e+03 -1.265020827202465794e-05 9.447108191066229483e+05 0.000000000000000000e+00 4.491756238151292200e+04 0.000000000000000000e+00 4.753675276624744583e+04
