3.798113400606732779e-03 -7.709703947368420625e-05 -1.818140210526315728e+06 8.994654605263157395e-05 4.133804210526315728e+05 -3.886975740131578833e-04
8.299341265228576958e-03 -6.008148193359375000e-05 -1.463388375000000000e+06 1.730918884277343750e-04 -4.959376875000000000e+05 -1.856088638305664062e-04
1.293222767532251419e-02 -8.163938097133757843e-06 -1.479969324840764515e+06 -6.822719695461783957e-05 -3.972777866242038272e+03 -9.281620098527069697e-06
1.764839556552980082e-02 -3.762441138698629928e-06 -1.320997589041095925e+06 4.264099957191780246e-05 -5.215429041095889988e+05 -1.066024989297945062e-05
2.256548662787912635e-02 -1.846053875236294946e-06 -7.399381172022684477e+05 2.769080812854442525e-06 -5.106922495274102403e+04 -2.999837547258979473e-06
2.777643688250242340e-02 -1.447724133003048711e-05 -4.841603121951219509e+05 4.218496927400914654e-05 -1.681886097560975759e+04 -5.696459514338795963e-05
3.269804980233311648e-02 -3.051757812500000169e-06 -3.929227839999999851e+05 1.129150390624999986e-05 -4.216724799999999959e+04 -3.524780273437500166e-06
3.761648458559932462e-02 -1.317009440323668222e-06 -2.866585246122723911e+05 3.292523600809170534e-05 -5.419982198246796906e+04 -1.349934676331760007e-05
4.263843696389812976e-02 -2.861022949218750000e-06 -2.174388035714285506e+05 1.341956002371651762e-05 -5.432417968750000000e+03 -7.544245038713727558e-06
4.756514582339458480e-02 -2.129442869603139835e-06 -1.730300427387701639e+05 -2.555331443523768057e-06 -2.496147579590056921e+04 -1.692907081334496449e-05
5.262096060748640974e-02 5.422013529231039440e-06 -1.446974157303370885e+05 -9.108125493767555133e-06 -3.545926685393258231e+04 1.692504025577159425e-05
5.756031740041873956e-02 4.758929262066831675e-06 -1.135124752475247515e+05 -1.624079033879950455e-06 -1.019303279702970394e+04 1.016937860167852694e-05
6.254738279606215923e-02 8.862598111356389212e-06 -9.904518812852587143e+04 -5.868477127790041551e-06 -1.610544910473387245e+04 1.577901758339465295e-05
6.757793472572401483e-02 -2.681685248242530462e-07 -8.467221089630930510e+04 -8.313224269551844643e-07 -9.875057117750438920e+03 3.010191691152240650e-06
7.255917516659465827e-02 1.589161591035893734e-06 -6.824110991259066213e+04 -2.565360854100799585e-06 -6.268127952389808343e+03 3.581289156941603294e-06
7.753384299139773339e-02 9.041866970413458831e-07 -6.061121392701708101e+04 -3.731685775077419188e-06 -9.120464680281218534e+03 7.097482441818191857e-06
8.251793356505521260e-02 -8.530573013725631472e-07 -5.080720183486238966e+04 1.292709910541499565e-06 -6.951917431192660842e+03 -5.328873975561299999e-06
8.752751931716111489e-02 3.005489098743034783e-07 -4.257873474147984962e+04 8.391641930964105289e-06 -6.260633925100428314e+03 -5.906181538122004122e-06
9.254701955136974967e-02 2.475901962739289091e-06 -3.576456153144940617e+04 -3.519119081871011580e-06 -4.504464904284412114e+03 8.578722109659866796e-06
9.754963178921903511e-02 4.216811799958128451e-07 -3.103370585156495508e+04 -2.996492021485397087e-06 -3.716280540144457063e+03 8.353759740068564807e-07
1.025319613041059119e-01 -1.969614798311444545e-06 -2.565721575984990704e+04 4.580499530956848450e-06 -3.602343714821763569e+03 -3.068934685741088072e-06
1.075116003998943526e-01 1.908663139106650604e-06 -2.263708476912473998e+04 -5.129203559775585557e-06 -3.202534114403859348e+03 7.708922162046110495e-06
1.125102861506304813e-01 4.812233081471748328e-07 -2.076015645049084196e+04 -7.128709986376285541e-06 -3.584329597279122027e+03 -2.650266601487014013e-06
1.175500852175193622e-01 -5.930115362435108559e-07 -1.781539581851799085e+04 -3.230909147603025936e-07 -2.744228132555824232e+03 -2.674180910981001531e-06
1.225369446564099490e-01 1.276869207216153709e-06 -1.587773161204899225e+04 -4.485205126613704190e-06 -2.371936974511751032e+03 3.541695759889109605e-06
1.275260957852891452e-01 1.199089899648314336e-06 -1.407848556876061048e+04 -3.412224961344894387e-06 -2.381806451612902947e+03 1.456302084912381619e-06
1.325302087090364789e-01 -1.250088773427416996e-06 -1.215514370686268921e+04 3.489973863349419083e-06 -1.542637225744907710e+03 -4.110737124126732089e-06
1.375062694904859717e-01 -3.262835042403643123e-08 -1.113809588173178417e+04 -4.598180494942911727e-07 -1.874220696937697994e+03 4.312682428732593094e-07
1.425134422753508989e-01 4.042451316231522427e-07 -9.539796506047225193e+03 -8.700058267541754708e-07 -1.248691207525436766e+03 9.307890621250479744e-07
1.475259222195813014e-01 -7.786160531231491366e-08 -8.665265114583808099e+03 -1.946540132807872775e-07 -1.611462572326757481e+03 -5.770101107966194308e-07
1.525299430011916868e-01 6.850200365393556942e-07 -7.581120730470071067e+03 -3.425100182696778683e-06 -1.647558505241799139e+03 2.214059581376024954e-06
1.574945685492469272e-01 1.125572501718768819e-06 -6.686505924697697992e+03 -2.033929257491810471e-06 -8.514842075464066511e+02 1.130509223217535336e-06
1.625189323163163113e-01 -1.510285983120438179e-06 -6.229331386861314058e+03 3.682157419023722739e-06 -1.534126131386861516e+03 -5.343360622433851166e-06
1.675461007718098694e-01 -2.215826429918849562e-07 -5.305440205011389480e+03 -9.319505278776337427e-07 -1.056664507403188964e+03 -1.944822168024362729e-06
1.725292014006662711e-01 -4.506666776543494832e-07 -4.985912120512905858e+03 1.227261934683719562e-06 -1.199917724231137072e+03 -1.282589316985034949e-06
1.775301965061671094e-01 -5.892465236149672005e-07 -4.375558808682483686e+03 1.457711171165131198e-06 -8.784396769308430066e+02 -1.376352786777117055e-06
1.825147654490652804e-01 -1.179266512673934297e-06 -3.814188188720494054e+03 2.926528364021093909e-06 -8.592346007267570940e+02 -1.792791636431283084e-06
1.875360723572403465e-01 -4.133831855305080368e-07 -3.603218547486033458e+03 6.788402962285047375e-07 -8.070152513966480683e+02 -4.745262295174199031e-07
1.925323683450522461e-01 1.673041159123313201e-07 -3.125831637570954172e+03 1.994779843570104140e-07 -6.325015529613366425e+02 -1.633972890297631298e-07
1.975198663583639380e-01 -2.717133552548374688e-07 -2.659997470595674713e+03 -3.967632517073478981e-07 -6.335890223852281906e+02 7.684393328300871826e-07
2.025153694923672032e-01 -1.730104906729470461e-07 -2.247576377496864097e+03 -2.742400330879692551e-07 -2.465736273279938473e+02 1.828573643442264650e-07
2.075088499274508613e-01 -3.410331842954956886e-07 -2.228791682887173920e+03 7.910851734067645293e-07 -4.440902699855732862e+02 -4.954764911178410403e-07
2.125178062418619784e-01 -4.203225081036448438e-07 -1.832355559434456381e+03 9.282885015603863817e-07 -5.295891953220457253e+02 -9.086873232121866201e-08
2.175004174234404231e-01 6.678369087198047442e-08 -1.725413854052689203e+03 1.009461173564935726e-06 -4.404597256123221882e+02 -5.586712601790674672e-08
2.225093171556767890e-01 5.338667357814069688e-07 -1.420103938062685984e+03 -1.406810992937491494e-06 -2.537750044325368037e+02 1.403804986542325859e-06
2.275289586476768322e-01 -7.766029945325654943e-08 -1.317089392315934447e+03 2.688914879565762394e-07 -1.880745446196234525e+02 -4.839900805211881146e-07
2.325285406108919262e-01 -1.415600826201044146e-07 -1.131528059229076234e+03 5.837271642158424005e-07 -2.683322540156077025e+02 -6.334813697249672625e-07
2.375276552426477672e-01 -3.551175376823695093e-07 -9.714567762348391398e+02 1.209652639688433942e-06 -3.038208120935138368e+02 -5.258368071195508789e-07
2.424991024241769377e-01 -3.709529527459355658e-08 -8.219025880843448704e+02 8.552526410531292252e-07 -1.951689429878614988e+02 -1.204051459121182499e-06
2.474998551644826128e-01 9.625300817523214882e-08 -8.093390970220941654e+02 3.300452133115193621e-07 -8.451353666346462035e+01 -9.708972531482648387e-07
2.525200307756395035e-01 2.397607436978039196e-07 -5.607023816888339525e+02 8.684247409526755902e-08 -1.732316579028766057e+02 2.416486235694401642e-07
2.575182250600202005e-01 -1.382511549064898305e-07 -4.971135980925415083e+02 9.131852600402354392e-07 -1.710035615825944433e+02 -1.037793208870426906e-06
2.625255687975799335e-01 -2.324468922055970735e-07 -4.770385690648713535e+02 1.697645841950989829e-08 -1.398079106521367123e+02 -7.444612310760719256e-07
2.675305520911575030e-01 5.478086682384943342e-08 -3.430762900263735560e+02 -6.122815345773325549e-07 -1.871645931428729170e+02 2.447229877534658427e-07
2.725404586615198799e-01 9.866118172584889040e-08 -3.664705400116358760e+02 -2.063007327498578562e-07 -1.098753173427830916e+02 6.867443707553336274e-08
2.775333197047151201e-01 -1.309462602101481101e-07 -1.967961976891462257e+02 2.074630508148732030e-07 -2.475360457001059729e+02 -5.539578989914247118e-07
2.825123907298719983e-01 -4.523077101216575021e-09 -1.113144074600135838e+02 -7.312307980300129714e-08 -9.189327487185821042e+01 -3.203846280028407272e-09
2.875104651677040102e-01 -2.206547738400210596e-07 -1.007450919364106454e+02 1.141998051364082560e-06 -1.654919555640681779e+02 6.338344910801929939e-08
2.924971317655564174e-01 -1.989609643216312536e-07 -2.748008010727207306e+01 2.716311037724398728e-07 -9.486931417540371569e+01 -8.154224628181749741e-07
2.975058823671092867e-01 1.239835893098969812e-07 4.692249800195364173e+01 -5.809613542799817879e-07 -1.482149453867329782e+02 7.626176377975562045e-07
3.025121359101998753e-01 -2.491897267026663279e-07 5.154041113656997197e+01 5.378770970488062508e-07 -8.771834875275604304e+01 -6.828598359551474370e-07
3.075010376196579687e-01 1.738211849101217587e-08 6.794267126508857757e+01 3.399081244366280161e-07 -9.397235721377437301e+01 1.066648119786767815e-07
3.125134169243361515e-01 -7.337136405731575418e-08 5.367418560225216595e+01 1.337215163543289985e-07 -1.271549869294188682e+02 -7.281283269867244678e-07
3.175159688234982513e-01 -9.593800041261015204e-08 9.007780648583863581e+01 2.182589509386881058e-07 -9.548040592979732821e+01 -2.476399635650499459e-07
3.225221380836135188e-01 -2.534969676231829473e-08 1.974310175571078219e+02 2.707808517793090732e-07 -1.216380781574476231e+02 -1.489294684786199902e-07
3.275181733526948968e-01 4.632435035634949804e-08 1.847924472417623178e+02 -1.203303247061273524e-07 -1.433551925212884157e+02 5.258096230996621914e-07
3.325123842131759710e-01 -2.422000385475367254e-07 1.675375432541341638e+02 3.448911582189179203e-07 -7.419504167519147586e+01 -3.450714297011993388e-07
3.374959366892091861e-01 -1.147362786861599287e-07 2.209243597379392554e+02 2.740105479048332866e-07 -3.429202212451389187e+01 -2.354115129740859774e-07
3.424919221947719805e-01 -1.648100294610339492e-07 2.034189800731733726e+02 1.176560488096825519e-06 -5.396788872313295826e+01 -1.673406772899495141e-06
3.475179778446125245e-01 -1.581615587962925190e-07 2.400501682621622308e+02 5.270182437904829062e-07 -1.335496210017316230e+02 -7.003073512068699847e-07
3.525052850529177828e-01 -1.001335191551572758e-07 2.148768162222577018e+02 1.296132170086220579e-07 -8.928262015008782271e+01 1.333895419402642570e-07
3.575133254796376558e-01 1.190567042915667170e-07 2.551230848234473569e+02 -9.835627535285619345e-08 -1.521075334748718149e+02 5.863659637935585886e-07
3.625250227669692404e-01 1.876904579947249921e-08 2.677910254479746754e+02 4.493728888140728312e-07 -1.414375395271796378e+02 3.620418973077475877e-07
3.675230446100045678e-01 -7.475381645998731994e-08 2.563166604699312643e+02 2.109125535835356324e-07 -1.591949347155698433e+02 -2.202567806410340523e-08
3.725177060730277545e-01 9.357339624639058907e-08 2.133129967408085292e+02 -1.091689622874556895e-07 -1.661448338955915176e+02 2.798204445444949564e-07
3.775163034622419089e-01 -2.306373947566214469e-07 2.678565724963970638e+02 5.934283332241536925e-07 -1.306475200143427458e+02 -2.354774130772439793e-07
3.825226892977953153e-01 -3.045571816934121537e-07 2.388992162162162174e+02 6.393226417335303551e-07 -1.320377027027026884e+02 -7.053839193808065934e-07
3.875130067694269043e-01 3.497140801995521642e-08 2.133826659641728156e+02 -1.517437531900355635e-07 -1.979385800842992751e+02 1.485782378089189344e-07
3.924957861003909865e-01 7.920840201400733691e-08 1.991777684806745583e+02 -3.865890544670011126e-07 -2.181974061081968443e+02 6.160810357206970740e-07
3.975064703251052212e-01 1.164663163682547606e-07 2.223717985254940857e+02 -3.531803230128244995e-07 -1.252482869710674720e+02 3.926956803520538013e-07
