3.798113400606732779e-03 9.868421052631578400e-03 2.208872690526315570e+08 -2.796052631578947040e-02 4.878039578947368264e+08 3.906250000000000000e-02 1.994644210526315570e+08 0.000000000000000000e+00 2.098848336842105091e+08 0.000000000000000000e+00 9.306012833684209585e+08
8.299341265228576958e-03 1.220703125000000000e-04 7.554092800000000000e+07 -5.187988281250000000e-03 3.105052200000000000e+07 1.188659667968750000e-02 1.886546560000000000e+08 0.000000000000000000e+00 1.458781400000000000e+07 0.000000000000000000e+00 5.422678400000000000e+07
1.293222767532251419e-02 9.952229299363057283e-04 4.680395495541401207e+07 -2.289012738853503110e-03 1.141573380891719833e+07 2.413415605095541733e-03 1.271387312101910859e+08 0.000000000000000000e+00 8.061954608917197585e+07 0.000000000000000000e+00 -2.060111082802547887e+07
1.764839556552980082e-02 1.926369863013698523e-03 2.745425709589041024e+07 4.173801369863013033e-03 9.245496986301369965e+06 -2.381207191780821894e-03 9.899124427397260070e+07 0.000000000000000000e+00 7.904728723287670314e+07 0.000000000000000000e+00 8.084594323287670314e+07
2.256548662787912635e-02 -1.266392958412098247e-03 1.835036648771266639e+07 3.239824551039697468e-03 2.338649527410207782e+06 -5.466627038043478035e-03 6.777687591682419181e+07 0.000000000000000000e+00 4.915330855198487639e+07 0.000000000000000000e+00 -5.113579674858223647e+06
2.777643688250242340e-02 -9.527439024390244233e-05 1.351388284878048860e+07 5.240091463414634464e-04 2.444198712195122149e+06 -7.860137195121951424e-05 5.690169693658536673e+07 0.000000000000000000e+00 5.232390243902438879e+07 0.000000000000000000e+00 1.588582025365853682e+07
3.269804980233311648e-02 -2.031250000000000178e-04 8.739522560000000522e+06 6.640625000000000477e-04 3.104327424000000115e+06 -1.208984374999999990e-03 4.039602585599999875e+07 0.000000000000000000e+00 3.835638169600000232e+07 0.000000000000000000e+00 3.784827391999999993e+06
3.761648458559932462e-02 2.528658125421443122e-04 6.297773313553607091e+06 -6.427006068779500840e-04 1.586074842886041850e+06 1.461880478759271631e-03 3.142425237491571158e+07 0.000000000000000000e+00 2.533787809575185552e+07 0.000000000000000000e+00 9.227915134187458083e+06
4.263843696389812976e-02 -7.847377232142856368e-04 4.115484857142856810e+06 1.905168805803571274e-03 5.278701071428571595e+05 -2.601623535156250000e-03 2.663053485714285448e+07 0.000000000000000000e+00 1.966931885714285448e+07 0.000000000000000000e+00 4.310399428571428172e+06
4.756514582339458480e-02 -2.180549498473615408e-04 2.661411726122983266e+06 5.178805058874836730e-04 -1.507775385957261315e+05 -9.403619712167466923e-04 2.032870344177933037e+07 0.000000000000000000e+00 1.208499613083297014e+07 0.000000000000000000e+00 -3.109292266899258830e+06
5.262096060748640974e-02 3.291783707865168448e-05 2.303858337078651413e+06 -3.291783707865168448e-05 2.214912808988764009e+05 1.563597261235955081e-04 1.856265348314606771e+07 0.000000000000000000e+00 1.336418373033707775e+07 0.000000000000000000e+00 2.515031370786516927e+06
5.756031740041873956e-02 2.658957301980198010e-05 1.814853227722772397e+06 -9.548073948019802329e-05 2.543487722772277193e+05 1.598395923576732738e-04 1.550654605940594152e+07 0.000000000000000000e+00 1.026547136633663438e+07 0.000000000000000000e+00 2.169213306930692866e+06
6.254738279606215923e-02 -2.491108658327201146e-05 1.410721122393917060e+06 -1.657545376502330087e-04 -7.849466764778022480e+03 -6.227771645818002864e-06 1.369632475643855706e+07 0.000000000000000000e+00 8.019839403482952155e+06 0.000000000000000000e+00 1.079998006377238082e+06
6.757793472572401483e-02 9.267904217926185818e-05 1.179921096660808427e+06 -2.368464411247803148e-04 1.742648576449911925e+05 2.806115443760983990e-04 1.232748878734622151e+07 0.000000000000000000e+00 8.293378699472758919e+06 0.000000000000000000e+00 2.258861891036906745e+06
7.255917516659465827e-02 -3.886635205504928767e-05 9.253600624883763958e+05 2.337429677329365906e-04 1.879065114376046113e+05 -1.740358965268737183e-04 1.071245535577459633e+07 0.000000000000000000e+00 6.719988859215175733e+06 0.000000000000000000e+00 1.022240898642365704e+06
7.753384299139773339e-02 3.661700703046535368e-05 7.501711898225644836e+05 -5.754101104787412625e-05 6.862072715098761546e+04 3.779398225644459608e-04 9.347926990291262046e+06 0.000000000000000000e+00 5.789293530632742681e+06 0.000000000000000000e+00 1.691086976899899775e+06
8.251793356505521260e-02 6.775462299311926643e-05 6.003153394495412940e+05 -1.223502902809633214e-04 1.505580389908256984e+04 2.986662978426032314e-04 8.410792513761468232e+06 0.000000000000000000e+00 3.963366165137615055e+06 0.000000000000000000e+00 5.509771743119265884e+05
8.752751931716111489e-02 4.403832447842426006e-05 4.813663838279124466e+05 -1.794435175586367860e-04 6.190119891149410978e+04 1.297738556109887355e-04 7.521602579240637831e+06 0.000000000000000000e+00 3.767060202669431455e+06 0.000000000000000000e+00 3.943547140080342069e+05
9.254701955136974967e-02 1.023743732907930749e-05 3.638413126709206845e+05 4.562336201002734916e-05 5.488379216043755878e+04 -3.310475658044666913e-05 6.668932550592524931e+06 0.000000000000000000e+00 3.384768991795806680e+06 0.000000000000000000e+00 9.769056845943481894e+05
9.754963178921903511e-02 -9.813671098084370806e-05 2.963206565476813703e+05 1.815529153145608796e-04 6.044698503088035068e+04 -1.737837590285774034e-04 6.040393024180885404e+06 0.000000000000000000e+00 2.597580467706479598e+06 0.000000000000000000e+00 5.539907530618653400e+05
1.025319613041059119e-01 -3.884263602251407295e-05 2.644823174484052579e+05 1.209251876172607964e-05 2.273284052532833084e+04 -5.267574460600375378e-05 5.437297446904315613e+06 0.000000000000000000e+00 2.350834071294559166e+06 0.000000000000000000e+00 3.252352960600375081e+05
1.075116003998943526e-01 -3.970860613370089576e-05 2.106696071674707055e+05 6.023593642315644620e-05 2.650033356305995767e+04 -1.060859159631288699e-04 5.042164355616816320e+06 0.000000000000000000e+00 1.814803760165403131e+06 0.000000000000000000e+00 -4.740006064782907924e+04
1.125102861506304813e-01 -8.303461003323800671e-06 1.788590690268223116e+05 9.888667194867434667e-06 1.510783272783489338e+04 -7.180606617647059063e-05 4.701514621318698861e+06 0.000000000000000000e+00 1.755985942954317201e+06 0.000000000000000000e+00 3.579995658962665475e+05
1.175500852175193622e-01 -6.944691366804153594e-06 1.629870368368653290e+05 -2.930659756791352766e-05 3.736924591096572840e+04 4.896007413596927733e-06 4.384291463518703356e+06 0.000000000000000000e+00 1.685639008960318752e+06 0.000000000000000000e+00 2.662953980941544869e+05
1.225369446564099490e-01 5.146267792121814074e-05 1.207004493876199995e+05 -6.710836643495531788e-05 2.584349235352532560e+04 4.425402391592188247e-05 4.084055841641840525e+06 0.000000000000000000e+00 1.294096829394240398e+06 0.000000000000000000e+00 2.514379630585898994e+05
1.275260957852891452e-01 5.275995558452582909e-05 1.005550521464952617e+05 -1.027664454735629297e-04 7.652331312151345628e+03 7.189358145237084100e-05 3.884354871695367154e+06 0.000000000000000000e+00 1.226582119815668091e+06 0.000000000000000000e+00 1.820685132185301918e+05
1.325302087090364789e-01 -1.315161887660625099e-05 9.085437988889512781e+04 3.024872341619437542e-05 2.873074058694798077e+04 -1.041169827731328126e-05 3.655769293305650353e+06 0.000000000000000000e+00 1.026211187250996009e+06 0.000000000000000000e+00 8.956302429717748601e+04
1.375062694904859717e-01 -1.062153511087645248e-05 6.861850221752903599e+04 -6.280111536430834057e-05 2.053714213305174053e+04 1.621846538410770696e-04 3.416616549102428835e+06 0.000000000000000000e+00 9.351118259767687414e+05 0.000000000000000000e+00 3.453456219640971394e+05
1.425134422753508989e-01 2.099731234401996415e-05 5.616304703397965204e+04 -4.424433672489921004e-05 1.606261316951430126e+04 1.006746136494528719e-04 3.234098472643501591e+06 0.000000000000000000e+00 7.976392367057016818e+05 0.000000000000000000e+00 7.607022921866000979e+04
1.475259222195813014e-01 -1.477145883639345709e-05 5.014827026288213528e+04 -1.219090277461387753e-05 2.118786058590368702e+04 -8.704927473916807435e-05 3.041883417741127312e+06 0.000000000000000000e+00 8.613759795890473761e+05 0.000000000000000000e+00 2.795293963278509327e+05
1.525299430011916868e-01 -2.136333673275278775e-05 4.193889753128170560e+04 -2.201352524201048298e-05 2.141021711193777446e+04 -1.920894226755368608e-05 2.849200005410889164e+06 0.000000000000000000e+00 6.911474061548867030e+05 0.000000000000000000e+00 1.009855826851538732e+05
1.574945685492469272e-01 -8.688629837829093470e-06 3.425329591135196097e+04 4.976215270756662593e-06 1.461925053585149726e+04 -1.757472853560884677e-06 2.689261954624499194e+06 0.000000000000000000e+00 5.523209680106765591e+05 0.000000000000000000e+00 2.978157835564362540e+04
1.625189323163163113e-01 1.402472057481751982e-05 2.566699912408759337e+04 -2.465463902828467246e-05 1.790736817518248426e+04 4.038344334511861542e-05 2.620526322919708211e+06 0.000000000000000000e+00 5.401586172262773616e+05 0.000000000000000000e+00 2.884258382481752196e+05
1.675461007718098694e-01 1.960354676822323537e-05 2.396194305239179812e+04 -1.292999893223234518e-05 1.247055466970387170e+04 3.889427098163439307e-05 2.488772227790432516e+06 0.000000000000000000e+00 4.764489476082004257e+05 0.000000000000000000e+00 9.660690660592254426e+04
1.725292014006662711e-01 -7.854476381975806216e-06 1.750537231763193631e+04 2.639619111975475832e-06 1.401691663645053995e+04 1.739895280515542080e-05 2.357481376273198053e+06 0.000000000000000000e+00 4.789700001977783395e+05 0.000000000000000000e+00 2.015916331871971779e+05
1.775301965061671094e-01 9.366323826350328842e-06 1.238523775870772261e+04 -1.109169926804644062e-05 1.463719333669863772e+04 3.567829931221605045e-05 2.278627182231196202e+06 0.000000000000000000e+00 3.615861080262493924e+05 0.000000000000000000e+00 9.006452498738010763e+04
1.825147654490652804e-01 -1.154022275399568714e-05 8.948532600667671431e+03 9.232178203196549033e-06 1.754946024993352694e+04 -1.154022275399568629e-06 2.176703873319743667e+06 0.000000000000000000e+00 3.266232673343378119e+05 0.000000000000000000e+00 7.513731974356701539e+04
1.875360723572403465e-01 1.342091480446927450e-05 5.016848268156424638e+03 -3.835326466480446677e-05 1.352797675977653671e+04 8.730414193435753994e-05 2.094963042681564344e+06 0.000000000000000000e+00 2.947559115083799115e+05 0.000000000000000000e+00 1.136991320670391142e+05
1.925323683450522461e-01 6.275436435685980023e-06 4.070384063403662822e+03 -6.484617650208846137e-06 1.601920274178001455e+04 2.766421562064902935e-05 2.032654147584877210e+06 0.000000000000000000e+00 2.586713436864088872e+05 0.000000000000000000e+00 1.498569493413301825e+05
1.975198663583639380e-01 1.911873972429492597e-05 4.684475022132287449e+02 -4.670999588971797120e-05 1.202040197293537312e+04 4.770421975780953411e-05 1.943629755103073083e+06 0.000000000000000000e+00 2.263435509801441513e+05 0.000000000000000000e+00 1.413244195775894623e+05
2.025153694923672032e-01 9.282196878317090747e-06 -7.436629354434044217e+02 -1.342855893563639943e-06 1.392926990253787699e+04 3.622177081322976203e-06 1.884641417350188363e+06 0.000000000000000000e+00 2.004775821673260652e+05 0.000000000000000000e+00 3.857062240663900593e+04
2.075088499274508613e-01 4.405477856145091381e-06 -1.815470196249055562e+03 -4.304845113238224117e-06 1.066052348347798215e+04 -4.325251197216560881e-05 1.806911629210653016e+06 0.000000000000000000e+00 1.424002740616913652e+05 0.000000000000000000e+00 7.437737672032792761e+04
2.125178062418619784e-01 -5.262937194536568341e-06 -1.973989876069122147e+03 -1.241158265513178580e-05 1.456316704485948685e+04 -7.449613022833392135e-06 1.741096707976959413e+06 0.000000000000000000e+00 1.389696044684936351e+05 0.000000000000000000e+00 1.572712473381043819e+05
2.175004174234404231e-01 1.697333189546334391e-05 -2.766579580843363601e+03 -4.514577502945879854e-05 1.275288881407289045e+04 5.874396193239205417e-05 1.695675221951014362e+06 0.000000000000000000e+00 1.014105721740594308e+05 0.000000000000000000e+00 6.112545677973234706e+04
2.225093171556767890e-01 1.038875810169224521e-06 -6.219670061661511681e+03 -1.129296482535805005e-05 9.924867989204311016e+03 2.995906213677823512e-05 1.639152855144697707e+06 0.000000000000000000e+00 7.837501451902050758e+04 0.000000000000000000e+00 1.190751766119658860e+05
2.275289586476768322e-01 4.017314738634624560e-06 -3.733506811572019160e+03 3.251222160569416859e-06 1.657920955150773079e+04 -3.120425866753405984e-06 1.598318072554722195e+06 0.000000000000000000e+00 7.847350742384816112e+04 0.000000000000000000e+00 1.334282736874330440e+05
2.325285406108919262e-01 1.279036981791061173e-06 -5.671016680916086443e+03 5.542493587761265365e-06 1.124644723773488840e+04 2.593602768631873786e-06 1.566198546631983016e+06 0.000000000000000000e+00 3.177794597347789022e+04 0.000000000000000000e+00 8.567612580721445556e+04
2.375276552426477672e-01 -7.673113684303040801e-06 -3.639522165582703565e+03 2.714771653629811915e-05 1.179542274564949912e+04 -2.308156708670241016e-05 1.499064001406222582e+06 0.000000000000000000e+00 1.899118607839690594e+04 0.000000000000000000e+00 1.193444730532606773e+05
2.424991024241769377e-01 3.330333175763510278e-06 -5.177100602704573248e+03 -2.423559291273445741e-06 1.114321651781945911e+04 -4.694615701973561891e-06 1.469318104705147445e+06 0.000000000000000000e+00 1.828495331993989748e+04 0.000000000000000000e+00 7.154484074755625625e+04
2.474998551644826128e-01 -6.015568713976944888e-06 -4.832756195965417646e+03 1.754052280959814256e-05 8.992841242395132213e+03 -1.542442241159341874e-05 1.431006784758245340e+06 0.000000000000000000e+00 -2.391580403458213368e+03 0.000000000000000000e+00 9.679459186679475533e+04
2.525200307756395035e-01 8.476580623646768936e-06 -6.206688524590163979e+03 -1.412322931971079521e-05 9.801523785957315340e+03 1.883679338921860508e-05 1.391228381317661610e+06 0.000000000000000000e+00 -1.419696381070213465e+04 0.000000000000000000e+00 8.426812100216517865e+04
2.575182250600202005e-01 6.810688473288130832e-06 -5.918459250428432824e+03 5.064358095521942852e-06 1.008155410178079183e+04 5.840019838313091665e-05 1.363891640622904291e+06 0.000000000000000000e+00 -2.972533671112435695e+04 0.000000000000000000e+00 1.143442302063929674e+05
2.625255687975799335e-01 -6.518960033091801368e-06 -6.980636047241398956e+03 1.373439015518913581e-05 8.543040565983910710e+03 -3.548515103483197648e-05 1.326313287613396533e+06 0.000000000000000000e+00 -3.713368950761682208e+04 0.000000000000000000e+00 8.798800479260568682e+04
2.675305520911575030e-01 -1.779956780491846229e-06 -7.692846660499026257e+03 2.046950297565623174e-05 9.957120724651689670e+03 -1.327551098783501983e-05 1.287490310931911925e+06 0.000000000000000000e+00 -1.729749945457809008e+04 0.000000000000000000e+00 6.701520144709407759e+04
2.725404586615198799e-01 4.325758151742740818e-06 -5.447328502670968192e+03 -1.845872023258581275e-05 8.490688104934679359e+03 1.186193905117813461e-05 1.274772384407891193e+06 0.000000000000000000e+00 -3.797419876236314303e+04 0.000000000000000000e+00 7.860412503305653809e+04
2.775333197047151201e-01 -3.085914276759634899e-06 -6.374577920231602548e+03 8.219638743311706935e-06 9.101660402719258855e+03 -1.100421885500943502e-06 1.241540723033577204e+06 0.000000000000000000e+00 -5.508344529170005262e+04 0.000000000000000000e+00 8.704991919766330102e+04
2.825123907298719983e-01 1.071064657568084981e-05 -6.058114790341505795e+03 -2.011864694621132689e-05 9.936142876551597510e+03 2.821193957265485220e-05 1.217969541604397120e+06 0.000000000000000000e+00 -4.680282650528006343e+04 0.000000000000000000e+00 8.464194414870622859e+04
2.875104651677040102e-01 2.574792791431238981e-06 -6.075394368894847503e+03 4.458395463482809322e-06 8.636678031028537589e+03 -4.859154216632648841e-06 1.196918217965906952e+06 0.000000000000000000e+00 -5.528854089254931750e+04 0.000000000000000000e+00 8.947355678988699219e+04
2.924971317655564174e-01 2.596370030863840679e-07 -5.208023766313331180e+03 -5.616061262412003373e-06 1.119002369695638481e+04 3.021102302217110062e-06 1.162922149787883274e+06 0.000000000000000000e+00 -4.799054674080153200e+04 0.000000000000000000e+00 3.906608708920458594e+04
2.975058823671092867e-01 -1.243900928814048514e-05 -5.258846283633780331e+03 3.454467350673785466e-05 8.059242340822306687e+03 -3.656702877498945505e-05 1.143164555900896899e+06 0.000000000000000000e+00 -5.874514021845306706e+04 0.000000000000000000e+00 9.451988988544534368e+04
3.025121359101998753e-01 1.113520208270286567e-06 -4.421364921533871893e+03 -7.425227170788119856e-06 8.553658380528295311e+03 1.383060704182158109e-05 1.119924420734079788e+06 0.000000000000000000e+00 -7.049001668756215076e+04 0.000000000000000000e+00 7.085318784315421362e+04
3.075010376196579687e-01 -4.072199796206301919e-06 -5.346096545958092065e+03 -1.058874007158906836e-05 8.184261273971887931e+03 1.047774966360976199e-05 1.101615229638919467e+06 0.000000000000000000e+00 -8.321558446987511707e+04 0.000000000000000000e+00 7.512292911114594608e+04
3.125134169243361515e-01 1.473410518361652982e-06 -2.761481922380856759e+03 -2.250004025644731562e-06 7.061493344057912509e+03 1.031901307588320623e-05 1.083582756806756603e+06 0.000000000000000000e+00 -7.380350790267444972e+04 0.000000000000000000e+00 3.817458564246933383e+04
3.175159688234982513e-01 -4.489898419310154957e-06 -3.940708628464205958e+03 3.588081215431619766e-06 7.096409859417826738e+03 -1.429955896149954272e-05 1.059055122122780886e+06 0.000000000000000000e+00 -7.582244119814128499e+04 0.000000000000000000e+00 6.039914475739505724e+04
3.225221380836135188e-01 2.014148633660562916e-06 -3.474726071361148115e+03 2.619545482702473240e-05 6.488553067774212650e+03 -5.724019141878658402e-05 1.040560305078346282e+06 0.000000000000000000e+00 -9.125477394751747488e+04 0.000000000000000000e+00 5.102914646026052651e+04
3.275181733526948968e-01 -1.511755628702332458e-06 -3.013740688633839454e+03 6.700082868613476238e-07 6.848953128470936463e+03 -7.289588473453119066e-06 1.029571682191780768e+06 0.000000000000000000e+00 -7.751981873380229808e+04 0.000000000000000000e+00 4.384815105516475160e+04
3.325123842131759710e-01 -8.878077826307409005e-06 -3.319817607657204917e+03 2.434956178780789342e-05 8.905309908643710514e+03 -3.164878379715701249e-05 1.012334286522501148e+06 0.000000000000000000e+00 -7.601611172687404905e+04 0.000000000000000000e+00 8.042853817483120656e+04
3.374959366892091861e-01 4.169798363434117270e-07 -3.928037557369582828e+03 -3.625586218052587452e-06 6.730581648740497258e+03 4.593460568949698682e-06 1.002390776582699851e+06 0.000000000000000000e+00 -8.918772546683950350e+04 0.000000000000000000e+00 4.237339480783379986e+04
3.424919221947719805e-01 7.324890198268175049e-07 -3.562391352540649677e+03 -1.766112414471326665e-06 5.365905207977398277e+03 1.987690342968938980e-05 9.849017343923193403e+05 0.000000000000000000e+00 -9.358920834409820964e+04 0.000000000000000000e+00 4.501888086407921219e+04
3.475179778446125245e-01 -7.777211401803508487e-08 -2.065014539157708896e+03 1.595225707916081130e-05 7.516015029241676530e+03 -1.252754209680894033e-05 9.754338215440912172e+05 0.000000000000000000e+00 -9.058849439670663560e+04 0.000000000000000000e+00 5.871396843859247747e+04
3.525052850529177828e-01 -2.531843141266166290e-06 -2.151929490659428211e+03 9.136269995908509527e-06 6.899675171642982605e+03 -1.464166447850970042e-05 9.610244741497684736e+05 0.000000000000000000e+00 -9.452343222098036495e+04 0.000000000000000000e+00 2.591153479163340307e+04
3.575133254796376558e-01 9.894103323248079161e-07 -1.693002981505468597e+03 -8.268476417891715855e-07 5.474862490515133686e+03 5.217969987254111926e-06 9.471317260080784326e+05 0.000000000000000000e+00 -8.822396002176728507e+04 0.000000000000000000e+00 4.044235693755700777e+04
3.625250227669692404e-01 1.904304227525974962e-06 -2.334020057220297986e+03 -4.246083750564674110e-06 4.846472037343773081e+03 4.879320050161872776e-06 9.379516193344375351e+05 0.000000000000000000e+00 -9.561524059629572730e+04 0.000000000000000000e+00 3.335525035386237141e+04
3.675230446100045678e-01 8.578890365169972646e-07 -2.579772864131108236e+03 -1.945379080732527187e-06 3.812228827213145905e+03 1.692773475944819915e-05 9.199368333078173455e+05 0.000000000000000000e+00 -8.317537776028111693e+04 0.000000000000000000e+00 4.562668054735399346e+04
3.725177060730277545e-01 -1.361067581765681373e-06 -7.552882955000286529e+02 1.004747068693178676e-05 4.668465892846932547e+03 -9.018817687635800979e-06 9.172498297215392813e+05 0.000000000000000000e+00 -1.108272509577448800e+05 0.000000000000000000e+00 5.143014237520727329e+04
3.775163034622419089e-01 1.001673356789706386e-06 -1.432228987525944603e+03 4.243223018131856504e-06 4.837479151295329757e+03 4.345494709602402439e-07 9.015102216644486180e+05 0.000000000000000000e+00 -9.865376186897070147e+04 0.000000000000000000e+00 3.846939243282007374e+04
3.825226892977953153e-01 -2.507390202702702503e-06 -1.635005729729729637e+03 -7.799303209459458740e-06 4.982867459459459496e+03 -4.114099451013513505e-06 8.934426015135134803e+05 0.000000000000000000e+00 -9.016322075675675296e+04 0.000000000000000000e+00 5.862563286486486322e+04
3.875130067694269043e-01 1.402072082455216089e-06 -8.927774499473130163e+02 2.283190776475237160e-06 3.212377239199156975e+03 -1.255754927061380438e-06 8.870811650158062112e+05 0.000000000000000000e+00 -9.573466638566913025e+04 0.000000000000000000e+00 5.108761222339305095e+04
3.924957861003909865e-01 7.831859653075017895e-06 -4.581743378495800698e+02 -1.779453826473144127e-05 3.168713674250957411e+03 2.051777517861165927e-05 8.761530259711003164e+05 0.000000000000000000e+00 -9.869918563383001310e+04 0.000000000000000000e+00 4.890367678692112531e+04
3.975064703251052212e-01 -3.967039366945976727e-06 -6.331824794002850467e+02 8.610755594739329596e-06 3.862967201536460379e+03 -1.146228965880754009e-07 8.710328613097082125e+05 0.000000000000000000e+00 -8.622000698841460689e+04 0.000000000000000000e+00 5.004532120686450799e+04
