3.798113400606732779e-03 1.315789473684210453e-02 1.214923722105263025e+08 -3.289473684210526133e-02 3.251419082105262876e+08 4.440789473684210453e-02 1.489956109473684132e+08 0.000000000000000000e+00 -2.848231747368421033e+07 0.000000000000000000e+00 2.947526332631579041e+08
8.299341265228576958e-03 2.212524414062500000e-04 3.331698800000000000e+07 5.306243896484375000e-03 -7.410541000000000000e+06 7.094383239746093750e-03 1.258783840000000000e+08 0.000000000000000000e+00 3.609709600000000000e+07 0.000000000000000000e+00 1.165222400000000000e+07
1.293222767532251419e-02 5.971337579617835237e-04 4.425616142675159127e+07 -8.957006369426751772e-04 9.389519898089172319e+06 5.722531847133757775e-04 1.134844543184713423e+08 0.000000000000000000e+00 8.144775337579618394e+07 0.000000000000000000e+00 4.297431235668790340e+07
1.764839556552980082e-02 3.946382705479451782e-03 2.786655210958904028e+07 -7.725545804794520417e-03 1.470113315068493038e+07 1.171373341181506864e-02 8.477829260273972154e+07 0.000000000000000000e+00 6.269738082191780210e+07 0.000000000000000000e+00 5.161844778082191199e+07
2.256548662787912635e-02 1.181474480151228765e-04 1.894628028733459488e+07 -6.498109640831758278e-04 2.871225829867674969e+06 2.200496219281663710e-03 7.018876176937618852e+07 0.000000000000000000e+00 4.994843196975425631e+07 0.000000000000000000e+00 -9.978734820415878668e+06
2.777643688250242340e-02 1.181402439024390209e-03 1.277383804878048785e+07 -1.581554878048780591e-03 2.480276604878048878e+06 1.433879573170731680e-03 5.306626747317073494e+07 0.000000000000000000e+00 4.851970247804877907e+07 0.000000000000000000e+00 1.668371855609756149e+07
3.269804980233311648e-02 -5.976562499999999887e-04 9.056330752000000328e+06 2.181640624999999986e-03 2.767184128000000026e+06 -3.220214843749999879e-03 4.160783564800000191e+07 0.000000000000000000e+00 3.657319219200000167e+07 0.000000000000000000e+00 9.850089472000000998e+06
3.761648458559932462e-02 -2.752549730276466328e-04 6.129703358057990670e+06 -2.311351567768037672e-04 1.364183433580579935e+06 -2.737733374072825565e-04 3.190877906945380941e+07 0.000000000000000000e+00 2.624113862171274424e+07 0.000000000000000000e+00 6.893392614969655871e+06
4.263843696389812976e-02 -6.741115025111606368e-04 4.168502285714285448e+06 1.271111624581473245e-03 7.953895714285713620e+05 -2.138887132917131634e-03 2.537925485714285448e+07 0.000000000000000000e+00 2.009496000000000000e+07 0.000000000000000000e+00 4.036650857142856810e+06
4.756514582339458480e-02 0.000000000000000000e+00 3.022800439598779194e+06 -2.316833842128216304e-04 2.490788451809856051e+05 -1.942051897078063774e-04 2.177054903096380457e+07 0.000000000000000000e+00 1.675039997208896652e+07 0.000000000000000000e+00 1.470419900566942990e+06
5.262096060748640974e-02 1.323571365870786362e-04 2.375492494382022414e+06 2.571706021769662765e-05 2.378604719101123628e+05 9.695331702071628330e-05 1.811301824719101191e+07 0.000000000000000000e+00 1.174853608988763951e+07 0.000000000000000000e+00 2.904974382022471633e+06
5.756031740041873956e-02 6.043084777227722846e-07 1.771984633663366316e+06 3.323696627475247512e-06 1.273024554455445614e+05 3.708943282023514758e-05 1.531203928712871298e+07 0.000000000000000000e+00 1.040253148514851555e+07 0.000000000000000000e+00 6.606210297029702924e+05
6.254738279606215923e-02 -1.532989943585969894e-04 1.530414339955849806e+06 1.073092960510179007e-04 2.346896953642384033e+05 -4.024098601913171040e-04 1.317703192739759572e+07 0.000000000000000000e+00 8.291181068432670087e+06 0.000000000000000000e+00 1.123350856021584477e+06
6.757793472572401483e-02 4.934300856766256219e-05 1.176431915641476167e+06 4.548138181019331866e-05 1.406044710017574544e+05 -1.780639004833040447e-05 1.195063969068541192e+07 0.000000000000000000e+00 7.323865307557117194e+06 0.000000000000000000e+00 -3.496738418277680175e+05
7.255917516659465827e-02 -3.487074576901617922e-05 9.732648659103589598e+05 3.312720848056537330e-04 8.108162618560536066e+04 -2.891366003347591767e-04 1.052180891352055036e+07 0.000000000000000000e+00 6.125265960944765247e+06 0.000000000000000000e+00 2.122405921517575043e+05
7.753384299139773339e-02 -2.705408331938399734e-05 7.280537154335454106e+05 1.277917198485102102e-04 1.913232541011047942e+04 -1.156643796294359015e-04 9.299651235353197902e+06 0.000000000000000000e+00 4.800000857047204860e+06 0.000000000000000000e+00 8.586539966521593742e+05
8.251793356505521260e-02 1.903848910550458821e-05 6.060943486238532932e+05 -3.919688933486238750e-06 8.963645871559633815e+04 7.741385643635321785e-05 8.338426128440367058e+06 0.000000000000000000e+00 4.544851082568807527e+06 0.000000000000000000e+00 -1.730399266055045882e+05
8.752751931716111489e-02 2.328463133341972247e-05 4.689721954127252102e+05 -2.480319424646883745e-05 5.660653621873785596e+04 -4.568343430089413294e-05 7.394330406116367318e+06 0.000000000000000000e+00 3.922249081249190494e+06 0.000000000000000000e+00 6.947699344304782571e+05
9.254701955136974967e-02 5.096463365998176722e-05 3.788616517775752000e+05 -1.897264200660893406e-04 4.602891522333637113e+04 1.866941356398131276e-04 6.557385159525980242e+06 0.000000000000000000e+00 2.742343409298085608e+06 0.000000000000000000e+00 2.245379179580674390e+05
9.754963178921903511e-02 6.624227991206950938e-05 3.250817058515649405e+05 -2.539287396629331148e-04 3.621882466240971553e+04 3.307002708573223175e-04 6.030831117345336825e+06 0.000000000000000000e+00 2.517885119229561184e+06 0.000000000000000000e+00 4.089201649743536254e+05
1.025319613041059119e-01 1.355827861163227100e-05 2.663245088180112652e+05 4.214059568480299760e-06 3.742623639774859475e+04 -2.533016240619136969e-05 5.452381178236397915e+06 0.000000000000000000e+00 2.257222796247654594e+06 0.000000000000000000e+00 3.087124893058161251e+05
1.075116003998943526e-01 -2.355595279117849846e-05 2.034787374224672676e+05 2.675283209855272042e-05 5.647118401102687494e+04 -4.446186089334941275e-05 4.961252476912474260e+06 0.000000000000000000e+00 2.080410199862163980e+06 0.000000000000000000e+00 2.847455492763611255e+05
1.125102861506304813e-01 -1.928667533044755401e-05 1.837211297827935487e+05 4.821668832611888841e-05 2.645393522454974300e+04 -1.266891126830988607e-04 4.637135835510550998e+06 0.000000000000000000e+00 1.631321046919687884e+06 0.000000000000000000e+00 8.910533446703254594e+04
1.175500852175193622e-01 5.444638031574456147e-05 1.546324835727492464e+05 -1.261155952211634218e-04 3.614344702033849899e+04 1.640336100839141125e-04 4.392863294552695006e+06 0.000000000000000000e+00 1.572945558810980059e+06 0.000000000000000000e+00 1.126743712131986977e+05
1.225369446564099490e-01 -6.025529625951672042e-05 1.249992156239655887e+05 4.719567196292618396e-05 2.422018881165177299e+04 -1.199610538728897771e-04 4.103985640781198628e+06 0.000000000000000000e+00 1.346543526514399331e+06 0.000000000000000000e+00 -5.712366289308176783e+04
1.275260957852891452e-01 -6.632003395585738445e-06 1.044658433179723506e+05 7.295203735144312120e-05 3.732108464710162662e+04 -5.163488357991753225e-05 3.836387810817366000e+06 0.000000000000000000e+00 1.186992461799660465e+06 0.000000000000000000e+00 6.535970894979383593e+04
1.325302087090364789e-01 -2.191936479434375130e-07 8.415632613209134433e+04 4.087961534145109879e-05 1.699657886762807902e+04 -5.729173973121598333e-05 3.594468347230794840e+06 0.000000000000000000e+00 1.079579509118455695e+06 0.000000000000000000e+00 -1.399600022445429640e+05
1.375062694904859717e-01 -2.531637737592396997e-05 6.952079408658923057e+04 -3.137477725712776799e-05 2.124380316789862627e+04 1.113069850514783518e-05 3.392123809926082380e+06 0.000000000000000000e+00 8.915439239704329520e+05 0.000000000000000000e+00 3.282410644139387296e+05
1.425134422753508989e-01 1.349827222115569220e-05 6.139296141293914116e+04 -3.487053657131886715e-05 1.645290074870416720e+04 3.815136662507199089e-05 3.210531925513534341e+06 0.000000000000000000e+00 7.862566481090419693e+05 0.000000000000000000e+00 2.887746592436168066e+04
1.475259222195813014e-01 2.642845346029431986e-05 5.364653259829604940e+04 -5.058779728005831383e-05 3.034413230671101337e+04 1.473475265103193761e-04 3.020488073989703320e+06 0.000000000000000000e+00 7.407046546084104339e+05 0.000000000000000000e+00 7.457129892022415879e+04
1.525299430011916868e-01 -1.106352510990869140e-05 4.246166520121744543e+04 1.841168730977341971e-05 2.385800473452823644e+04 -5.946644746575921182e-05 2.850298459249238949e+06 0.000000000000000000e+00 6.906448427460263483e+05 0.000000000000000000e+00 1.159707595536016161e+05
1.574945685492469272e-01 -3.534692593116835760e-05 4.172632280503093352e+04 1.006893716888421507e-04 2.384385521899138257e+04 -1.174791615061471245e-04 2.687404036720992997e+06 0.000000000000000000e+00 5.214596695110607543e+05 0.000000000000000000e+00 1.547194629352529591e+04
1.625189323163163113e-01 -1.190408302919708195e-05 3.106414014598540234e+04 2.387944799270073092e-06 1.150820087591240917e+04 -1.850657219434306667e-05 2.574262152408759575e+06 0.000000000000000000e+00 5.344709325547445333e+05 0.000000000000000000e+00 1.510309185401459981e+05
1.675461007718098694e-01 -3.580080349515945141e-06 2.127447152619589906e+04 4.162277882082858423e-05 1.688261731207289267e+04 -4.576333291438283094e-05 2.456335744874715339e+06 0.000000000000000000e+00 3.782778678815489402e+05 0.000000000000000000e+00 8.405236446469248040e+04
1.725292014006662711e-01 1.287619079012427276e-06 1.970494327059366697e+04 6.824381118765864056e-06 1.413771539703991948e+04 3.466914370240960073e-05 2.332074213798332028e+06 0.000000000000000000e+00 3.771517869268550421e+05 0.000000000000000000e+00 1.247253568909252790e+05
1.775301965061671094e-01 -4.660054206366733687e-06 1.249569005552751150e+04 3.038278316861749021e-05 1.024621706208985415e+04 -1.720657618222725294e-05 2.232103672892478295e+06 0.000000000000000000e+00 3.039123190307925106e+05 0.000000000000000000e+00 5.511685411408379878e+04
1.825147654490652804e-01 -2.538849005879051154e-06 1.074217282637596327e+04 1.719493190345357313e-05 1.263556146414960494e+04 -1.015251096782770546e-04 2.137556089219770394e+06 0.000000000000000000e+00 2.934233897604065132e+05 0.000000000000000000e+00 8.537879452864191262e+04
1.875360723572403465e-01 -1.374825418994413415e-05 6.081184804469274241e+03 5.117405726256982993e-05 1.570750212290502895e+04 -5.289258903631285030e-05 2.078058919329609023e+06 0.000000000000000000e+00 2.239940791061452474e+05 0.000000000000000000e+00 1.541292907262569934e+05
1.925323683450522461e-01 1.255087287137196047e-06 5.706343793509692659e+03 1.255087287137196047e-06 1.309982992395844485e+04 -4.706577326764485441e-06 2.001446330084609566e+06 0.000000000000000000e+00 1.797868368855092558e+05 0.000000000000000000e+00 3.372449737603084213e+04
1.975198663583639380e-01 -2.055141014291134310e-05 1.524585000632351012e+03 7.647495889717970390e-05 1.810310459086885021e+04 -5.409565890982673486e-05 1.924232110282028560e+06 0.000000000000000000e+00 1.703561988111799583e+05 0.000000000000000000e+00 1.491740976855950430e+05
2.025153694923672032e-01 8.616658650366689615e-06 -2.012306040721798865e+02 -1.876169933748673299e-05 1.517404612563929550e+04 -1.383126846073470661e-05 1.858343698156904429e+06 0.000000000000000000e+00 1.372633561709929782e+05 0.000000000000000000e+00 9.526358313229760097e+04
2.075088499274508613e-01 -1.833752204080698067e-06 -1.098201286954132229e+03 -1.039871676704298227e-05 1.460302109047608246e+04 7.821400407039318930e-06 1.800036344683871837e+06 0.000000000000000000e+00 1.412365641530605208e+05 0.000000000000000000e+00 7.151505882891753572e+04
2.125178062418619784e-01 -3.877953722290103300e-06 -1.208176034211904380e+03 1.813262976741141568e-05 1.568941595391866031e+04 1.201206819198376700e-05 1.733017314016407821e+06 0.000000000000000000e+00 1.195318470937336388e+05 0.000000000000000000e+00 1.014861595391865994e+05
2.175004174234404231e-01 1.952138656257890990e-06 -2.349076508711388215e+03 -3.282675266707347676e-05 1.138032017506943885e+04 6.108395971640645462e-05 1.667678591364363208e+06 0.000000000000000000e+00 1.035817456443060364e+05 0.000000000000000000e+00 2.629480481440956282e+04
2.225093171556767890e-01 1.327452424105120131e-05 -4.764056815271566848e+03 -4.138188643840744093e-05 1.358129524635054440e+04 4.329130170061661358e-05 1.613230107838695170e+06 0.000000000000000000e+00 8.186038888122771459e+04 0.000000000000000000e+00 8.766848880045705300e+04
2.275289586476768322e-01 -1.532185156130414978e-06 -4.937858870350528377e+03 1.220142569455074337e-05 1.266082718506046331e+04 -8.609198910818155213e-06 1.561242940150007838e+06 0.000000000000000000e+00 6.403126526863615436e+04 0.000000000000000000e+00 7.592702648094290635e+04
2.325285406108919262e-01 -1.456681007039819646e-06 -4.744322340057847214e+03 1.440693044767431370e-05 1.237444243537736838e+04 5.064187049778982988e-05 1.520705102504866198e+06 0.000000000000000000e+00 1.942279562694413835e+04 0.000000000000000000e+00 8.039230778745930002e+04
2.375276552426477672e-01 5.278484245913166178e-07 -5.885138055897346021e+03 1.763142481653190503e-05 1.278830472842327254e+04 -1.203698251972007448e-05 1.484015143329232000e+06 0.000000000000000000e+00 -2.506668166637370450e+04 0.000000000000000000e+00 7.668201230444718385e+04
2.424991024241769377e-01 -1.965226309658467364e-05 -6.417000253237215475e+03 5.730810949977208416e-05 9.935253119038374280e+03 -5.188395299073151956e-05 1.430873805074873846e+06 0.000000000000000000e+00 -1.082926287711242003e+04 0.000000000000000000e+00 6.808819462124153506e+04
2.474998551644826128e-01 -5.159552113352545221e-06 -5.857854114633365498e+03 9.146478746397694031e-06 1.346830918988152371e+04 -1.897698902297470278e-05 1.388696140890169656e+06 0.000000000000000000e+00 -5.472323791226384856e+03 0.000000000000000000e+00 5.570632545629202650e+04
2.525200307756395035e-01 9.582878228425611593e-06 -6.151270027837921589e+03 -1.719103411111970269e-05 1.133518787503866406e+04 5.723957376807532039e-05 1.363110918651407352e+06 0.000000000000000000e+00 -1.330898212186823548e+04 0.000000000000000000e+00 9.494622703371482203e+04
2.575182250600202005e-01 -4.365825944415467830e-06 -6.824105267863795234e+03 1.068172081066984598e-05 8.840964101035689964e+03 -9.437460416511437902e-06 1.342730143864093581e+06 0.000000000000000000e+00 -5.414732088517994271e+04 0.000000000000000000e+00 6.727416007749049459e+04
2.625255687975799335e-01 -8.188012513185572180e-07 -5.240068465795629891e+03 5.947235626727385154e-06 1.095402521823472307e+04 -2.056522969818158777e-05 1.298941458549666218e+06 0.000000000000000000e+00 -6.001702516117989580e+04 0.000000000000000000e+00 7.997624328179380973e+04
2.675305520911575030e-01 -1.167759524171165739e-05 -7.596914265199319743e+03 -1.209561539470595496e-05 8.442057856146697304e+03 -1.545663226999074692e-05 1.269624825948274694e+06 0.000000000000000000e+00 -5.950164510293975036e+04 0.000000000000000000e+00 4.357510534237306274e+04
2.725404586615198799e-01 2.208073564023906562e-06 -5.991903950917649126e+03 -6.966407530940921377e-06 1.087499867773840379e+04 2.527178932158062979e-05 1.240708014597767964e+06 0.000000000000000000e+00 -6.308094145025651233e+04 0.000000000000000000e+00 8.190540392447241175e+04
2.775333197047151201e-01 -1.413588543955333683e-06 -5.555400418745314710e+03 -3.811640538165275130e-06 1.058145961175588673e+04 -1.563151260436322271e-05 1.210732899423578987e+06 0.000000000000000000e+00 -7.234274665908444149e+04 0.000000000000000000e+00 6.361649298213869770e+04
2.825123907298719983e-01 -6.272000247020317981e-07 -5.097683591675415300e+03 1.126547736676341748e-05 1.086457881800778159e+04 -1.691630835854998968e-05 1.189818464373494731e+06 0.000000000000000000e+00 -7.746659598591984832e+04 0.000000000000000000e+00 8.679826947446427948e+04
2.875104651677040102e-01 -4.898243721269871107e-06 -4.349924535529591594e+03 1.502790525940911634e-05 9.398467726489177949e+03 -1.249256729508834479e-05 1.166478489178318297e+06 0.000000000000000000e+00 -9.217196399157249834e+04 0.000000000000000000e+00 4.621010227925684740e+04
2.924971317655564174e-01 -7.224681825012426054e-07 -3.978975412962812698e+03 -6.005516767041579025e-06 9.601208845322451452e+03 -1.591687714573050029e-06 1.148557338727762457e+06 0.000000000000000000e+00 -6.834091768486515502e+04 0.000000000000000000e+00 5.788745661145082704e+04
2.975058823671092867e-01 -1.116529809741585870e-06 -5.725940147411420185e+03 1.967477286098037487e-06 9.204986413284788796e+03 1.012871399007081898e-05 1.121795319065802265e+06 0.000000000000000000e+00 -8.415449853476601129e+04 0.000000000000000000e+00 8.584524997779948171e+04
3.025121359101998753e-01 -2.448688988802905310e-06 -4.039734036574294350e+03 1.055469391725390157e-08 8.458430331589641355e+03 1.723845384035493523e-05 1.100886104362111539e+06 0.000000000000000000e+00 -8.551227288054990640e+04 0.000000000000000000e+00 3.744127275085383008e+04
3.075010376196579687e-01 3.061804358049851158e-07 -3.815194941735904649e+03 -2.725005878664367854e-06 8.592787751476198537e+03 1.205585465982128993e-05 1.074219524146940559e+06 0.000000000000000000e+00 -1.019710190729999595e+05 0.000000000000000000e+00 9.262852401107802871e+04
3.125134169243361515e-01 -2.616669075507742066e-06 -3.457180776191433779e+03 2.771312745073396262e-06 8.295326603659763350e+03 -9.695298950268953241e-06 1.061851635954152560e+06 0.000000000000000000e+00 -8.815357168711039412e+04 0.000000000000000000e+00 6.382880482606073201e+04
3.175159688234982513e-01 3.368192068001545647e-06 -3.345250719611753539e+03 -8.151853768848555746e-06 7.333493609454666512e+03 1.170343123094935076e-05 1.044545549842323991e+06 0.000000000000000000e+00 -1.051870050593863853e+05 0.000000000000000000e+00 5.262458739967188012e+04
3.225221380836135188e-01 -3.240152149801774997e-06 -3.225210949594109934e+03 1.001773925689069403e-05 7.103596450821220060e+03 -1.274225552936803994e-05 1.023560551859543193e+06 0.000000000000000000e+00 -1.006845245233150927e+05 0.000000000000000000e+00 5.899566154427034780e+04
3.275181733526948968e-01 -2.259724407626804976e-07 -3.690621547574972283e+03 -2.689072045075897895e-06 8.022219326175491005e+03 -4.378216039776934317e-06 1.007379733135875547e+06 0.000000000000000000e+00 -9.540761732691596262e+04 0.000000000000000000e+00 4.371173935579414683e+04
3.325123842131759710e-01 -6.949571683997971898e-07 -3.146595408167803726e+03 -3.961255859878843855e-06 6.535948121725362398e+03 1.854666943166958716e-06 9.914630756558171706e+05 0.000000000000000000e+00 -9.999322607790636539e+04 0.000000000000000000e+00 6.335422606901091785e+04
3.374959366892091861e-01 4.105647619381284860e-07 -3.191041726517885309e+03 -1.163266825491364008e-06 6.286566653820551437e+03 9.066638492800337310e-07 9.767418062572260387e+05 0.000000000000000000e+00 -8.388459797498511034e+04 0.000000000000000000e+00 4.990934043373156601e+04
3.424919221947719805e-01 7.731828542616406855e-06 -2.176631524556417844e+03 -2.181189525706523293e-05 5.631631966263574213e+03 1.447072752502312739e-05 9.661047644034037367e+05 0.000000000000000000e+00 -9.664338057655285229e+04 0.000000000000000000e+00 4.132686456258490216e+04
3.475179778446125245e-01 -3.828780997810957894e-06 -2.685324010847191857e+03 4.339285130852419398e-06 7.426055477505145973e+03 -8.168066128663377292e-06 9.521634909661188722e+05 0.000000000000000000e+00 -9.276050890319207974e+04 0.000000000000000000e+00 5.732654830594308442e+04
3.525052850529177828e-01 2.245329714194475718e-06 -2.027104837937090906e+03 -6.065508741817020917e-06 5.631880951620629276e+03 1.680099143780935768e-06 9.326960855819894932e+05 0.000000000000000000e+00 -1.009765942200223508e+05 0.000000000000000000e+00 5.141281558358613984e+04
3.575133254796376558e-01 2.193075951744065846e-06 -3.459681676387856442e+03 -3.596494862843084074e-06 5.412259030742464347e+03 8.448581844816089442e-07 9.216419109227338340e+05 0.000000000000000000e+00 -9.501232083758077351e+04 0.000000000000000000e+00 5.888078484874033165e+04
3.625250227669692404e-01 -1.470505195000752818e-08 -2.307215660292124539e+03 1.830778967775937182e-06 5.232587863273603034e+03 -1.311506820791296471e-05 9.183384343321787892e+05 0.000000000000000000e+00 -9.843033856346935499e+04 0.000000000000000000e+00 5.406733877428097912e+04
3.675230446100045678e-01 4.656094853793495436e-06 -1.641392559543337029e+03 -1.381877692846051307e-05 5.482661534311688229e+03 2.431100902445159091e-05 9.048800938987672562e+05 0.000000000000000000e+00 -9.623952420736463682e+04 0.000000000000000000e+00 6.393308528895012569e+04
3.725177060730277545e-01 -5.109238306935788420e-06 -2.131096117559608956e+03 1.227054773714906629e-05 3.979905083195151292e+03 -2.044044314461947734e-05 8.912546098690605722e+05 0.000000000000000000e+00 -9.612513831551260955e+04 0.000000000000000000e+00 5.621477271427754749e+04
3.775163034622419089e-01 1.733989172257810987e-07 -1.274630846567048820e+03 -1.620101436817771175e-05 5.116821205204763828e+03 9.160260760726032545e-07 8.843971262644720264e+05 0.000000000000000000e+00 -9.288109523448327673e+04 0.000000000000000000e+00 4.548005113742147660e+04
3.825226892977953153e-01 3.048458614864864814e-06 -1.547999567567567510e+03 -6.248680320945945818e-06 4.030602810810810752e+03 1.015657991976351379e-05 8.804919904864864657e+05 0.000000000000000000e+00 -9.544926097297297383e+04 0.000000000000000000e+00 7.865918270270270295e+04
3.875130067694269043e-01 -4.038996641201264968e-06 -1.160494625922023261e+03 8.502473821127503153e-06 3.019331506849315247e+03 -1.230671986136722880e-05 8.646919283456270350e+05 0.000000000000000000e+00 -9.238137660695469822e+04 0.000000000000000000e+00 5.715786722866175114e+04
3.924957861003909865e-01 7.253584301483603307e-06 -1.898049934026325218e+03 -2.552582829144273466e-05 2.487440440253596535e+03 3.143272243989959002e-05 8.589110976603482850e+05 0.000000000000000000e+00 -9.120478954719532339e+04 0.000000000000000000e+00 7.907281665754836285e+04
3.975064703251052212e-01 -2.801241791091010773e-06 -1.326720376680503250e+03 2.671162528653739139e-06 4.073203692460194816e+03 -6.447242513242674334e-06 8.547214377300044289e+05 0.000000000000000000e+00 -9.446562725977326045e+04 0.000000000000000000e+00 6.835764941453441861e+04
