3.798113400606732779e-03 -3.726356907894736500e-04 -1.849652210526315728e+06 8.287931743421051833e-04 -3.018415263157894369e+05 -1.129150390625000000e-03
8.299341265228576958e-03 -1.335144042968750000e-04 -2.253345000000000000e+06 4.863739013671875000e-04 -1.247345500000000000e+06 -7.176399230957031250e-04
1.293222767532251419e-02 1.057424363057324877e-04 -1.074850547770700650e+06 -2.021546576433121112e-04 1.495975541401274095e+05 3.086746118630573376e-04
1.764839556552980082e-02 8.151955800513698686e-05 -1.136262904109589057e+06 -1.870769343964041051e-04 -3.215566849315068102e+05 3.060641354077482624e-04
2.256548662787912635e-02 -3.692107750472589892e-06 -7.230841587901700987e+05 -9.137966682419660248e-05 -2.887735727788279837e+04 -1.546070120510397168e-05
2.777643688250242340e-02 1.220703125000000068e-05 -5.343767804878049064e+05 -4.064048208841463636e-05 -6.683167317073170852e+04 4.640904868521341520e-05
3.269804980233311648e-02 -3.662109374999999864e-06 -3.688117440000000061e+05 9.399414062499999878e-06 -7.411490999999999985e+03 -9.613037109375000068e-06
3.761648458559932462e-02 2.107215104517869156e-05 -3.027114983142279088e+05 -4.411981625084288597e-05 -3.211966284558327607e+04 6.403958403573836527e-05
4.263843696389812976e-02 0.000000000000000000e+00 -2.385564285714285506e+05 -4.359654017857142615e-06 -1.872577008928571377e+04 1.525878906250000000e-05
4.756514582339458480e-02 6.388328608809420141e-07 -1.973963331879633770e+05 6.388328608809420353e-06 -1.432289489751417386e+04 -6.707745039249891413e-06
5.262096060748640974e-02 -1.371576544943820187e-06 -1.536748202247190929e+05 4.457623771067415607e-06 -2.012484831460674104e+04 -2.014503050386235963e-05
5.756031740041873956e-02 -6.571854695235148423e-06 -1.266771287128712866e+05 2.609857238165222719e-05 -7.312658415841584429e+03 -2.459724350730971602e-05
6.254738279606215923e-02 -1.556942911454500716e-06 -1.107312317880794581e+05 1.395260378341917956e-05 -5.596727495707627895e+03 -1.567422334896982836e-05
6.757793472572401483e-02 -1.367659476603690557e-06 -9.638744463971880032e+04 5.510863185138400745e-06 -1.207394551845342721e+04 -5.165596209427174225e-06
7.255917516659465827e-02 -2.837788555421238644e-06 -8.251887669704295695e+04 6.470157906360424473e-07 -1.114517016923935262e+04 -2.108476896677980267e-06
7.753384299139773339e-02 -3.698481178858386524e-06 -7.125125142283228342e+04 1.059482039358051694e-05 -8.064565115500502543e+03 -1.091920375664337157e-05
8.251793356505521260e-02 4.820867415961869375e-06 -5.962932568807339703e+04 -5.262707351544581741e-06 -4.475644495412844662e+03 1.040839273995215839e-05
8.752751931716111489e-02 3.859680737333160481e-06 -5.071871867305948399e+04 -1.268632766943112736e-05 -5.230520150317481239e+03 7.964546111669043181e-06
9.254701955136974967e-02 -5.772468059195532758e-07 -4.247799088422971545e+04 6.005453215801618159e-06 -6.169144940747492910e+03 -2.921877281168100457e-06
9.754963178921903511e-02 -2.785651431487490717e-06 -3.635526933947450743e+04 9.698667139903695543e-06 -3.208346906730869705e+03 -1.428924180394902042e-05
1.025319613041059119e-01 -5.725624413696060562e-07 -3.228131181988742901e+04 3.813265859521576114e-06 -3.947094934333958918e+03 -3.169133112980769407e-06
1.075116003998943526e-01 2.019081667815299662e-06 -2.871540454858717931e+04 -1.051605035320468530e-06 -3.389434183321846831e+03 3.354620062672294886e-06
1.125102861506304813e-01 -1.226647648218288735e-06 -2.586265625724665733e+04 2.802418088621782769e-06 -4.528468423900440939e+03 -3.375639970385329119e-06
1.175500852175193622e-01 -4.948092598847959330e-07 -2.232351358270516357e+04 2.799578707242924179e-06 -2.143171810553264095e+03 1.290193442989084058e-06
1.225369446564099490e-01 1.958804744555042103e-06 -2.033635273088381291e+04 -3.668631358242950594e-06 -2.812856140350877467e+03 4.525951737798787751e-06
1.275260957852891452e-01 -2.797876432512733168e-06 -1.827504826582585520e+04 3.308599908288867091e-06 -2.662272374484598458e+03 -3.155012776080826893e-06
1.325302087090364789e-01 -1.260363475674765713e-06 -1.618270400089781651e+04 2.164537273441445394e-06 -2.108849783962740730e+03 -5.531214709822681145e-06
1.375062694904859717e-01 8.088608352032735239e-07 -1.421202280887011511e+04 -1.788516986206441308e-07 -2.396891446673706469e+03 2.339976390286760622e-06
1.425134422753508989e-01 -1.288897521117296925e-07 -1.305079669802265198e+04 -8.026316381503167372e-07 -2.314539834901132508e+03 1.908447125017997723e-06
1.475259222195813014e-01 7.772256673140006033e-07 -1.188850808692879036e+04 -2.785637968628980980e-06 -1.971369265114583868e+03 -1.192777226023252762e-06
1.525299430011916868e-01 -4.282987799078457918e-07 -1.099868583023334395e+04 1.566128671108809487e-06 -1.978016570848833226e+03 1.025594969960052355e-07
1.574945685492469272e-01 5.701913331075341849e-07 -9.935504347474419774e+03 -3.577888906231042921e-06 -1.604614712662271813e+03 3.420222363364186692e-06
1.625189323163163113e-01 3.296789461678832665e-07 -9.016871824817519155e+03 8.509280907846716456e-07 -1.623313868613138766e+03 -9.634198933622264561e-07
1.675461007718098694e-01 -6.604031712699316383e-07 -8.103627562642368503e+03 3.475806164578587535e-08 -1.298936930523917908e+03 -1.520665197003132081e-06
1.725292014006662711e-01 5.673571566898507104e-07 -7.344212018327455553e+03 -1.337916699286350124e-06 -1.180304446715232416e+03 3.882473308944111227e-06
1.775301965061671094e-01 -3.466156021264512695e-07 -6.673104997476021708e+03 1.270923874463654637e-07 -1.333946996466431074e+03 1.541476608345690280e-06
1.825147654490652804e-01 -1.134187517541138658e-06 -6.046386244793051446e+03 6.788896666999025491e-07 -9.908999379597624966e+02 2.677917705863725823e-06
1.875360723572403465e-01 5.898928509078212845e-07 -5.616101452513966251e+03 -1.890725929643854830e-06 -1.281579553072625686e+03 1.327685137700768133e-06
1.925323683450522461e-01 -1.552516826536896077e-07 -4.979005247938309367e+03 -3.246394395700572959e-06 -8.145417157545249438e+02 1.365193414703431118e-06
1.975198663583639380e-01 -5.403390587454153879e-08 -4.321633388137093789e+03 8.568233645820158652e-08 -7.580888326799038168e+02 -2.396210747300651113e-06
2.025153694923672032e-01 -4.652877876821384216e-07 -3.974459519444176749e+03 1.366414768889317840e-06 -6.968489819550324000e+02 -1.737467055268744619e-06
2.075088499274508613e-01 -3.724809164538918146e-07 -3.772387002221255443e+03 -8.047125240087361998e-07 -1.236217728823650759e+03 -7.085348764909747714e-07
2.125178062418619784e-01 -1.165250517515055038e-07 -3.265259207540583247e+03 -2.413733214852613902e-07 -8.486863326933147391e+02 1.369918447698592229e-06
2.175004174234404231e-01 -2.863992897009931764e-07 -3.096830569817355354e+03 7.570958801737016885e-07 -6.181188031310496171e+02 -1.059067328563594139e-06
2.225093171556767890e-01 1.659616130770916685e-06 -2.807925139378657150e+03 -3.267679251864743855e-06 -6.501517306593644889e+02 3.918141460698636017e-06
2.275289586476768322e-01 2.715190920734157341e-08 -2.514050206643196361e+03 -2.991089353002305479e-07 -3.743854278279504229e+02 -2.020700554852826686e-07
2.325285406108919262e-01 1.865262265111964122e-07 -2.197854073818056349e+03 -1.776440252487584926e-08 -4.115051752678588173e+02 -1.130260110645226010e-06
2.375276552426477672e-01 5.620459216113333312e-07 -2.114170082615573847e+03 -7.047366542752460908e-08 -6.287899455088768264e+02 1.440938358504693845e-06
2.424991024241769377e-01 2.318455954662097237e-07 -1.946845440885992730e+03 -5.260318954911113948e-07 -4.304514375432613633e+02 4.084346573463061025e-07
2.474998551644826128e-01 -2.168135653693363639e-07 -1.706958053154018671e+03 5.640817154228705912e-07 -3.791384566122318347e+02 -1.366108684558117301e-06
2.525200307756395035e-01 8.448262425572223996e-08 -1.501881224868543313e+03 6.119090633940999397e-07 -4.679411073306526987e+02 4.078410485194188883e-07
2.575182250600202005e-01 -7.126301307186498487e-07 -1.255599433723269385e+03 1.774298950222598884e-06 -4.786948811563966615e+02 -1.186333615026125084e-06
2.625255687975799335e-01 2.272233665380555775e-07 -1.089405945113253892e+03 -3.177644781087750439e-08 -4.610538597592286010e+02 4.969967025762930181e-07
2.675305520911575030e-01 -3.681906337487572301e-08 -9.755000345203739016e+02 1.964710521246319251e-06 -3.083741180044461885e+02 -1.136024809998378576e-06
2.725404586615198799e-01 4.506019091514086361e-07 -8.492954461310624765e+02 -1.065169396100079836e-06 -4.226696726080287476e+02 2.498112249684597147e-06
2.775333197047151201e-01 7.655623224936671466e-07 -7.462900716002791341e+02 -1.510023365104072287e-06 -3.133027890505854316e+02 2.217754376141977395e-06
2.825123907298719983e-01 -3.154846278098561080e-07 -6.440929290434138466e+02 1.067257734341227780e-06 -2.650669054529735149e+02 -1.347924091549010420e-06
2.875104651677040102e-01 3.222144214021499826e-07 -5.618741620379237247e+02 -8.639876492245858008e-07 -1.369901838728212908e+02 1.037789815870926947e-06
2.924971317655564174e-01 -1.763838336184674354e-07 -5.170947300280895433e+02 8.558143607168039859e-07 -2.457724167427666373e+02 7.849080596021800798e-08
2.975058823671092867e-01 1.297423899062583177e-07 -4.457504662108160574e+02 -1.272864308283983294e-06 -2.118851567356362580e+02 9.493975600810110857e-07
3.025121359101998753e-01 -2.674955239654035703e-07 -2.583383554537201121e+02 7.597730449498238472e-07 -2.440379361030651353e+02 -1.133351488638252050e-06
3.075010376196579687e-01 8.419961984637090553e-08 -2.713918378011182995e+02 1.020601452683283764e-08 -1.063471285990489719e+02 4.426858801013743184e-07
3.125134169243361515e-01 -3.034575182548260920e-07 -1.551933138950331852e+02 5.217689684452292184e-07 -2.489698170118640803e+02 -6.857326805963138624e-07
3.175159688234982513e-01 1.169244380028686187e-08 -1.173625566110952860e+02 -2.606815354961391580e-07 -2.158600269179003988e+02 5.043115904501932383e-07
3.225221380836135188e-01 -7.568900936703559198e-08 -7.832408910704172911e+01 4.588511162531563180e-07 -1.472718614309986833e+02 -2.430636229685214176e-07
3.275181733526948968e-01 -3.344392123287671259e-07 -6.820052758237689261e+01 6.536252849060533586e-07 -2.333209181784524162e+02 -5.902117687170260921e-07
3.325123842131759710e-01 -1.444207865580828621e-07 5.880893459174324533e+01 2.177170504127489769e-07 -1.575395892080379383e+02 -1.003208678055254199e-06
3.374959366892091861e-01 -9.756258991368287245e-09 5.559875451073818908e+01 -1.613792155079069396e-07 -1.299957082296885460e+02 -7.184716274687943815e-07
3.424919221947719805e-01 -1.655730388566868748e-07 1.243272716665694446e+02 4.637825443243756129e-07 -1.820713232046271060e+02 -7.655845523632635250e-07
3.475179778446125245e-01 -1.206464845664390321e-07 1.488010912536347803e+02 9.621806413769725159e-08 -2.571564674747606887e+02 -2.192326098681469900e-07
3.525052850529177828e-01 7.747556956530417407e-08 2.124352706370748933e+02 -2.175650428359013162e-07 -2.627513970940443642e+02 -2.207931915677889901e-07
3.575133254796376558e-01 1.908649719094664847e-07 2.105953353618811832e+02 -3.223185432490745371e-07 -2.036644158471997628e+02 1.459438715967054017e-06
3.625250227669692404e-01 2.469989194727826869e-07 2.314074536967324036e+02 -5.035331460693984550e-07 -2.870082818852582136e+02 1.047763672242626327e-06
3.675230446100045678e-01 1.439455930047970023e-07 2.273215814068776410e+02 -1.881081899313073555e-07 -2.507665726220939177e+02 -6.304572243853840932e-08
3.725177060730277545e-01 -2.983878929255532093e-07 2.168456458345245608e+02 3.760385434237235001e-07 -1.543962061867459568e+02 -7.575300819667005018e-07
3.775163034622419089e-01 2.634653451051916630e-07 2.205211521090049018e+02 -9.389635542007709090e-07 -2.523502665131256890e+02 7.702994375060336076e-07
3.825226892977953153e-01 2.505328204180743065e-07 3.308083513513513481e+02 -4.263181944151182299e-07 -2.505110540540540569e+02 8.559871364284206530e-08
3.875130067694269043e-01 4.962322206969507760e-07 2.848659378292940119e+02 -1.269522406655443248e-06 -3.072295837723920044e+02 1.291304167254079183e-06
3.924957861003909865e-01 -3.574935937148006660e-08 2.542968364818331111e+02 1.907287249983908973e-07 -2.831482251472339726e+02 -2.115988867193785683e-07
3.975064703251052212e-01 1.285667128740474583e-08 2.876586085124837382e+02 1.085254311613283063e-07 -2.988950870454123105e+02 -7.723456207212997976e-08
