3.798113400606732779e-03 7.709703947368420625e-05 -1.238638526315789437e+06 -8.994654605263157395e-05 6.651084736842104467e+05 -1.252826891447368250e-04
8.299341265228576958e-03 -6.252527236938476562e-05 -1.441298500000000000e+06 2.783834934234619141e-04 2.291294531250000000e+05 -2.033933997154235840e-04
1.293222767532251419e-02 2.799064490445859929e-05 -1.284309605095541570e+06 -7.619675557324841783e-05 5.161919426751592255e+04 3.693210091560509412e-05
1.764839556552980082e-02 4.504478141053082238e-05 -9.947044383561643772e+05 -7.247924804687500000e-05 -1.624266849315068393e+05 1.085490396578017892e-04
2.256548662787912635e-02 -6.922702032136105889e-06 -7.721615122873346554e+05 1.084556651701323273e-05 -1.552803780718336639e+05 -2.405638956167296716e-05
2.777643688250242340e-02 2.024580792682926933e-05 -5.416958439024389954e+05 -4.227801067073170421e-05 -1.523486829268292640e+05 5.076338605182926595e-05
3.269804980233311648e-02 -7.080078125000000359e-06 -3.686075520000000251e+05 -8.544921875000000178e-07 -4.846302799999999843e+04 -4.318237304687500108e-05
3.761648458559932462e-02 -2.634018880647336444e-06 -2.914848927848954918e+05 -1.563948710384355868e-05 -4.012904383007417346e+04 -2.201875158041132863e-05
4.263843696389812976e-02 1.532690865652901634e-06 -2.232437321428571304e+05 -1.229558672223772273e-05 -2.412071428571428260e+04 -1.384530748639787898e-05
4.756514582339458480e-02 -1.107310292193632782e-05 -1.702373484518098703e+05 1.873909725250763326e-05 -1.316167466201482785e+04 -1.575787723506323783e-05
5.262096060748640974e-02 9.851509265685348416e-06 -1.368342808988764009e+05 -1.974253172285101311e-05 -1.554708707865168435e+04 2.118325635288538508e-05
5.756031740041873956e-02 2.190618231745049333e-06 -1.157140000000000000e+05 -6.534085415377475122e-06 -1.389089232673267361e+04 6.977874453705136407e-06
6.254738279606215923e-02 5.868477127790041551e-06 -1.001082678440029413e+05 -1.257530813097865950e-05 -1.812709148883983289e+04 1.871325614728967373e-05
6.757793472572401483e-02 1.080048733729679218e-05 -8.398850615114235552e+04 -2.979017100141421179e-05 -1.151447627416520118e+04 2.462541281862711383e-05
7.255917516659465827e-02 6.810692533010972503e-08 -6.849269406732378411e+04 -4.426950146457132590e-07 -7.609696856983448015e+03 3.433724152059698874e-07
7.753384299139773339e-02 -4.184098398561736796e-06 -6.004745898895213031e+04 1.193146502887839584e-05 -1.012570204218279287e+04 -1.416219929049236191e-05
8.251793356505521260e-02 4.269661159690366786e-06 -5.013377064220183820e+04 -1.543377517560206571e-05 -7.039186926605504595e+03 1.657993421642058732e-05
8.752751931716111489e-02 -1.882385277633795609e-06 -4.335087728391862038e+04 2.491392279221200145e-06 -6.824672800311001993e+03 -3.743020305210898350e-06
9.254701955136974967e-02 2.642816701800364338e-07 -3.493115405651777837e+04 -1.300544008517547776e-06 -5.580791704649042913e+03 -2.467208486746524377e-06
9.754963178921903511e-02 -4.791831590861509182e-08 -3.135328713493143368e+04 6.820373630992881445e-07 -4.904425416099654285e+03 -2.781258919195867589e-06
1.025319613041059119e-01 -1.345521737218574041e-07 -2.641353545966228921e+04 1.481505317043855596e-06 -4.813491932457785879e+03 2.122417399851958348e-06
1.075116003998943526e-01 1.267184067561164653e-06 -2.371261199172984198e+04 -1.288216168267574108e-07 -3.114562026188835262e+03 7.024064382793655452e-06
1.125102861506304813e-01 -5.000948104274561344e-07 -2.089397912962819828e+04 4.250805888633377566e-06 -3.999726675427069949e+03 -4.674235221047190575e-06
1.175500852175193622e-01 1.145874075522685385e-06 -1.759355767316171477e+04 -7.118308650974256799e-07 -2.499328402787654795e+03 2.940642750631133695e-06
1.225369446564099490e-01 7.662225424631744482e-07 -1.581384071499503625e+04 -3.394461830338671398e-06 -2.647843495531281405e+03 -1.573925655987514500e-06
1.275260957852891452e-01 -5.181252652801358425e-07 -1.382522241086587383e+04 1.561777585344409447e-06 -2.352343439243269586e+03 -5.366297390401406808e-08
1.325302087090364789e-01 -1.095968239717187512e-06 -1.197609202626115257e+04 -3.698892809045507932e-07 -1.605714045227540510e+03 -3.668068702303462099e-06
1.375062694904859717e-01 3.738161628827877390e-07 -1.049048278775079234e+04 -1.192344657470960801e-06 -1.722255755015839441e+03 2.022152088008183757e-06
1.425134422753508989e-01 -3.141687707723411569e-07 -9.833300057592627127e+03 1.995594173320814881e-07 -1.506103858706085475e+03 3.737894352257285920e-06
1.475259222195813014e-01 -1.101185560845596661e-06 -8.724929245068113232e+03 -4.727311751104833770e-07 -1.675429769009977690e+03 -2.787723547342703581e-06
1.525299430011916868e-01 6.708294143134933498e-08 -7.748447751099086418e+03 -3.947573091921711309e-07 -1.243693608386878623e+03 -1.853166257041025397e-06
1.574945685492469272e-01 -4.936721498766530140e-09 -6.723800218384761138e+03 5.183557573704856515e-07 -9.902954664941156580e+02 6.207927284698911420e-07
1.625189323163163113e-01 -2.929241987910584028e-07 -6.068874744525547612e+03 1.231284037123631425e-06 -1.518870948905109572e+03 5.680696807638572683e-06
1.675461007718098694e-01 1.259979734659738106e-07 -5.869336560364464276e+03 -1.933417179046839329e-07 -8.960750284738040818e+02 3.687613102732595144e-07
1.725292014006662711e-01 -4.245119151119095621e-07 -5.013586841151070075e+03 1.624613134847710865e-06 -8.500560371823187324e+02 -1.951799154729579755e-06
1.775301965061671094e-01 6.200567993595405949e-07 -4.309475012619888730e+03 -1.357577774995267507e-06 -8.063377713276123586e+02 6.388318111413900369e-07
1.825147654490652804e-01 8.366661496646872879e-07 -3.831672191202103477e+03 -2.243130797807911436e-06 -6.811537711601524734e+02 3.312404562357824482e-06
1.875360723572403465e-01 -5.762537098463687638e-07 -3.393949050279329640e+03 1.986199917074022369e-06 -6.833256983240223690e+02 -1.726630013748254126e-06
1.925323683450522461e-01 -6.013959917532397593e-07 -2.887526614544286076e+03 7.729899567915282954e-07 -3.529780978901145545e+02 -1.677943843838692816e-06
1.975198663583639380e-01 -5.866538352093081713e-08 -2.714367522448463205e+03 -1.570070922125964161e-06 -5.096304034399898342e+02 -1.670805560934931043e-06
2.025153694923672032e-01 -7.076865283377461667e-08 -2.267210653285728313e+03 8.365701412034175709e-07 -3.750920100357039928e+02 6.092753084104149256e-07
2.075088499274508613e-01 6.093871653804758367e-07 -2.208850763699649633e+03 -1.243932516487668701e-06 -4.043784377934003942e+02 2.171291195914149512e-06
2.125178062418619784e-01 3.274353954217304487e-07 -1.793587711642520617e+03 -1.127546340055460719e-06 -4.941715395356956151e+02 5.271302028608730164e-07
2.175004174234404231e-01 -1.541162097045703358e-07 -1.677950677552394609e+03 -2.208999005765507970e-07 -3.177292105041663035e+02 -5.997689161002862278e-07
2.225093171556767890e-01 -1.346690865034179856e-07 -1.397356868462008379e+03 -5.001994641555524725e-07 -3.030469257894840780e+02 3.049292887255964357e-06
2.275289586476768322e-01 1.070018787579643773e-07 -1.304484463493035491e+03 1.288036940274077365e-06 -2.803119738251951958e+02 -8.335526643148995049e-07
2.325285406108919262e-01 2.076214545094864888e-07 -1.046333872992196348e+03 -9.270797567669583986e-08 -2.811711203681807660e+02 8.872486354807133054e-07
2.375276552426477672e-01 6.576731871753946945e-07 -1.033797785199507871e+03 -9.832995745477327042e-07 -1.656037616452803718e+02 4.751723352017522754e-07
2.424991024241769377e-01 -2.071153986164806904e-07 -8.891518579170394787e+02 -1.014968495707629147e-07 -2.637993685952087617e+02 -6.724810299606005019e-07
2.474998551644826128e-01 -3.762173415986231375e-08 -6.866593659942362819e+02 3.246706798601104837e-07 -2.200616714697406451e+02 -6.556320068281199450e-07
2.525200307756395035e-01 1.887879871636251283e-07 -5.980676152180637928e+02 -4.908487666254253071e-07 -2.407609495824311807e+02 4.870730068821528178e-07
2.575182250600202005e-01 -4.074770881454437277e-07 -4.563848595484687962e+02 9.559339724126369903e-07 -2.322391178004619690e+02 -8.570207283594739282e-07
2.625255687975799335e-01 -6.162808082499166241e-07 -4.105477834198665050e+02 1.178319927439099530e-06 -2.175417498716266209e+02 -1.815343505747069253e-06
2.675305520911575030e-01 -2.444069442910205440e-07 -3.566524902997749109e+02 5.233679738093922984e-07 -5.266222504522168890e+01 -7.492337016369560954e-07
2.725404586615198799e-01 -2.267794851939757672e-07 -3.108070026974136226e+02 -2.013575856081742079e-07 -9.287899984132860709e+01 -1.019902400049419467e-07
2.775333197047151201e-01 -6.468429721224183052e-08 -1.311484477990022413e+02 4.677779054495049742e-07 -1.737220771835500273e+02 6.501955119169552595e-07
2.825123907298719983e-01 4.296923246155746212e-07 -1.360241215339961798e+02 -1.007138501204224163e-06 -1.257737787933057518e+02 1.650169295760513822e-06
2.875104651677040102e-01 3.759168249691749532e-07 -8.230143890059375167e+01 -6.855276210443700980e-07 -9.974874904232905237e+01 1.396582149906739283e-06
2.924971317655564174e-01 -1.693284802737287356e-08 -4.094571085089412321e+01 1.848502576321538673e-07 -2.114022587245257512e+02 -3.601757882489104855e-07
2.975058823671092867e-01 3.672082262620992454e-07 1.081407554280259298e+01 -5.955277322590134287e-07 -1.241426938104963966e+02 3.268966220875698900e-08
3.025121359101998753e-01 -6.761600790740780172e-08 6.704144330119753192e+01 1.954267545616542607e-07 -8.415179845229346256e+01 -7.598967327691666103e-07
3.075010376196579687e-01 -2.219808159586142103e-07 1.117086063646339653e+02 2.232565677744683125e-07 -1.461166222500914671e+02 -8.346606255225479940e-07
3.125134169243361515e-01 2.147828743967424019e-08 1.159754273074602935e+02 -2.629556047971546264e-07 -1.717203096722300586e+02 2.607310678837598049e-07
3.175159688234982513e-01 1.918760008252203041e-07 9.691967855704335477e+01 -2.926109012584609439e-07 -3.311518208878977276e+01 2.962085762739338428e-07
3.225221380836135188e-01 -1.411517206083632386e-07 1.751567491032660087e+02 6.847298773185294346e-07 -1.142687181423447385e+02 -3.035482154919648075e-07
3.275181733526948968e-01 1.634063212265133396e-07 1.404310810810810892e+02 -4.051262164548431006e-07 -1.156549796371714223e+02 1.017282027661557622e-06
3.325123842131759710e-01 7.193892563513525350e-08 1.882251260930286492e+02 -2.291186914568081433e-07 -1.273234831030894014e+02 7.261759474490068416e-08
3.374959366892091861e-01 -2.328930950923243878e-07 2.025689135690011540e+02 7.778925070919503245e-07 -8.724819570472621422e+01 -9.167213369442412490e-07
3.424919221947719805e-01 2.069345065127063706e-07 2.381760828075907170e+02 -5.521803620165833184e-07 -1.382508896648859604e+02 6.154266877031273420e-07
3.475179778446125245e-01 1.086815439482798045e-07 2.138594765903224584e+02 3.095928384948704559e-07 -1.244757816839285027e+02 3.496006086868404242e-07
3.525052850529177828e-01 -2.241431572329554459e-08 2.535087338336260530e+02 -2.143978025706530398e-07 -1.626577678428867841e+02 -1.552374089238134717e-06
3.575133254796376558e-01 -2.238453163202933976e-07 2.450465774003418460e+02 7.018264071254340070e-07 -1.413509515524522726e+02 -8.072874907157289953e-07
3.625250227669692404e-01 1.833536165016563734e-07 2.505622797771419812e+02 -4.841178821666540663e-07 -1.293763288661345996e+02 1.031478976040176427e-06
3.675230446100045678e-01 -2.448409970661191578e-07 2.629874680139098473e+02 5.391285289781674033e-07 -1.499899102566906492e+02 -7.987506471188712208e-07
3.725177060730277545e-01 -1.000079304871097639e-07 2.777378066213048555e+02 3.468650195357171235e-07 -1.984903081937217735e+02 -5.244554380820064948e-07
3.775163034622419089e-01 2.752497375380117487e-07 2.224288896090911010e+02 -3.552152576178622283e-07 -2.013816068017735290e+02 1.136352127450507093e-06
3.825226892977953153e-01 -4.948796452702702448e-09 2.267692702702702547e+02 -1.418654983108108123e-07 -1.754320540540540492e+02 3.592001425253378535e-07
3.875130067694269043e-01 -2.267111968190200264e-07 2.705782929399367731e+02 5.145218651211802588e-07 -2.023363277133825306e+02 -7.737926487173999738e-07
3.924957861003909865e-01 -1.037124271875905171e-07 2.282519486370804316e+02 2.231388584945129338e-07 -1.570382132397901671e+02 -3.087801809448717715e-07
3.975064703251052212e-01 -3.344861557548517823e-07 2.117277987733102123e+02 4.157266108108331040e-07 -1.582108047828511417e+02 -2.130420151404396352e-07
