3.798113400606732779e-03 3.535137171052631311e+04 0.000000000000000000e+00 2.267973684210526335e+04 0.000000000000000000e+00 -4.536311184210525971e+04
8.299341265228576958e-03 3.174072851562500000e+04 0.000000000000000000e+00 6.976667480468750000e+02 0.000000000000000000e+00 4.647650390625000000e+03
1.293222767532251419e-02 3.484043949044586043e+04 0.000000000000000000e+00 1.417744745222930032e+04 0.000000000000000000e+00 -5.685220541401274204e+03
1.764839556552980082e-02 3.393835616438355646e+04 0.000000000000000000e+00 1.992230650684931243e+04 0.000000000000000000e+00 6.316774828767122926e+03
2.256548662787912635e-02 3.535713421550094790e+04 0.000000000000000000e+00 1.945579395085066062e+04 0.000000000000000000e+00 -1.057444801512287449e+04
2.777643688250242340e-02 3.140235609756097620e+04 0.000000000000000000e+00 2.000190243902439033e+04 0.000000000000000000e+00 2.540265853658536798e+03
3.269804980233311648e-02 2.840643600000000151e+04 0.000000000000000000e+00 1.512511499999999978e+04 0.000000000000000000e+00 1.491373499999999922e+03
3.761648458559932462e-02 2.500927579231287746e+04 0.000000000000000000e+00 1.160250842886041755e+04 0.000000000000000000e+00 2.935289952798381819e+03
4.263843696389812976e-02 2.221866071428571377e+04 0.000000000000000000e+00 1.008296205357142753e+04 0.000000000000000000e+00 2.577970424107142662e+03
4.756514582339458480e-02 2.039293501962494702e+04 0.000000000000000000e+00 1.201019276057566458e+04 0.000000000000000000e+00 -1.315296772786742395e+03
5.262096060748640974e-02 1.833041432584269569e+04 0.000000000000000000e+00 1.028389887640449342e+04 0.000000000000000000e+00 4.448855337078651246e+03
5.756031740041873956e-02 1.659557797029702851e+04 0.000000000000000000e+00 8.539287747524753286e+03 0.000000000000000000e+00 6.468801051980198054e+02
6.254738279606215923e-02 1.611677017414765578e+04 0.000000000000000000e+00 6.845630610743192847e+03 0.000000000000000000e+00 -1.913906824871228594e+02
6.757793472572401483e-02 1.511236731107205560e+04 0.000000000000000000e+00 8.089686291739893932e+03 0.000000000000000000e+00 3.252686731107205560e+02
7.255917516659465827e-02 1.410598326204203113e+04 0.000000000000000000e+00 7.037292914264459796e+03 0.000000000000000000e+00 -4.846989492281941807e+02
7.753384299139773339e-02 1.321810378305992708e+04 0.000000000000000000e+00 6.267833277535989509e+03 0.000000000000000000e+00 7.822894208235688893e+02
8.251793356505521260e-02 1.201051261467889890e+04 0.000000000000000000e+00 5.984004013761467832e+03 0.000000000000000000e+00 2.281028884747706513e+02
8.752751931716111489e-02 1.102932227549566051e+04 0.000000000000000000e+00 5.273539976674874197e+03 0.000000000000000000e+00 9.360631074251652990e+02
9.254701955136974967e-02 1.024935824977210541e+04 0.000000000000000000e+00 5.299166818596171652e+03 0.000000000000000000e+00 4.952696558796718023e+02
9.754963178921903511e-02 9.481931121113786503e+03 0.000000000000000000e+00 4.488867162148016178e+03 0.000000000000000000e+00 4.675671516801004941e+02
1.025319613041059119e-01 8.654577110694184739e+03 0.000000000000000000e+00 4.189796998123827507e+03 0.000000000000000000e+00 8.853403377110694237e+02
1.075116003998943526e-01 8.271876636802206122e+03 0.000000000000000000e+00 3.603084424534803475e+03 0.000000000000000000e+00 -7.462007344073053616e+01
1.125102861506304813e-01 7.969873695601762847e+03 0.000000000000000000e+00 3.636772667542707040e+03 0.000000000000000000e+00 1.655206771276184554e+02
1.175500852175193622e-01 7.594668183757645238e+03 0.000000000000000000e+00 3.574442326838287954e+03 0.000000000000000000e+00 1.682003982363817443e+02
1.225369446564099490e-01 7.180286262826879465e+03 0.000000000000000000e+00 3.175410526315789866e+03 0.000000000000000000e+00 1.974531777557100440e+02
1.275260957852891452e-01 6.881717196216347475e+03 0.000000000000000000e+00 3.067153528983749766e+03 0.000000000000000000e+00 5.678280984719864364e+02
1.325302087090364789e-01 6.681633129454015034e+03 0.000000000000000000e+00 2.845632456091128461e+03 0.000000000000000000e+00 -4.697695696088883892e+02
1.375062694904859717e-01 6.400029989440337886e+03 0.000000000000000000e+00 2.657471805702217353e+03 0.000000000000000000e+00 5.337842133051742621e+02
1.425134422753508989e-01 6.097738529468228080e+03 0.000000000000000000e+00 2.667297753887502495e+03 0.000000000000000000e+00 2.895248368208869465e+02
1.475259222195813014e-01 5.812876395279967255e+03 0.000000000000000000e+00 2.403427764362841117e+03 0.000000000000000000e+00 2.418354594742357335e+02
1.525299430011916868e-01 5.461675008454514682e+03 0.000000000000000000e+00 2.302975481907338235e+03 0.000000000000000000e+00 1.907427079810618693e+02
1.574945685492469272e-01 5.279662231568730022e+03 0.000000000000000000e+00 2.156743317021878738e+03 0.000000000000000000e+00 2.083595260241840776e+02
1.625189323163163113e-01 5.040585109489051320e+03 0.000000000000000000e+00 2.013247591240876091e+03 0.000000000000000000e+00 2.100043795620438232e+02
1.675461007718098694e-01 4.771593963553530557e+03 0.000000000000000000e+00 1.742219533029612649e+03 0.000000000000000000e+00 1.201333641799544409e+02
1.725292014006662711e-01 4.605067607212315124e+03 0.000000000000000000e+00 1.790006131127006711e+03 0.000000000000000000e+00 4.518111546955863105e+02
1.775301965061671094e-01 4.518360928823826725e+03 0.000000000000000000e+00 1.689740408884401859e+03 0.000000000000000000e+00 2.908369194851085240e+02
1.825147654490652804e-01 4.353516854264527865e+03 0.000000000000000000e+00 1.477123578244556711e+03 0.000000000000000000e+00 3.973738145883186945e+01
1.875360723572403465e-01 4.256667709497206488e+03 0.000000000000000000e+00 1.639148491620111827e+03 0.000000000000000000e+00 3.051125977653631480e+02
1.925323683450522461e-01 4.102562707507764571e+03 0.000000000000000000e+00 1.547023240869658366e+03 0.000000000000000000e+00 1.514659553389739699e+02
1.975198663583639380e-01 3.972760945997217277e+03 0.000000000000000000e+00 1.377267231566965847e+03 0.000000000000000000e+00 2.214831162261287432e+02
2.025153694923672032e-01 3.881257164913635279e+03 0.000000000000000000e+00 1.294040432307247102e+03 0.000000000000000000e+00 5.805716250120622135e+01
2.075088499274508613e-01 3.747138152923126199e+03 0.000000000000000000e+00 1.242558428175593690e+03 0.000000000000000000e+00 6.388345851748380255e+01
2.125178062418619784e-01 3.654491185198115090e+03 0.000000000000000000e+00 1.199782510036655594e+03 0.000000000000000000e+00 1.072782226392040599e+02
2.175004174234404231e-01 3.552884437336924748e+03 0.000000000000000000e+00 1.150792862553657187e+03 0.000000000000000000e+00 3.956430172123558719e+01
2.225093171556767890e-01 3.452373593900829292e+03 0.000000000000000000e+00 1.030822718228561371e+03 0.000000000000000000e+00 1.860636118279781783e+02
2.275289586476768322e-01 3.335865911526098444e+03 0.000000000000000000e+00 1.052282488902495061e+03 0.000000000000000000e+00 1.818924307362620709e+02
2.325285406108919262e-01 3.258861477452567669e+03 0.000000000000000000e+00 1.008599421534207750e+03 0.000000000000000000e+00 4.931128917832391068e+01
2.375276552426477672e-01 3.206518122692916222e+03 0.000000000000000000e+00 9.678318860959747099e+02 0.000000000000000000e+00 1.315927931095095857e+02
2.424991024241769377e-01 3.119817669204666345e+03 0.000000000000000000e+00 8.845802846386304736e+02 0.000000000000000000e+00 6.856528455421809554e+01
2.474998551644826128e-01 3.045182452769772681e+03 0.000000000000000000e+00 8.270967018892090437e+02 0.000000000000000000e+00 8.266585814921549513e+01
2.525200307756395035e-01 2.973499536034642915e+03 0.000000000000000000e+00 8.390914321064027490e+02 0.000000000000000000e+00 3.744120012372409434e+01
2.575182250600202005e-01 2.911860517100067227e+03 0.000000000000000000e+00 8.303601818046345215e+02 0.000000000000000000e+00 1.307705983160718120e+02
2.625255687975799335e-01 2.837237861584982966e+03 0.000000000000000000e+00 8.157205454441718757e+02 0.000000000000000000e+00 5.007041635761967058e+01
2.675305520911575030e-01 2.792962483257618260e+03 0.000000000000000000e+00 7.149665980861904018e+02 0.000000000000000000e+00 2.606122360917413161e+01
2.725404586615198799e-01 2.741667107420531920e+03 0.000000000000000000e+00 6.819059607552758280e+02 0.000000000000000000e+00 8.731662215052625697e+01
2.775333197047151201e-01 2.681859435986248627e+03 0.000000000000000000e+00 6.305224494016077870e+02 0.000000000000000000e+00 4.959109649236177120e+01
2.825123907298719983e-01 2.620535984684740470e+03 0.000000000000000000e+00 6.343671957018465264e+02 0.000000000000000000e+00 3.451434570493422882e+01
2.875104651677040102e-01 2.573438996360850524e+03 0.000000000000000000e+00 6.334240566941198267e+02 0.000000000000000000e+00 4.700706282321394269e+01
2.924971317655564174e-01 2.521135142008345611e+03 0.000000000000000000e+00 6.343566565328462730e+02 0.000000000000000000e+00 6.419305361291888445e+00
2.975058823671092867e-01 2.460346860847171683e+03 0.000000000000000000e+00 5.624777994849480365e+02 0.000000000000000000e+00 3.807188249267382929e+01
3.025121359101998753e-01 2.435577017854826863e+03 0.000000000000000000e+00 5.350668367126367002e+02 0.000000000000000000e+00 4.077546433898231903e+00
3.075010376196579687e-01 2.395156273188065370e+03 0.000000000000000000e+00 5.556805350890945192e+02 0.000000000000000000e+00 3.884087892564143374e+01
3.125134169243361515e-01 2.326826623768349236e+03 0.000000000000000000e+00 4.913892620148803871e+02 0.000000000000000000e+00 -5.526871669515383001e-01
3.175159688234982513e-01 2.331212936310676014e+03 0.000000000000000000e+00 4.713893762709866451e+02 0.000000000000000000e+00 1.154561306991777236e+01
3.225221380836135188e-01 2.280839720596564348e+03 0.000000000000000000e+00 4.303680573909760483e+02 0.000000000000000000e+00 -8.286298258448178800e+00
3.275181733526948968e-01 2.224641836356905060e+03 0.000000000000000000e+00 4.336731580895964271e+02 0.000000000000000000e+00 -5.896540170307293494e+01
3.325123842131759710e-01 2.201052723342555055e+03 0.000000000000000000e+00 3.900984370691265894e+02 0.000000000000000000e+00 -2.405594349609044968e+01
3.374959366892091861e-01 2.178244333111445940e+03 0.000000000000000000e+00 3.926593560592789913e+02 0.000000000000000000e+00 -1.963424482359948087e+01
3.424919221947719805e-01 2.142782421721991341e+03 0.000000000000000000e+00 3.919483619331772388e+02 0.000000000000000000e+00 -9.393685046129229832e+00
3.475179778446125245e-01 2.100061815924461825e+03 0.000000000000000000e+00 3.670037573104191893e+02 0.000000000000000000e+00 3.848209151501290393e+01
3.525052850529177828e-01 2.082710394379690115e+03 0.000000000000000000e+00 3.554269838735430085e+02 0.000000000000000000e+00 -4.667872425355260901e+01
3.575133254796376558e-01 2.049799388369829558e+03 0.000000000000000000e+00 3.464607767243295484e+02 0.000000000000000000e+00 2.235673300963432641e+00
3.625250227669692404e-01 2.025065381719620518e+03 0.000000000000000000e+00 3.099585604577623599e+02 0.000000000000000000e+00 -4.202124680018069114e+01
3.675230446100045678e-01 1.998539495075418017e+03 0.000000000000000000e+00 3.144893671310572927e+02 0.000000000000000000e+00 2.292301649789675722e+01
3.725177060730277545e-01 1.987634970552919185e+03 0.000000000000000000e+00 2.907089313282634748e+02 0.000000000000000000e+00 1.095726956944365149e+01
3.775163034622419089e-01 1.956503402955434012e+03 0.000000000000000000e+00 3.066609111783810704e+02 0.000000000000000000e+00 -1.981274953282628104e+01
3.825226892977953153e-01 1.938607351351351326e+03 0.000000000000000000e+00 2.754001081081080997e+02 0.000000000000000000e+00 5.959048775337837389e-01
3.875130067694269043e-01 1.906023814541622869e+03 0.000000000000000000e+00 2.686330084299262353e+02 0.000000000000000000e+00 1.345781250000000107e+01
3.924957861003909865e-01 1.887322987802915804e+03 0.000000000000000000e+00 2.532121906478293170e+02 0.000000000000000000e+00 5.985050043446079115e+01
3.975064703251052212e-01 1.875591152964500452e+03 0.000000000000000000e+00 2.689853168948640132e+02 0.000000000000000000e+00 5.355220246577039944e+01
