3.798113400606732779e-03 4.882812500000000000e-04 -4.880703578947368078e+06 -1.426295230263157883e-03 -7.895130105263157748e+06 1.802143297697368250e-03
8.299341265228576958e-03 2.422332763671875000e-04 -2.339828000000000000e+06 -4.835128784179687500e-04 -1.055124250000000000e+06 6.802082061767578125e-04
1.293222767532251419e-02 -6.220143312101911141e-06 -1.428078063694267534e+06 1.523935111464968357e-04 -1.853571719745222945e+05 -3.654334195859872478e-05
1.764839556552980082e-02 -3.177172517123287495e-05 -1.004520547945205471e+06 6.605174443493149979e-05 -2.536733698630136787e+05 -1.841505912885273947e-04
2.256548662787912635e-02 -3.692107750472589892e-06 -7.917619659735349705e+05 0.000000000000000000e+00 -1.236096332703213702e+05 -2.030659262759924462e-05
2.777643688250242340e-02 1.042063643292683005e-05 -5.525599609756097198e+05 -5.463390815548780597e-05 -9.921265365853658295e+04 5.541545588795731886e-05
3.269804980233311648e-02 -6.408691406249999763e-06 -4.112480320000000065e+05 1.797485351562499902e-05 -7.099531200000000536e+04 -1.674652099609374878e-05
3.761648458559932462e-02 -1.070070170262980491e-05 -3.083979608900876483e+05 2.609324953641267743e-05 -4.283821173297370115e+04 -6.646782019133513287e-06
4.263843696389812976e-02 1.590805394308907451e-05 -2.485838571428571304e+05 -3.186826195035661583e-05 -4.419051339285713766e+04 4.912566925798143272e-05
4.756514582339458480e-02 0.000000000000000000e+00 -1.919321064108155260e+05 2.661803587003925218e-06 -1.008501090274749185e+04 -1.863262510902747674e-07
5.262096060748640974e-02 8.536188789967739796e-06 -1.498153033707865106e+05 -2.494086040539687790e-05 -2.273134269662921361e+04 3.339584623829702130e-05
5.756031740041873956e-02 -8.309241568688118780e-07 -1.268303861386138597e+05 -3.399235187190593902e-07 -1.267079084158415935e+04 -4.617294462600556797e-06
6.254738279606215923e-02 -2.874356144223693890e-06 -1.092993161638459569e+05 8.742833272013735441e-06 -2.008399116997792225e+04 -7.575126088422859481e-06
6.757793472572401483e-02 -4.702167477465262629e-06 -9.385340597539542068e+04 8.966466035490924384e-06 -1.356661423550087784e+04 -6.269382047737000245e-06
7.255917516659465827e-02 -4.341816489794495384e-06 -7.668505114376045822e+04 -5.093830456981123119e-06 -8.161188023061186868e+03 -1.173922180663880842e-05
7.753384299139773339e-02 2.533766111483093579e-06 -6.588918379645129608e+04 -7.151759185637763650e-06 -7.089048543689320468e+03 5.731624147346837046e-06
8.251793356505521260e-02 8.749305655103211495e-09 -5.554464220183486759e+04 5.717671245609948527e-06 -7.410057339449541359e+03 -5.654238779610450892e-07
8.752751931716111489e-02 7.355539110081638009e-07 -4.617037294285344251e+04 3.602632327572243267e-06 -7.073534274977323548e+03 3.589779907084197597e-06
9.254701955136974967e-02 2.420263716385596954e-06 -3.870245396536007320e+04 -8.999486347709661677e-06 -5.219523701002734924e+03 7.292087662730742477e-06
9.754963178921903511e-02 -2.095627682403433469e-06 -3.270788569035904948e+04 7.002463231445619380e-06 -4.972593321469695184e+03 -9.621997834449910793e-06
1.025319613041059119e-01 2.490646619957786048e-07 -2.925133808630393833e+04 -1.951006518966932334e-06 -4.802578611632269713e+03 2.615536802481531534e-06
1.075116003998943526e-01 1.682568056512749807e-07 -2.598583597518952593e+04 -5.678667190730530697e-07 -4.173167470709855479e+03 1.351312470386802262e-06
1.125102861506304813e-01 6.121443552166267665e-07 -2.197000726598129404e+04 -1.152930842435939560e-06 -2.926712839143541714e+03 6.368689718760266152e-06
1.175500852175193622e-01 1.406300001777841039e-06 -1.876045512729341499e+04 7.205117293059309460e-07 -2.459594083345185936e+03 3.791367443064642574e-06
1.225369446564099490e-01 -1.179891799073154768e-06 -1.678987778881165286e+04 2.303213443396226751e-06 -2.229972327044025405e+03 -5.404470141302548829e-06
1.275260957852891452e-01 -4.070984227201066804e-07 -1.474190637885035176e+04 8.401031087042201848e-07 -1.942700460829493068e+03 -9.446533854482476408e-07
1.325302087090364789e-01 5.612020961872141890e-07 -1.367530710958981035e+04 3.309658190315871295e-06 -1.813900566747096036e+03 -3.383714979756233680e-06
1.375062694904859717e-01 -9.409855134635691013e-07 -1.213455712777191184e+04 1.572605926610348532e-06 -2.170198310454065449e+03 -2.739170159054910000e-06
1.425134422753508989e-01 6.620246358466116277e-07 -1.066998041850643131e+04 -1.326978584241217183e-06 -1.727804760990593195e+03 2.269484896558240336e-06
1.475259222195813014e-01 1.223539512050662986e-07 -9.176428265524626113e+03 -1.262470314706820277e-06 -1.845467766185247683e+03 -3.185373888759169125e-06
1.525299430011916868e-01 1.290056565987487242e-07 -8.604902265809942037e+03 -1.021724800262089849e-06 -1.561654379438620253e+03 4.695805900194453581e-07
1.574945685492469272e-01 1.026838071743438269e-06 -7.729191895498846861e+03 -2.784310925304323158e-06 -1.439917499090063302e+03 4.991025435252962355e-06
1.625189323163163113e-01 -7.128193430656934919e-08 -6.662763211678832704e+03 8.375627281021898000e-07 -1.059553138686131433e+03 -2.183009238138686451e-07
1.675461007718098694e-01 -6.169555942126993354e-07 -6.038535307517084220e+03 1.255634976954014822e-06 -1.133794632687927106e+03 -8.852443825411089642e-07
1.725292014006662711e-01 -3.219047697531068191e-07 -5.530754392326202833e+03 -3.862857237037281511e-07 -1.205411477733460970e+03 -4.989523931173155484e-07
1.775301965061671094e-01 -8.463197618587519167e-07 -4.812715295305401014e+03 1.052844891459095673e-06 -9.028446491670873684e+02 -9.042093815194542835e-07
1.825147654490652804e-01 -5.048847454873113150e-08 -4.183651392951047455e+03 -4.507899513279565024e-07 -7.828864663653283742e+02 -4.012030566818813094e-07
1.875360723572403465e-01 -1.183195487081005567e-06 -3.716547486033519817e+03 1.143982956529329715e-06 -8.754391061452514577e+02 -4.368787371246508537e-07
1.925323683450522461e-01 4.847529512331650960e-07 -3.356899432365856228e+03 2.523861235771493678e-07 -6.372894398629109673e+02 -1.287210085949423177e-07
1.975198663583639380e-01 3.705182117111420029e-08 -2.952939117237890514e+03 3.643429081826229563e-07 -9.349987605918805684e+02 -1.020468908087770283e-06
2.025153694923672032e-01 8.967096920836148922e-07 -2.590473222039950087e+03 -1.876611662661029714e-06 -5.511695454984078424e+02 3.800893237113860954e-06
2.075088499274508613e-01 -2.068561937530055617e-07 -2.247090247086033742e+03 2.599679191760745780e-07 -4.946639034555405487e+02 -7.456606714001923297e-07
2.125178062418619784e-01 -3.229408577113152442e-08 -1.979446151160761019e+03 -5.817929369593024858e-07 -5.483124890905917255e+02 -1.121553623108240508e-07
2.175004174234404231e-01 1.387045887341133022e-07 -1.768288191229694576e+03 3.929963347466543298e-07 -2.778860575709115324e+02 6.941650945443355254e-07
2.225093171556767890e-01 3.607207674198695664e-08 -1.566018793955989850e+03 -9.114211390142038893e-07 -2.507730344161856522e+02 -3.306607034682138001e-07
2.275289586476768322e-01 -1.740057837373718104e-07 -1.280491428134088437e+03 -3.783749928248890401e-07 -2.524799862237869377e+02 3.036342535014541942e-08
2.325285406108919262e-01 -5.729019814272461063e-07 -1.120947446928492127e+03 -8.549118715096502294e-07 -1.808346097174976990e+02 -1.483882748406035817e-06
2.375276552426477672e-01 3.661143798613552325e-08 -1.175710740024608867e+03 2.071362510677129083e-06 -1.149922042538231750e+02 6.348329471313884393e-08
2.424991024241769377e-01 5.358209317441291697e-07 -7.706808704607228719e+02 -1.244753241436361546e-06 -1.168829284351628388e+02 1.803243520292742266e-06
2.474998551644826128e-01 2.002624453087476085e-07 -7.273998078770413258e+02 -9.618888021927784399e-07 -4.062430755683637784e+01 6.113913515001163642e-07
2.525200307756395035e-01 1.746288881263532404e-07 -5.862676152180637246e+02 -1.798205577733529264e-07 -1.708836529539127866e+02 5.025300233311746537e-07
2.575182250600202005e-01 -3.092460043960956909e-07 -5.047163102600402453e+02 5.111654543253110675e-07 -2.082493703896878117e+02 -6.726100595615080814e-07
2.625255687975799335e-01 -2.328821860112255359e-07 -4.178624408056141988e+02 8.721111395766175146e-07 -2.920627888400753136e+02 -1.490935696003175407e-06
2.675305520911575030e-01 0.000000000000000000e+00 -3.061561425553361460e+02 3.708243292691346089e-08 -1.896380883997735225e+02 -2.781182469518509733e-08
2.725404586615198799e-01 2.530084292110725960e-07 -2.277789971968053919e+02 1.680670028172435920e-07 -1.321856190828793558e+02 -6.935538081443876543e-08
2.775333197047151201e-01 -3.944164464161087795e-07 -1.926745418357587880e+02 5.569160223395455539e-07 -2.018502080802336707e+02 -1.176544259659252324e-06
2.825123907298719983e-01 7.161538743592910354e-08 -2.725042070647810899e+00 5.446538676048292710e-07 -1.480457975668498705e+02 3.924711693034799128e-07
2.875104651677040102e-01 -1.417451196190863867e-07 -3.828139963608504104e+01 3.284249034473161108e-07 -1.546772529208963647e+02 -6.461641245522139596e-07
2.924971317655564174e-01 -1.679174096047810036e-07 -3.129075009536579799e+01 4.691809974251233878e-07 1.385863609566634658e+01 -5.430858237112612584e-07
2.975058823671092867e-01 -1.111109762121481239e-07 3.344503429979575770e+01 1.395662262176982338e-07 -1.639984570642038761e+02 -2.439021429047153564e-07
3.025121359101998753e-01 -4.390917586670080001e-08 1.489721477670658487e+02 1.150502866253789500e-07 -7.720381198391768862e+01 -4.133801532211194718e-07
3.075010376196579687e-01 1.243858020457752050e-07 1.552952813920677215e+02 -1.396948238360244581e-07 -1.334564769817630747e+02 -4.098352708431311332e-08
3.125134169243361515e-01 9.204980331288961027e-08 1.788844359541524227e+02 -1.887020967914236944e-07 -8.113225417253167393e+01 2.007452793915267605e-07
3.175159688234982513e-01 -1.067310254590287958e-07 2.161956165083357178e+02 6.535776278109067021e-08 -1.212343036221276975e+02 -9.694235135442966414e-07
3.225221380836135188e-01 -5.743290672712738542e-08 2.210847460826883264e+02 2.023474729486472517e-07 -5.953949877289031889e+01 -3.312429392452575038e-07
3.275181733526948968e-01 -7.134020571265560856e-08 2.147730655312847148e+02 6.508182834934543618e-08 -1.955495742317660017e+02 2.735259576181004158e-07
3.325123842131759710e-01 -2.714676439061707773e-08 2.619012426946102323e+02 5.483646406904649734e-08 -1.596800306003540584e+02 -1.187670942089497180e-07
3.374959366892091861e-01 8.105713805842282051e-08 2.445613460393091145e+02 -5.254012761618709107e-07 -1.742852888624181276e+02 1.158973403298244765e-07
3.424919221947719805e-01 -8.240501473051697459e-08 3.023082115860620434e+02 4.705224606526431580e-07 -3.856451008009067749e+01 -1.005519215237959379e-06
3.475179778446125245e-01 1.690047862314993338e-07 3.059833371450974937e+02 -2.799297565456839902e-07 -6.665626327310745580e+01 5.232791998473081972e-07
3.525052850529177828e-01 -2.103169353058139059e-07 3.110794826760338765e+02 3.771756796644230090e-07 -1.352642024588855065e+02 8.674127005282138058e-08
3.575133254796376558e-01 -5.473333753286171310e-08 2.975845053690092072e+02 4.876880716069087801e-07 -1.849155904377217894e+02 -2.581121280662944264e-07
3.625250227669692404e-01 1.075306923844300519e-07 3.329511218190031627e+02 -4.792927869955578390e-07 -1.460652461978617680e+02 2.652653511919326525e-07
3.675230446100045678e-01 3.726566743169010404e-08 3.456101888910759499e+02 -6.335163463387318150e-08 -2.204752823159751927e+02 -2.716917447566391724e-07
3.725177060730277545e-01 -4.063571962867731554e-07 3.024341586139859714e+02 1.075221577614411355e-06 -1.368307936417176620e+02 -1.379307850439584441e-06
3.775163034622419089e-01 2.840880318626268064e-08 3.363485564159673231e+02 -1.546701506807634596e-08 -2.083886195792333638e+02 6.515611619664134750e-08
3.825226892977953153e-01 -6.928315033783783427e-08 2.809369729729729670e+02 4.783836570945945788e-07 -1.652066891891891771e+02 -1.432676573057432326e-06
3.875130067694269043e-01 9.566890929596944048e-08 3.468466807165437444e+02 2.291230180617755741e-08 -1.577290832455216218e+02 4.076982825774664517e-07
3.924957861003909865e-01 2.396385628198114444e-07 2.867311427927783143e+02 -2.832449242509574477e-07 -2.297732179062208502e+02 6.693183629577929884e-07
3.975064703251052212e-01 7.562747816120438529e-09 2.613609317886128451e+02 6.125825731057555969e-08 -2.364344712223530394e+02 3.195260952310885336e-08
