3.798113400606732779e-03 1.568264802631578823e+04 0.000000000000000000e+00 1.437220394736841990e+04 0.000000000000000000e+00 1.426987993421052488e+04
8.299341265228576958e-03 3.221913085937500000e+04 0.000000000000000000e+00 2.361072070312500000e+04 0.000000000000000000e+00 -1.720601562500000000e+03
1.293222767532251419e-02 3.896783439490445744e+04 0.000000000000000000e+00 1.283050955414012788e+04 0.000000000000000000e+00 -1.201420780254777128e+04
1.764839556552980082e-02 3.781849657534246217e+04 0.000000000000000000e+00 1.990049657534246580e+04 0.000000000000000000e+00 7.542238013698629402e+03
2.256548662787912635e-02 3.837294896030245582e+04 0.000000000000000000e+00 2.167742344045368736e+04 0.000000000000000000e+00 -8.715236294896030813e+03
2.777643688250242340e-02 3.142051707317073306e+04 0.000000000000000000e+00 1.727391707317073087e+04 0.000000000000000000e+00 1.507422713414634245e+03
3.269804980233311648e-02 2.844995200000000114e+04 0.000000000000000000e+00 2.015566200000000026e+04 0.000000000000000000e+00 -2.156974000000000160e+03
3.761648458559932462e-02 2.392016992582602688e+04 0.000000000000000000e+00 1.262966419420094462e+04 0.000000000000000000e+00 1.626503708698583978e+03
4.263843696389812976e-02 2.166289508928571377e+04 0.000000000000000000e+00 1.238661830357142753e+04 0.000000000000000000e+00 2.917928013392856883e+03
4.756514582339458480e-02 2.017051897078063848e+04 0.000000000000000000e+00 1.013843872655909399e+04 0.000000000000000000e+00 -3.597391190580026432e+03
5.262096060748640974e-02 1.828291713483145941e+04 0.000000000000000000e+00 8.805095505617977324e+03 0.000000000000000000e+00 2.866705056179775056e+03
5.756031740041873956e-02 1.726648762376237573e+04 0.000000000000000000e+00 7.911549504950495248e+03 0.000000000000000000e+00 -1.770375618811881168e+03
6.254738279606215923e-02 1.645008486632327549e+04 0.000000000000000000e+00 8.331426048565121164e+03 0.000000000000000000e+00 1.622485405935736935e+03
6.757793472572401483e-02 1.532027240773286394e+04 0.000000000000000000e+00 9.006004393673110826e+03 0.000000000000000000e+00 6.376926625659050387e+02
7.255917516659465827e-02 1.421231169797284747e+04 0.000000000000000000e+00 7.003214431839315694e+03 0.000000000000000000e+00 3.426087734796354880e+02
7.753384299139773339e-02 1.295783729494476211e+04 0.000000000000000000e+00 6.204299296953465273e+03 0.000000000000000000e+00 2.172308963843321123e+02
8.251793356505521260e-02 1.201397018348623897e+04 0.000000000000000000e+00 5.801736238532110292e+03 0.000000000000000000e+00 -4.727201476490826053e+02
8.752751931716111489e-02 1.104567370739924991e+04 0.000000000000000000e+00 5.637967085655047413e+03 0.000000000000000000e+00 1.123707788000518349e+03
9.254701955136974967e-02 1.021191431175934304e+04 0.000000000000000000e+00 4.586505925250683504e+03 0.000000000000000000e+00 1.218797430492251550e+02
9.754963178921903511e-02 9.247641578561708229e+03 0.000000000000000000e+00 4.274874070972469781e+03 0.000000000000000000e+00 8.625590913849052868e+02
1.025319613041059119e-01 8.754575609756097037e+03 0.000000000000000000e+00 4.546706941838649072e+03 0.000000000000000000e+00 5.783911350844277877e+02
1.075116003998943526e-01 8.431936595451412359e+03 0.000000000000000000e+00 3.961282908339076585e+03 0.000000000000000000e+00 3.168614102343211698e+02
1.125102861506304813e-01 7.840004947051093950e+03 0.000000000000000000e+00 3.601958413851743444e+03 0.000000000000000000e+00 5.326054340264358871e+02
1.175500852175193622e-01 7.463931161996871197e+03 0.000000000000000000e+00 3.348870999857772858e+03 0.000000000000000000e+00 -1.362004249039966055e+02
1.225369446564099490e-01 7.167647269116187090e+03 0.000000000000000000e+00 3.201274015226746542e+03 0.000000000000000000e+00 -1.393416583912611770e+02
1.275260957852891452e-01 6.994080523890371296e+03 0.000000000000000000e+00 3.036213194276012473e+03 0.000000000000000000e+00 4.237157106475867181e+02
1.325302087090364789e-01 6.629387800909039470e+03 0.000000000000000000e+00 2.993474889175691715e+03 0.000000000000000000e+00 -5.639757869928735801e+01
1.375062694904859717e-01 6.365235480464624743e+03 0.000000000000000000e+00 2.640728616684265944e+03 0.000000000000000000e+00 3.157483632523758956e+02
1.425134422753508989e-01 5.984319831061624427e+03 0.000000000000000000e+00 2.349777884430792710e+03 0.000000000000000000e+00 9.849080317719331390e+01
1.475259222195813014e-01 5.750594924597931822e+03 0.000000000000000000e+00 2.446964326393002011e+03 0.000000000000000000e+00 3.285804820265159947e+02
1.525299430011916868e-01 5.418367940480216021e+03 0.000000000000000000e+00 2.170024518092661310e+03 0.000000000000000000e+00 2.239912495772742602e+02
1.574945685492469272e-01 5.190801633841549119e+03 0.000000000000000000e+00 2.108027338536821844e+03 0.000000000000000000e+00 5.772780765964330385e+01
1.625189323163163113e-01 5.013044087591240896e+03 0.000000000000000000e+00 2.068170218978102184e+03 0.000000000000000000e+00 3.966235036496350972e+02
1.675461007718098694e-01 4.855402619589976894e+03 0.000000000000000000e+00 1.909996440774487382e+03 0.000000000000000000e+00 -2.183524345102505748e+01
1.725292014006662711e-01 4.661183900847150653e+03 0.000000000000000000e+00 1.918540396215842293e+03 0.000000000000000000e+00 3.460755513069848917e+02
1.775301965061671094e-01 4.496784452296819836e+03 0.000000000000000000e+00 1.698952801615345834e+03 0.000000000000000000e+00 2.786306789500252421e+02
1.825147654490652804e-01 4.434652249697184743e+03 0.000000000000000000e+00 1.522950870040473774e+03 0.000000000000000000e+00 1.455202517061065350e+02
1.875360723572403465e-01 4.190183687150837613e+03 0.000000000000000000e+00 1.471746592178770925e+03 0.000000000000000000e+00 5.988445530726257005e+01
1.925323683450522461e-01 4.110451751097783017e+03 0.000000000000000000e+00 1.380483988433115428e+03 0.000000000000000000e+00 1.149940826818035760e+02
1.975198663583639380e-01 3.997936815479954021e+03 0.000000000000000000e+00 1.454389983558871791e+03 0.000000000000000000e+00 3.072825850512203942e+02
2.025153694923672032e-01 3.851155070925407927e+03 0.000000000000000000e+00 1.284968252436553257e+03 0.000000000000000000e+00 -1.876465701293061983e+01
2.075088499274508613e-01 3.741887013671025215e+03 0.000000000000000000e+00 1.238522796491790587e+03 0.000000000000000000e+00 4.645770741258100855e+01
2.125178062418619784e-01 3.662186769069645834e+03 0.000000000000000000e+00 1.177548088671670484e+03 0.000000000000000000e+00 1.354336926165124737e+02
2.175004174234404231e-01 3.580267654237859006e+03 0.000000000000000000e+00 1.196774177257806514e+03 0.000000000000000000e+00 1.713849975801700154e+01
2.225093171556767890e-01 3.466530289001398614e+03 0.000000000000000000e+00 1.128335848387541546e+03 0.000000000000000000e+00 1.413814148657433805e+02
2.275289586476768322e-01 3.348417266187050700e+03 0.000000000000000000e+00 1.040782106229909687e+03 0.000000000000000000e+00 3.555125420939844361e+01
2.325285406108919262e-01 3.269665326614883725e+03 0.000000000000000000e+00 1.036458261328288472e+03 0.000000000000000000e+00 9.344208065777746697e+01
2.375276552426477672e-01 3.204182105818245873e+03 0.000000000000000000e+00 9.753496923888205856e+02 0.000000000000000000e+00 1.815844260854280208e+02
2.424991024241769377e-01 3.101971401077102200e+03 0.000000000000000000e+00 9.427486029746931990e+02 0.000000000000000000e+00 4.041049752671652584e+01
2.474998551644826128e-01 3.021577457572846470e+03 0.000000000000000000e+00 9.274094140249759448e+02 0.000000000000000000e+00 8.581155939801472243e+01
2.525200307756395035e-01 2.985063037426538813e+03 0.000000000000000000e+00 8.430147850293844840e+02 0.000000000000000000e+00 6.103330884627281705e+01
2.575182250600202005e-01 2.891936159749645867e+03 0.000000000000000000e+00 7.553559943372326870e+02 0.000000000000000000e+00 1.996519819685567398e+01
2.625255687975799335e-01 2.860599532150396499e+03 0.000000000000000000e+00 7.313386204142180986e+02 0.000000000000000000e+00 3.779516602955440163e+01
2.675305520911575030e-01 2.802784385744466363e+03 0.000000000000000000e+00 7.338779635741013863e+02 0.000000000000000000e+00 1.256360206293754445e+01
2.725404586615198799e-01 2.742693182419209734e+03 0.000000000000000000e+00 6.878973925001322414e+02 0.000000000000000000e+00 5.390854908235044718e+01
2.775333197047151201e-01 2.683466797632279395e+03 0.000000000000000000e+00 7.091894951792592110e+02 0.000000000000000000e+00 1.944718348540853370e+01
2.825123907298719983e-01 2.631399147779904979e+03 0.000000000000000000e+00 6.743707527944173989e+02 0.000000000000000000e+00 2.376880133390971395e+01
2.875104651677040102e-01 2.592807891208580713e+03 0.000000000000000000e+00 6.378039168741620415e+02 0.000000000000000000e+00 4.523681406818617035e+01
2.924971317655564174e-01 2.510264411795304568e+03 0.000000000000000000e+00 5.783396409622120018e+02 0.000000000000000000e+00 -9.570304101307378630e+00
2.975058823671092867e-01 2.485492407423852001e+03 0.000000000000000000e+00 5.803027706242784234e+02 0.000000000000000000e+00 4.923717365242873711e+01
3.025121359101998753e-01 2.425301629847390814e+03 0.000000000000000000e+00 5.531622930266742060e+02 0.000000000000000000e+00 1.047888047965933112e+01
3.075010376196579687e-01 2.391223702774729645e+03 0.000000000000000000e+00 5.295424361185139333e+02 0.000000000000000000e+00 4.192759836965041842e+01
3.125134169243361515e-01 2.358089684295194274e+03 0.000000000000000000e+00 5.144565051276895247e+02 0.000000000000000000e+00 -1.436846722300422385e+01
3.175159688234982513e-01 2.298046782132015778e+03 0.000000000000000000e+00 4.808673458360758559e+02 0.000000000000000000e+00 3.072842883948482751e+01
3.225221380836135188e-01 2.279359335472909152e+03 0.000000000000000000e+00 4.463336228053615287e+02 0.000000000000000000e+00 2.570624646026052673e+01
3.275181733526948968e-01 2.229853535727508188e+03 0.000000000000000000e+00 4.200828582006664078e+02 0.000000000000000000e+00 -4.894434931506849296e+01
3.325123842131759710e-01 2.197288168159620000e+03 0.000000000000000000e+00 4.016728786571426326e+02 0.000000000000000000e+00 2.431823256269069589e+01
3.374959366892091861e-01 2.171523385768839944e+03 0.000000000000000000e+00 4.206148617874785600e+02 0.000000000000000000e+00 -4.442828364222401660e+01
3.424919221947719805e-01 2.137867571194026368e+03 0.000000000000000000e+00 3.692595487919726338e+02 0.000000000000000000e+00 2.514447418096659170e+00
3.475179778446125245e-01 2.097932237723396611e+03 0.000000000000000000e+00 3.692908484987094084e+02 0.000000000000000000e+00 3.008921774430685758e+01
3.525052850529177828e-01 2.085037330352865865e+03 0.000000000000000000e+00 3.571605620309755977e+02 0.000000000000000000e+00 -4.711842567459683551e+01
3.575133254796376558e-01 2.041890810984816653e+03 0.000000000000000000e+00 3.338000015329076859e+02 0.000000000000000000e+00 3.412964183611683922e+01
3.625250227669692404e-01 2.021218973046227802e+03 0.000000000000000000e+00 3.295148019876524472e+02 0.000000000000000000e+00 -2.544031019424785356e+01
3.675230446100045678e-01 2.002429820148867520e+03 0.000000000000000000e+00 3.208828525395679776e+02 0.000000000000000000e+00 7.783630958890128682e+00
3.725177060730277545e-01 1.978752816055806534e+03 0.000000000000000000e+00 3.194262965292469971e+02 0.000000000000000000e+00 -2.832386785979758770e+01
3.775163034622419089e-01 1.954724901910757808e+03 0.000000000000000000e+00 3.207538218602823008e+02 0.000000000000000000e+00 2.842448679846367288e+00
3.825226892977953153e-01 1.934239783783783878e+03 0.000000000000000000e+00 2.869311081081081056e+02 0.000000000000000000e+00 6.313891216216216407e+01
3.875130067694269043e-01 1.909741622760800965e+03 0.000000000000000000e+00 2.704601422550052803e+02 0.000000000000000000e+00 2.368797253688092752e+01
3.924957861003909865e-01 1.890027123225951982e+03 0.000000000000000000e+00 2.547457406751842655e+02 0.000000000000000000e+00 4.173259743185402471e+01
3.975064703251052212e-01 1.883991326435784686e+03 0.000000000000000000e+00 2.607834211015426717e+02 0.000000000000000000e+00 4.050217768415835451e+01
