3.798113400606732779e-03 2.981085526315789200e-03 1.647097094736842066e+07 -7.247121710526315333e-03 4.400473263157894462e+07 9.084601151315789200e-03 1.303265145263157785e+08 0.000000000000000000e+00 -5.460464505263157934e+07 0.000000000000000000e+00 -1.405597978947368264e+07
8.299341265228576958e-03 -2.441406250000000000e-03 6.112502400000000000e+07 1.782226562500000000e-02 6.208772400000000000e+07 -1.800537109375000000e-02 1.612350080000000000e+08 0.000000000000000000e+00 3.052798000000000000e+07 0.000000000000000000e+00 2.278217440000000000e+08
1.293222767532251419e-02 -3.732085987261146752e-04 4.838783836942675710e+07 2.326333598726114567e-03 2.651105426751592662e+06 -1.309340167197452264e-03 1.290673862929936349e+08 0.000000000000000000e+00 5.570133442038217187e+07 0.000000000000000000e+00 -5.991654889171975106e+07
1.764839556552980082e-02 1.391267123287671156e-03 3.434969424657534063e+07 -8.187071917808218940e-03 2.205369687671232596e+07 4.374464897260273676e-03 9.803679210958904028e+07 0.000000000000000000e+00 7.424095386301369965e+07 0.000000000000000000e+00 6.305176197260273993e+07
2.256548662787912635e-02 -7.384215500945179615e-04 2.134328620037807152e+07 9.008742911153119455e-04 4.082550563327032141e+06 -2.492172731568998052e-03 8.062495939508506656e+07 0.000000000000000000e+00 6.398657766351606697e+07 0.000000000000000000e+00 9.593733081285445020e+06
2.777643688250242340e-02 -3.810975609756097693e-04 1.218589845853658579e+07 -8.765243902439024586e-04 1.233752507317073178e+06 -5.240091463414634464e-04 6.030353982439024746e+07 0.000000000000000000e+00 4.306026396097560972e+07 0.000000000000000000e+00 1.698110688780487701e+07
3.269804980233311648e-02 -7.226562499999999913e-04 9.397165055999999866e+06 1.431640624999999971e-03 8.207684479999999749e+05 -1.032714843750000104e-03 4.705256243200000376e+07 0.000000000000000000e+00 3.618955673600000143e+07 0.000000000000000000e+00 5.317050367999999784e+06
3.761648458559932462e-02 -2.212575859743762664e-04 7.115555042481455952e+06 3.898347943358057717e-04 2.135988045853000600e+06 -5.241697572488199664e-04 3.913345191099123657e+07 0.000000000000000000e+00 3.624704241672285646e+07 0.000000000000000000e+00 1.407759846797033027e+07
4.263843696389812976e-02 -3.479548863002231911e-04 4.923566285714285448e+06 5.995886666434151321e-04 1.220447714285714319e+06 -1.346554074968610336e-03 3.032113828571428359e+07 0.000000000000000000e+00 2.794561142857142538e+07 0.000000000000000000e+00 4.239744000000000000e+06
4.756514582339458480e-02 -6.814217182730048151e-06 3.563937325774095021e+06 5.110662887047536283e-05 4.307523767989533371e+05 1.277665721761884071e-05 2.548755202791103348e+07 0.000000000000000000e+00 2.066340005233318731e+07 0.000000000000000000e+00 9.115558238116005668e+05
5.262096060748640974e-02 9.189562851123594912e-05 2.721408719101123512e+06 -7.749407478932584224e-05 1.627116966292134894e+05 5.457160178195224597e-04 2.155242714606741443e+07 0.000000000000000000e+00 1.706021105617977306e+07 0.000000000000000000e+00 2.161983640449438244e+06
5.756031740041873956e-02 -1.024302869740098971e-04 2.027308356435643509e+06 1.279623201577970214e-04 1.838595247524752631e+05 -1.239210072130260019e-04 1.861062970297029614e+07 0.000000000000000000e+00 1.347358162376237661e+07 0.000000000000000000e+00 1.956168712871287251e+06
6.254738279606215923e-02 -3.430064998773607794e-04 1.766993377483443590e+06 7.961966519499631906e-04 2.973263556536668912e+05 -1.103992289060583666e-03 1.618960325729703158e+07 0.000000000000000000e+00 1.148993202452783845e+07 0.000000000000000000e+00 2.979567737061564811e+06
6.757793472572401483e-02 -8.581392794376097901e-07 1.460285413005272392e+06 1.257174044376098291e-04 1.643704042179261742e+05 -5.438457683435851751e-05 1.447616022495606169e+07 0.000000000000000000e+00 9.665047395430579782e+06 0.000000000000000000e+00 1.332118833040421829e+06
7.255917516659465827e-02 1.069732773851590118e-04 1.127249937139668968e+06 -7.782351334387205277e-05 8.915235707643667411e+04 2.711336697391668023e-04 1.285959958043518662e+07 0.000000000000000000e+00 8.176370145434257574e+06 0.000000000000000000e+00 1.082929800260368269e+06
7.753384299139773339e-02 2.811663039839303919e-05 8.312197442249748856e+05 -1.121395840308001397e-04 7.881549648476732546e+04 1.602811401489789215e-04 1.107765325477067381e+07 0.000000000000000000e+00 6.531936589219953865e+06 0.000000000000000000e+00 1.426156716437897645e+06
8.251793356505521260e-02 7.279422305045871964e-06 7.047660917431192938e+05 -1.055516234231651486e-04 7.023981192660551460e+04 4.596535218965023314e-04 1.006886517431192659e+07 0.000000000000000000e+00 5.610760807339449413e+06 0.000000000000000000e+00 1.722319853211009176e+06
8.752751931716111489e-02 -1.498315407541791014e-04 5.081364468057535705e+05 3.067497084359206987e-04 6.109089024232215161e+04 -6.147648859660490711e-04 8.663943381106648594e+06 0.000000000000000000e+00 4.523987149410393089e+06 0.000000000000000000e+00 1.045401361150706303e+06
9.254701955136974967e-02 -4.986577829449635344e-05 4.518941987237921567e+05 -5.306497745983363439e-06 7.121769188696444326e+04 -1.260119345151193516e-04 7.881359285323609598e+06 0.000000000000000000e+00 4.098590804010938853e+06 0.000000000000000000e+00 8.507349644484958844e+05
9.754963178921903511e-02 7.360253323563279121e-05 3.569127989113367512e+05 -3.189443106877420546e-05 5.656341840259604214e+04 1.457739061027949292e-04 7.143076270909661427e+06 0.000000000000000000e+00 3.305889189155239146e+06 0.000000000000000000e+00 2.836705638019470498e+05
1.025319613041059119e-01 -3.210930171200750350e-05 2.926368180112570408e+05 3.043741938320825561e-05 5.694573508442776802e+04 -8.784825537933865108e-05 6.575837514446528628e+06 0.000000000000000000e+00 3.108301664540337864e+06 0.000000000000000000e+00 4.855990994371481938e+05
1.075116003998943526e-01 6.730272226050999439e-06 2.614252680909717456e+05 -3.365136113025499719e-06 4.223822191592005402e+04 -3.533392918676774515e-06 5.952974246726395562e+06 0.000000000000000000e+00 2.204561201929703820e+06 0.000000000000000000e+00 -6.189072363886974199e+04
1.125102861506304813e-01 8.450658721109995607e-05 1.851352542320476205e+05 -1.357804589066244295e-04 3.215453598206694005e+04 3.052890102636817067e-04 5.559621713844013400e+06 0.000000000000000000e+00 1.978754107443765970e+06 0.000000000000000000e+00 3.968853663136739633e+05
1.175500852175193622e-01 -1.777840989901863252e-05 1.735251452140520560e+05 1.088927606314891229e-04 2.147987142653961200e+04 -8.166957047361683882e-05 5.210846029298819602e+06 0.000000000000000000e+00 1.738417026312046684e+06 0.000000000000000000e+00 -5.739121035414592916e+04
1.225369446564099490e-01 4.735730097649784858e-05 1.532815973518702667e+05 -1.142555496938100113e-04 4.454152135054617975e+04 1.668132641819761847e-04 4.892885002846740186e+06 0.000000000000000000e+00 1.913557918040384073e+06 0.000000000000000000e+00 7.282784773253889580e+04
1.275260957852891452e-01 2.315649846327006984e-05 1.185871569245694845e+05 -3.610037785839346282e-05 2.004224302692214405e+04 6.559974731474919310e-05 4.616505433907348663e+06 0.000000000000000000e+00 1.539251069609507686e+06 0.000000000000000000e+00 1.708449342711617646e+05
1.325302087090364789e-01 2.801568812777060764e-06 9.585319611694068590e+04 -5.961039753836765587e-05 4.061398844060378178e+04 8.398113504389133344e-05 4.330912414791538380e+06 0.000000000000000000e+00 1.269462125806632685e+06 0.000000000000000000e+00 -4.101929902923516784e+04
1.375062694904859717e-01 -1.722132391763463437e-05 9.024877888067581807e+04 8.512696343717000651e-05 2.300563125659978687e+04 -6.699043443109819898e-05 4.167013048363252077e+06 0.000000000000000000e+00 1.335007398521647323e+06 0.000000000000000000e+00 3.850808228088701144e+05
1.425134422753508989e-01 1.574798425801497226e-05 6.690617623344212188e+04 -6.711640909963524344e-05 2.702126934152428294e+04 5.689896693223266990e-05 3.859350828181992751e+06 0.000000000000000000e+00 1.026296185832213494e+06 0.000000000000000000e+00 9.224424803225186770e+04
1.475259222195813014e-01 2.687337691922183188e-05 5.313585639436876227e+04 -1.013535639436876365e-04 1.752936206660895550e+04 1.141896057337464060e-04 3.671061787234042771e+06 0.000000000000000000e+00 9.919360029158503748e+05 0.000000000000000000e+00 1.772568306528771354e+05
1.525299430011916868e-01 -2.761753096466012787e-05 5.139100980723706016e+04 4.130245101665539078e-05 2.899280351707811860e+04 -1.259043606141148016e-04 3.462074740615488496e+06 0.000000000000000000e+00 8.967168346296922537e+05 0.000000000000000000e+00 1.694473479878254875e+05
1.574945685492469272e-01 1.232205686092126008e-05 4.053393294778986456e+04 -1.054483712136530891e-05 1.845476507461479196e+04 3.567274955008694899e-05 3.249496425445868634e+06 0.000000000000000000e+00 7.867656996805111412e+05 0.000000000000000000e+00 2.717096226796618794e+04
1.625189323163163113e-01 2.494867700729927349e-05 3.506452321167883201e+04 -3.164917883211679358e-05 1.886226102189781159e+04 1.767791970802919690e-05 3.126710899854015093e+06 0.000000000000000000e+00 7.367488654014599742e+05 0.000000000000000000e+00 2.589120840875912691e+05
1.675461007718098694e-01 1.348830029741778186e-05 2.461208656036446337e+04 -9.823171315812303888e-05 1.683996127562642141e+04 9.835526720537954314e-05 2.950084519362186547e+06 0.000000000000000000e+00 6.237186332574031549e+05 0.000000000000000000e+00 -5.522607630979498936e+03
1.725292014006662711e-01 7.854476381975806216e-06 2.107003118304381132e+04 8.176381151728911764e-06 2.238678102646932894e+04 2.844028640768698414e-05 2.833762587467449252e+06 0.000000000000000000e+00 6.103085230576524045e+05 0.000000000000000000e+00 2.168971708474799816e+05
1.775301965061671094e-01 -2.187529577864714603e-06 1.434137708228167503e+04 -9.073626206776880219e-06 2.458825037859666918e+04 -8.307220597630615101e-06 2.697528472488642205e+06 0.000000000000000000e+00 5.202937667844523094e+05 0.000000000000000000e+00 1.646193720343261084e+05
1.825147654490652804e-01 1.280964725693521208e-05 1.081292185884368882e+04 -2.007998759195249406e-05 1.934232999497769561e+04 1.162677442465065490e-05 2.579040246742887422e+06 0.000000000000000000e+00 3.968646334012821899e+05 0.000000000000000000e+00 8.461441720582587004e+04
1.875360723572403465e-01 1.230250523743016716e-05 8.197797541899441057e+03 -3.805320356145251279e-06 2.077008446927374462e+04 2.540290022695530588e-06 2.508942787932960782e+06 0.000000000000000000e+00 4.307222882681564079e+05 0.000000000000000000e+00 1.048055347486033570e+05
1.925323683450522461e-01 1.169453727441897713e-05 5.685811716825532130e+03 -2.672616861177305370e-05 1.993648666595265968e+04 1.415813634389726310e-05 2.404341471564742271e+06 0.000000000000000000e+00 3.821502855306843412e+05 0.000000000000000000e+00 4.969835450358787057e+04
1.975198663583639380e-01 1.279522891109143749e-05 3.704732313140255428e+03 -1.222710098646768604e-05 1.898674652839256305e+04 4.338150728784620741e-05 2.330570229315795936e+06 0.000000000000000000e+00 3.405160154799544252e+05 0.000000000000000000e+00 1.901788936385481211e+05
2.025153694923672032e-01 -1.460650270192029430e-06 -7.024398340248962995e+03 -6.832073844446589201e-07 1.283309389173019554e+04 -2.127955413791855928e-05 2.238558267683103681e+06 0.000000000000000000e+00 2.517187995754125295e+05 0.000000000000000000e+00 1.046199100646531006e+05
2.075088499274508613e-01 -3.667504408161396133e-06 -2.526739242941217071e+03 9.884371636630104202e-06 1.574772548031784572e+04 -2.581788926355080380e-05 2.174252547482195776e+06 0.000000000000000000e+00 2.232646411871121381e+05 0.000000000000000000e+00 8.574010341432137648e+04
2.125178062418619784e-01 1.269923306859835974e-05 -3.036264967708151744e+03 -2.646383803892476846e-05 1.671920823878512965e+04 4.298775623472683109e-05 2.111435986734159756e+06 0.000000000000000000e+00 1.798543215220806596e+05 0.000000000000000000e+00 1.162220115203351452e+05
2.175004174234404231e-01 2.139646711398451451e-06 -5.295409140644726904e+03 -2.324586163043935854e-07 1.768080262604157906e+04 7.253062011677653047e-05 2.030246989310664125e+06 0.000000000000000000e+00 1.983641457789748383e+05 0.000000000000000000e+00 8.422779766012962500e+04
2.225093171556767890e-01 2.084004113640393189e-05 -4.233113768444278321e+03 -2.316548768370402399e-05 1.539413013928015607e+04 7.202812163712052384e-05 1.974984509209826589e+06 0.000000000000000000e+00 1.498461537006757280e+05 0.000000000000000000e+00 1.276670552589586587e+05
2.275289586476768322e-01 -1.793777743762436939e-06 -5.947207714679320816e+03 -8.370962804224706138e-06 2.003676105923771684e+04 -2.690666615643655302e-06 1.920352357569263782e+06 0.000000000000000000e+00 1.313784515536506951e+05 0.000000000000000000e+00 5.983981876626359008e+04
2.325285406108919262e-01 -7.318933840248850093e-06 -6.469165008276791013e+03 1.446022365524894214e-05 1.342825779928328484e+04 -4.783065379822822418e-05 1.855478090262492653e+06 0.000000000000000000e+00 1.145993711822167388e+05 0.000000000000000000e+00 5.358103330725993146e+04
2.375276552426477672e-01 -1.733746044999121195e-05 -5.624426085428019178e+03 -2.523372956582879369e-06 1.268278853928634271e+04 -1.999386837537352741e-05 1.809404004078045487e+06 0.000000000000000000e+00 9.396689470908771909e+04 0.000000000000000000e+00 1.227795259623835445e+05
2.424991024241769377e-01 5.951734041834788496e-06 -6.492024378302635341e+03 1.637963371347053067e-05 1.390860256951361589e+04 -1.390867487823510506e-05 1.771595477926156018e+06 0.000000000000000000e+00 7.073207002853139420e+04 0.000000000000000000e+00 4.232574247463406937e+04
2.474998551644826128e-01 -5.497659126841178324e-06 -1.099862952289465284e+04 1.737146930285382812e-05 1.226720666026256731e+04 -1.739760907918568031e-05 1.710916381428113906e+06 0.000000000000000000e+00 7.699398783221261692e+04 0.000000000000000000e+00 1.395895618315722095e+05
2.525200307756395035e-01 1.208243117847200821e-07 -7.987049551500154848e+03 7.551519486545004921e-06 1.226763798329724705e+04 -1.514834809000928014e-05 1.666375312588926870e+06 0.000000000000000000e+00 5.244618472007424134e+04 0.000000000000000000e+00 5.000328512217754906e+04
2.575182250600202005e-01 -5.588257208851799331e-06 -7.948626421280083377e+03 1.187504656881007284e-05 1.097344734371507366e+04 -1.880215706728261547e-05 1.621386325072647305e+06 0.000000000000000000e+00 5.101288976976380218e+04 0.000000000000000000e+00 6.870849254153938091e+04
2.625255687975799335e-01 -7.386065293903691499e-06 -7.054735208535402307e+03 1.311453177597421085e-05 1.374564135334055936e+04 -1.601010617101471961e-05 1.586082229246305767e+06 0.000000000000000000e+00 3.009301762994237288e+04 0.000000000000000000e+00 8.418958087522108690e+04
2.675305520911575030e-01 2.791295860316758642e-06 -7.644435509037433803e+03 -6.115230302674638380e-06 1.037775805360323648e+04 5.591019546298725532e-06 1.553943026249292307e+06 0.000000000000000000e+00 1.749862564725700940e+04 0.000000000000000000e+00 2.269851230996533923e+04
2.725404586615198799e-01 -9.248729182643994324e-06 -7.891755646057015838e+03 3.726931183721637328e-06 1.407635944359231871e+04 -1.524789396267751292e-05 1.526544342730205739e+06 0.000000000000000000e+00 -3.352998783519331482e+03 0.000000000000000000e+00 5.689298397418945387e+04
2.775333197047151201e-01 -3.824261864450590723e-06 -6.041790989221185555e+03 4.411153536717760703e-06 1.128575076899216765e+04 -7.025345743563729135e-06 1.496382287796934368e+06 0.000000000000000000e+00 -2.207345103006177851e+03 0.000000000000000000e+00 5.205908258588155877e+04
2.825123907298719983e-01 2.364061631569196606e-06 -8.895107564997220834e+03 5.475938677206200817e-06 1.062672947569937605e+04 5.228677129006361171e-06 1.451515352065707557e+06 0.000000000000000000e+00 -1.496441020193911027e+04 0.000000000000000000e+00 6.883968213425554859e+04
2.875104651677040102e-01 -5.354166167879716672e-06 -5.541131200919364346e+03 1.876296222586669115e-05 9.284653514652365629e+03 -3.299884836328050269e-05 1.415210560429036617e+06 0.000000000000000000e+00 -1.079128979122773308e+04 0.000000000000000000e+00 8.277971576326373906e+04
2.924971317655564174e-01 1.128856535158191571e-07 -5.803305367071633555e+03 1.172881940029361075e-05 1.096846099249789040e+04 -3.730024206296454715e-05 1.395664380076061469e+06 0.000000000000000000e+00 -2.170737010022078539e+04 0.000000000000000000e+00 2.676328206313793635e+04
2.975058823671092867e-01 -7.588066668146701059e-06 -6.258082941124233912e+03 -1.107857733549418333e-05 1.051265642482905605e+04 9.154460430356983739e-06 1.365442665482639102e+06 0.000000000000000000e+00 -3.865354764230529690e+04 0.000000000000000000e+00 9.494101340911108127e+04
3.025121359101998753e-01 -3.905236749383943631e-07 -6.623619558168691583e+03 1.077106514255760694e-05 8.811415330076521059e+03 -5.455457418480610749e-06 1.348627434352168115e+06 0.000000000000000000e+00 -3.667160157364575571e+04 0.000000000000000000e+00 2.683546478751458926e+04
3.075010376196579687e-01 2.719902871400951021e-06 -6.263066018707217154e+03 -1.153024491168939855e-05 1.023756200031353001e+04 -9.281094460338612200e-07 1.331771774802738335e+06 0.000000000000000000e+00 -4.741837019386528846e+04 0.000000000000000000e+00 6.170688638762606570e+04
3.125134169243361515e-01 8.658818164965815804e-07 -5.107170078423487212e+03 -2.282528289481952620e-06 7.716197385883772768e+03 3.246366438337334227e-06 1.297344043756284053e+06 0.000000000000000000e+00 -5.155984653126884950e+04 0.000000000000000000e+00 5.821204230846571591e+04
3.175159688234982513e-01 -5.813842825004174975e-06 -4.521134638622274906e+03 -3.933458016917016366e-07 8.767368745763378683e+03 -1.406690931049896344e-05 1.283622846027644817e+06 0.000000000000000000e+00 -6.805329602813608653e+04 0.000000000000000000e+00 3.923667844897878967e+04
3.225221380836135188e-01 -3.839326800547480217e-06 -4.413129242967717801e+03 1.136818673895601286e-05 7.124269888616197932e+03 -7.943097028683688613e-06 1.261994457239947282e+06 0.000000000000000000e+00 -6.641361555597509141e+04 0.000000000000000000e+00 4.383951429110817844e+04
3.275181733526948968e-01 -9.906631803035912084e-06 -4.796679155868197086e+03 1.883706266197704700e-05 9.334668345057385523e+03 -2.609529745927434131e-05 1.238774237689744448e+06 0.000000000000000000e+00 -5.618840784894483659e+04 0.000000000000000000e+00 4.318455090707145428e+04
3.325123842131759710e-01 -8.044129224227653563e-06 -4.153642242721296498e+03 2.401077016821299314e-05 8.232389051477979592e+03 -3.540806772996966722e-05 1.222130432230000850e+06 0.000000000000000000e+00 -5.692773043223000423e+04 0.000000000000000000e+00 6.144725071830773231e+04
3.374959366892091861e-01 1.878280326913560264e-06 -3.148770066215884981e+03 -7.740722801658353263e-06 6.570669095750271481e+03 8.195290964595221866e-06 1.197061560732929269e+06 0.000000000000000000e+00 -5.596010398346355214e+04 0.000000000000000000e+00 8.728389307360825114e+03
3.424919221947719805e-01 -1.139427364175049523e-06 -3.203837685121136474e+03 -7.308612664494245404e-06 7.185993116035637286e+03 1.200468115827284209e-06 1.184336574852694990e+06 0.000000000000000000e+00 -5.706563421646984352e+04 0.000000000000000000e+00 3.766661223945528764e+04
3.475179778446125245e-01 4.028196674780278741e-07 -2.651111445094259579e+03 -3.368130784011827396e-06 6.390227072238376422e+03 9.192564169093262374e-06 1.168502602933969349e+06 0.000000000000000000e+00 -7.774183944849217369e+04 0.000000000000000000e+00 5.135883425360211550e+04
3.525052850529177828e-01 4.256770916493692737e-06 -2.775039182500398965e+03 -8.568115819096280611e-06 6.069354622385438233e+03 1.228109594543349795e-05 1.147425958933418384e+06 0.000000000000000000e+00 -7.758148056841769721e+04 0.000000000000000000e+00 3.282599137793389673e+04
3.575133254796376558e-01 -1.077077233638126466e-05 -2.049684481608940132e+03 3.749561085413616687e-05 5.546541254378367739e+03 -3.909831525061125090e-05 1.134984958067310043e+06 0.000000000000000000e+00 -8.639162075863602513e+04 0.000000000000000000e+00 5.042649624820841564e+04
3.625250227669692404e-01 -5.845258150127992169e-07 -1.932085167896401117e+03 4.578785550933594201e-06 6.720196596898057578e+03 -2.013351378392749360e-05 1.126406291100737872e+06 0.000000000000000000e+00 -8.123568860111429240e+04 0.000000000000000000e+00 2.493425544345731032e+04
3.675230446100045678e-01 -1.135546069082664389e-06 -2.793289562510479755e+03 5.316420232523383515e-06 6.234763831477957865e+03 -7.570158806153358520e-06 1.111071555584716611e+06 0.000000000000000000e+00 -8.879268242824544723e+04 0.000000000000000000e+00 4.739497279997666919e+04
3.725177060730277545e-01 -5.882254895041169146e-06 -6.403522213963062768e+02 1.704737146161515785e-05 4.924948939333295129e+03 -2.261400699915393247e-05 1.096803361198467668e+06 0.000000000000000000e+00 -7.094416650466008286e+04 0.000000000000000000e+00 4.069811195608668640e+04
3.775163034622419089e-01 3.314781242888961018e-06 -1.957618386302673343e+03 -9.903098355152012091e-06 5.749341350563021479e+03 8.025802553487942367e-06 1.085350381199964089e+06 0.000000000000000000e+00 -8.527571284158846538e+04 0.000000000000000000e+00 3.954033426883003267e+04
3.825226892977953153e-01 7.367108319256756386e-06 -1.752757297297297328e+03 -1.187051309121621559e-05 5.964865729729729537e+03 2.296406513935810937e-05 1.072196746378378477e+06 0.000000000000000000e+00 -9.463669621621620900e+04 0.000000000000000000e+00 5.038090724324324401e+04
3.875130067694269043e-01 -1.369914465885142296e-06 -1.850206954689146642e+03 -3.456943781282929533e-06 4.406006743940990418e+03 5.747370021486433032e-06 1.064257119494204409e+06 0.000000000000000000e+00 -8.020685690200210956e+04 0.000000000000000000e+00 3.176369230769230853e+04
3.924957861003909865e-01 -4.066784266083094846e-06 -4.951673156759888172e+01 1.049224055047790703e-05 4.063317632671451520e+03 -1.317579960395681144e-05 1.050911720503330929e+06 0.000000000000000000e+00 -9.424954263830336276e+04 0.000000000000000000e+00 5.664199334470440954e+04
3.975064703251052212e-01 -8.954293414286600383e-07 -1.164534638498234472e+03 -2.383778111641162283e-06 3.853483972492410885e+03 1.118984166873180169e-05 1.045007067220122786e+06 0.000000000000000000e+00 -8.389316508270864142e+04 0.000000000000000000e+00 5.484078597360758431e+04
