3.798113400606732779e-03 2.924511184210526335e+04 0.000000000000000000e+00 8.769219078947367962e+04 0.000000000000000000e+00 1.275854736842105194e+05
8.299341265228576958e-03 3.323622265625000000e+04 0.000000000000000000e+00 3.773868750000000000e+04 0.000000000000000000e+00 1.621395507812500000e+04
1.293222767532251419e-02 3.743189171974522469e+04 0.000000000000000000e+00 1.381865445859872671e+04 0.000000000000000000e+00 -1.124192476114649708e+03
1.764839556552980082e-02 4.006154109589041036e+04 0.000000000000000000e+00 3.051281849315068393e+04 0.000000000000000000e+00 1.775715239726027357e+04
2.256548662787912635e-02 3.783885822306237969e+04 0.000000000000000000e+00 2.010775047258979248e+04 0.000000000000000000e+00 -1.693007372400756140e+04
2.777643688250242340e-02 3.413202682926829584e+04 0.000000000000000000e+00 2.277948536585365946e+04 0.000000000000000000e+00 7.020453048780487734e+03
3.269804980233311648e-02 2.909151399999999921e+04 0.000000000000000000e+00 1.726361400000000140e+04 0.000000000000000000e+00 -3.350941499999999905e+03
3.761648458559932462e-02 2.647242076871206882e+04 0.000000000000000000e+00 1.494506540795684487e+04 0.000000000000000000e+00 2.596676163182737582e+03
4.263843696389812976e-02 2.328477008928571377e+04 0.000000000000000000e+00 1.349117075892857065e+04 0.000000000000000000e+00 2.830998883928571104e+03
4.756514582339458480e-02 2.018584038377671095e+04 0.000000000000000000e+00 9.962177060619276745e+03 0.000000000000000000e+00 -1.753508177060619346e+03
5.262096060748640974e-02 1.892943679775280907e+04 0.000000000000000000e+00 1.040584901685393197e+04 0.000000000000000000e+00 1.119278441011235827e+03
5.756031740041873956e-02 1.795411014851485015e+04 0.000000000000000000e+00 9.394475247524753286e+03 0.000000000000000000e+00 -3.570533725247524899e+02
6.254738279606215923e-02 1.694759872455236473e+04 0.000000000000000000e+00 9.224533725778757798e+03 0.000000000000000000e+00 9.396637233259749564e+02
6.757793472572401483e-02 1.579291739894551756e+04 0.000000000000000000e+00 8.554340070298769206e+03 0.000000000000000000e+00 -6.222274275043936314e+02
7.255917516659465827e-02 1.470332155477031847e+04 0.000000000000000000e+00 8.197052631578948422e+03 0.000000000000000000e+00 1.241078668402454923e+02
7.753384299139773339e-02 1.345521526615333278e+04 0.000000000000000000e+00 6.230756611985269956e+03 0.000000000000000000e+00 4.849919651824573634e+02
8.251793356505521260e-02 1.277542660550458822e+04 0.000000000000000000e+00 6.814585435779817089e+03 0.000000000000000000e+00 2.726695097477064564e+02
8.752751931716111489e-02 1.142458986652844396e+04 0.000000000000000000e+00 6.427524685758715350e+03 0.000000000000000000e+00 9.773389270441882672e+02
9.254701955136974967e-02 1.067370647219689999e+04 0.000000000000000000e+00 5.485234275296262240e+03 0.000000000000000000e+00 6.934025182315405118e+02
9.754963178921903511e-02 9.919975714435255213e+03 0.000000000000000000e+00 4.691122788652779491e+03 0.000000000000000000e+00 1.632166727729509148e+02
1.025319613041059119e-01 9.076021013133207816e+03 0.000000000000000000e+00 4.880526454033771188e+03 0.000000000000000000e+00 4.425036116322701787e+02
1.075116003998943526e-01 8.721706409372845883e+03 0.000000000000000000e+00 4.189141626464506771e+03 0.000000000000000000e+00 -1.059331064782908385e+02
1.125102861506304813e-01 8.269222849192239664e+03 0.000000000000000000e+00 4.132661358893097713e+03 0.000000000000000000e+00 9.202937311586921396e+02
1.175500852175193622e-01 7.915748542170388646e+03 0.000000000000000000e+00 3.662941544588252327e+03 0.000000000000000000e+00 1.785022045228274976e+02
1.225369446564099490e-01 7.564049520026482242e+03 0.000000000000000000e+00 3.330187355180404211e+03 0.000000000000000000e+00 2.955512744124462188e+02
1.275260957852891452e-01 7.400041717196216268e+03 0.000000000000000000e+00 3.314820761581372608e+03 0.000000000000000000e+00 1.323510035168566503e+02
1.325302087090364789e-01 6.922082935862184968e+03 0.000000000000000000e+00 2.964729252006060051e+03 0.000000000000000000e+00 -6.284241204197294905e+01
1.375062694904859717e-01 6.723846673706440924e+03 0.000000000000000000e+00 3.028639070749735765e+03 0.000000000000000000e+00 8.135704329461457291e+02
1.425134422753508989e-01 6.406137838356689826e+03 0.000000000000000000e+00 2.690317143405643947e+03 0.000000000000000000e+00 1.397260270685352168e+02
1.475259222195813014e-01 6.050950476103695109e+03 0.000000000000000000e+00 2.604905553783771666e+03 0.000000000000000000e+00 2.177929062827463724e+02
1.525299430011916868e-01 5.757370307744335150e+03 0.000000000000000000e+00 2.495788637132228359e+03 0.000000000000000000e+00 5.947501268177206839e+02
1.574945685492469272e-01 5.503786468233104642e+03 0.000000000000000000e+00 2.456062927164637586e+03 0.000000000000000000e+00 -9.369637061713914861e+00
1.625189323163163113e-01 5.262581021897810388e+03 0.000000000000000000e+00 2.202809489051095170e+03 0.000000000000000000e+00 4.985382116788321696e+02
1.675461007718098694e-01 5.051112186788154759e+03 0.000000000000000000e+00 2.293586845102505777e+03 0.000000000000000000e+00 2.666171341116173110e+01
1.725292014006662711e-01 4.892469525661733314e+03 0.000000000000000000e+00 2.057170320071200422e+03 0.000000000000000000e+00 3.223110393249168055e+02
1.775301965061671094e-01 4.705333669863704927e+03 0.000000000000000000e+00 1.865800605754669277e+03 0.000000000000000000e+00 1.331229177183240893e+02
1.825147654490652804e-01 4.571016928121953242e+03 0.000000000000000000e+00 1.785499719341782566e+03 0.000000000000000000e+00 3.608162353393009880e+01
1.875360723572403465e-01 4.435436871508380136e+03 0.000000000000000000e+00 1.719756648044692838e+03 0.000000000000000000e+00 1.711441899441340695e+02
1.925323683450522461e-01 4.322555424654599847e+03 0.000000000000000000e+00 1.602618185712755576e+03 0.000000000000000000e+00 1.293417719824354606e+02
1.975198663583639380e-01 4.196846743391931341e+03 0.000000000000000000e+00 1.519525989629442165e+03 0.000000000000000000e+00 3.142043505754394914e+02
2.025153694923672032e-01 4.063089452861140671e+03 0.000000000000000000e+00 1.487733764353951756e+03 0.000000000000000000e+00 1.842929774196661299e+02
2.075088499274508613e-01 3.951047745540314736e+03 0.000000000000000000e+00 1.368007236254551344e+03 0.000000000000000000e+00 3.233712416130435940e+01
2.125178062418619784e-01 3.820373887240356453e+03 0.000000000000000000e+00 1.403755891080467791e+03 0.000000000000000000e+00 1.738098271949729394e+02
2.175004174234404231e-01 3.720492551132059816e+03 0.000000000000000000e+00 1.264027775439777770e+03 0.000000000000000000e+00 2.719321290295429705e+01
2.225093171556767890e-01 3.587540040582337042e+03 0.000000000000000000e+00 1.192355154547782831e+03 0.000000000000000000e+00 2.321552766887965333e+02
2.275289586476768322e-01 3.513036583499158496e+03 0.000000000000000000e+00 1.112325042093984393e+03 0.000000000000000000e+00 9.852826037042706275e+01
2.325285406108919262e-01 3.381987230094774077e+03 0.000000000000000000e+00 1.177139104651374282e+03 0.000000000000000000e+00 1.538553471704291269e+02
2.375276552426477672e-01 3.313945649499033152e+03 0.000000000000000000e+00 1.085399050799789165e+03 0.000000000000000000e+00 1.847436104763579010e+02
2.424991024241769377e-01 3.259905795755744293e+03 0.000000000000000000e+00 1.009162257525365931e+03 0.000000000000000000e+00 4.239549216652878982e+00
2.474998551644826128e-01 3.186625936599423767e+03 0.000000000000000000e+00 1.001705731668267731e+03 0.000000000000000000e+00 1.033379042587255867e+02
2.525200307756395035e-01 3.120259078255490294e+03 0.000000000000000000e+00 1.009497927621404301e+03 0.000000000000000000e+00 1.479497989483452045e+02
2.575182250600202005e-01 3.041944892332910968e+03 0.000000000000000000e+00 8.784572833618955201e+02 0.000000000000000000e+00 4.032578794426644464e+01
2.625255687975799335e-01 2.985888971301420497e+03 0.000000000000000000e+00 8.233858618132024958e+02 0.000000000000000000e+00 9.268260398242711062e+01
2.675305520911575030e-01 2.902424655831871860e+03 0.000000000000000000e+00 7.540172601869622895e+02 0.000000000000000000e+00 -3.816009513815053111e+01
2.725404586615198799e-01 2.838339027873274517e+03 0.000000000000000000e+00 7.870177711958533564e+02 0.000000000000000000e+00 1.094605172687364387e+02
2.775333197047151201e-01 2.788861374621965751e+03 0.000000000000000000e+00 7.273148085920335006e+02 0.000000000000000000e+00 1.542891992142063096e+01
2.825123907298719983e-01 2.739978015191749819e+03 0.000000000000000000e+00 7.393209905514728462e+02 0.000000000000000000e+00 7.647206200209967619e+01
2.875104651677040102e-01 2.674515418502202465e+03 0.000000000000000000e+00 6.472960639724190059e+02 0.000000000000000000e+00 2.384251400593755932e+01
2.924971317655564174e-01 2.627015455039359949e+03 0.000000000000000000e+00 6.514885618837346328e+02 0.000000000000000000e+00 9.030954149279265764e+00
2.975058823671092867e-01 2.567441790249533824e+03 0.000000000000000000e+00 6.764819731817777893e+02 0.000000000000000000e+00 7.827504218097860189e+01
3.025121359101998753e-01 2.545047944317150268e+03 0.000000000000000000e+00 6.241730145691929010e+02 0.000000000000000000e+00 -5.078850892741342449e+01
3.075010376196579687e-01 2.487557799028060799e+03 0.000000000000000000e+00 5.959656790510530300e+02 0.000000000000000000e+00 4.831758896378742918e+01
3.125134169243361515e-01 2.451622602051075773e+03 0.000000000000000000e+00 5.569794088075608443e+02 0.000000000000000000e+00 -2.936546350291574470e+01
3.175159688234982513e-01 2.418191156389071693e+03 0.000000000000000000e+00 5.525335638710691910e+02 0.000000000000000000e+00 -6.211164297432975268e+00
3.225221380836135188e-01 2.374628657730791019e+03 0.000000000000000000e+00 5.408660373796489012e+02 0.000000000000000000e+00 2.727123371719841671e+01
3.275181733526948968e-01 2.331457238059977954e+03 0.000000000000000000e+00 4.593699000370233421e+02 0.000000000000000000e+00 -2.950797852647167829e+01
3.325123842131759710e-01 2.306680733341042924e+03 0.000000000000000000e+00 5.032381935116575278e+02 0.000000000000000000e+00 1.630065959774767137e+01
3.374959366892091861e-01 2.257740531829170322e+03 0.000000000000000000e+00 4.453281715306730462e+02 0.000000000000000000e+00 -2.747695582104193690e+01
3.424919221947719805e-01 2.238152897348923943e+03 0.000000000000000000e+00 4.296168482110860509e+02 0.000000000000000000e+00 1.377053625749027077e+01
3.475179778446125245e-01 2.186335021400333062e+03 0.000000000000000000e+00 4.062410232953245668e+02 0.000000000000000000e+00 4.922941953638056312e+00
3.525052850529177828e-01 2.168544659109053100e+03 0.000000000000000000e+00 4.064653361009101218e+02 0.000000000000000000e+00 -2.640281015487785510e+01
3.575133254796376558e-01 2.133272098780571923e+03 0.000000000000000000e+00 3.667920074192732613e+02 0.000000000000000000e+00 -3.946295297422415693e+00
3.625250227669692404e-01 2.107400451739195887e+03 0.000000000000000000e+00 3.606320734829091634e+02 0.000000000000000000e+00 -9.496639248607136707e+00
3.675230446100045678e-01 2.086327260532627861e+03 0.000000000000000000e+00 3.382127740232851352e+02 0.000000000000000000e+00 -1.157787382717669544e+01
3.725177060730277545e-01 2.052924238092515225e+03 0.000000000000000000e+00 3.436424037966722267e+02 0.000000000000000000e+00 1.983620239865058110e+01
3.775163034622419089e-01 2.028374263037766923e+03 0.000000000000000000e+00 3.073987629377814415e+02 0.000000000000000000e+00 2.344119989518759439e+00
3.825226892977953153e-01 2.019280216216216104e+03 0.000000000000000000e+00 3.146744054054054232e+02 0.000000000000000000e+00 1.842756545608108087e+00
3.875130067694269043e-01 1.988053319283456403e+03 0.000000000000000000e+00 3.066749473129610237e+02 0.000000000000000000e+00 1.616458772391991516e+01
3.924957861003909865e-01 1.972027985711067686e+03 0.000000000000000000e+00 2.969757409970070512e+02 0.000000000000000000e+00 7.270954204614939442e+01
3.975064703251052212e-01 1.942420420048324331e+03 0.000000000000000000e+00 3.034597608574438254e+02 0.000000000000000000e+00 4.336935753670776705e+01
