3.798113400606732779e-03 5.139802631578947083e-05 -2.250181263157894835e+06 7.709703947368420625e-05 -4.602205263157894369e+05 1.927425986842105156e-05
8.299341265228576958e-03 -1.811981201171875000e-05 -1.990107250000000000e+06 1.749992370605468750e-04 -1.013909875000000000e+06 -1.050233840942382812e-04
1.293222767532251419e-02 8.358317575636943530e-05 -1.044242038216560613e+06 -2.198431901871019094e-04 1.045168726114649762e+05 3.528473483529060827e-04
1.764839556552980082e-02 -4.849368578767123018e-05 -1.082293369863013737e+06 1.722361943493150522e-04 -3.348087671232876601e+05 -1.500795965325342366e-04
2.256548662787912635e-02 1.107632325141777010e-05 -6.852352362948959926e+05 -1.846053875236294904e-05 -4.674148204158790031e+04 9.322572069943290145e-05
2.777643688250242340e-02 1.607755335365853731e-05 -5.025979317073170678e+05 -2.173447027439024288e-05 -7.870968780487804906e+04 1.362126048018292707e-05
3.269804980233311648e-02 -1.855468749999999954e-05 -3.398781440000000293e+05 3.417968750000000071e-06 -8.504549000000000888e+03 -5.017089843750000390e-05
3.761648458559932462e-02 -9.877570802427512196e-07 -2.797147188132164301e+05 4.938785401213756098e-07 -3.542544841537423781e+04 -9.754101167397167843e-06
4.263843696389812976e-02 2.316066196986606961e-06 -2.173781964285714203e+05 2.043587820870535601e-07 -2.183507812500000000e+04 3.874301910400390625e-05
4.756514582339458480e-02 3.087692160924553015e-06 -1.811995604012211261e+05 -1.059397827627562208e-05 -1.704462974269516053e+04 2.780253846625599853e-05
5.262096060748640974e-02 -5.914923850070224767e-06 -1.378667415730337088e+05 1.067257999034410093e-05 -2.132441011235955011e+04 -3.402152757966116307e-05
5.756031740041873956e-02 -1.269047803217821723e-05 -1.139723267326732748e+05 1.661848313737623883e-05 -1.002517202970296967e+04 -5.023314221070544950e-05
6.254738279606215923e-02 1.287472022933529520e-06 -9.743656217807209759e+04 -3.667798204868775969e-06 -6.630956095168015054e+03 5.969528710985405459e-06
6.757793472572401483e-02 -6.596945710676625486e-06 -8.393483304042178497e+04 2.784930130299868167e-05 -1.343814674868189650e+04 -4.498191793270814477e-05
7.255917516659465827e-02 -8.064995074507160547e-06 -7.111821759345360624e+04 6.268674918925516137e-06 -1.000764515529105483e+04 -1.741196112892586369e-05
7.753384299139773339e-02 -4.413657097422163228e-06 -6.070725677937730507e+04 1.136108030632741961e-05 -6.795187813860060487e+03 -1.416048318756277238e-05
8.251793356505521260e-02 1.219161059878288036e-06 -4.976433944954128674e+04 -3.814150434021556013e-08 -4.169058772935780325e+03 1.017414375182685463e-06
8.752751931716111489e-02 -1.486926185693922550e-06 -4.173345289620319090e+04 -3.954590919398730591e-07 -4.799235972528184902e+03 -1.034916443606647695e-05
9.254701955136974967e-02 8.067545721285323886e-07 -3.587528167730173300e+04 -6.189754906848222728e-07 -5.360207383773928996e+03 3.127912662196615541e-06
9.754963178921903511e-02 -3.137052414817334667e-06 -3.018182183607243860e+04 3.191359839513765461e-06 -3.553621270804982942e+03 -8.824157874571469004e-06
1.025319613041059119e-01 -4.002211465173546002e-06 -2.615415234521575985e+04 2.493509432164634243e-06 -3.227820262664165057e+03 -4.392269628356589657e-06
1.075116003998943526e-01 -8.202519275499655804e-07 -2.306025086147484399e+04 2.870881746424879320e-06 -3.160268435561681599e+03 -8.281389653148689938e-07
1.125102861506304813e-01 4.673645486600931510e-07 -2.073049269536987049e+04 -5.999515955402262163e-06 -3.563742753343124605e+03 7.469981938745670176e-06
1.175500852175193622e-01 -2.507684648231937042e-06 -1.765909600341345504e+04 2.449631368837558975e-06 -1.748574598207936333e+03 -4.834834448627617835e-06
1.225369446564099490e-01 1.495068375537901485e-07 -1.554256206554121309e+04 -4.545816006703078528e-07 -2.194367428003972236e+03 -2.429486110249089946e-07
1.275260957852891452e-01 -1.088063057088285121e-06 -1.388771865146737764e+04 2.494403062848653836e-06 -1.943157773465922901e+03 -4.209767780401103482e-06
1.325302087090364789e-01 1.712450374558105660e-06 -1.209180360249144178e+04 3.767390824027832006e-07 -1.621343358958532008e+03 2.450516485992648985e-06
1.375062694904859717e-01 -3.963740347808869968e-07 -1.060865892291446653e+04 1.906140175389387392e-06 -1.898340654699049537e+03 -2.746018084452547263e-06
1.425134422753508989e-01 -1.508595962216836159e-07 -9.360125167978498212e+03 1.086042627168722401e-06 -1.313221827606066427e+03 -8.586547406306992153e-08
1.475259222195813014e-01 -5.363413258790263735e-07 -8.598823089890200208e+03 1.415934148391583821e-06 -1.446794569228666433e+03 -1.591166209900828260e-06
1.525299430011916868e-01 8.667567552728430187e-07 -7.692273926276631755e+03 -2.827400849967701084e-06 -1.409111853229624558e+03 1.181147571830762386e-06
1.574945685492469272e-01 -3.307603404173575326e-07 -7.000891333360294084e+03 -7.133562565717635986e-07 -9.351288874509644984e+02 3.943206297139765701e-07
1.625189323163163113e-01 7.818737169251825687e-07 -6.193265985401460057e+03 -1.028019146327554777e-06 -1.241383065693430808e+03 1.836902033673586018e-06
1.675461007718098694e-01 1.759626870817909853e-07 -5.405998861047835817e+03 1.509803302738823847e-07 -9.220648490888381730e+02 1.262966755582422628e-06
1.725292014006662711e-01 -1.876101236217325528e-07 -4.723337970135478827e+03 2.597872087148119601e-07 -7.683467712694070997e+02 -5.909341661932521379e-07
1.775301965061671094e-01 -3.745374145199709810e-07 -4.238832912670368387e+03 1.136610328639654754e-06 -6.700217693084300663e+02 -2.353977278469187840e-06
1.825147654490652804e-01 1.487606839382256453e-08 -3.804396466660758051e+03 -7.296035362242975908e-07 -5.154185352595350196e+02 2.538567262159471072e-06
1.875360723572403465e-01 3.674043623428770992e-07 -3.442586145251396829e+03 -5.400247414018854559e-07 -7.210670949720670251e+02 1.915979651765450479e-06
1.925323683450522461e-01 -5.106963245187158498e-08 -3.020454964121237936e+03 -2.776145220083739277e-07 -5.203726036200064300e+02 -2.867559862172589275e-07
1.975198663583639380e-01 1.914344093840900216e-07 -2.712399645883394442e+03 -1.083765769255090458e-06 -4.269034526369039781e+02 1.467406500964335355e-06
2.025153694923672032e-01 -3.027683586776573043e-07 -2.358899546463379465e+03 6.832994113013999106e-07 -3.611407893467143140e+02 -1.072642035458086454e-06
2.075088499274508613e-01 -2.264236715404520330e-07 -2.171763035562985351e+03 6.555105058794568426e-07 -4.139453158991504438e+02 -1.535697587068343702e-06
2.125178062418619784e-01 -1.831107956095086450e-08 -1.886749170884971363e+03 6.423859638700853631e-07 -5.628021906091813662e+02 -2.109519597601362132e-07
2.175004174234404231e-01 2.568603495076172125e-09 -1.667309149061526796e+03 -4.276724819301826421e-07 -3.570611059675111392e+02 4.719808922202466202e-08
2.225093171556767890e-01 3.793580070698962061e-07 -1.403589054589153193e+03 -1.332562634976901668e-06 -2.085737672622682908e+02 6.870979117749724638e-07
2.275289586476768322e-01 -1.138628450630453096e-07 -1.290544772692484457e+03 2.201348337885542775e-07 -2.951715903872646436e+02 -1.579482030233525936e-07
2.325285406108919262e-01 4.024747447042184313e-09 -1.126723082240372605e+03 1.801907188919731122e-06 -2.577448747566987777e+02 -1.248244194211320300e-06
2.375276552426477672e-01 7.821168730224996343e-07 -1.023460854280189892e+03 -1.354489097655563328e-06 -3.728554754789945491e+02 1.623643515377812473e-06
2.424991024241769377e-01 -1.937198753228774585e-07 -8.370526564583931304e+02 5.255166830567420438e-07 -2.344856583323485211e+02 -4.539021546794016724e-07
2.474998551644826128e-01 -5.020302837566042098e-08 -7.629065642010887132e+02 -6.993000911208172667e-08 -1.910840217739353193e+02 8.658800909926102540e-08
2.525200307756395035e-01 6.005817841642824188e-08 -6.461172904423136742e+02 2.387578075159971596e-07 -2.848306217135787506e+02 -9.690133403632946401e-09
2.575182250600202005e-01 -6.003010673571269061e-08 -4.772959988078384299e+02 3.456278872662245763e-08 -1.076045898219208681e+02 4.434041974796959780e-07
2.625255687975799335e-01 2.011057382003480448e-07 -3.754738118331716805e+02 9.141169918197637797e-09 -1.478971729331887843e+02 -1.544204775466958021e-07
2.675305520911575030e-01 4.441464125564407960e-07 -2.994989574847074323e+02 -6.426217069720798531e-07 -1.193905082779856599e+02 1.042838078248626036e-06
2.725404586615198799e-01 -3.712404383958321894e-08 -2.829139472153170800e+02 2.994134840105516395e-07 -2.074494896070238497e+02 1.098185709885062252e-06
2.775333197047151201e-01 3.502418044175045754e-07 -2.833286892237702546e+02 -1.071235068466151406e-06 -6.123816786000465129e+01 1.520475400934099262e-06
2.825123907298719983e-01 -3.829538612363366989e-07 -1.419250169826468380e+02 9.852769618816773158e-07 -5.406061878589514436e+01 8.122692627601432784e-08
2.875104651677040102e-01 -6.377160423584217910e-08 -6.096649348783757461e+01 5.072160051189102161e-07 -2.751124964087339464e+01 3.393303500900458566e-07
2.924971317655564174e-01 2.455262963969066816e-07 5.745522864673039187e+00 -6.900135571154445638e-07 -1.198460969378908487e+02 8.462896337014067369e-07
2.975058823671092867e-01 4.351281980015373985e-07 -4.950446369105763189e+00 -1.377793042679449518e-06 -1.256236457685818237e+02 1.198232793202462338e-06
3.025121359101998753e-01 -1.920459541662838865e-07 3.761416227141066315e+01 4.735182017174260073e-07 -1.070970775150231304e+02 -4.703744696424626927e-07
3.075010376196579687e-01 -1.454357070073679446e-07 8.580820400271726101e+01 1.326781888488268959e-07 -2.743413805716674858e+01 -5.766398207660553694e-07
3.125134169243361515e-01 3.019233548662778899e-07 6.417969032776996130e+01 -9.192707024180575093e-07 -1.604267846370400150e+02 1.046606263667554735e-06
3.175159688234982513e-01 -7.315272531461523597e-08 1.128923676945898933e+02 3.555702140292363834e-07 -2.017199703313652392e+01 -8.417060504950093922e-07
3.225221380836135188e-01 6.942360136043987095e-08 1.408466112894091111e+02 5.458826745976496530e-08 -7.295989239191996489e+01 8.163034454570394174e-08
3.275181733526948968e-01 -8.834110106066040266e-08 1.894560533135875744e+02 3.248000754024840144e-07 -1.557363383931877081e+02 -5.071757237852083457e-07
3.325123842131759710e-01 3.149024669311581347e-07 1.878061681062472985e+02 -7.970290025085174113e-07 -4.615881939564300751e+01 1.312274590642429662e-06
3.374959366892091861e-01 1.253612456699103066e-07 1.879657884595172277e+02 -7.581816062744149375e-07 -1.691975090214763782e+02 -2.382264609878626365e-08
3.424919221947719805e-01 -2.622208956393919711e-07 2.087026144063205777e+02 7.669516108638083677e-07 -6.668185416996558956e+01 -8.561283339807451632e-07
3.475179778446125245e-01 1.059395783899516405e-07 1.982618682000849333e+02 1.832131532155634198e-08 -7.333066782108667780e+01 -8.391037782474698700e-08
3.525052850529177828e-01 -2.485065438887114942e-08 2.824599073926233359e+02 -1.288823154089493930e-07 -1.648191122465272258e+02 3.361538273827937912e-07
3.575133254796376558e-01 -2.154248028536992899e-07 2.505846356661633649e+02 5.254634306306574244e-07 -1.534334373155720357e+02 -7.303333537571328829e-07
3.625250227669692404e-01 1.351026647906941531e-07 1.960862821864176908e+02 -6.571320090159614795e-08 -1.872044571600662550e+02 -9.362982296293855495e-08
3.675230446100045678e-01 -7.586622444302283950e-08 2.623639452062784017e+02 2.039043832904118207e-07 -1.209904351566316052e+02 -4.082259195744619960e-07
3.725177060730277545e-01 2.617437657241694871e-08 2.563969638058208034e+02 -2.120124502365772789e-07 -8.930770055463435142e+01 -7.108524437458903416e-07
3.775163034622419089e-01 -1.801328557588211287e-07 2.361873935498996673e+02 -2.356878486564014761e-07 -1.882583901641831119e+02 3.703666193172023158e-07
3.825226892977953153e-01 3.328838863888302245e-07 2.909270270270270089e+02 -4.400175970953864022e-07 -1.554764864864864933e+02 7.769642649470149161e-07
3.875130067694269043e-01 -1.658127104394428279e-08 2.625015015806112046e+02 -2.921820943046546022e-07 -1.581229320337197066e+02 2.091375618262336285e-07
3.924957861003909865e-01 5.578471462362823346e-08 2.419208702088630218e+02 -5.244548874827020080e-07 -1.868727190808740772e+02 2.224513708142921626e-07
3.975064703251052212e-01 -1.116686982224033584e-07 2.011169320364289774e+02 -1.212757513075688634e-07 -2.660911963323214309e+02 -2.530418610116391548e-07
