3.798113400606732779e-03 -1.315789473684210453e-02 1.347399410526315570e+08 -1.973684210526315680e-02 3.675367747368420959e+08 -4.934210526315789200e-03 1.763251469473684132e+08 0.000000000000000000e+00 -3.436483368421052396e+07 0.000000000000000000e+00 3.349842189473683834e+08
8.299341265228576958e-03 5.615234375000000000e-03 3.804998000000000000e+07 -2.526855468750000000e-02 -6.814941500000000000e+06 2.883911132812500000e-02 1.530809120000000000e+08 0.000000000000000000e+00 4.470387200000000000e+07 0.000000000000000000e+00 1.844184000000000000e+07
1.293222767532251419e-02 -1.990445859872611565e-04 5.052419587261147052e+07 -1.482997730279424463e-12 1.148632050955414027e+07 -3.483280254777070374e-04 1.351930847388535142e+08 0.000000000000000000e+00 1.004313502165605128e+08 0.000000000000000000e+00 5.152606899363057315e+07
1.764839556552980082e-02 5.083476027397259775e-03 3.189520482191780582e+07 -1.484910102739725977e-02 1.700381457534246519e+07 1.458823844178082189e-02 1.011955866301369816e+08 0.000000000000000000e+00 7.648429939726026356e+07 0.000000000000000000e+00 6.101886246575342119e+07
2.256548662787912635e-02 -1.801748582230623891e-03 2.162162837051039934e+07 4.149929111531190651e-03 3.550464967863894068e+06 -3.865636814744801558e-03 8.401656353875236213e+07 0.000000000000000000e+00 6.033236107372400910e+07 0.000000000000000000e+00 -1.340212361436673068e+07
2.777643688250242340e-02 3.048780487804878046e-04 1.464401919999999925e+07 1.219512195121951218e-03 2.892234926829268225e+06 -7.621951219512195386e-04 6.422595434146341681e+07 0.000000000000000000e+00 6.092022759024390578e+07 0.000000000000000000e+00 2.102994294634146243e+07
3.269804980233311648e-02 -4.375000000000000091e-04 1.042381516799999960e+07 7.187499999999999879e-04 3.264495359999999870e+06 -2.320312499999999892e-03 5.014378905600000173e+07 0.000000000000000000e+00 4.529510400000000000e+07 0.000000000000000000e+00 1.240104038399999961e+07
3.761648458559932462e-02 4.438321813890761924e-04 6.947386346594740637e+06 -1.573167776466621783e-03 1.634169181389076170e+06 1.782407651298044534e-03 3.821971523668240011e+07 0.000000000000000000e+00 3.239967486446392536e+07 0.000000000000000000e+00 8.741543444369520992e+06
4.263843696389812976e-02 3.095354352678571274e-04 4.746088000000000000e+06 -1.140049525669642764e-03 9.257047857142856810e+05 1.365116664341517764e-03 3.075080228571428359e+07 0.000000000000000000e+00 2.482177371428571269e+07 0.000000000000000000e+00 4.622459714285713620e+06
4.756514582339458480e-02 5.451373746184038521e-05 3.426845920627998188e+06 1.635412123855211556e-04 2.975644134321848978e+05 -6.677932839075446849e-04 2.622048058613170683e+07 0.000000000000000000e+00 2.117028943044047058e+07 0.000000000000000000e+00 1.360309979938944569e+06
5.262096060748640974e-02 1.035540291432584224e-04 2.725802426966291852e+06 -1.765904801615168448e-04 3.583745393258426921e+05 -2.494554841116572859e-05 2.171686831460674107e+07 0.000000000000000000e+00 1.474335640449438244e+07 0.000000000000000000e+00 3.321967101123595610e+06
5.756031740041873956e-02 -2.175510519801980097e-05 2.026867009900990175e+06 2.538095606435643447e-05 1.737800396039604093e+05 -3.233050355816831844e-05 1.869310352475247532e+07 0.000000000000000000e+00 1.376285655445544608e+07 0.000000000000000000e+00 8.845490693069307599e+05
6.254738279606215923e-02 -3.065979887171939924e-05 1.743324962472405983e+06 1.992886926661760916e-04 2.896710954132940387e+05 -4.254047093451066822e-04 1.597880342604856379e+07 0.000000000000000000e+00 1.079976355948000960e+07 0.000000000000000000e+00 1.450910422369389096e+06
6.757793472572401483e-02 -9.954415641476274158e-05 1.350469511423550081e+06 2.505766695957820545e-04 1.681760843585237162e+05 1.913650593145869961e-04 1.446384163093145750e+07 0.000000000000000000e+00 9.377459065026361495e+06 0.000000000000000000e+00 -2.934113462214411120e+05
7.255917516659465827e-02 1.623669099869815978e-04 1.111622463083503768e+06 -7.197539868885996549e-04 1.130549228194160387e+05 3.881640697647387238e-04 1.274712602566486970e+07 0.000000000000000000e+00 7.918791391482239589e+06 0.000000000000000000e+00 4.280278579133345629e+05
7.753384299139773339e-02 -7.225320137261466978e-05 8.289611677268162603e+05 6.031998033143623050e-05 3.006923870103783338e+04 -1.719282908227318476e-04 1.123696324606628716e+07 0.000000000000000000e+00 6.336688894543020055e+06 0.000000000000000000e+00 1.090317541345831938e+06
8.251793356505521260e-02 -9.575240108944954999e-05 6.990068256880734116e+05 2.074635356938073628e-04 1.137734311926605587e+05 -3.109853202049885600e-04 1.008876506422018446e+07 0.000000000000000000e+00 6.052172917431193404e+06 0.000000000000000000e+00 -1.865542568807339412e+05
8.752751931716111489e-02 -1.518562913049112445e-05 5.276708358170273714e+05 3.593932227549566036e-05 5.853843721653492685e+04 -5.175768595309057933e-05 8.935026183231826872e+06 0.000000000000000000e+00 5.045841009718802758e+06 0.000000000000000000e+00 8.167326204483608017e+05
9.254701955136974967e-02 -1.735913286235186886e-05 4.197388076572470018e+05 2.826422914767547692e-05 4.538070009115770517e+04 -1.077712831871011784e-04 7.904990628988149576e+06 0.000000000000000000e+00 3.649823270738377236e+06 0.000000000000000000e+00 3.171007474931631587e+05
9.754963178921903511e-02 2.944101329425311377e-05 3.646681813043022994e+05 -8.341620433371715795e-05 4.474043169684915483e+04 2.408438448654872744e-04 7.281074982937296852e+06 0.000000000000000000e+00 3.439116166230503470e+06 0.000000000000000000e+00 4.910223100596670993e+05
1.025319613041059119e-01 6.192835365853658616e-05 2.999620923076923355e+05 -1.357660060975609878e-04 5.355598048780487443e+04 1.199632827157598501e-04 6.562649624015009031e+06 0.000000000000000000e+00 2.981348911069418304e+06 0.000000000000000000e+00 4.254182544090056326e+05
1.075116003998943526e-01 -2.035907348380427311e-05 2.262243197794624430e+05 6.671382344073052879e-05 7.196935630599586875e+04 -9.571709031486905987e-05 6.060780769124741666e+06 0.000000000000000000e+00 2.846443534114403650e+06 0.000000000000000000e+00 3.769425334252239554e+05
1.125102861506304813e-01 3.925272474298523954e-05 1.999207037180181069e+05 -7.880739352245497143e-05 3.991157888227564399e+04 9.986799006724898071e-05 5.638547837674885988e+06 0.000000000000000000e+00 2.250903815103965346e+06 0.000000000000000000e+00 3.164090741284687538e+05
1.175500852175193622e-01 6.896078527236524443e-05 1.730181880244631029e+05 -9.573257049139525133e-05 4.494731560233252821e+04 2.452430947544801646e-04 5.350178771725216880e+06 0.000000000000000000e+00 2.137603131275778636e+06 0.000000000000000000e+00 1.407440193429099745e+05
1.225369446564099490e-01 -4.242761606256207262e-06 1.344382432307183044e+05 -4.179322218429328001e-05 2.621689771598808511e+04 8.866260557607166868e-05 4.953369133929163218e+06 0.000000000000000000e+00 1.824051437272426439e+06 0.000000000000000000e+00 -7.333704283349885372e+04
1.275260957852891452e-01 1.894858113024496668e-06 1.138849032258064544e+05 3.600230414746543776e-05 4.134402716468590370e+04 -2.510686999757458186e-05 4.670611775891341269e+06 0.000000000000000000e+00 1.643555019160805270e+06 0.000000000000000000e+00 1.170391734174144949e+05
1.325302087090364789e-01 2.827598058470343870e-05 9.647082251276583702e+04 -1.250499761517311038e-04 2.614174109197014695e+04 2.164263281381516107e-04 4.392690970877055079e+06 0.000000000000000000e+00 1.542052867964760633e+06 0.000000000000000000e+00 -2.348798922619381628e+05
1.375062694904859717e-01 -9.250016499472016925e-05 7.489518563885954791e+04 9.595474194825765705e-05 2.830256895459345105e+04 -2.581522860018479549e-04 4.136165453854276799e+06 0.000000000000000000e+00 1.252925202111932449e+06 0.000000000000000000e+00 3.612610095036958810e+05
1.425134422753508989e-01 5.375874388078326143e-05 6.626455442503359518e+04 -1.178989714316567428e-04 1.710657707813399975e+04 1.090700234120032635e-04 3.909898566327509936e+06 0.000000000000000000e+00 1.150979538491073065e+06 0.000000000000000000e+00 6.957387905548089475e+04
1.475259222195813014e-01 -1.316973438425440771e-05 5.563528835026652814e+04 -4.822970294774249706e-05 2.938658453688094960e+04 8.653761276140143569e-05 3.670876292496241163e+06 0.000000000000000000e+00 1.045004106610779534e+06 0.000000000000000000e+00 9.381588810424164694e+04
1.525299430011916868e-01 -2.642035847142373939e-06 4.539024687182955677e+04 3.830951978356442466e-05 3.078977882989516365e+04 -5.118944453838349443e-05 3.469913171457558405e+06 0.000000000000000000e+00 1.006825750422725687e+06 0.000000000000000000e+00 2.290330361853229406e+05
1.574945685492469272e-01 3.248362746188376848e-05 4.320191272697860404e+04 -6.983486232155133237e-05 2.250879508229870044e+04 1.191107479614894599e-04 3.272568996158045717e+06 0.000000000000000000e+00 7.776361269866946386e+05 0.000000000000000000e+00 4.529803890484086151e+04
1.625189323163163113e-01 -5.729285469890511203e-06 3.269662131386861438e+04 7.762157133895986093e-05 1.666137927007299368e+04 -1.426540848112454627e-04 3.141487593576642685e+06 0.000000000000000000e+00 8.068276881751825567e+05 0.000000000000000000e+00 1.781553518248175387e+05
1.675461007718098694e-01 -1.765709531605922481e-05 2.280971298405466950e+04 4.414273829014806372e-05 1.835161617312072849e+04 -7.071527641835135961e-05 2.996763990888382774e+06 0.000000000000000000e+00 6.226912801822322654e+05 0.000000000000000000e+00 7.180430979498861416e+04
1.725292014006662711e-01 2.736190542901407750e-06 1.962302824933249940e+04 1.942695285459999490e-05 1.465966443616705874e+04 1.308140508084187666e-05 2.845846847348122858e+06 0.000000000000000000e+00 5.977033014470778871e+05 0.000000000000000000e+00 1.334459133071826654e+05
1.775301965061671094e-01 2.785248927309439768e-05 1.340509742554265540e+04 -1.466569125441696030e-05 1.258833821302372598e+04 -1.204681781612821776e-05 2.737928141342756338e+06 0.000000000000000000e+00 5.014610641090358258e+05 0.000000000000000000e+00 7.475732256436142779e+04
1.825147654490652804e-01 1.390596841856480319e-05 9.134284616975390236e+03 4.140054912995952494e-05 1.817231870956306011e+04 -1.065306812978226841e-05 2.629072700995597988e+06 0.000000000000000000e+00 5.301300245206652908e+05 0.000000000000000000e+00 1.347048721084817953e+05
1.875360723572403465e-01 1.570717582489525253e-05 3.617437318435754150e+03 -3.403050939464036506e-05 1.437521966480447009e+04 1.438567092298795334e-05 2.551831340335195418e+06 0.000000000000000000e+00 4.128449358659217833e+05 0.000000000000000000e+00 1.337609725139664952e+05
1.925323683450522461e-01 -1.882630930705794176e-05 4.279507764806682644e+03 2.468338331369818956e-05 1.531776116525650650e+04 -4.047656501017457564e-05 2.452001065866980702e+06 0.000000000000000000e+00 3.475227554889150779e+05 0.000000000000000000e+00 1.893815829495555226e+04
1.975198663583639380e-01 -1.411674386619451050e-05 2.358872290375616558e+03 5.386717267927152781e-05 2.067359291766788738e+04 -6.839303040423042382e-05 2.373433649373972323e+06 0.000000000000000000e+00 3.662879210825850023e+05 0.000000000000000000e+00 1.530060100670292159e+05
2.025153694923672032e-01 2.572629185564025893e-05 -3.456907845218566308e+03 -3.378342721702209901e-05 2.051468184888545875e+04 9.031294856098621288e-05 2.288168365145228337e+06 0.000000000000000000e+00 2.929159509794461192e+05 0.000000000000000000e+00 1.040822680690919660e+05
2.075088499274508613e-01 1.185230083125329266e-05 -1.795006251574343423e+03 -2.144595565504133343e-05 1.628719173784606937e+04 5.242406834653873352e-05 2.209548738739151508e+06 0.000000000000000000e+00 3.129752859007533989e+05 0.000000000000000000e+00 1.188966730632714316e+05
2.125178062418619784e-01 -9.122246908546431115e-06 -3.829913772037004946e+03 3.593632596016429928e-05 1.614314260778495373e+04 -4.865786525295508490e-05 2.133484785477395635e+06 0.000000000000000000e+00 2.719192096351893852e+05 0.000000000000000000e+00 1.290947921103159460e+05
2.175004174234404231e-01 -2.359005449877956635e-05 -4.670617288107061540e+03 1.787748032573015683e-05 1.533709553067923662e+04 7.428401307760289655e-06 2.054494268159245839e+06 0.000000000000000000e+00 2.468220951098392543e+05 0.000000000000000000e+00 3.379497348708021309e+04
2.225093171556767890e-01 -1.145649157325505787e-05 -5.349797206516814185e+03 1.155749338813262253e-05 1.545310707038868532e+04 -2.966206870493587667e-05 1.980819499694647500e+06 0.000000000000000000e+00 2.166856299915289273e+05 0.000000000000000000e+00 7.979979590630602615e+04
2.275289586476768322e-01 1.012737017832542481e-05 -6.898976886575846038e+03 -2.516894396716669487e-05 1.376441083728761805e+04 2.136183755787923031e-05 1.924170923006275902e+06 0.000000000000000000e+00 1.820825960508189164e+05 0.000000000000000000e+00 6.180600397979489208e+04
2.325285406108919262e-01 -2.018036126825896386e-05 -6.185784003056046458e+03 3.803358580575919354e-05 1.418590682698779528e+04 -5.792527553298892684e-05 1.873650611609335523e+06 0.000000000000000000e+00 1.271309979808269563e+05 0.000000000000000000e+00 7.258260105870154803e+04
2.375276552426477672e-01 -1.193023268588504145e-05 -6.509645420987871148e+03 1.801550964580769915e-05 1.182701100369133383e+04 -3.305489829605379236e-05 1.825168816171559272e+06 0.000000000000000000e+00 8.405591028300228936e+04 0.000000000000000000e+00 9.742868609597468458e+04
2.424991024241769377e-01 -6.067141627133523968e-06 -8.890926071615484034e+03 1.464027653503958984e-05 1.277636236557324446e+04 -1.797060971080309842e-05 1.762414762041429523e+06 0.000000000000000000e+00 9.337059436462783196e+04 0.000000000000000000e+00 8.939773437104317418e+04
2.474998551644826128e-01 2.783031139929554982e-06 -7.381575152097342652e+03 4.299626761127121300e-06 1.436476618635926934e+04 2.700947356308037183e-06 1.714484478770412970e+06 0.000000000000000000e+00 8.408729452449567907e+04 0.000000000000000000e+00 7.023242369516490726e+04
2.525200307756395035e-01 -4.361002503479740530e-06 -6.097762326012991252e+03 3.048925992692545988e-06 1.411999356634704782e+04 -3.105987161812751561e-05 1.689845278564800508e+06 0.000000000000000000e+00 8.191183618929787190e+04 0.000000000000000000e+00 1.092292295700587711e+05
2.575182250600202005e-01 -8.731651888830936454e-08 -8.655989270546158878e+03 1.033245473511660847e-06 1.163070888905446736e+04 -1.126746912487892154e-05 1.652318037702108501e+06 0.000000000000000000e+00 2.641948421131063151e+04 0.000000000000000000e+00 8.144682059459056472e+04
2.625255687975799335e-01 -6.630395247332686898e-06 -7.202494437154105071e+03 2.537937004336167070e-05 1.345963599018656896e+04 -1.978671522864722929e-05 1.607510102584583685e+06 0.000000000000000000e+00 1.366314600330917983e+03 0.000000000000000000e+00 9.011585599360986089e+04
2.675305520911575030e-01 -3.452037392469035021e-06 -9.205222131702130355e+03 9.520071871418510348e-06 9.339234973281230850e+03 -8.124423941260130604e-06 1.570842949973074021e+06 0.000000000000000000e+00 1.195952687756313753e+04 0.000000000000000000e+00 5.094779646787533420e+04
2.725404586615198799e-01 1.317096511873909095e-06 -8.592842862431902176e+03 2.689717680620933878e-05 1.299521404770719710e+04 7.679834808205954994e-06 1.538224452742370544e+06 0.000000000000000000e+00 4.637260697096313379e+03 0.000000000000000000e+00 8.293183434706722619e+04
2.775333197047151201e-01 1.168734814020213555e-05 -4.837259854731563792e+03 -2.235236885129371486e-05 1.278551161889006653e+04 1.157691153520562411e-05 1.504314681417530403e+06 0.000000000000000000e+00 -1.081144818672939255e+04 0.000000000000000000e+00 6.841132328689223505e+04
2.825123907298719983e-01 1.157907737911443205e-06 -6.736385549311431532e+03 -8.201846476872723041e-06 1.035406331130735452e+04 1.578855446797999173e-05 1.477389991230778862e+06 0.000000000000000000e+00 -8.337018464768728165e+01 0.000000000000000000e+00 6.401319128018280026e+04
2.875104651677040102e-01 -5.238724266334274841e-06 -5.499462555066079403e+03 1.019761151816282774e-05 9.211590116835854133e+03 -2.031978394560055010e-05 1.449898290748898638e+06 0.000000000000000000e+00 -3.044080444359318062e+04 0.000000000000000000e+00 5.494847423865160090e+04
2.924971317655564174e-01 1.038548012345536272e-06 -4.345288467095909255e+03 -3.138221167739772422e-06 1.178027608688113287e+04 9.510616308707763280e-06 1.422496117999283131e+06 0.000000000000000000e+00 -2.434107711336392458e+04 0.000000000000000000e+00 4.244487042966627632e+04
2.975058823671092867e-01 -8.065030858715922191e-06 -6.310816446141549932e+03 3.004874400586093555e-05 1.101842180978598662e+04 -3.467746467343042370e-05 1.383639057277328800e+06 0.000000000000000000e+00 -2.692660332119704981e+04 0.000000000000000000e+00 8.633632394991563342e+04
3.025121359101998753e-01 -2.702001642816998802e-06 -6.244051359647226491e+03 3.377502053521248397e-06 8.736872249362328148e+03 -5.404003285633997605e-06 1.357899258311357116e+06 0.000000000000000000e+00 -3.008952626345596946e+04 0.000000000000000000e+00 2.634402801435303263e+04
3.075010376196579687e-01 6.531849297173016087e-07 -5.902842702617965188e+03 -1.045095887547682574e-05 9.175418843078852660e+03 1.714610440507916776e-05 1.330222328013795428e+06 0.000000000000000000e+00 -5.325629388096358161e+04 0.000000000000000000e+00 8.446744145895386464e+04
3.125134169243361515e-01 6.421394279107178620e-06 -4.768415362959984122e+03 2.552847878544138384e-06 1.004869881359340434e+04 7.265797808164086642e-07 1.311262454373617657e+06 0.000000000000000000e+00 -5.017131550372009224e+04 0.000000000000000000e+00 4.705781395535894262e+04
3.175159688234982513e-01 -3.412994364678606023e-06 -3.492600799677771192e+03 1.022099471895845479e-05 7.263692232122682981e+03 -9.633674272682505728e-06 1.292433082846224075e+06 0.000000000000000000e+00 -4.929086587222838716e+04 0.000000000000000000e+00 5.812101612126809050e+04
3.225221380836135188e-01 5.604587502359826656e-06 -4.421540645648480677e+03 -1.980041768925807261e-05 7.975723617141778959e+03 2.027053933830470349e-05 1.268884815404946217e+06 0.000000000000000000e+00 -6.082808895601284166e+04 0.000000000000000000e+00 6.265433022465546674e+04
3.275181733526948968e-01 3.651714642724916715e-06 -4.561237467604591075e+03 5.477571964087375072e-06 8.626367715660866452e+03 -7.669504639485376561e-06 1.245274002813772764e+06 0.000000000000000000e+00 -5.658195690485005616e+04 0.000000000000000000e+00 3.745699637171417999e+04
3.325123842131759710e-01 -5.229552692208474076e-06 -4.170694467918553528e+03 5.646526993248352432e-07 6.669625839508259560e+03 -1.660730458360390528e-05 1.232158212085360894e+06 0.000000000000000000e+00 -5.760808190931976424e+04 0.000000000000000000e+00 5.926980808952383086e+04
3.374959366892091861e-01 2.548922897032547463e-06 -4.467877658269979293e+03 -6.167024861612304732e-06 6.833995025049925061e+03 1.973918394505658300e-05 1.212132725501874462e+06 0.000000000000000000e+00 -5.651801142136425915e+04 0.000000000000000000e+00 5.663215443366149702e+04
3.424919221947719805e-01 3.320616889881572604e-06 -2.875367842052188280e+03 -1.399867904557917912e-06 6.416076140312862663e+03 9.025892477643783981e-06 1.193511909791731043e+06 0.000000000000000000e+00 -5.994672604988791136e+04 0.000000000000000000e+00 4.925956826042387547e+04
3.475179778446125245e-01 1.842600855196523688e-06 -2.782972522625543206e+03 -7.446181378034436084e-06 8.134749828470610737e+03 2.762006833863576871e-05 1.174777952755905455e+06 0.000000000000000000e+00 -5.890577397327408835e+04 0.000000000000000000e+00 5.260860221517953323e+04
3.525052850529177828e-01 -5.340454354941721237e-06 -2.447867411783490297e+03 1.440753233274788402e-05 5.846566565543669640e+03 -1.708165765208366778e-05 1.155366692256107228e+06 0.000000000000000000e+00 -6.418891189525786467e+04 0.000000000000000000e+00 4.946412952259300801e+04
3.575133254796376558e-01 4.155991202067892820e-06 -3.054307056740578446e+03 -1.432703585710617744e-05 6.814333913283411675e+03 2.503465434248798581e-06 1.141700375041196821e+06 0.000000000000000000e+00 -5.920441722681668762e+04 0.000000000000000000e+00 4.625509190548091283e+04
3.625250227669692404e-01 -6.779028948953470469e-06 -2.000366330371931781e+03 1.621231977488330007e-05 5.764722662249660971e+03 -2.900387683989609795e-05 1.132771898208101047e+06 0.000000000000000000e+00 -6.153715741605179937e+04 0.000000000000000000e+00 5.835474320132510184e+04
3.675230446100045678e-01 3.816004345005066484e-06 -2.182870123715999853e+03 6.549858204113173943e-07 5.788310536637286532e+03 1.263695468728357048e-05 1.119035596906006569e+06 0.000000000000000000e+00 -8.199939286573497520e+04 0.000000000000000000e+00 6.644360938696061203e+04
3.725177060730277545e-01 9.300628475398822925e-07 -2.086761735948310616e+03 1.081001752440819988e-06 4.768010520898850700e+03 1.924471037486956095e-06 1.109071102521585068e+06 0.000000000000000000e+00 -7.325372885813940957e+04 0.000000000000000000e+00 6.261691348847847257e+04
3.775163034622419089e-01 -1.602677370863530175e-06 -1.924540252790975046e+03 1.930620177422580098e-05 4.928274939491521764e+03 -1.397460594069134739e-05 1.092827294915908715e+06 0.000000000000000000e+00 -7.353954773446604668e+04 0.000000000000000000e+00 4.176076502023844660e+04
3.825226892977953153e-01 2.939585092905405281e-06 -1.628277621621621620e+03 -6.900271853885135129e-06 4.374174702702702234e+03 8.132934570312500447e-06 1.089116768864864949e+06 0.000000000000000000e+00 -8.263453751351351093e+04 0.000000000000000000e+00 7.653977945945945976e+04
3.875130067694269043e-01 -5.981316682033720350e-06 -1.349499683877766074e+03 1.638108988079557685e-05 3.600574920969441791e+03 -1.725738493233008462e-05 1.074765690200210782e+06 0.000000000000000000e+00 -7.863406195995784947e+04 0.000000000000000000e+00 5.184306174920970079e+04
3.924957861003909865e-01 -3.985071444662569010e-06 -1.338444566021948503e+03 1.260263130370418168e-05 3.768289022624143399e+03 -1.488273330141924004e-05 1.065308106613458600e+06 0.000000000000000000e+00 -7.569528086763428291e+04 0.000000000000000000e+00 7.960229251118334651e+04
3.975064703251052212e-01 -3.091651307230035570e-06 -1.175970460318443884e+03 8.600356816492164163e-06 3.916597782045722397e+03 -1.546808810831113535e-05 1.057847713821944082e+06 0.000000000000000000e+00 -7.648741386531194439e+04 0.000000000000000000e+00 5.073685585775355139e+04
