3.798113400606732779e-03 6.424753289473683854e-06 -3.366066315789473709e+06 -6.745990953947367708e-05 -6.760546526315788738e+06 1.630281147203947354e-04
8.299341265228576958e-03 1.411437988281250000e-04 -2.118556500000000000e+06 -3.223419189453125000e-04 -8.080125000000000000e+05 4.687309265136718750e-04
1.293222767532251419e-02 6.220143312101911141e-06 -1.437577579617834417e+06 -1.555035828025477701e-05 -2.245879745222929923e+05 2.721312699044586061e-05
1.764839556552980082e-02 -8.360980308219177618e-06 -9.979303013698629802e+05 3.428001926369863162e-05 -2.446936986301369616e+05 -4.494026915667807885e-05
2.256548662787912635e-02 2.769080812854442356e-05 -7.558884536862004315e+05 -9.230269376181474730e-07 -4.697398109640831535e+04 1.084556651701323273e-05
2.777643688250242340e-02 -4.019388338414634328e-06 -5.022724292682926753e+05 3.327160346798780732e-05 -4.817946341463414865e+04 -7.564265553544206920e-05
3.269804980233311648e-02 -1.367187500000000028e-05 -3.625575040000000154e+05 -3.808593749999999995e-05 1.081911900000000060e+04 -1.708984375000000036e-06
3.761648458559932462e-02 -9.630631532366823068e-06 -2.862291031692515244e+05 7.284708466790290112e-06 -6.240724477410654072e+04 -1.694620740791469895e-05
4.263843696389812976e-02 -1.376015799386160569e-05 -2.138163214285714203e+05 2.486365182059151592e-05 -1.086394977678571377e+04 -6.299359457833426533e-05
4.756514582339458480e-02 -6.068912178368949293e-06 -1.815581474051460973e+05 2.890718695486262500e-05 -2.613563541212385462e+04 -2.054912369167030204e-05
5.262096060748640974e-02 9.429588746488763360e-06 -1.437982134831460717e+05 -3.146053699964887701e-05 -2.132047612359550476e+04 3.259637382593047456e-05
5.756031740041873956e-02 -5.547362979095761407e-06 -1.159939702970297076e+05 1.054471082026415473e-05 -1.188269183168316886e+04 -7.467104656861560406e-06
6.254738279606215923e-02 -5.060064462227127750e-06 -9.754128231542800495e+04 1.803957892598724542e-05 -1.287300171694873643e+04 -2.040119185177519925e-05
6.757793472572401483e-02 -7.475197629476054324e-06 -8.489216168717047549e+04 2.212055119144057497e-05 -1.101985149384885699e+04 -2.201076970159064573e-05
7.255917516659465827e-02 -2.497253928770690138e-07 -7.132429830760647019e+04 -2.009154297238236789e-06 -8.387477775711364302e+03 1.320990572548586641e-05
7.753384299139773339e-02 3.269375627720120502e-06 -5.935208838299297349e+04 -4.740594660194175193e-06 -7.666328088382992973e+03 2.349863732423836785e-05
8.251793356505521260e-02 -4.252162548380160892e-06 -5.185705963302752934e+04 8.390584123243980088e-06 -7.666632454128441168e+03 -6.791648514773867857e-06
8.752751931716111489e-02 9.214196842199041726e-07 -4.170819541272515198e+04 -5.024307763096087213e-06 -4.922863807178955540e+03 -4.340657857905031537e-06
9.254701955136974967e-02 -1.390956158842297076e-06 -3.670868550592524844e+04 6.954780794211485378e-07 -4.038122607110300578e+03 -5.000487391038058379e-06
9.754963178921903511e-02 -2.990102912697581973e-06 -3.100283136187585114e+04 4.229590017533759313e-06 -4.917045954150528814e+03 8.273895880220872711e-07
1.025319613041059119e-01 2.107029784240149880e-06 -2.663024690431519775e+04 -5.588209427767354804e-06 -3.310425891181988845e+03 1.325768332991322785e-05
1.075116003998943526e-01 -9.885087332012405876e-07 -2.313875396278428525e+04 2.250434775585803035e-06 -2.763990006891798657e+03 -6.914303107232081484e-06
1.125102861506304813e-01 -9.813181185746308613e-07 -2.013726830022416470e+04 5.321763643039344637e-06 -4.147184664141609574e+03 -7.803366192896343689e-06
1.175500852175193622e-01 -2.951493830891765066e-07 -1.860855297966150101e+04 -6.250222230123737600e-07 -3.030977954771725308e+03 -3.993197535912387999e-07
1.225369446564099490e-01 8.889595746441576282e-07 -1.595964250248262215e+04 -1.963792514895730034e-06 -2.681001522674611351e+03 4.196293264854353091e-06
1.275260957852891452e-01 -3.012528328128789467e-06 -1.425886393402861904e+04 9.751857671522556697e-06 -2.076208343439242981e+03 -1.107030142692290212e-05
1.325302087090364789e-01 -2.020691441978564627e-06 -1.204780517367151151e+04 1.578879245342573398e-06 -1.604835306660681226e+03 1.353692021088182502e-06
1.375062694904859717e-01 1.503321034351900615e-06 -1.075181752903907000e+04 -3.429602166793162685e-06 -1.635606546990496327e+03 4.073105744600547731e-06
1.425134422753508989e-01 -1.096661385155200096e-07 -9.309323094643885270e+03 3.086305392362902445e-06 -1.077357170282203924e+03 4.500842959483998485e-07
1.475259222195813014e-01 -2.808579334479930866e-07 -8.807962458426352896e+03 -5.422504655679074084e-08 -2.088696706000273480e+03 -2.015711826813009693e-06
1.525299430011916868e-01 5.057021738670950581e-07 -7.618301657084883118e+03 -1.635791725672133795e-06 -1.562320257017247059e+03 1.572578953938746900e-06
1.574945685492469272e-01 -3.184185366704411874e-07 -6.888187325595502443e+03 4.504758367624458852e-07 -8.383282242083552092e+02 -3.155490672992831614e-06
1.625189323163163113e-01 -4.321467267335766927e-07 -5.951618102189781894e+03 1.267481894388686167e-06 -5.337601094890511604e+02 -8.860121678261862521e-07
1.675461007718098694e-01 -4.214414974551537610e-07 -5.667099658314350563e+03 1.433770042888667264e-06 -9.484834140091115842e+02 -2.087656077600014163e-06
1.725292014006662711e-01 -7.403809704321456627e-07 -4.799448857830372617e+03 1.850952426080364104e-06 -9.400770676072123706e+02 -1.166904790355012140e-07
1.775301965061671094e-01 3.735745934029530690e-07 -4.346837960625946835e+03 -6.258337260616481725e-07 -6.422183871781928701e+02 2.038773715285446200e-06
1.825147654490652804e-01 1.200904430337676238e-06 -3.822119885373275338e+03 -1.011572650779934467e-06 -7.868585778014121388e+02 1.550266642616842552e-06
1.875360723572403465e-01 -2.642583580656424441e-07 -3.577292067039106314e+03 6.623507877967876885e-07 -8.264553631284916264e+02 -1.640746047376920429e-06
1.925323683450522461e-01 -3.730125954284700477e-07 -2.913358466316803970e+03 1.161323441955559905e-06 -6.997298918282102704e+02 -1.280162476671064901e-06
1.975198663583639380e-01 -1.895046270314278328e-07 -2.532936587833565227e+03 3.927107087667572539e-07 -5.657988617680535981e+02 -3.610092091683990292e-06
2.025153694923672032e-01 -2.385336126724886587e-07 -2.394412428833349622e+03 -1.516602599090514383e-07 -3.151662404709061320e+02 3.449166590650028945e-07
2.075088499274508613e-01 -1.397676984817605247e-07 -2.205012984039020921e+03 7.295873860747898900e-07 -3.258483134488996598e+02 2.318047279319998206e-06
2.125178062418619784e-01 1.207199536145596991e-06 -1.869870832606039585e+03 -2.176687966718122604e-06 -3.804538313841857189e+02 2.350310293827866006e-06
2.175004174234404231e-01 -9.022219776455054522e-08 -1.620257722413938382e+03 4.695728264436127236e-07 -3.022685590438515533e+02 1.850197205047055099e-08
2.225093171556767890e-01 3.063120516673726235e-07 -1.362417288863497561e+03 -9.964911199973897202e-08 -3.633420933393747418e+02 1.642820070037929002e-06
2.275289586476768322e-01 8.875462794657890607e-08 -1.167112505740088864e+03 -2.335648103857339599e-08 -3.691101331700597257e+02 -2.335648103857339599e-08
2.325285406108919262e-01 -6.883705978389391877e-08 -1.222751387044549119e+03 -1.121377909382788044e-07 -2.484983537372892215e+02 -7.474927499920415977e-07
2.375276552426477672e-01 -6.282951903481498940e-08 -9.186003867111970749e+02 2.343199085028399249e-07 -2.480115486025663643e+02 3.041733252099034541e-08
2.424991024241769377e-01 -7.419059054918711316e-08 -9.105941620380531276e+02 9.284128067335775966e-07 -3.440606756368916308e+02 8.526765788812823908e-08
2.474998551644826128e-01 3.166088796829971133e-07 -7.032100544348382982e+02 -1.080769817683317341e-06 -9.900627601665065924e+01 1.457475753232068444e-06
2.525200307756395035e-01 -1.715610833349443229e-07 -4.683462728116301150e+02 -1.039513854319710892e-07 -1.388906278997834818e+02 -3.875168417763349129e-07
2.575182250600202005e-01 1.473466256240220552e-07 -5.773725951866477999e+02 -7.194517337567990436e-07 -2.230379554429625273e+02 9.588900003958347807e-07
2.625255687975799335e-01 2.124233771466879615e-07 -4.022349803160837496e+02 -8.583993846993209884e-07 -2.102513978433274247e+02 1.133069776050878571e-06
2.675305520911575030e-01 -5.115690178781016412e-07 -2.537470070835807121e+02 1.397333495291420844e-06 -1.404548818712804348e+02 -1.416296103038138130e-06
2.725404586615198799e-01 1.916730524326307617e-07 -2.093412889406039881e+02 -1.469426148280894601e-06 -2.808594039244724172e+01 4.751978492020564267e-07
2.775333197047151201e-01 -1.965179944268261933e-07 -2.510155607826918640e+02 -1.137398427352453578e-07 -1.481889135885439543e+02 -1.256253358377157878e-06
2.825123907298719983e-01 -1.085538504291978071e-07 -9.420487865126906968e+01 1.025230809609090327e-07 -1.352215772247267296e+02 1.277015434910146315e-06
2.875104651677040102e-01 1.464943117712722604e-07 -6.775331593564450827e+01 -4.334551145052731814e-07 -1.068419244397624936e+02 8.575488406336414987e-07
2.924971317655564174e-01 -3.386569605474574713e-08 -9.642629668589394498e+01 4.839972394490746170e-07 -1.848438890751251336e+02 -7.886121201081678871e-07
2.975058823671092867e-01 -2.608397917175428198e-07 -5.341988527883846594e+00 7.347552055004550899e-07 -1.068752220051505191e+02 -4.707819487525391791e-07
3.025121359101998753e-01 -1.834702653585150821e-07 7.149467165276035985e+01 2.396657646132692323e-07 -1.131406013574856217e+02 -2.728862514250947704e-07
3.075010376196579687e-01 4.627789712010765078e-07 8.220827193394994481e+01 -1.333639054498484639e-06 -9.709987981397293311e+01 1.883846892329812739e-06
3.125134169243361515e-01 2.260014441755008418e-07 1.140463704001608676e+02 -8.006511069197494565e-07 -1.138566760506736415e+02 6.154751887916919083e-07
3.175159688234982513e-01 -8.844284413037499012e-08 9.928560481771472723e+01 -2.642792105116120040e-07 -4.503690896051713821e+01 -4.453247105090025385e-07
3.225221380836135188e-01 1.151178700981982804e-07 1.186131300736265928e+02 -4.629380346942402773e-07 -1.583845950538040483e+02 1.135186607126067265e-06
3.275181733526948968e-01 6.355474896450388996e-09 1.191274157719363131e+02 -2.895271897271843628e-09 -1.830607367641614189e+02 -4.515388372958655332e-07
3.325123842131759710e-01 2.530078441205511863e-07 1.731265378012222413e+02 -5.320765820560947830e-07 -8.075480576781092168e+01 6.053728459107608714e-07
3.374959366892091861e-01 1.299052567069859489e-07 1.884856006726693067e+02 -1.120232368022588867e-06 -1.234908208667624336e+02 3.379274090366399259e-07
3.424919221947719805e-01 -7.846279951964346812e-08 2.468086574602671988e+02 9.518542210770362459e-08 -1.153624415571427448e+02 -1.672103298515254532e-07
3.475179778446125245e-01 1.321128859921749739e-07 2.370231646355408657e+02 -2.973786282804995458e-07 -1.429304244127160359e+02 3.558946659911845883e-07
3.525052850529177828e-01 -8.868272742695193644e-08 2.423042790994730922e+02 2.372993860270637186e-07 -1.530526265368034444e+02 -4.591280215277223615e-07
3.575133254796376558e-01 4.058658253004379442e-07 2.711425834093400340e+02 -1.023085076717688968e-06 -1.614884993600110477e+02 1.272259546067596279e-06
3.625250227669692404e-01 -1.963354201762723795e-07 2.694950158108718483e+02 5.165723913531941743e-07 -1.661069718415901093e+02 1.838275097773890404e-07
3.675230446100045678e-01 4.455193972057279890e-08 1.935104724828496217e+02 -2.470936232317660926e-07 -1.588164526970379598e+02 1.555911140772001677e-07
3.725177060730277545e-01 1.635898535776059418e-08 2.231174166619017853e+02 -5.125815412098319412e-09 -1.494948253187718024e+02 -4.951046918526243204e-07
3.775163034622419089e-01 -4.040363119824025324e-08 2.477210886699167816e+02 4.023528273491425182e-07 -1.921654794822818815e+02 7.701942197164548459e-08
3.825226892977953153e-01 -1.096983213682432398e-07 2.359874054054054113e+02 2.142416464315878307e-07 -1.607668918918919019e+02 -1.448038462046030332e-07
3.875130067694269043e-01 2.589693059408752666e-07 2.774380927291886110e+02 -7.085227363353283460e-07 -2.003284114857745237e+02 1.125654757211281326e-06
3.924957861003909865e-01 1.673541438708847004e-07 2.401302996170308859e+02 -3.688862467013162853e-07 -1.944192063849644398e+02 1.014240753377128172e-06
3.975064703251052212e-01 -1.977658553915494789e-07 2.090440245337959482e+02 -5.237202862663404434e-08 -1.478358961650455399e+02 -1.144338278926723913e-07
