3.798113400606732779e-03 2.569901315789473542e-05 -2.203343157894736622e+06 -2.698396381578947083e-04 -2.220509473684210388e+05 1.381321957236842062e-04
8.299341265228576958e-03 8.535385131835937500e-05 -2.154769000000000000e+06 -2.019405364990234375e-04 -1.174124000000000000e+06 3.328919410705566406e-04
1.293222767532251419e-02 -7.775179140127388503e-06 -1.129737783439490478e+06 5.364873606687898253e-05 1.217262929936305736e+05 -9.855039560111464813e-05
1.764839556552980082e-02 5.100197988013698686e-05 -1.164643616438355995e+06 -1.241605575770547893e-04 -3.699569589041095460e+05 1.512292313249143680e-04
2.256548662787912635e-02 -4.707437381852552208e-05 -7.403803705103970133e+05 8.214939744801512118e-05 -4.811954631379962666e+04 -3.022913220699432956e-05
2.777643688250242340e-02 -1.745456602515243759e-05 -5.412913170731706778e+05 1.996668373666158616e-05 -8.638489756097561622e+04 -9.698169987376142843e-05
3.269804980233311648e-02 1.367187500000000028e-05 -3.704535040000000154e+05 -2.978515624999999935e-05 -1.142618400000000111e+04 5.603027343750000233e-05
3.761648458559932462e-02 -2.304766520566419442e-06 -3.039473283884018892e+05 -2.584631026635198788e-05 -4.144131085637221986e+04 6.708516836648684828e-06
4.263843696389812976e-02 1.055853707449776634e-06 -2.351031250000000000e+05 4.989760262625557673e-06 -2.339280133928571377e+04 -1.741732869829450383e-05
4.756514582339458480e-02 -1.192488006977758511e-05 -1.963805669428695983e+05 1.937793011338857538e-05 -1.851188835586567802e+04 -2.762952123310074076e-05
5.262096060748640974e-02 1.714470681179775233e-06 -1.498393033707865106e+05 -8.143735735603932358e-07 -2.316107022471910022e+04 -2.238455783115343915e-05
5.756031740041873956e-02 -4.683390702351485073e-06 -1.229821188118811842e+05 2.039541112314356553e-06 -1.066975371287128655e+04 1.078312939936571723e-05
6.254738279606215923e-02 -8.982362950699043406e-08 -1.061440627912680793e+05 -4.341475426171203960e-07 -7.794712779004169533e+03 1.987347802842163340e-06
6.757793472572401483e-02 -1.072674099297012185e-06 -9.125259050966607174e+04 -3.003487478031634371e-06 -1.428694639718804865e+04 -4.505231217047451345e-06
7.255917516659465827e-02 -4.461358332691614484e-06 -7.757333829272829462e+04 5.523223337773299751e-06 -1.142697042960758881e+04 -1.719110136651097147e-05
7.753384299139773339e-02 -5.067532222966187159e-06 -6.638841914964848547e+04 1.430351837127552730e-05 -7.330779377301641034e+03 -1.800199955013391509e-05
8.251793356505521260e-02 -2.484802806049312276e-06 -5.438502752293577942e+04 7.996865368764335624e-06 -5.437642775229358449e+03 -4.580261510446531562e-06
8.752751931716111489e-02 9.491018206556952782e-07 -4.548215524167422700e+04 -7.308084019048853589e-06 -5.587891667746534040e+03 4.508233648114552704e-07
9.254701955136974967e-02 -2.225529854147675427e-07 -3.892618049225159484e+04 -5.563824635369188567e-08 -6.008792160437556959e+03 1.655237829022333668e-06
9.754963178921903511e-02 -1.846452439678634936e-06 -3.274072312362608500e+04 5.868396421608395013e-06 -3.366494085627551613e+03 -6.201428717173270246e-06
1.025319613041059119e-01 -1.909495741967635829e-06 -2.861228067542213830e+04 5.323399298633912183e-06 -3.280427767354596654e+03 -7.956112974356532042e-06
1.075116003998943526e-01 1.551117427097691135e-06 -2.509956443831840079e+04 -1.564262490039197177e-06 -3.688134390075809733e+03 1.775240750250366185e-06
1.125102861506304813e-01 1.758588118743719573e-06 -2.272461559867047981e+04 -1.919585622572370179e-06 -4.178262657494009545e+03 1.869605628251937397e-06
1.175500852175193622e-01 1.949667845828963066e-06 -1.927925586687526811e+04 -4.110253564223950389e-06 -2.068220310055468872e+03 2.465399344841289101e-06
1.225369446564099490e-01 5.717626355097650298e-07 -1.699103608076795717e+04 -1.978945234918073804e-06 -2.260630519695465409e+03 5.606758953600835953e-06
1.275260957852891452e-01 -1.766714632236463107e-06 -1.515872131942760097e+04 5.467840690159433186e-06 -2.153768615086102272e+03 -3.805040243381497253e-06
1.325302087090364789e-01 7.123793558161719569e-07 -1.314615610796251531e+04 -4.137280104932383382e-06 -1.715350990404578852e+03 1.952193426996240554e-06
1.375062694904859717e-01 -5.607242443241815820e-07 -1.156202154171066468e+04 1.852968048772439217e-06 -1.763891024287222763e+03 -2.694860053540786556e-06
1.425134422753508989e-01 -1.376776897557112619e-07 -1.014439239777308467e+04 -1.814709123482194175e-06 -1.536937128047609804e+03 -7.407499105739465109e-07
1.475259222195813014e-01 1.164448115161852504e-07 -9.309843728643674694e+03 -1.303312897850556990e-06 -1.627385849013622419e+03 1.335682817469794974e-06
1.525299430011916868e-01 -6.305151466263843901e-08 -8.419596888738586131e+03 1.292878564725584833e-06 -1.660800304362529459e+03 -6.617385469500502735e-07
1.574945685492469272e-01 -8.029886062837434822e-08 -7.666458850649087253e+03 -2.015956505785363425e-07 -1.131278602337525626e+03 -4.160248486470302034e-07
1.625189323163163113e-01 1.258571652600364972e-07 -6.764674452554744676e+03 7.740772553604015098e-08 -1.349387299270073072e+03 1.912778311402258402e-06
1.675461007718098694e-01 -3.845110569565062506e-07 -5.884388382687926423e+03 1.517406628723839606e-06 -8.945684794988610520e+02 -1.245587724759529707e-06
1.725292014006662711e-01 -2.637481463113834071e-07 -5.135583347067937211e+03 -2.109010654098260004e-06 -7.420065926096846169e+02 1.894326264563454783e-06
1.775301965061671094e-01 -7.071921104496624212e-07 -4.662526501766784349e+03 3.308494063352828526e-06 -7.757411029782937248e+02 -9.540955506449453431e-07
1.825147654490652804e-01 -9.376430987621495377e-07 -4.168267304794823758e+03 2.062814817276728877e-06 -6.232094301161039311e+02 -6.960196848503648837e-07
1.875360723572403465e-01 5.327789477129887943e-07 -3.731654078212290642e+03 6.900552930778631842e-07 -7.859808938547486150e+02 6.908011836046613201e-07
1.925323683450522461e-01 -6.536912953839562745e-09 -3.311945807004391099e+03 3.954832337072935477e-07 -6.216854985541393717e+02 -1.156216478710372753e-06
1.975198663583639380e-01 -1.133554153953775046e-06 -2.854892120905526554e+03 1.277708895697641150e-06 -4.300457316302010327e+02 -3.510804789639520277e-06
2.025153694923672032e-01 -2.355887532567789414e-08 -2.548185467528708159e+03 -2.429509017960532910e-07 -3.379156373636977833e+02 9.265263936676759083e-07
2.075088499274508613e-01 -9.196714560099842586e-07 -2.383598250475165514e+03 2.086731738332684475e-06 -4.565425358950285499e+02 -1.893502895181650637e-06
2.125178062418619784e-01 -1.837766530480886846e-07 -2.011900157095479244e+03 3.529044424474166829e-07 -5.848017105952172869e+02 -4.764209973040125034e-07
2.175004174234404231e-01 -3.692367524171997352e-09 -1.832200319838397490e+03 4.613051339438362862e-07 -3.536562999747496292e+02 -1.871267780592601926e-07
2.225093171556767890e-01 6.275038349908148432e-07 -1.542368353657335319e+03 -2.290201122316776082e-06 -2.123088000630405361e+02 2.473435999642087969e-06
2.275289586476768322e-01 7.707638742729220874e-07 -1.366039951017909061e+03 -6.936874868456298893e-07 -3.579972830246441049e+02 1.615684575843314789e-06
2.325285406108919262e-01 -1.432254953568115266e-07 -1.167865461226420393e+03 5.268255623783494555e-07 -1.342093846069888912e+02 -1.786849082092004449e-06
2.375276552426477672e-01 -6.705391572552294304e-08 -1.042082826507294840e+03 7.898951272466602865e-07 -4.310965020214449055e+02 -2.220758634913594129e-06
2.424991024241769377e-01 -9.067738844900646429e-08 -8.532454543919774324e+02 5.935247243934969053e-07 -2.483790961119646283e+02 -3.214925590464774595e-07
2.474998551644826128e-01 5.066719262828209876e-07 -7.641612552033301426e+02 -1.094694745261967568e-06 -1.806085334614153055e+02 1.283963826692833325e-06
2.525200307756395035e-01 1.142904775414789897e-07 -6.804051345499536865e+02 -2.706231548806074574e-07 -3.328661614599443510e+02 7.293244983402893255e-07
2.575182250600202005e-01 -9.277380131882869404e-08 -5.221682437970345063e+02 -2.728641215259667642e-09 -1.837788242306832558e+02 3.449457269624096700e-07
2.625255687975799335e-01 2.677056904615022375e-07 -3.238845780795344353e+02 -6.135466190333129083e-07 -1.819582358646659372e+02 7.885891406216569086e-07
2.675305520911575030e-01 -3.897869370158517365e-08 -3.189389265544523937e+02 -6.311387945032345476e-07 -1.032983803040554420e+02 4.981108337689732056e-07
2.725404586615198799e-01 -2.703598844839213012e-07 -2.368671656000423127e+02 2.005908933984436767e-06 -1.180107896546252704e+02 -2.671821470356961009e-06
2.775333197047151201e-01 -2.365266127101602114e-07 -1.693924832631116431e+02 7.191074604142197405e-07 1.994794116886809476e+01 -9.651154747308046701e-07
2.825123907298719983e-01 -5.276923284752670996e-08 -1.231510282220712753e+02 -1.274000050176002139e-07 -1.234115111467918240e+02 8.876538811137528262e-08
2.875104651677040102e-01 -1.123366605228584096e-08 -7.428528568521356235e+00 3.802550293389601510e-07 2.380204941582072209e+01 -4.452481805947154994e-07
2.924971317655564174e-01 -1.185299361916101116e-07 2.537634523575581724e+01 -1.312295722121397726e-07 -1.205176224439075696e+02 7.672696762403333733e-07
2.975058823671092867e-01 1.880079018223847748e-07 5.614617929135955876e+01 -6.502363379244460724e-07 -1.437634202113488868e+02 9.800547044322287982e-07
3.025121359101998753e-01 -1.068662759121957516e-07 1.091415956940901850e+02 4.089943892935887111e-07 -8.965067441961004135e+01 -8.720815849131036213e-07
3.075010376196579687e-01 5.039219672623713707e-08 1.581230809426764949e+02 -2.580208047564926775e-07 -6.915381198724983136e+00 5.771979621854915060e-07
3.125134169243361515e-01 -2.006685712220993319e-07 1.162196762517595090e+02 6.661337433076111009e-07 -1.267653026342248239e+02 -9.159722511326789516e-07
3.175159688234982513e-01 -7.884904408911397491e-08 2.265919580316530926e+02 1.047822848256476444e-07 1.203586269905983830e+00 6.816844638692885428e-08
3.225221380836135188e-01 3.321386405335567455e-07 2.463188786105342842e+02 -5.558209079874221646e-07 -1.064734189163677627e+02 1.683630357266642762e-06
3.275181733526948968e-01 -2.005505411768789383e-07 2.342236208811551421e+02 2.415080460651147603e-07 -1.199963069233617148e+02 -1.969491054022237157e-07
3.325123842131759710e-01 -1.237892456212138705e-07 2.843764555182934828e+02 -1.335620808018360244e-07 -4.869918695570954981e+01 7.519653736200930481e-08
3.374959366892091861e-01 1.924522321584977278e-08 2.285166590757804101e+02 -1.496850694566093218e-08 -1.543252286024594468e+02 7.254379973307816684e-07
3.424919221947719805e-01 -1.322549619131753740e-07 2.644037870138096196e+02 1.760008339306103154e-07 -7.120552717332422787e+01 -3.670075193090616781e-07
3.475179778446125245e-01 1.370982779164080030e-08 2.691223086222105962e+02 3.281634234126384242e-07 -1.007526464534256831e+02 4.070884093131523953e-07
3.525052850529177828e-01 -1.062243658190962780e-07 3.189291074564904989e+02 2.022161092427750355e-07 -1.362729362925115879e+02 5.006675957757863792e-08
3.575133254796376558e-01 -1.454877604505982231e-07 3.562127675881997106e+02 1.578846274986395453e-07 -1.676557855768714944e+02 -6.344622993926811985e-08
3.625250227669692404e-01 1.380896284680394518e-07 2.756980274055111977e+02 -8.746059413703696174e-07 -1.380785273302213341e+02 5.880584739773518837e-07
3.675230446100045678e-01 1.539572648521167446e-07 3.135815235220786121e+02 -3.457364011274413398e-07 -1.664739554855688937e+02 8.052721389194169786e-07
3.725177060730277545e-01 2.181198047701412558e-08 3.237406369718108863e+02 3.795284603000457348e-08 -1.239999142318028618e+02 -4.547797929457444991e-08
3.775163034622419089e-01 -1.590103845008869470e-08 3.141136249232869773e+02 2.586055984490231013e-07 -2.264755725032926250e+02 -7.791048512714052873e-09
3.825226892977953153e-01 2.254022134316934128e-07 3.553761081081080988e+02 -9.441504607329497539e-07 -1.686743378378378395e+02 9.695098206803606194e-07
3.875130067694269043e-01 1.602856200914614279e-08 2.880883298208640895e+02 -3.704909152803732671e-07 -1.846214304531085588e+02 2.054381797637778709e-07
3.924957861003909865e-01 -2.357100617899784629e-09 2.802851092588421125e+02 -1.873894991230328805e-07 -2.300404338171402969e+02 -1.276762834695716605e-09
3.975064703251052212e-01 -7.137343251463664379e-08 2.894628337773372095e+02 -3.087964467669676718e-07 -3.202139644383867108e+02 5.605295979026141618e-07
