3.798113400606732779e-03 -3.469366776315789417e-04 -2.702313684210526291e+06 8.673416940789472999e-04 -5.004182736842105165e+06 -1.170911287006578833e-03
8.299341265228576958e-03 4.959106445312500000e-05 -1.974322000000000000e+06 -1.850128173828125000e-04 -1.458846125000000000e+06 2.818107604980468750e-04
1.293222767532251419e-02 -3.110071656050955401e-05 -1.304106089171974687e+06 6.531150477707006274e-05 -6.357038216560510045e+04 -7.075413017515923351e-05
1.764839556552980082e-02 1.672196061643835524e-05 -9.767753424657533178e+05 5.852686215753424333e-05 -2.877467123287671129e+05 -3.887855843321917762e-05
2.256548662787912635e-02 -6.922702032136105889e-06 -7.446008015122873476e+05 8.076485704158791051e-06 -3.137163705103969914e+04 -2.844076751535916874e-05
2.777643688250242340e-02 -1.935261051829268317e-06 -5.750396487804878270e+05 -3.498356516768292825e-06 -1.625187999999999884e+05 -3.600702053163109905e-05
3.269804980233311648e-02 2.563476562500000159e-06 -3.815983040000000037e+05 5.310058593750000481e-06 -7.359852000000000407e+04 2.134704589843750033e-05
3.761648458559932462e-02 2.716331970667565589e-06 -2.789764099797707167e+05 -2.654597153152393879e-05 -4.513408226567767997e+04 3.601197688385030378e-07
4.263843696389812976e-02 -3.610338483537946308e-06 -2.133017500000000000e+05 2.121925354003906250e-05 -2.245869196428571377e+04 -3.025361469813755484e-05
4.756514582339458480e-02 6.175384321849106031e-06 -1.733939188835586538e+05 -3.204811518752725681e-05 -2.078850937636284289e+04 4.990881725632359339e-05
5.262096060748640974e-02 -6.070297755552141540e-06 -1.419717640449438186e+05 9.689438209105073527e-06 -1.116454283707865216e+04 -2.871671419465140083e-05
5.756031740041873956e-02 -2.001771832456683252e-06 -1.203767029702970322e+05 1.467336522470606384e-05 -2.261378712871287280e+04 -5.245208740234375000e-06
6.254738279606215923e-02 -1.616825331125827601e-06 -9.963340103016923240e+04 7.635008508094186366e-06 -1.287454402747117820e+04 -2.642311767997301785e-06
6.757793472572401483e-02 -5.256103086555359620e-06 -8.399622495606326265e+04 1.432019922561511254e-05 -1.040291124780316204e+04 -2.017968149302504146e-05
7.255917516659465827e-02 -4.131820136693323751e-06 -7.132038832062488655e+04 1.178249808210898252e-05 -9.334201971359494564e+03 -1.948425622152222489e-05
7.753384299139773339e-02 -8.990782976230332226e-07 -6.068459859390693600e+04 -7.887368701874790996e-06 -9.856408436558420362e+03 9.144034958779712465e-06
8.251793356505521260e-02 -2.729783364392201986e-06 -4.939606880733945582e+04 6.894452856221330446e-06 -2.736883027522936118e+03 -1.073539803881164098e-05
8.752751931716111489e-02 2.799850370934300886e-06 -4.433128314111701911e+04 -9.087649932778282144e-06 -8.615179473888816574e+03 8.547848272280356377e-06
9.254701955136974967e-02 1.084945803896991804e-06 -3.554006563354603713e+04 -3.046193987864630532e-06 -5.349871923427529509e+03 2.354193298840587753e-06
9.754963178921903511e-02 4.600158327227049027e-07 -3.025022338532398135e+04 -2.223409858159740398e-06 -3.975034858159740452e+03 2.817596975426567555e-06
1.025319613041059119e-01 -1.145124882739212007e-07 -2.672369530956848030e+04 -2.009694169207317164e-06 -3.106147654784240331e+03 3.728812899419559219e-06
1.075116003998943526e-01 2.439723681943487074e-06 -2.319861888352860115e+04 -6.341178362982425680e-06 -2.929388352860096347e+03 6.427935778396364710e-06
1.125102861506304813e-01 5.755808195485816586e-07 -2.124293916673108106e+04 -1.410644795451031982e-06 -4.088069567906006341e+03 1.665410076234830454e-06
1.175500852175193622e-01 -1.098129322375906845e-06 -1.809152040961456441e+04 4.134261579300597620e-06 -2.850791068126866776e+03 1.133937887235990724e-07
1.225369446564099490e-01 -1.551638530287984324e-06 -1.565959351208209227e+04 -5.818644488579940685e-07 -2.701266865276398676e+03 -4.089214043363124688e-06
1.275260957852891452e-01 6.032458445761581277e-07 -1.372639146252728642e+04 2.079902850624545078e-06 -2.466164685908318916e+03 6.495070289761702830e-07
1.325302087090364789e-01 1.095968239717187565e-07 -1.231799427641546390e+04 6.164821348409180417e-07 -1.730701868582009865e+03 -8.801994925228662556e-07
1.375062694904859717e-01 -3.480357378563885645e-07 -1.086124012671594573e+04 -1.894861239440337869e-06 -2.088548257655755151e+03 4.285995660638859517e-07
1.425134422753508989e-01 -1.464656273996928312e-07 -9.893909003647533609e+03 2.958605673473795365e-07 -1.914093684008446871e+03 -3.113126910380471416e-06
1.475259222195813014e-01 1.001077782586905995e-07 -8.224806232630187878e+03 2.947617915394778903e-07 -1.041132261150849672e+03 -2.822483192571415405e-07
1.525299430011916868e-01 -1.651272404463983712e-07 -7.853933716604666188e+03 -6.192271516739939184e-07 -1.762904125803178886e+03 -1.579029236768684524e-06
1.574945685492469272e-01 3.603806694099566870e-07 -6.884540461843328558e+03 7.133562565717635986e-07 -1.298824766449629806e+03 -8.435622861017308261e-07
1.625189323163163113e-01 1.269709454835766599e-07 -6.196683795620438104e+03 6.626992330063869414e-07 -1.391420000000000073e+03 -3.065680065294252295e-07
1.675461007718098694e-01 4.561995591009396429e-08 -5.473895216400910613e+03 1.763971628523633189e-06 -9.452496440774486928e+02 -1.704231210069938720e-06
1.725292014006662711e-01 8.128095436265946017e-07 -4.931766753469360992e+03 7.564762089198009825e-07 -9.692768566437024447e+02 -9.254762130401820783e-08
1.775301965061671094e-01 7.394466178697627365e-07 -4.394349823321555050e+03 -1.394164977441948585e-06 -7.431164184755174347e+02 1.885203747121087707e-06
1.825147654490652804e-01 -2.308044550799137364e-07 -3.902129339123755472e+03 7.140512829034830972e-07 -7.378369818901592225e+02 -3.067174828835416101e-06
1.875360723572403465e-01 -3.456669812761871674e-07 -3.428343463687150688e+03 2.272408767785439866e-06 -8.367053631284916264e+02 1.140946116527365627e-06
1.925323683450522461e-01 3.203087347381385513e-07 -3.090874584984470403e+03 -1.846677909459676576e-06 -5.158132697868694549e+02 2.872156129093257690e-06
1.975198663583639380e-01 1.806276282091817165e-07 -2.818075932717844807e+03 -1.536106752719109670e-07 -6.152005058808649665e+02 -2.758623873130611880e-06
2.025153694923672032e-01 8.812031667227682106e-07 -2.520609090031844062e+03 -2.656516266826220317e-06 -5.642763678471485491e+02 2.401285531333799080e-06
2.075088499274508613e-01 -4.220984494149167993e-07 -2.128828413748883577e+03 6.820663685909913773e-07 -4.987738670452724250e+02 -1.832354527095880454e-06
2.125178062418619784e-01 -4.579434533834166257e-07 -1.790941351021120681e+03 9.451014018845321140e-07 -5.258977570256589615e+02 -1.691381934218057961e-06
2.175004174234404231e-01 -6.036218213429003936e-08 -1.672465617372275119e+03 9.343295213339576011e-07 -2.130888182812894627e+02 -1.400049442534956080e-06
2.225093171556767890e-01 3.667327802102007832e-08 -1.303506865506983786e+03 1.283865331375219103e-06 -2.256263863990071172e+02 -1.917907230275519128e-06
2.275289586476768322e-01 2.102083293471605705e-08 -1.439792897596816147e+03 3.620254560978876676e-08 -2.581710546456451993e+02 2.893284088653279650e-07
2.325285406108919262e-01 -1.909673271424153688e-07 -1.236887053644516527e+03 -6.883705978389391877e-08 -4.061309006239426935e+02 -1.326778813576665015e-07
2.375276552426477672e-01 -1.673665736509052529e-07 -1.085680435928985844e+03 6.329889644489365738e-07 -2.841960625769028184e+02 -1.017610225050536249e-06
2.424991024241769377e-01 3.306375797565335191e-07 -8.442342613070417201e+02 -7.585859080545789364e-07 -9.518469434268060070e+01 1.071078349888166693e-06
2.474998551644826128e-01 -2.291505626100704354e-07 -6.333187319884726776e+02 4.944570775296189240e-07 -1.807886487351905203e+02 -5.147337264599344110e-07
2.525200307756395035e-01 1.194084018809928854e-07 -7.056236931642438321e+02 -9.894850377213502493e-07 -2.652252706464583980e+02 8.947960629095944838e-07
2.575182250600202005e-01 -3.310751341181730089e-07 -4.808099843528797805e+02 -4.929745128902466182e-07 -3.227024811862007141e+02 -3.592710933425229000e-08
2.625255687975799335e-01 3.693467940757474291e-07 -3.655700918582758163e+02 -3.426850484810043249e-07 -1.849724567809664961e+02 1.809597967586059067e-06
2.675305520911575030e-01 -1.196751244459479883e-07 -3.448530122478286444e+02 6.371436202896949581e-07 -1.345360599826017278e+02 1.458013840080915599e-07
2.725404586615198799e-01 3.833461048652615235e-07 -2.643406674776537670e+02 -7.905000204537340143e-07 -2.587194689797429419e+02 1.060557263275919646e-06
2.775333197047151201e-01 -5.439002796078139547e-07 -1.587342776643316711e+02 -3.315070232127394013e-07 -1.873410318711711966e+02 1.111416243944792420e-06
2.825123907298719983e-01 -1.356923130364972655e-07 -1.221388871734700245e+02 2.122077006654109917e-07 -1.509836349039708523e+02 -2.899480883425708536e-07
2.875104651677040102e-01 -2.052655646545725693e-07 -1.442310141735299567e+02 -3.920366791011135973e-08 -9.094508355678988210e+01 -3.778633087719338471e-07
2.924971317655564174e-01 -4.444872607185379352e-08 -4.572544475141314280e+01 -3.562953439093042042e-08 -1.912652903166144540e+02 -4.223510895994202820e-07
2.975058823671092867e-01 3.958265673001635476e-07 -1.109506191168635070e+01 -7.578593824909291984e-07 -1.945281696785365355e+01 1.296280607767717460e-06
3.025121359101998753e-01 1.521978617013389883e-07 4.589624854091911033e+01 -6.430426654450382032e-07 -1.057289135791794479e+02 4.163666986923346102e-07
3.075010376196579687e-01 -2.704593849610702006e-07 1.480001959554789259e+01 5.141279817892041487e-07 -1.156835136123739431e+02 -7.058096921212834577e-07
3.125134169243361515e-01 2.621885231028805519e-07 1.094348883973456736e+02 5.568246018735547069e-07 -8.315753066559420859e+01 -7.730074003623473571e-07
3.175159688234982513e-01 3.329723178382973216e-08 1.034700415557367563e+02 -6.984455071054369320e-07 -7.748238547612264426e+01 6.613234033813290494e-07
3.225221380836135188e-01 2.529208381513120996e-07 1.602327166320558831e+02 8.356757989486974216e-07 -1.102992259769681027e+02 -9.295128866796654871e-07
3.275181733526948968e-01 -1.330412744990281321e-07 1.885098296927064041e+02 3.122656665789291039e-07 -1.166431691965938597e+02 -3.546708074158008518e-07
3.325123842131759710e-01 3.214176903849062373e-07 1.485583941930491108e+02 -8.491507901385022323e-07 -1.204851312523906586e+02 1.095100475517492908e-06
3.374959366892091861e-01 7.056581845811582360e-08 2.381589181235329420e+02 -2.747790203596328465e-07 -1.647449111866307021e+02 5.129386576557737925e-07
3.424919221947719805e-01 -3.560710513047029758e-08 2.161245114135462586e+02 6.811130538528531748e-07 -1.171404462075690276e+02 -5.459332225896749633e-07
3.475179778446125245e-01 1.475676009572973337e-07 1.953762374620184801e+02 -5.623522090534844883e-07 -1.420026301172934211e+02 2.383017339783382705e-07
3.525052850529177828e-01 -7.187199063448028461e-09 2.339983713875139699e+02 -4.390891360033630241e-07 -7.916452977806163460e+01 4.471747349497420649e-07
3.575133254796376558e-01 -7.426425071232304856e-09 2.348477439430984646e+02 1.944612328691577171e-07 -1.387308290731273530e+02 2.537483723895959040e-07
3.625250227669692404e-01 -1.229250436445941849e-07 2.051893238970034474e+02 4.653919175740663950e-07 -1.907464839632585267e+02 -2.595499110785508307e-07
3.675230446100045678e-01 -5.068408872705613079e-08 2.586255495046256669e+02 2.673185908733307342e-07 -1.324211009776261392e+02 -3.178531997776664824e-08
3.725177060730277545e-01 -2.966429344873920986e-08 2.865338784378752734e+02 3.524816045085482440e-07 -1.517479272685688159e+02 -1.064424647278289254e-07
3.775163034622419089e-01 -1.746089218059367384e-07 2.158337482157756426e+02 4.483066969476618919e-07 -1.631328428296591539e+02 -9.718769940033738838e-07
3.825226892977953153e-01 1.204207136824324306e-07 2.278658918918918914e+02 -2.983711861275337855e-07 -1.598855675675675627e+02 4.149256525812922162e-07
3.875130067694269043e-01 -2.193752405389719491e-07 2.298552160168598562e+02 -3.278569501870801696e-07 -1.592840094836670346e+02 -5.534752905054765639e-07
3.924957861003909865e-01 8.151639636903421001e-08 2.340544137997618748e+02 9.477508734472050372e-08 -1.605599073150323477e+02 2.106413145933567845e-07
3.975064703251052212e-01 -1.550126966435436269e-07 2.591655039960349427e+02 2.105634427116407851e-07 -1.963650579270181709e+02 -3.632157348610124610e-07
