3.798113400606732779e-03 7.227847450657894166e-05 -4.983493052631578408e+06 -7.790013363486841249e-05 -5.567602105263157748e+06 2.696388646175986500e-04
8.299341265228576958e-03 1.907348632812500000e-06 -1.342491625000000000e+06 4.100799560546875000e-05 -1.031081562500000000e+05 1.170635223388671875e-04
1.293222767532251419e-02 8.319441679936306596e-05 -1.319104203821656061e+06 -1.341218401671974631e-04 -1.760782420382165583e+05 1.938935298069267594e-04
1.764839556552980082e-02 1.923025470890410852e-05 -1.125954410958904075e+06 1.325215378852739737e-04 -4.729298082191780559e+05 -1.034671313142123188e-05
2.256548662787912635e-02 -4.061318525519848924e-05 -7.128459735349717084e+05 9.784085538752362854e-05 1.731885066162571093e+04 -1.859899279300567248e-04
2.777643688250242340e-02 -5.954649390243902434e-07 -5.759383024390244391e+05 -6.847846798780487958e-06 -5.926102439024390333e+04 1.019733708079268351e-05
3.269804980233311648e-02 -1.580429077148437421e-05 -3.848813759999999893e+05 6.978416442871094379e-05 -2.607856799999999930e+04 -4.137659072875976378e-05
3.761648458559932462e-02 -1.991976778489548268e-05 -3.128171759946055245e+05 3.720551668914362595e-05 -8.639392582602832408e+04 -4.263818063047875544e-05
4.263843696389812976e-02 1.539502825055803523e-05 -2.406799642857142608e+05 -3.419603620256696138e-05 -3.026685491071428260e+04 5.071503775460378980e-05
4.756514582339458480e-02 -6.707745039249891413e-06 -1.900692263410379528e+05 -4.525066097906672785e-06 -2.143301351940688983e+04 -7.093706559365460117e-06
5.262096060748640974e-02 -4.286176702949438083e-07 -1.543554606741573079e+05 5.872062083040730280e-06 -2.055265870786516825e+04 -8.475914430082513360e-06
5.756031740041873956e-02 1.337032506961633665e-05 -1.326616831683168421e+05 -4.105520720529084078e-05 -1.864846163366336623e+04 2.901624925065748883e-05
6.254738279606215923e-02 4.296563611417709114e-06 -1.120513161638459569e+05 -3.555518667985037636e-06 -1.683663085602158390e+04 -3.254235244013674137e-06
6.757793472572401483e-02 -1.930813378734622187e-06 -9.777928998242529633e+04 -1.834272709797891014e-05 -1.580758172231985918e+04 3.424512062005711626e-05
7.255917516659465827e-02 2.179421610563511201e-06 -8.379340747628788813e+04 -7.537166403198810294e-06 -1.022805207364701528e+04 1.205492578342942158e-05
7.753384299139773339e-02 1.517194627238868530e-06 -6.836012052226313972e+04 -3.139111442553147183e-06 -7.358363575493806820e+03 2.178093801983072594e-06
8.251793356505521260e-02 -1.749861131020642299e-06 -5.854618807339449995e+04 7.174430637184633214e-06 -6.400538417431193011e+03 -8.810550794688933393e-06
8.752751931716111489e-02 3.480040009070882581e-06 -5.130570739924841473e+04 -1.173722584877543134e-05 -8.321558636775949708e+03 2.127569914636516982e-06
9.254701955136974967e-02 -2.948827056745670139e-06 -4.318864175022789277e+04 1.708094163058340817e-05 -5.570862807657246776e+03 -1.990458263303327143e-05
9.754963178921903511e-02 -1.124483146655500850e-06 -3.778820140270072443e+04 6.389108787815345612e-06 -6.580883492096723785e+03 -8.829748344760807917e-06
1.025319613041059119e-01 -1.316893615150093675e-07 -3.330162251407129224e+04 -2.006831357000468969e-06 -5.080534709193245362e+03 -1.250261661035705939e-05
1.075116003998943526e-01 -3.996099134217780626e-07 -2.876327773949000766e+04 1.934953264989662265e-06 -3.224604410751206160e+03 -7.298138945124051979e-06
1.125102861506304813e-01 7.548600912112545800e-08 -2.513131390585143527e+04 -3.717685949215428598e-06 -3.432725979748009649e+03 1.259672777208781146e-06
1.175500852175193622e-01 -1.840343212203100533e-06 -2.220945868297539710e+04 8.594055566420138908e-06 -2.872781112217323425e+03 -9.275503406787797639e-06
1.225369446564099490e-01 3.216417370076133797e-06 -2.036757947699437500e+04 -4.081132592684541795e-06 -3.049237471036080933e+03 1.080894028260509893e-06
1.275260957852891452e-01 1.280509584192335661e-06 -1.853695270434150007e+04 -4.207917333025102737e-06 -2.619342226534076872e+03 6.468238802809694998e-06
1.325302087090364789e-01 -6.575809438303125919e-07 -1.670904573256270669e+04 4.890758269737949466e-06 -2.093860726109645839e+03 -5.339420267872172891e-06
1.375062694904859717e-01 3.609259503695881782e-07 -1.493828426610348470e+04 -7.734127507919747053e-08 -2.258203801478352489e+03 -5.381663724260823241e-06
1.425134422753508989e-01 7.323281369984641825e-07 -1.293537799961604833e+04 3.310123179233058139e-07 -1.608755903244384626e+03 7.535656529714196241e-07
1.475259222195813014e-01 1.557232106246298273e-07 -1.147911540389083711e+04 -5.784004966057679376e-07 -1.442906100505717859e+03 -7.786160531231491366e-08
1.525299430011916868e-01 3.405749334206966339e-07 -1.111945823469732750e+04 -2.218897293498478014e-07 -2.293863544132566858e+03 -9.030395961912411751e-09
1.574945685492469272e-01 6.121534658470497903e-07 -1.010923961661341855e+04 -9.873442997533060280e-08 -1.851002871355198522e+03 -2.221524674444938431e-07
1.625189323163163113e-01 -2.851277372262773967e-07 -8.980891094890512250e+03 3.100764142335766584e-06 -1.926801605839416197e+03 -5.319414347627737710e-06
1.675461007718098694e-01 9.542174111194653773e-07 -8.317631548974943144e+03 1.072883605957031250e-06 -1.216054384965831332e+03 2.414531208116535690e-06
1.725292014006662711e-01 2.937381023997099565e-07 -7.509096350990540486e+03 -9.053571649306128492e-07 -1.664858621485315098e+03 1.596446467494314002e-06
1.775301965061671094e-01 -6.816773508486874896e-07 -6.744856638061584817e+03 -4.371207871261357876e-07 -1.233946870267541726e+03 -7.254857116730028543e-07
1.825147654490652804e-01 -3.281750845667523647e-07 -6.046727052497858494e+03 2.414430979312535205e-06 -8.798135247717805214e+02 -3.348918548415388955e-06
1.875360723572403465e-01 -5.144513519116620191e-07 -5.305008715083798961e+03 9.246911416506634596e-07 -1.177717877094971982e+03 -2.085776302401579815e-06
1.925323683450522461e-01 1.740453073959783701e-07 -5.025111277712327137e+03 -7.358112643665657916e-07 -1.193430973546106770e+03 1.675798919275714208e-06
1.975198663583639380e-01 4.446218540533704035e-07 -4.221513899076767302e+03 -2.581276874920955980e-06 -8.140564563045402338e+02 2.578189223156696563e-06
2.025153694923672032e-01 6.625933685346908128e-07 -4.041105085399980908e+03 -1.724215187898050881e-06 -9.232778153044486089e+02 2.204595380085701739e-06
2.075088499274508613e-01 2.655586271153449757e-07 -3.574115459479264700e+03 -7.617339567255948753e-07 -5.190880945292999513e+02 1.056294381275905102e-06
2.125178062418619784e-01 9.721518603268459307e-08 -3.396840635363937963e+03 1.218519112601457545e-07 -7.252692878338278888e+02 -5.847892954329126310e-07
2.175004174234404231e-01 1.643906236848750160e-07 -2.993140308054877551e+03 -1.798022446553320496e-07 -7.976453160508375504e+02 -1.966265975480809836e-06
2.225093171556767890e-01 -3.126246650972202953e-08 -2.899814266858415067e+03 -2.392781090551801519e-07 -5.733840152873268607e+02 3.874742243368432826e-07
2.275289586476768322e-01 8.408333173886422820e-08 -2.559428593295576320e+03 -4.110740662788918117e-07 -3.095294657890709118e+02 -9.342592415429358395e-08
2.325285406108919262e-01 2.220550315609481174e-07 -2.260555399923598998e+03 7.771926104633183711e-07 -6.115442853764575375e+02 -1.084738829175231527e-06
2.375276552426477672e-01 4.956625450430655373e-07 -2.064953840745297839e+03 -1.243447813214097465e-06 -4.067449112322025258e+02 9.980304816586834669e-07
2.424991024241769377e-01 3.091274606216129577e-09 -1.884270457346411604e+03 -3.127339476621984395e-07 -3.730621444127428958e+02 8.533205944242440795e-07
2.474998551644826128e-01 -5.999933707572846814e-07 -1.613825040025616318e+03 2.262189989093019592e-06 -4.381537624079410875e+02 -3.300207836140129552e-06
2.525200307756395035e-01 5.927942796937829426e-07 -1.413389174141664171e+03 -1.475378119683730315e-06 -4.583359418496752369e+02 8.629970863217213802e-07
2.575182250600202005e-01 2.255676737947991818e-07 -1.176926667163400680e+03 6.294065736532299879e-07 -2.442439162506519494e+02 1.172406175489903789e-06
2.625255687975799335e-01 -3.493232790168383171e-07 -1.050099503622981729e+03 1.633440005620792153e-07 -9.089235180007987935e+01 2.951836119417987384e-08
2.675305520911575030e-01 -3.337418963422211811e-07 -1.046842987531240851e+03 7.197363118087294525e-07 -3.120402369478466085e+02 -6.952956173796273504e-08
2.725404586615198799e-01 -1.678652417094197945e-07 -9.071642248902522851e+02 9.361715403025334334e-08 -2.602382715396414028e+02 -3.220107280868196628e-07
2.775333197047151201e-01 4.165037674154108551e-07 -7.981344637733604941e+02 -1.766985679944167103e-07 -2.399341122340837842e+02 0.000000000000000000e+00
2.825123907298719983e-01 6.000615620947323661e-07 -5.776356203297721095e+02 -1.073476965355400575e-06 -3.026756746742419750e+02 8.571231106805409918e-07
2.875104651677040102e-01 -1.307854454217343319e-07 -6.158787588584561945e+02 4.022200430428198530e-07 -1.225808513694694426e+02 8.740340172388251337e-08
2.924971317655564174e-01 1.763838336184674288e-08 -5.508459466645089151e+02 -2.141299740128194572e-07 -2.691282987897212706e+02 7.275833136761780984e-08
2.975058823671092867e-01 -1.724252649145835223e-07 -4.231548263919722785e+02 -2.030824092658012083e-07 -8.477303303436639226e+01 3.625080287165396618e-07
3.025121359101998753e-01 -1.434778704376702231e-07 -3.934133846353378772e+02 3.793093126513120903e-09 -3.079241494098828298e+02 9.330184505759992539e-08
3.075010376196579687e-01 -8.930262710978732765e-08 -2.382401839368762353e+02 -1.811567578512828598e-07 -2.985012906934211401e+02 -4.918023250117574128e-07
3.125134169243361515e-01 -1.595529924090086490e-07 -1.474452342650311607e+02 2.319655043484817967e-07 -2.375836115021114097e+02 -6.096765306090388737e-07
3.175159688234982513e-01 3.159957888590347073e-07 -1.230735035513945235e+02 -4.548060832060299776e-07 -3.398066233753474989e+02 9.805163448420047154e-07
3.225221380836135188e-01 9.160458602746839084e-08 -9.210069850858977247e+01 9.647288006477723886e-07 -2.504350953369832098e+02 -5.123951490451552614e-07
3.275181733526948968e-01 1.186355314004072579e-08 -4.430555812661977200e+01 -2.341639417403276567e-07 -2.248606812291743893e+02 1.120682073407418509e-07
3.325123842131759710e-01 7.351343796979105158e-07 8.006404725263972466e+01 -6.629239864188690318e-07 -6.652135353193912692e+01 1.533384986604005607e-06
3.374959366892091861e-01 -9.515693701170164713e-08 8.437169358511719963e+01 9.889906374811688431e-08 -1.897987247311074555e+02 3.341184586085029652e-09
3.424919221947719805e-01 -1.324457142620886054e-07 1.011290534965705206e+02 6.536129235511953114e-07 -1.809302019351773936e+02 -8.240580953197077223e-07
3.475179778446125245e-01 -1.088801806577609576e-07 1.647241153984382720e+02 8.485117580857393123e-07 -2.354589146273728204e+02 -2.951824268185644736e-07
3.525052850529177828e-01 1.054934642194235998e-07 1.258650007983394516e+02 -3.845760583611089000e-07 -2.249157113204534539e+02 6.932297130562180917e-07
3.575133254796376558e-01 4.537721145886825498e-08 2.078007526576787143e+02 1.691119787874316977e-07 -1.650447992274145292e+02 -6.556890104230537545e-07
3.625250227669692404e-01 2.823829507274883010e-07 1.761430658033428642e+02 -1.287840877809253029e-07 -2.419463484414997652e+02 -6.617560585549286708e-07
3.675230446100045678e-01 1.450580009878325351e-07 1.876454155093352085e+02 -2.202567806410340655e-07 -2.423627496008573416e+02 -1.211968497517205061e-06
3.725177060730277545e-01 -2.442941813425581747e-07 2.579184916233060676e+02 8.009359231159586034e-07 -2.533588541368860660e+02 -8.327814146123992265e-07
3.775163034622419089e-01 1.148978262199957299e-07 2.455384254694147614e+02 -1.051336153470876585e-06 -2.434015211590045453e+02 7.035913589131056649e-07
3.825226892977953153e-01 3.936355178420608242e-07 2.694417027027026847e+02 -1.089663118929476318e-06 -2.708050810810810844e+02 1.140465607514252542e-06
3.875130067694269043e-01 2.476136475895679916e-07 2.710503424657534310e+02 -6.061710723458904620e-07 -2.713976554267650272e+02 1.105820039803411618e-06
3.924957861003909865e-01 -1.209978317188556121e-07 3.111728639011360542e+02 3.040659797090722122e-07 -2.193692530492710944e+02 1.538008153179609276e-07
3.975064703251052212e-01 -9.718130943714764023e-08 2.582471470169134591e+02 1.960642371329223797e-07 -2.510028127129669997e+02 -4.551828841827489165e-08
