3.798113400606732779e-03 3.593660789473684272e+05 0.000000000000000000e+00 3.325781578947367962e+04 0.000000000000000000e+00 -1.214108210526315728e+06 8.350865515789473057e+07 0.000000000000000000e+00 2.209987098947368264e+08 0.000000000000000000e+00 8.842041936842104793e+07
8.299341265228576958e-03 7.373506250000000000e+05 0.000000000000000000e+00 1.070386625000000000e+06 0.000000000000000000e+00 3.640107500000000000e+05 3.090830800000000000e+07 0.000000000000000000e+00 7.070471200000000000e+07 0.000000000000000000e+00 3.535931600000000000e+07
1.293222767532251419e-02 9.056260891719745705e+05 0.000000000000000000e+00 9.563365095541401533e+05 0.000000000000000000e+00 2.999132738853503251e+05 1.380794048407643475e+07 0.000000000000000000e+00 2.856609100636942685e+07 0.000000000000000000e+00 8.591906242038216442e+05
1.764839556552980082e-02 1.048623013698630035e+06 0.000000000000000000e+00 1.085978410958904075e+06 0.000000000000000000e+00 1.204023972602739741e+04 8.336151671232876368e+06 0.000000000000000000e+00 1.739176153424657509e+07 0.000000000000000000e+00 3.108978410958903842e+06
2.256548662787912635e-02 7.684239243856333196e+05 0.000000000000000000e+00 3.415136483931947150e+05 0.000000000000000000e+00 -4.047640378071833984e+05 4.362916536862003617e+06 0.000000000000000000e+00 8.236797580340265296e+06 0.000000000000000000e+00 -1.894520136105860118e+06
2.777643688250242340e-02 8.047564487804877572e+05 0.000000000000000000e+00 7.898654439024389721e+05 0.000000000000000000e+00 2.393500097560975701e+05 2.654060331707316916e+06 0.000000000000000000e+00 5.683158790243902244e+06 0.000000000000000000e+00 1.148388839024390327e+06
3.269804980233311648e-02 6.578403200000000652e+05 0.000000000000000000e+00 6.020156160000000382e+05 0.000000000000000000e+00 8.001230400000000373e+04 1.592768256000000052e+06 0.000000000000000000e+00 3.063018496000000276e+06 0.000000000000000000e+00 -5.732168800000000192e+04
3.761648458559932462e-02 5.577264679703303846e+05 0.000000000000000000e+00 3.733690519217801630e+05 0.000000000000000000e+00 8.031897505057316448e+04 1.054177186783546815e+06 0.000000000000000000e+00 1.921131026298044482e+06 0.000000000000000000e+00 -1.085789238031018176e+05
4.263843696389812976e-02 4.723341785714285215e+05 0.000000000000000000e+00 3.288042500000000000e+05 0.000000000000000000e+00 -4.519987946428571013e+04 6.835937857142856810e+05 0.000000000000000000e+00 1.254935714285714319e+06 0.000000000000000000e+00 9.636324776785713766e+03
4.756514582339458480e-02 4.096648931530746049e+05 0.000000000000000000e+00 3.252485303096380085e+05 0.000000000000000000e+00 -1.576630091583079047e+04 5.330071277802006807e+05 0.000000000000000000e+00 9.351053676406454761e+05 0.000000000000000000e+00 -9.940190841692106915e+04
5.262096060748640974e-02 3.930414831460674177e+05 0.000000000000000000e+00 2.772432359550561523e+05 0.000000000000000000e+00 3.728135955056179955e+04 4.107602247191010974e+05 0.000000000000000000e+00 7.199144269662920851e+05 0.000000000000000000e+00 2.971673876404494149e+04
5.756031740041873956e-02 3.562389306930692983e+05 0.000000000000000000e+00 2.351081782178217836e+05 0.000000000000000000e+00 1.202636509900990131e+04 3.210791683168316958e+05 0.000000000000000000e+00 5.239022574257425731e+05 0.000000000000000000e+00 -1.658927103960396198e+04
6.254738279606215923e-02 3.269475084621044807e+05 0.000000000000000000e+00 2.228635722344861133e+05 0.000000000000000000e+00 -1.757628452293352893e+04 2.595638126073092862e+05 0.000000000000000000e+00 4.098237566838361090e+05 0.000000000000000000e+00 -1.746750453765023121e+04
6.757793472572401483e-02 3.034521476274164743e+05 0.000000000000000000e+00 2.082073391915641259e+05 0.000000000000000000e+00 1.367308787346221288e+04 2.142146221441124508e+05 0.000000000000000000e+00 3.342400000000000000e+05 0.000000000000000000e+00 1.393304657293497257e+04
7.255917516659465827e-02 2.773330794123117230e+05 0.000000000000000000e+00 1.701253665612795157e+05 0.000000000000000000e+00 4.511149339780547052e+03 1.842106512925423158e+05 0.000000000000000000e+00 2.681358140226892428e+05 0.000000000000000000e+00 -2.830318021201413558e+03
7.753384299139773339e-02 2.552824586541680910e+05 0.000000000000000000e+00 1.479813056578506948e+05 0.000000000000000000e+00 1.049958955473719470e+04 1.543327217944425938e+05 0.000000000000000000e+00 2.237007833947104227e+05 0.000000000000000000e+00 2.953657047204553237e+04
8.251793356505521260e-02 2.275794862385321176e+05 0.000000000000000000e+00 1.402183944954128528e+05 0.000000000000000000e+00 5.270171444954128674e+03 1.311158256880734116e+05 0.000000000000000000e+00 1.635284220183486468e+05 0.000000000000000000e+00 -7.644629587155964145e+03
8.752751931716111489e-02 2.079199854865880625e+05 0.000000000000000000e+00 1.235538286899054074e+05 0.000000000000000000e+00 2.198889101982635839e+04 1.182421272515226156e+05 0.000000000000000000e+00 1.460191888039393525e+05 0.000000000000000000e+00 1.335693248671763649e+04
9.254701955136974967e-02 1.827516061987237772e+05 0.000000000000000000e+00 1.024428441203281691e+05 0.000000000000000000e+00 1.144050319051959923e+04 1.018977502278942557e+05 0.000000000000000000e+00 1.151915624430264288e+05 0.000000000000000000e+00 -2.998773928896991947e+03
9.754963178921903511e-02 1.667355360619700514e+05 0.000000000000000000e+00 9.147055793991415703e+04 0.000000000000000000e+00 -2.104659661886318531e+02 9.095480623887783440e+04 0.000000000000000000e+00 9.418446477546320239e+04 0.000000000000000000e+00 -1.912810426044174619e+03
1.025319613041059119e-01 1.510918484052532876e+05 0.000000000000000000e+00 8.583399624765478075e+04 0.000000000000000000e+00 5.332662664165102797e+03 8.297868367729830788e+04 0.000000000000000000e+00 8.586369681050656072e+04 0.000000000000000000e+00 3.412220262664165148e+03
1.075116003998943526e-01 1.418119917298414803e+05 0.000000000000000000e+00 6.622363059958649683e+04 0.000000000000000000e+00 -1.532214886285320426e+04 7.689628118538937997e+04 0.000000000000000000e+00 7.508223845623707166e+04 0.000000000000000000e+00 1.731697622329427986e+03
1.125102861506304813e-01 1.291774278426219389e+05 0.000000000000000000e+00 6.653288026590399386e+04 0.000000000000000000e+00 1.588795393058669106e+03 7.023330911339569138e+04 0.000000000000000000e+00 6.388781572234676423e+04 0.000000000000000000e+00 6.821165339723274883e+03
1.175500852175193622e-01 1.267591045370502106e+05 0.000000000000000000e+00 6.433431375337790087e+04 0.000000000000000000e+00 6.180473901294268217e+03 6.608551159152325999e+04 0.000000000000000000e+00 5.525721405205518386e+04 0.000000000000000000e+00 1.514042099274641032e+03
1.225369446564099490e-01 1.212212199933796801e+05 0.000000000000000000e+00 5.641519285004965786e+04 0.000000000000000000e+00 3.280587355180403847e+03 6.197005812644820253e+04 0.000000000000000000e+00 4.900781463091691694e+04 0.000000000000000000e+00 3.791355710029791680e+03
1.275260957852891452e-01 1.142989396070822113e+05 0.000000000000000000e+00 5.740253213679359760e+04 0.000000000000000000e+00 5.282610235265583469e+03 5.760349260247392522e+04 0.000000000000000000e+00 4.266548823672083381e+04 0.000000000000000000e+00 6.701254911472228741e+03
1.325302087090364789e-01 1.083051231692946458e+05 0.000000000000000000e+00 4.687109544918916072e+04 0.000000000000000000e+00 2.613493294427922137e+03 5.562519005667470628e+04 0.000000000000000000e+00 3.692968789630211540e+04 0.000000000000000000e+00 2.843592615453678263e+03
1.375062694904859717e-01 1.029384920802534325e+05 0.000000000000000000e+00 4.713947708553326083e+04 0.000000000000000000e+00 6.663795564941921839e+03 5.139279408658923057e+04 0.000000000000000000e+00 3.276266441393875357e+04 0.000000000000000000e+00 4.586449419218584808e+03
1.425134422753508989e-01 9.696058974851218227e+04 0.000000000000000000e+00 4.409404031483970175e+04 0.000000000000000000e+00 2.775961604914570671e+03 4.963927970819734765e+04 0.000000000000000000e+00 3.050875331157611799e+04 0.000000000000000000e+00 2.580680936840084541e+03
1.475259222195813014e-01 9.120237641806005558e+04 0.000000000000000000e+00 3.817287275046699506e+04 0.000000000000000000e+00 -2.917656556107339583e+01 4.780657706501435314e+04 0.000000000000000000e+00 2.750662207845459852e+04 0.000000000000000000e+00 1.870746913299011339e+03
1.525299430011916868e-01 8.601404125803177885e+04 0.000000000000000000e+00 4.006794453838349727e+04 0.000000000000000000e+00 9.327591477849171497e+03 4.539977544808927632e+04 0.000000000000000000e+00 2.283623943185661119e+04 0.000000000000000000e+00 2.255331586066959517e+03
1.574945685492469272e-01 8.132210069964006834e+04 0.000000000000000000e+00 3.325077332470578403e+04 0.000000000000000000e+00 1.083093460589638880e+03 4.416268661786710436e+04 0.000000000000000000e+00 2.092466113964492251e+04 0.000000000000000000e+00 -2.828783111578436547e+02
1.625189323163163113e-01 7.789725430656934623e+04 0.000000000000000000e+00 3.158924846715328749e+04 0.000000000000000000e+00 3.419612554744525823e+03 4.196248759124088247e+04 0.000000000000000000e+00 1.939329401459854125e+04 0.000000000000000000e+00 1.491320000000000164e+03
1.675461007718098694e-01 7.444298405466969416e+04 0.000000000000000000e+00 2.950674487471525936e+04 0.000000000000000000e+00 -9.033852505694760566e+02 4.083124829157175554e+04 0.000000000000000000e+00 1.872957061503416844e+04 0.000000000000000000e+00 3.233883604427676062e+01
1.725292014006662711e-01 7.015233305864126305e+04 0.000000000000000000e+00 2.543191904275307752e+04 0.000000000000000000e+00 1.366067178692685502e+03 3.905804159936711221e+04 0.000000000000000000e+00 1.692912443550779790e+04 0.000000000000000000e+00 2.808433793717243134e+03
1.775301965061671094e-01 6.714074103987884882e+04 0.000000000000000000e+00 2.462808480565371065e+04 0.000000000000000000e+00 3.253724634023220460e+03 3.776680060575466632e+04 0.000000000000000000e+00 1.578668753154972183e+04 0.000000000000000000e+00 1.672861914752650137e+01
1.825147654490652804e-01 6.526914709444887558e+04 0.000000000000000000e+00 2.253277603474253192e+04 0.000000000000000000e+00 1.974573192708794977e+03 3.702457006115395052e+04 0.000000000000000000e+00 1.476708251351590843e+04 0.000000000000000000e+00 7.034758486218204325e+02
1.875360723572403465e-01 6.249364737430167588e+04 0.000000000000000000e+00 2.139543418994413514e+04 0.000000000000000000e+00 1.524536089385474952e+03 3.595349452513966389e+04 0.000000000000000000e+00 1.368209698324022429e+04 0.000000000000000000e+00 -7.415937849162011730e+01
1.925323683450522461e-01 6.104127664131947677e+04 0.000000000000000000e+00 2.047727021527257239e+04 0.000000000000000000e+00 1.390197708043268676e+03 3.551477690907143551e+04 0.000000000000000000e+00 1.140387362107743320e+04 0.000000000000000000e+00 -1.062521902109885332e+03
1.975198663583639380e-01 5.829017366890097037e+04 0.000000000000000000e+00 1.964210749968382152e+04 0.000000000000000000e+00 2.358576855950423578e+03 3.425033292019728833e+04 0.000000000000000000e+00 1.150859865941570752e+04 0.000000000000000000e+00 6.018122676109775284e+02
2.025153694923672032e-01 5.662420843385120679e+04 0.000000000000000000e+00 1.910644562385409881e+04 0.000000000000000000e+00 2.134257068416482070e+03 3.384653247129209922e+04 0.000000000000000000e+00 1.085690861719579334e+04 0.000000000000000000e+00 -5.515028466660234017e+02
2.075088499274508613e-01 5.430143451876617473e+04 0.000000000000000000e+00 1.602187364033982885e+04 0.000000000000000000e+00 9.177110536078224641e+02 3.271324335340859761e+04 0.000000000000000000e+00 9.890929675513521943e+03 0.000000000000000000e+00 -4.558598204676086141e+01
2.125178062418619784e-01 5.197679734683191055e+04 0.000000000000000000e+00 1.581806248909059286e+04 0.000000000000000000e+00 1.473566765578635113e+03 3.214302251701867863e+04 0.000000000000000000e+00 8.924210857043113720e+03 0.000000000000000000e+00 -5.356912637458544850e+02
2.175004174234404231e-01 5.038579244171366008e+04 0.000000000000000000e+00 1.344865247033078049e+04 0.000000000000000000e+00 2.077779479841764442e+03 3.119716656847066770e+04 0.000000000000000000e+00 8.668379429340964634e+03 0.000000000000000000e+00 -1.151269674269842653e+03
2.225093171556767890e-01 4.839389988376903784e+04 0.000000000000000000e+00 1.339795197100135920e+04 0.000000000000000000e+00 2.846335414983944247e+03 3.053349587281574350e+04 0.000000000000000000e+00 7.764175489056558945e+03 0.000000000000000000e+00 7.188118437383030823e+02
2.275289586476768322e-01 4.719640961273534776e+04 0.000000000000000000e+00 1.261458196846777901e+04 0.000000000000000000e+00 7.592727690188274892e+02 2.979363355273228444e+04 0.000000000000000000e+00 7.206518291749579475e+03 0.000000000000000000e+00 9.589547298331548575e+01
2.325285406108919262e-01 4.574994706492278056e+04 0.000000000000000000e+00 1.153176315645862633e+04 0.000000000000000000e+00 -3.844076910483328220e+02 2.966079668200753440e+04 0.000000000000000000e+00 7.207175013188292723e+03 0.000000000000000000e+00 -2.180613210121332486e+02
2.375276552426477672e-01 4.393146746352610353e+04 0.000000000000000000e+00 1.155520056248901346e+04 0.000000000000000000e+00 2.918032132184918282e+03 2.881704116716470526e+04 0.000000000000000000e+00 6.042072490771664889e+03 0.000000000000000000e+00 -2.259196695377043511e+02
2.424991024241769377e-01 4.311719318623065192e+04 0.000000000000000000e+00 1.009720716492495740e+04 0.000000000000000000e+00 4.704109195887427859e+02 2.825554890010636154e+04 0.000000000000000000e+00 5.736545506727668908e+03 0.000000000000000000e+00 -2.289949859031283381e+02
2.474998551644826128e-01 4.175683381364073284e+04 0.000000000000000000e+00 9.507824015369837070e+03 0.000000000000000000e+00 1.294235798911303164e+03 2.809857598463016257e+04 0.000000000000000000e+00 5.859917771373678988e+03 0.000000000000000000e+00 -9.223705411463336077e+02
2.525200307756395035e-01 4.053223928240025270e+04 0.000000000000000000e+00 8.559556572842560854e+03 0.000000000000000000e+00 5.115334673677699016e+02 2.772978657593566459e+04 0.000000000000000000e+00 6.259414290133004215e+03 0.000000000000000000e+00 -6.248527064645840028e+02
2.575182250600202005e-01 3.897534288056031801e+04 0.000000000000000000e+00 8.257587005439236236e+03 0.000000000000000000e+00 1.236635362491617570e+03 2.708442232322479686e+04 0.000000000000000000e+00 5.391586319946352887e+03 0.000000000000000000e+00 -9.034791446240965342e+02
2.625255687975799335e-01 3.828328316311975505e+04 0.000000000000000000e+00 7.313483425571974294e+03 0.000000000000000000e+00 1.305926969817995086e+03 2.673368585610772061e+04 0.000000000000000000e+00 5.034717635647857605e+03 0.000000000000000000e+00 -4.830205896616648431e+01
2.675305520911575030e-01 3.731069297579431441e+04 0.000000000000000000e+00 7.024608221372253865e+03 0.000000000000000000e+00 1.272151337319285858e+03 2.617182971789950170e+04 0.000000000000000000e+00 4.662743458389140869e+03 0.000000000000000000e+00 -7.204312008947680397e+02
2.725404586615198799e-01 3.606854773364362336e+04 0.000000000000000000e+00 5.825153012111915814e+03 0.000000000000000000e+00 6.964226476966202881e+02 2.597662918495795020e+04 0.000000000000000000e+00 4.630719204527423244e+03 0.000000000000000000e+00 3.406895065319722562e+02
2.775333197047151201e-01 3.534651826194845489e+04 0.000000000000000000e+00 5.926933181688938930e+03 0.000000000000000000e+00 4.808619432884431149e+02 2.562593449996122581e+04 0.000000000000000000e+00 3.956655207175536816e+03 0.000000000000000000e+00 -1.008028433323855552e+03
2.825123907298719983e-01 3.446174203668251721e+04 0.000000000000000000e+00 5.971522904958933395e+03 0.000000000000000000e+00 2.069607954054220954e+03 2.510439898721670033e+04 0.000000000000000000e+00 4.096676242820972220e+03 0.000000000000000000e+00 -5.561585870437843369e+02
2.875104651677040102e-01 3.345246964183106320e+04 0.000000000000000000e+00 4.718727446849262378e+03 0.000000000000000000e+00 1.169463225435740242e+03 2.478923271403945546e+04 0.000000000000000000e+00 3.987094043286726446e+03 0.000000000000000000e+00 -4.885706761156866378e+02
2.924971317655564174e-01 3.286262432810458995e+04 0.000000000000000000e+00 4.747642719254643453e+03 0.000000000000000000e+00 -3.266264088129558445e+02 2.457261316163636002e+04 0.000000000000000000e+00 3.762528106902171658e+03 0.000000000000000000e+00 -6.836576541169126813e+02
2.975058823671092867e-01 3.193636657490453581e+04 0.000000000000000000e+00 4.279613178225734373e+03 0.000000000000000000e+00 9.477197406979842071e+02 2.404617991297398112e+04 0.000000000000000000e+00 3.833053547642305148e+03 0.000000000000000000e+00 -3.763130716632625763e+02
3.025121359101998753e-01 3.135746003199170082e+04 0.000000000000000000e+00 3.970773420950240052e+03 0.000000000000000000e+00 9.682997708702606587e+02 2.391122562794518308e+04 0.000000000000000000e+00 3.432942804029224590e+03 0.000000000000000000e+00 -6.965425186978513921e+02
3.075010376196579687e-01 3.055615571928724603e+04 0.000000000000000000e+00 3.247114929194754041e+03 0.000000000000000000e+00 7.506244865966452835e+02 2.355197592099075337e+04 0.000000000000000000e+00 2.997017965198307138e+03 0.000000000000000000e+00 -2.620031979934159381e+02
3.125134169243361515e-01 2.997446499095113541e+04 0.000000000000000000e+00 3.200225537904685552e+03 0.000000000000000000e+00 4.876427910717876557e+02 2.325813537100342000e+04 0.000000000000000000e+00 3.230386487029961700e+03 0.000000000000000000e+00 -1.631584315302634195e+03
3.175159688234982513e-01 2.948846070870705807e+04 0.000000000000000000e+00 2.698090951066400976e+03 0.000000000000000000e+00 4.111941625487518337e+01 2.308855879203465884e+04 0.000000000000000000e+00 2.560907899519603689e+03 0.000000000000000000e+00 -8.991391380377440328e+02
3.225221380836135188e-01 2.881038112138946599e+04 0.000000000000000000e+00 2.940037908249953034e+03 0.000000000000000000e+00 3.101697187087030443e+02 2.278994932980932936e+04 0.000000000000000000e+00 2.693763262223900711e+03 0.000000000000000000e+00 -5.354759675287899654e+02
3.275181733526948968e-01 2.822978630136986249e+04 0.000000000000000000e+00 2.345546834505738843e+03 0.000000000000000000e+00 -3.335829692706404899e+02 2.248322132543502448e+04 0.000000000000000000e+00 2.888379711218067314e+03 0.000000000000000000e+00 -1.130742539800074155e+03
3.325123842131759710e-01 2.755228550841954711e+04 0.000000000000000000e+00 2.066336301449069197e+03 0.000000000000000000e+00 6.208049672202603233e+02 2.237309787665566546e+04 0.000000000000000000e+00 2.555121022621133761e+03 0.000000000000000000e+00 -8.864440787425389772e+02
3.374959366892091861e-01 2.704512686122692321e+04 0.000000000000000000e+00 1.521821812703640262e+03 0.000000000000000000e+00 -6.674794520547945922e+02 2.202872241880671208e+04 0.000000000000000000e+00 2.557389482535122625e+03 0.000000000000000000e+00 -7.297169183337421146e+02
3.424919221947719805e-01 2.640745748360266589e+04 0.000000000000000000e+00 1.493614247972730936e+03 0.000000000000000000e+00 8.457731292035103934e+02 2.167494046954304213e+04 0.000000000000000000e+00 2.341236480010667947e+03 0.000000000000000000e+00 -9.686291910091758837e+02
3.475179778446125245e-01 2.613692919920279382e+04 0.000000000000000000e+00 1.708676969320743638e+03 0.000000000000000000e+00 6.610775721240239022e+01 2.155305544483288031e+04 0.000000000000000000e+00 2.088438592478844839e+03 0.000000000000000000e+00 -7.026570392393896327e+02
3.525052850529177828e-01 2.579669244770876685e+04 0.000000000000000000e+00 1.346048347437330449e+03 0.000000000000000000e+00 -4.077178668369791126e+01 2.149566763531853940e+04 0.000000000000000000e+00 2.179887977007823793e+03 0.000000000000000000e+00 -1.209360881366757212e+03
3.575133254796376558e-01 2.540717051298756269e+04 0.000000000000000000e+00 1.042749791141326568e+03 0.000000000000000000e+00 4.479258379256693274e+02 2.116686037510251481e+04 0.000000000000000000e+00 1.938138958082639192e+03 0.000000000000000000e+00 -6.829746380421703407e+02
3.625250227669692404e-01 2.485243258545399658e+04 0.000000000000000000e+00 6.904395723535611751e+02 0.000000000000000000e+00 3.039979219996988036e+02 2.106783050745369474e+04 0.000000000000000000e+00 1.997907664508357129e+03 0.000000000000000000e+00 -9.927931937961150197e+02
3.675230446100045678e-01 2.459481987912720797e+04 0.000000000000000000e+00 1.148386705450940099e+03 0.000000000000000000e+00 -4.193980600573016027e+00 2.085960577098323847e+04 0.000000000000000000e+00 1.742731491809373892e+03 0.000000000000000000e+00 -9.571546923867638270e+02
3.725177060730277545e-01 2.420585465149522861e+04 0.000000000000000000e+00 4.788900737606495568e+02 0.000000000000000000e+00 1.128611698782091707e+03 2.061689244668077299e+04 0.000000000000000000e+00 1.551958602550174419e+03 0.000000000000000000e+00 -7.774019097718565945e+02
3.775163034622419089e-01 2.384024073754835626e+04 0.000000000000000000e+00 8.144054723109067027e+02 0.000000000000000000e+00 7.189786858454982621e+02 2.041139663910743911e+04 0.000000000000000000e+00 1.720545631322360123e+03 0.000000000000000000e+00 -9.379065376738541318e+02
3.825226892977953153e-01 2.332786335135135232e+04 0.000000000000000000e+00 4.383079729729729479e+02 0.000000000000000000e+00 8.135040540540539951e+02 2.033838529729729635e+04 0.000000000000000000e+00 1.511154378378378397e+03 0.000000000000000000e+00 -4.641347567567567580e+02
3.875130067694269043e-01 2.319185669125395361e+04 0.000000000000000000e+00 4.200394889357218631e+02 0.000000000000000000e+00 4.758473656480505838e+02 2.007044889357218199e+04 0.000000000000000000e+00 1.571839409905163393e+03 0.000000000000000000e+00 -6.292335089567966406e+02
3.924957861003909865e-01 2.295587006082451262e+04 0.000000000000000000e+00 -3.347117433141312404e+01 0.000000000000000000e+00 1.053949705532133976e+03 2.002870741801564145e+04 0.000000000000000000e+00 1.668156920799407999e+03 0.000000000000000000e+00 -1.896506677823190614e+02
3.975064703251052212e-01 2.272530128244842490e+04 0.000000000000000000e+00 2.901053218511864529e+01 0.000000000000000000e+00 1.221570212502323329e+03 1.979346290812217558e+04 0.000000000000000000e+00 1.276719905829874278e+03 0.000000000000000000e+00 -2.397936682981228103e+02
