3.798113400606732779e-03 4.934210526315789200e-03 3.052673684210526198e+07 -2.549342105263157840e-02 -4.749598315789473057e+07 3.310032894736841813e-02 6.622918063157894462e+07 0.000000000000000000e+00 -2.818710905263157561e+07 0.000000000000000000e+00 -2.547604210526315495e+07
8.299341265228576958e-03 2.441406250000000000e-03 4.308306400000000000e+07 3.662109375000000000e-03 1.938435200000000000e+07 -1.470947265625000000e-02 9.155627200000000000e+07 0.000000000000000000e+00 5.727912800000000000e+07 0.000000000000000000e+00 1.291250480000000000e+08
1.293222767532251419e-02 -1.044984076433121004e-03 2.905008428025477752e+07 6.692874203821656300e-03 1.341778833121019229e+07 -7.283787818471338348e-03 7.622238573248408735e+07 0.000000000000000000e+00 5.516201253503184766e+07 0.000000000000000000e+00 4.386815021656051278e+07
1.764839556552980082e-02 1.685573630136986099e-03 2.360791846575342491e+07 -3.143728595890410947e-03 6.717609205479451455e+06 5.100197988013698523e-03 6.026282082191780210e+07 0.000000000000000000e+00 4.877144723287671059e+07 0.000000000000000000e+00 2.547137534246575087e+06
2.256548662787912635e-02 -6.498109640831758278e-04 1.118957126654064283e+07 9.451795841209830124e-04 -2.186601013232514262e+06 -5.021266540642722355e-04 4.434775978827977180e+07 0.000000000000000000e+00 2.349993085822306201e+07 0.000000000000000000e+00 -4.741535697542533278e+06
2.777643688250242340e-02 1.028963414634146388e-03 1.020062532682926767e+07 -1.352896341463414535e-03 3.431855453658536542e+06 1.795922256097561053e-03 3.779478852682926506e+07 0.000000000000000000e+00 3.309656163902439177e+07 0.000000000000000000e+00 1.064959375609756075e+07
3.269804980233311648e-02 -1.328125000000000095e-04 6.773993472000000067e+06 2.019531250000000059e-03 1.829006719999999972e+06 -2.057617187500000201e-03 2.886507724799999967e+07 0.000000000000000000e+00 2.503695564800000191e+07 0.000000000000000000e+00 6.507635712000000291e+06
3.761648458559932462e-02 -2.159895482130816011e-04 4.182687158462575637e+06 1.922833782872555668e-04 4.859473823331085732e+05 -7.210626685772083145e-04 2.315946206338502839e+07 0.000000000000000000e+00 1.947149050303439051e+07 0.000000000000000000e+00 7.895508844234659337e+06
4.263843696389812976e-02 2.615792410714285637e-04 3.075735142857142724e+06 -7.672991071428571274e-04 2.374518035714285506e+05 1.543317522321428509e-03 1.873656800000000000e+07 0.000000000000000000e+00 1.292566171428571269e+07 0.000000000000000000e+00 7.804125000000000000e+04
4.756514582339458480e-02 -1.907980811164413618e-04 2.338331017880505882e+06 4.258885739206280077e-04 4.180778648059311090e+05 -7.453050043610989729e-04 1.586617842825992219e+07 0.000000000000000000e+00 1.390874861578717828e+07 0.000000000000000000e+00 8.211939642389882356e+05
5.262096060748640974e-02 1.680181267556179678e-04 1.843944269662921317e+06 -3.103191932935393045e-04 1.912555056179775274e+05 5.560885654406600527e-04 1.399945204494382069e+07 0.000000000000000000e+00 1.109435541573033668e+07 0.000000000000000000e+00 3.715315056179775391e+06
5.756031740041873956e-02 -1.389909498762376286e-05 1.360566019801980117e+06 -3.293481203589109126e-05 1.175050000000000000e+05 1.488865011989480233e-04 1.243598700990099087e+07 0.000000000000000000e+00 9.702042613861385733e+06 0.000000000000000000e+00 3.168553821782178245e+06
6.254738279606215923e-02 4.215722344861417480e-05 1.173974306597988587e+06 -2.107861172430708740e-05 1.197966269315673271e+05 -1.968933958793230162e-04 1.089819816531763412e+07 0.000000000000000000e+00 7.835048720137354918e+06 0.000000000000000000e+00 4.945471042433161056e+05
6.757793472572401483e-02 1.072674099297012185e-05 9.353558383128294954e+05 6.242963257908611271e-05 8.059686467486817855e+04 1.408957429426625622e-04 9.819049616871703416e+06 0.000000000000000000e+00 7.315460499121264555e+06 0.000000000000000000e+00 1.204000056239015656e+06
7.255917516659465827e-02 7.845917798028640832e-05 7.442517507904035738e+05 -1.322182443741863600e-04 1.888395759717314650e+04 1.343976659847498623e-05 8.446824218709317967e+06 0.000000000000000000e+00 5.858272958155104890e+06 0.000000000000000000e+00 1.537711776827227091e+06
7.753384299139773339e-02 2.223175426849682043e-05 5.927463167057248065e+05 -2.419337964512889222e-05 4.625624640107130836e+04 7.764767115835286297e-05 7.487879499163039960e+06 0.000000000000000000e+00 4.486537898895212449e+06 0.000000000000000000e+00 5.777063809842652408e+05
8.251793356505521260e-02 0.000000000000000000e+00 4.951174678899082937e+05 -6.047520068807339785e-05 7.960866972477064701e+04 2.295817803899082628e-04 6.819214091743119992e+06 0.000000000000000000e+00 4.418813064220183529e+06 0.000000000000000000e+00 3.754774311926605878e+05
8.752751931716111489e-02 3.644550991317869868e-05 4.043965686147466768e+05 6.074251652196449781e-06 4.951383179992225632e+04 2.404391278994428064e-04 6.157123972528184764e+06 0.000000000000000000e+00 3.300974202410263475e+06 0.000000000000000000e+00 3.302012865103019285e+05
9.254701955136974967e-02 -5.608335232452142351e-05 3.073681093892433564e+05 1.793777062443026370e-04 1.821719781221513040e+04 -2.685101769029170273e-04 5.431872408386508934e+06 0.000000000000000000e+00 3.162088430264357477e+06 0.000000000000000000e+00 5.771764448495897232e+05
9.754963178921903511e-02 -3.271223699361457387e-05 2.608217665654768061e+05 -6.787789176175023265e-05 8.672941274992148465e+03 -1.854374934575525906e-04 4.961862585575211793e+06 0.000000000000000000e+00 2.461030555427614134e+06 0.000000000000000000e+00 1.829847294043755974e+05
1.025319613041059119e-01 -8.886169090056285382e-06 2.097851797373358277e+05 -1.442857352251407160e-05 4.156054934333958954e+04 1.361553485576923153e-05 4.458322323452157900e+06 0.000000000000000000e+00 2.332187665290806908e+06 0.000000000000000000e+00 2.917238634146341356e+05
1.075116003998943526e-01 -1.009540833907649958e-05 1.600155478980013868e+05 -5.552474586492074177e-05 -1.725781254307374184e+04 1.590026813404548468e-05 4.212671073742246255e+06 0.000000000000000000e+00 1.924327829083390767e+06 0.000000000000000000e+00 -5.898085733976568008e+04
1.125102861506304813e-01 1.690886604313210386e-05 1.254836033083404182e+05 9.058321094535055277e-05 4.196898508154904448e+03 -4.831104583752029481e-05 3.883180553142150398e+06 0.000000000000000000e+00 1.702634727680296870e+06 0.000000000000000000e+00 3.392988025044446113e+05
1.175500852175193622e-01 3.076498275494239881e-05 1.219164955198407115e+05 -6.441201242710851548e-05 1.855679590385435949e+04 5.195497228790357466e-05 3.715445131560233422e+06 0.000000000000000000e+00 1.656753062722230097e+06 0.000000000000000000e+00 1.708002616981937317e+05
1.225369446564099490e-01 1.393242096987752438e-05 9.856138973849719332e+04 -5.867133192651440579e-06 5.959357563720623148e+03 4.610467612131744947e-06 3.512558492684541736e+06 0.000000000000000000e+00 1.479370257795432117e+06 0.000000000000000000e+00 1.754577562396557478e+05
1.275260957852891452e-01 5.921431603201552486e-06 8.449036914867814630e+04 7.804446853019645193e-05 1.148006015037593897e+04 -1.349198190789473542e-04 3.401187562454523519e+06 0.000000000000000000e+00 1.591667054086830001e+06 0.000000000000000000e+00 2.588100392917778227e+05
1.325302087090364789e-01 5.918228494472812692e-06 7.360310285618090711e+04 3.255025671960047108e-05 1.363648190337242522e+04 -3.153648609786207393e-05 3.189959789461870678e+06 0.000000000000000000e+00 1.220260824869535863e+06 0.000000000000000000e+00 9.013874776948543149e+04
1.375062694904859717e-01 5.362328405491024059e-06 6.278710876451953663e+04 3.093651003167898398e-06 1.116592185850052738e+04 3.248333553326293551e-06 3.054363843717000913e+06 0.000000000000000000e+00 1.318983258289334597e+06 0.000000000000000000e+00 2.729071104540654924e+05
1.425134422753508989e-01 8.553592640142061956e-06 6.055368170474179351e+04 1.161179494024764724e-05 1.459501631791130785e+04 6.486376775022796777e-05 2.867052956037627067e+06 0.000000000000000000e+00 1.120951903244384797e+06 0.000000000000000000e+00 9.468971395661354472e+04
1.475259222195813014e-01 3.769892082925190344e-05 4.250854107248621585e+04 -7.840802693531026351e-05 5.335175178823636998e+03 1.213163757949892315e-04 2.741995344115904998e+06 0.000000000000000000e+00 9.611602052029705374e+05 0.000000000000000000e+00 -4.220934858080095000e+04
1.525299430011916868e-01 1.296248837504227272e-05 4.526349408183970081e+04 -3.343826619039567202e-06 1.432541900574906867e+04 2.466588154168075729e-06 2.604627111261413433e+06 0.000000000000000000e+00 1.093805667906662216e+06 0.000000000000000000e+00 2.473127304700710229e+05
1.574945685492469272e-01 2.519702652970437005e-05 2.900958725280057843e+04 2.420968222995106497e-05 1.370912638007036730e+04 -4.986088713754195203e-06 2.461198059449184686e+06 0.000000000000000000e+00 8.304733177498281002e+05 0.000000000000000000e+00 1.808879233226837096e+04
1.625189323163163113e-01 1.211792883211678936e-06 3.546942598540145991e+04 -1.507612910583941682e-05 1.237190656934306753e+04 2.563476562500000244e-05 2.374087792116788682e+06 0.000000000000000000e+00 8.143710551824817667e+05 0.000000000000000000e+00 1.141437010218978248e+05
1.675461007718098694e-01 1.633628897351936280e-05 2.435716856492027364e+04 -2.373975610407175229e-05 8.284997722095671634e+03 5.190247555256976105e-05 2.292535544419134501e+06 0.000000000000000000e+00 7.432317084282459691e+05 0.000000000000000000e+00 4.332711161731206812e+04
1.725292014006662711e-01 6.566857302963378940e-06 1.871545690081418797e+04 -5.659085852259617295e-05 8.991356561294789572e+03 1.120389551125688146e-04 2.191125341068662237e+06 0.000000000000000000e+00 6.728214328377889469e+05 0.000000000000000000e+00 4.810662517717638548e+04
1.775301965061671094e-01 -1.044468347741039871e-05 1.766717213528521097e+04 -4.452084845090863010e-06 1.364954568399798154e+04 -1.479278364186332595e-05 2.124829076224129181e+06 0.000000000000000000e+00 6.712071882887430256e+05 0.000000000000000000e+00 8.429909742554265540e+04
1.825147654490652804e-01 -2.538849005879051154e-06 1.075580229844308633e+04 1.592550740051404818e-05 1.229743507932287457e+03 -2.567699562764040380e-05 2.068230360483322991e+06 0.000000000000000000e+00 6.224624609294218244e+05 0.000000000000000000e+00 3.535945830009748897e+04
1.875360723572403465e-01 -6.983240223463687239e-06 9.709369385474859882e+03 -4.309968575418994611e-05 6.611224581005586515e+03 -4.773699371508379936e-06 1.990181870837988798e+06 0.000000000000000000e+00 5.960610753072625957e+05 0.000000000000000000e+00 4.225821318435754074e+04
1.925323683450522461e-01 -4.837315585841276021e-06 9.475856484952339088e+03 -1.761044349764378370e-05 1.113896626325372199e+04 -7.226557270469636342e-06 1.935963849630502285e+06 0.000000000000000000e+00 5.563106196851236746e+05 0.000000000000000000e+00 5.894038085038020654e+04
1.975198663583639380e-01 9.534668648033387648e-06 6.541387226508157255e+03 -2.467651289996205692e-05 1.177113221196408085e+04 4.945800595990893742e-05 1.862781439028708730e+06 0.000000000000000000e+00 5.219411013026431901e+05 0.000000000000000000e+00 8.680263584165928478e+04
2.025153694923672032e-01 -4.005008805365242037e-07 3.854701148316125000e+03 2.623280767514233521e-05 9.990012158641320639e+03 -5.588459713192367597e-05 1.823288965743510751e+06 0.000000000000000000e+00 4.988315754125253879e+05 0.000000000000000000e+00 4.144612949917977676e+04
2.075088499274508613e-01 3.846407062218049706e-06 2.466830566305617140e+03 -1.417803533398978657e-05 1.013797064279008009e+04 3.354424763562252512e-08 1.782584752753669629e+06 0.000000000000000000e+00 4.474023403329593129e+05 0.000000000000000000e+00 3.392468396345233486e+04
2.125178062418619784e-01 1.065371901728050260e-06 3.206550008727526802e+02 -7.095376865508815347e-06 9.848758247512654634e+03 7.942347527382615259e-06 1.698166638505847426e+06 0.000000000000000000e+00 4.511687428870658041e+05 0.000000000000000000e+00 5.941690626636411616e+04
2.175004174234404231e-01 -1.707607603526639130e-05 6.679115815167073151e+02 1.918233090122885252e-05 9.812041410655669097e+03 -7.320776821316597825e-05 1.660786134500463028e+06 0.000000000000000000e+00 4.087799639760963037e+05 0.000000000000000000e+00 2.646423701708610315e+04
2.225093171556767890e-01 -1.846890329189732434e-06 -1.543792439077244353e+03 4.347887649967494479e-06 1.350897137566241872e+04 -1.091781522724138593e-05 1.616930959752565948e+06 0.000000000000000000e+00 3.931357115896061878e+05 0.000000000000000000e+00 3.599694316502827132e+04
2.275289586476768322e-01 7.885147998622378581e-06 9.437550895453849762e+02 -1.104294423503750178e-05 9.548816776366142221e+03 1.390644881036660114e-05 1.580844083881830797e+06 0.000000000000000000e+00 3.430161359253023402e+05 0.000000000000000000e+00 4.726046226848308834e+03
2.325285406108919262e-01 -6.244187487493861184e-06 -3.976304731413603122e+02 1.704938532324959773e-05 7.024034635184545550e+03 -1.561602009452367506e-05 1.533167975842686603e+06 0.000000000000000000e+00 3.225354305568188429e+05 0.000000000000000000e+00 -7.294692012442472333e+03
2.375276552426477672e-01 1.236796064774125470e-05 -4.842641589031464378e+02 5.334273103796800777e-06 9.954514325892072520e+03 3.351086492298734656e-05 1.496023500791000202e+06 0.000000000000000000e+00 3.114756364914748119e+05 0.000000000000000000e+00 4.146746858850413264e+04
2.424991024241769377e-01 -3.989805091756284640e-06 -3.382791349416710545e+03 1.597570716492495779e-05 9.443991828879172317e+03 -1.631780822134620940e-05 1.471256812114868313e+06 0.000000000000000000e+00 2.788277853223709972e+05 0.000000000000000000e+00 2.351322809920146028e+04
2.474998551644826128e-01 0.000000000000000000e+00 -1.452456740313800765e+03 1.425912584053794482e-05 1.016997399935959038e+04 -2.795539145052833950e-05 1.445766287287864136e+06 0.000000000000000000e+00 2.794208440601985203e+05 0.000000000000000000e+00 3.487268395773295197e+04
2.525200307756395035e-01 9.061823383854006159e-07 -5.199636746056295124e+03 6.041215589236004106e-08 6.987706278997835398e+03 -8.004610655737704911e-07 1.424421944695329526e+06 0.000000000000000000e+00 2.622335881224868936e+05 0.000000000000000000e+00 5.155849897927622078e+04
2.575182250600202005e-01 -5.821101259220623774e-07 -2.858585440727218611e+03 1.775435884062290251e-05 9.434307667088889502e+03 -2.233847608225914458e-05 1.384052957722971449e+06 0.000000000000000000e+00 2.455020047984501871e+05 0.000000000000000000e+00 -1.222621551300201099e+04
2.625255687975799335e-01 -6.477171827751468765e-07 -4.737054373252695768e+03 -1.085448633715125202e-05 8.278021338506305256e+03 9.620863692000200407e-06 1.352798238146859221e+06 0.000000000000000000e+00 2.222489845381411433e+05 0.000000000000000000e+00 3.815948605009414314e+04
2.675305520911575030e-01 1.041005026166443420e-05 -4.266572403032268994e+03 -1.345755202220350341e-05 7.825235221827922032e+03 2.711062959983982258e-05 1.317380517584678484e+06 0.000000000000000000e+00 2.100883878433050995e+05 0.000000000000000000e+00 3.479423570511315484e+04
2.725404586615198799e-01 9.051810341407943370e-06 -4.908641667107420290e+03 -2.621925948392129607e-05 4.468508806262230792e+03 3.210584156578912728e-05 1.303718866451578680e+06 0.000000000000000000e+00 2.046753646797482215e+05 0.000000000000000000e+00 -2.694047971650711020e+02
2.775333197047151201e-01 3.786397885594644077e-08 -3.459896916276785305e+03 1.858490295512704431e-05 8.528806058882828438e+03 -1.923332359303512611e-05 1.273824025641688379e+06 0.000000000000000000e+00 1.833039935895778763e+05 0.000000000000000000e+00 -1.114521260371701146e+03
2.825123907298719983e-01 1.561969292286790562e-06 -4.555661730377323693e+03 -8.633046493855369617e-06 8.997057790403261606e+03 2.523349330150373817e-05 1.251233321262273937e+06 0.000000000000000000e+00 1.763437906255789567e+05 0.000000000000000000e+00 2.967044900883097580e+04
2.875104651677040102e-01 1.472980212124114176e-06 -4.253715763263742701e+03 -1.354907988771308146e-05 7.092357019728021442e+03 1.545752448794531780e-05 1.222122327523462940e+06 0.000000000000000000e+00 1.686458348975292174e+05 0.000000000000000000e+00 2.572476690289216640e+04
2.924971317655564174e-01 -3.476878128287230118e-06 -5.284449941624570783e+03 1.492348339479129314e-05 4.090094117375070709e+03 -4.408184769792737830e-06 1.198069465142355068e+06 0.000000000000000000e+00 1.622098195563467161e+05 0.000000000000000000e+00 6.721202926863100402e+03
2.975058823671092867e-01 -1.035500097821019367e-05 -4.370962081520291576e+03 2.093357892074971179e-05 7.028471361335582515e+03 -4.798063280400136305e-05 1.181133941213036189e+06 0.000000000000000000e+00 1.418589070242429443e+05 0.000000000000000000e+00 3.192476973625788014e+04
3.025121359101998753e-01 -3.275913124567679801e-06 -4.424144567895897126e+03 7.176532195362824686e-06 6.346763736976352448e+03 -4.470077791049484720e-06 1.166972198348536622e+06 0.000000000000000000e+00 1.294584175349098659e+05 0.000000000000000000e+00 -1.961129912238986799e+04
3.075010376196579687e-01 -1.837082614829910801e-06 -4.718233704342374040e+03 1.022642655588650375e-05 6.596060657365314000e+03 -1.605916385797146885e-05 1.144074420860114042e+06 0.000000000000000000e+00 1.180146703036003601e+05 0.000000000000000000e+00 3.485028048283429962e+04
3.125134169243361515e-01 -9.273710851095918342e-06 -3.859472189825055466e+03 1.203029562763925254e-05 6.367760627387894601e+03 -2.572178337239845381e-05 1.125891232817213051e+06 0.000000000000000000e+00 1.146317860446410632e+05 0.000000000000000000e+00 -3.621298692941886202e+03
3.175159688234982513e-01 -2.667076411470562306e-06 -4.271863406391527860e+03 -4.509086019392676802e-06 6.949588549085871819e+03 -5.722701724612195788e-06 1.103039508954622783e+06 0.000000000000000000e+00 1.075467792633926438e+05 0.000000000000000000e+00 -6.864965271978858254e+03
3.225221380836135188e-01 2.696285928355673063e-06 -4.818508589767793637e+03 -1.138662288205588147e-05 4.847174476118558232e+03 1.605039095685057641e-05 1.088004465622050222e+06 0.000000000000000000e+00 9.853335125542760943e+04 0.000000000000000000e+00 1.069732996035491851e+04
3.275181733526948968e-01 1.391990235098111844e-06 -4.327890707145501437e+03 -9.038896552986654735e-09 6.594769937060347729e+03 5.854945940161051288e-06 1.069382193854128011e+06 0.000000000000000000e+00 9.842178274713069550e+04 0.000000000000000000e+00 -7.675150240651610147e+03
3.325123842131759710e-01 7.453415631087824744e-06 -4.012692172892000599e+03 -1.905051337875944128e-05 5.152842861844738763e+03 3.467619096199863306e-05 1.058118528265298111e+06 0.000000000000000000e+00 1.019526780469146179e+05 0.000000000000000000e+00 1.260704413033616038e+04
3.374959366892091861e-01 9.665378770626773141e-07 -3.457803314297726502e+03 -1.377530310627824704e-05 4.672844480257856958e+03 1.739233589179045811e-05 1.054123028413271299e+06 0.000000000000000000e+00 9.387493900430928625e+04 0.000000000000000000e+00 -4.498048558315524133e+03
3.424919221947719805e-01 1.302202701914342160e-06 -3.329153439065247767e+03 -2.995066214402986905e-06 4.960803006942303000e+03 1.409634424822275403e-05 1.034541885806198930e+06 0.000000000000000000e+00 7.917304739601130132e+04 0.000000000000000000e+00 8.216951087182991614e+03
3.475179778446125245e-01 7.003478575162544612e-06 -2.417391315712091910e+03 -1.533905387248014971e-05 4.410397098702910625e+03 1.715971900321004788e-05 1.016282880125461495e+06 0.000000000000000000e+00 7.126125134773091122e+04 0.000000000000000000e+00 9.531562845100794220e+03
3.525052850529177828e-01 -2.600060623902283093e-06 -4.229501261376337425e+03 1.816339201959923217e-05 4.895489062749481491e+03 -1.794363427196431392e-05 1.008632380903720274e+06 0.000000000000000000e+00 7.947110637074885017e+04 0.000000000000000000e+00 4.115497876417052794e+03
3.575133254796376558e-01 -9.191458255091170267e-06 -3.212404043810502117e+03 2.315828325834859799e-05 5.678362977213327213e+03 -3.277263841198427172e-05 9.932163487671590410e+05 0.000000000000000000e+00 6.363378957776058087e+04 0.000000000000000000e+00 2.293177524507361886e+04
3.625250227669692404e-01 -5.764380364402951098e-06 -2.946957626863424139e+03 1.024942120915524656e-05 3.917035627164583275e+03 -1.458373527141996609e-05 9.792032303568739444e+05 0.000000000000000000e+00 5.760838427947597665e+04 0.000000000000000000e+00 7.008268393314259811e+03
3.675230446100045678e-01 -1.423882218285472670e-06 -1.784304966865691313e+03 -8.828069753369930511e-07 4.627693779206671934e+03 7.753038678564398429e-06 9.675048280588180060e+05 0.000000000000000000e+00 5.128927684826746554e+04 0.000000000000000000e+00 9.448696308932776446e+03
3.725177060730277545e-01 2.432962832357348058e-06 -2.814129338441306118e+03 -1.774677261561061572e-07 4.753475670421407813e+03 7.997492150531311354e-06 9.578533706901482074e+05 0.000000000000000000e+00 5.876474584024243813e+04 0.000000000000000000e+00 2.171300360226428165e+04
3.775163034622419089e-01 -3.245758372925300584e-06 -2.479113728356582669e+03 8.302946211238372619e-06 4.742197833417229049e+03 -4.213762037049806846e-06 9.475718558829410467e+05 0.000000000000000000e+00 4.963755638148957951e+04 0.000000000000000000e+00 2.230331927100213215e+04
3.825226892977953153e-01 2.312737542229729655e-06 -2.767219459459459358e+03 -7.101522909628378688e-06 4.485702486486486123e+03 6.076709644214526793e-06 9.377018188108108006e+05 0.000000000000000000e+00 5.077963416216216137e+04 0.000000000000000000e+00 4.707967654054053855e+04
3.875130067694269043e-01 3.280076890147523885e-06 -2.165367544783983249e+03 -8.303096598393045215e-06 4.572343519494204884e+03 -2.355706201840753489e-05 9.289783030558483442e+05 0.000000000000000000e+00 4.711316838777661178e+04 0.000000000000000000e+00 3.145929778714436543e+04
3.924957861003909865e-01 4.274209120458275774e-07 -1.930475872944356979e+03 9.516400894667396022e-06 4.691744369710037972e+03 7.407581541853056073e-06 9.218187925465839216e+05 0.000000000000000000e+00 3.948189473819715204e+04 0.000000000000000000e+00 4.858395731342323415e+04
3.975064703251052212e-01 -5.783989529768911567e-06 -1.353161960225512757e+03 1.460517858249179153e-05 2.547074505916610178e+03 -2.103351422619416454e-05 9.115961778824112844e+05 0.000000000000000000e+00 3.352647434483613324e+04 0.000000000000000000e+00 3.756132680750883446e+04
