3.798113400606732779e-03 1.819802960526315655e+04 0.000000000000000000e+00 2.652271546052631311e+04 0.000000000000000000e+00 2.881676973684210316e+04
8.299341265228576958e-03 3.611625000000000000e+04 0.000000000000000000e+00 1.434338183593750000e+04 0.000000000000000000e+00 -1.281324414062500000e+04
1.293222767532251419e-02 3.580773248407643405e+04 0.000000000000000000e+00 1.514090764331210266e+04 0.000000000000000000e+00 -3.152489490445860065e+04
1.764839556552980082e-02 3.471795205479452125e+04 0.000000000000000000e+00 2.442898458904109430e+04 0.000000000000000000e+00 1.858207363013698705e+04
2.256548662787912635e-02 3.296088846880907658e+04 0.000000000000000000e+00 1.875773724007561395e+04 0.000000000000000000e+00 -9.608163516068052559e+03
2.777643688250242340e-02 3.228247073170731528e+04 0.000000000000000000e+00 1.733195609756097474e+04 0.000000000000000000e+00 7.257143292682926585e+03
3.269804980233311648e-02 2.868241200000000026e+04 0.000000000000000000e+00 1.426401900000000023e+04 0.000000000000000000e+00 -5.331903750000000173e+02
3.761648458559932462e-02 2.485432501685772149e+04 0.000000000000000000e+00 1.340157383681726242e+04 0.000000000000000000e+00 2.260981119352663427e+03
4.263843696389812976e-02 2.158535714285714130e+04 0.000000000000000000e+00 1.075557366071428442e+04 0.000000000000000000e+00 7.879318498883927759e+02
4.756514582339458480e-02 1.933907021369385257e+04 0.000000000000000000e+00 1.030588573920628005e+04 0.000000000000000000e+00 -1.067065198430004330e+03
5.262096060748640974e-02 1.785297471910112290e+04 0.000000000000000000e+00 7.707431882022471655e+03 0.000000000000000000e+00 -3.852259480337078799e+02
5.756031740041873956e-02 1.736766955445544590e+04 0.000000000000000000e+00 8.772324257425741962e+03 0.000000000000000000e+00 4.045053372524752433e+01
6.254738279606215923e-02 1.639118567574196641e+04 0.000000000000000000e+00 1.070608879077753227e+04 0.000000000000000000e+00 2.621905813097866030e+03
6.757793472572401483e-02 1.513811247803163315e+04 0.000000000000000000e+00 6.370183216168717081e+03 0.000000000000000000e+00 -1.001442223198593979e+03
7.255917516659465827e-02 1.417167788729775020e+04 0.000000000000000000e+00 6.915726241398549973e+03 0.000000000000000000e+00 4.684687558117909703e+02
7.753384299139773339e-02 1.303737127552728634e+04 0.000000000000000000e+00 6.366443923669233300e+03 0.000000000000000000e+00 9.286982758620690674e+02
8.251793356505521260e-02 1.219726490825688052e+04 0.000000000000000000e+00 5.023284977064220584e+03 0.000000000000000000e+00 -7.517848337155963918e+02
8.752751931716111489e-02 1.091031126085266442e+04 0.000000000000000000e+00 5.119812362316963117e+03 0.000000000000000000e+00 6.079632629260075873e+02
9.254701955136974967e-02 1.023264995442114923e+04 0.000000000000000000e+00 5.187418413855970357e+03 0.000000000000000000e+00 -7.004210346399270293e+01
9.754963178921903511e-02 9.370223385323981347e+03 0.000000000000000000e+00 4.521990997592379244e+03 0.000000000000000000e+00 9.227056422066366395e+02
1.025319613041059119e-01 8.661867166979362082e+03 0.000000000000000000e+00 3.997866041275797215e+03 0.000000000000000000e+00 1.912821880863039326e+02
1.075116003998943526e-01 8.251310130944177217e+03 0.000000000000000000e+00 3.793003445899379585e+03 0.000000000000000000e+00 7.378114231564438796e+01
1.125102861506304813e-01 7.794313364767720486e+03 0.000000000000000000e+00 3.655523537141532415e+03 0.000000000000000000e+00 4.726140140681765729e+02
1.175500852175193622e-01 7.393607168254871794e+03 0.000000000000000000e+00 3.267520409614564414e+03 0.000000000000000000e+00 3.797496444318020394e+02
1.225369446564099490e-01 7.254079576299239307e+03 0.000000000000000000e+00 3.178044356173452798e+03 0.000000000000000000e+00 2.146382654750082963e+02
1.275260957852891452e-01 7.031651224836284200e+03 0.000000000000000000e+00 3.053854959980596504e+03 0.000000000000000000e+00 1.191923356779044383e+02
1.325302087090364789e-01 6.653632904999719358e+03 0.000000000000000000e+00 2.747061107681948215e+03 0.000000000000000000e+00 -1.237073396554626470e+02
1.375062694904859717e-01 6.314982048574445798e+03 0.000000000000000000e+00 2.608423653643083526e+03 0.000000000000000000e+00 3.264624604012671512e+02
1.425134422753508989e-01 6.035384526780571832e+03 0.000000000000000000e+00 2.547399308888462201e+03 0.000000000000000000e+00 1.990812775964676575e+02
1.475259222195813014e-01 5.758982732698528707e+03 0.000000000000000000e+00 2.276704360107522007e+03 0.000000000000000000e+00 4.484370871110301238e+01
1.525299430011916868e-01 5.525383158606695361e+03 0.000000000000000000e+00 2.178389245857287733e+03 0.000000000000000000e+00 6.504708636286777335e+01
1.574945685492469272e-01 5.255100578315201346e+03 0.000000000000000000e+00 2.174054272657419006e+03 0.000000000000000000e+00 1.388741557811299288e+02
1.625189323163163113e-01 4.996832116788321400e+03 0.000000000000000000e+00 1.874675912408759359e+03 0.000000000000000000e+00 2.297430109489051233e+02
1.675461007718098694e-01 4.828757972665147463e+03 0.000000000000000000e+00 1.920885108200455534e+03 0.000000000000000000e+00 1.417619145074031906e+02
1.725292014006662711e-01 4.613887991561459785e+03 0.000000000000000000e+00 1.826769159771895829e+03 0.000000000000000000e+00 2.914554834031051200e+02
1.775301965061671094e-01 4.466244825845532432e+03 0.000000000000000000e+00 1.694271201413427434e+03 0.000000000000000000e+00 2.166520065623422511e+02
1.825147654490652804e-01 4.344407220301929556e+03 0.000000000000000000e+00 1.584499867056633775e+03 0.000000000000000000e+00 4.425574241484238769e+01
1.875360723572403465e-01 4.231087821229049950e+03 0.000000000000000000e+00 1.453285586592178788e+03 0.000000000000000000e+00 2.540426536312849066e+02
1.925323683450522461e-01 4.116628467387811725e+03 0.000000000000000000e+00 1.435349791153475280e+03 0.000000000000000000e+00 3.018889231016386177e+01
1.975198663583639380e-01 3.992519438472239472e+03 0.000000000000000000e+00 1.316772378904767947e+03 0.000000000000000000e+00 2.410482357404831077e+02
2.025153694923672032e-01 3.852263244234295144e+03 0.000000000000000000e+00 1.375963234584579823e+03 0.000000000000000000e+00 1.001139269516549319e+02
2.075088499274508613e-01 3.763422840000916040e+03 0.000000000000000000e+00 1.188163136320959893e+03 0.000000000000000000e+00 -3.827136383933682939e+00
2.125178062418619784e-01 3.646009425728748738e+03 0.000000000000000000e+00 1.245623756327456931e+03 0.000000000000000000e+00 1.152163553848839257e+02
2.175004174234404231e-01 3.548441040316471572e+03 0.000000000000000000e+00 1.123800521841595810e+03 0.000000000000000000e+00 8.031627703896978687e+01
2.225093171556767890e-01 3.429207462421938089e+03 0.000000000000000000e+00 1.049730383562183533e+03 0.000000000000000000e+00 1.425541458994109689e+02
2.275289586476768322e-01 3.357622531761824575e+03 0.000000000000000000e+00 1.037772922087861616e+03 0.000000000000000000e+00 9.881921590387264587e+01
2.325285406108919262e-01 3.276957051643534214e+03 0.000000000000000000e+00 1.008814436177760058e+03 0.000000000000000000e+00 8.230811489276554482e+01
2.375276552426477672e-01 3.200595113376692098e+03 0.000000000000000000e+00 9.607192125153806046e+02 0.000000000000000000e+00 2.176339646686588125e+01
2.424991024241769377e-01 3.080996336501612404e+03 0.000000000000000000e+00 9.044420508837979469e+02 0.000000000000000000e+00 2.967643880944743628e+01
2.474998551644826128e-01 3.053253154018571877e+03 0.000000000000000000e+00 8.539592699327569107e+02 0.000000000000000000e+00 1.476872878642330988e+02
2.525200307756395035e-01 2.978076090318589650e+03 0.000000000000000000e+00 8.161855242808537696e+02 0.000000000000000000e+00 4.005230436127435922e+01
2.575182250600202005e-01 2.895162864168094529e+03 0.000000000000000000e+00 7.199213769465762880e+02 0.000000000000000000e+00 1.875738395052529484e+01
2.625255687975799335e-01 2.836845096137387827e+03 0.000000000000000000e+00 7.370672676442060265e+02 0.000000000000000000e+00 5.492468049295372623e+01
2.675305520911575030e-01 2.783910744121179960e+03 0.000000000000000000e+00 7.077076538573065818e+02 0.000000000000000000e+00 -2.985460018502920221e+01
2.725404586615198799e-01 2.722878510604537951e+03 0.000000000000000000e+00 6.901220711905642702e+02 0.000000000000000000e+00 2.247178459036335596e+01
2.775333197047151201e-01 2.672769457440483620e+03 0.000000000000000000e+00 6.830237547496575417e+02 0.000000000000000000e+00 5.258537428593584195e+01
2.825123907298719983e-01 2.621226455875995725e+03 0.000000000000000000e+00 6.156330760205026991e+02 0.000000000000000000e+00 -1.084888300500216118e+01
2.875104651677040102e-01 2.549091170273894022e+03 0.000000000000000000e+00 6.282925205899252887e+02 0.000000000000000000e+00 3.130155262401838456e+01
2.924971317655564174e-01 2.517879249557849107e+03 0.000000000000000000e+00 5.580042770116403972e+02 0.000000000000000000e+00 -4.558467327098914268e+01
2.975058823671092867e-01 2.469591865731284997e+03 0.000000000000000000e+00 5.699054258058787354e+02 0.000000000000000000e+00 5.166315158511677197e+01
3.025121359101998753e-01 2.429627772253685634e+03 0.000000000000000000e+00 5.223213436513768784e+02 0.000000000000000000e+00 -4.963921252864121669e+01
3.075010376196579687e-01 2.398570810471861023e+03 0.000000000000000000e+00 5.354698855620003997e+02 0.000000000000000000e+00 6.650976119558970368e+01
3.125134169243361515e-01 2.356123386285943980e+03 0.000000000000000000e+00 4.646559823044440236e+02 0.000000000000000000e+00 2.594061683088678905e+01
3.175159688234982513e-01 2.300082482734229870e+03 0.000000000000000000e+00 4.565505398316157653e+02 0.000000000000000000e+00 -3.438017850301107359e+01
3.225221380836135188e-01 2.269869888616197841e+03 0.000000000000000000e+00 4.450379082499528067e+02 0.000000000000000000e+00 -2.247245271498017893e-01
3.275181733526948968e-01 2.233991706775268540e+03 0.000000000000000000e+00 4.137621621621621557e+02 0.000000000000000000e+00 -3.273017169566826823e+01
3.325123842131759710e-01 2.218264355035270455e+03 0.000000000000000000e+00 4.209603529715256514e+02 0.000000000000000000e+00 -1.565866928489463383e+01
3.374959366892091861e-01 2.164129208562520034e+03 0.000000000000000000e+00 3.756439407210174295e+02 0.000000000000000000e+00 -3.846956346564832074e+01
3.424919221947719805e-01 2.136422772087441444e+03 0.000000000000000000e+00 3.986953804098709497e+02 0.000000000000000000e+00 -5.898512051104685128e+00
3.475179778446125245e-01 2.109140523409677371e+03 0.000000000000000000e+00 3.592606593262979118e+02 0.000000000000000000e+00 2.083790676969320543e+01
3.525052850529177828e-01 2.084423950183618217e+03 0.000000000000000000e+00 3.615574644738942993e+02 0.000000000000000000e+00 -3.867594603225291650e+01
3.575133254796376558e-01 2.044721049122027125e+03 0.000000000000000000e+00 3.269949643982187695e+02 0.000000000000000000e+00 5.829858742555817486e+00
3.625250227669692404e-01 2.029129107062189405e+03 0.000000000000000000e+00 3.518511067610299392e+02 0.000000000000000000e+00 -7.209821563017617230e+00
3.675230446100045678e-01 1.999723902631061037e+03 0.000000000000000000e+00 3.193244829371067794e+02 0.000000000000000000e+00 -1.220627474137742574e+01
3.725177060730277545e-01 1.985960317914117468e+03 0.000000000000000000e+00 2.972218251472354495e+02 0.000000000000000000e+00 8.116514197316885282e-01
3.775163034622419089e-01 1.942261493163059185e+03 0.000000000000000000e+00 2.661537846242957812e+02 0.000000000000000000e+00 1.488786214582715539e+00
3.825226892977953153e-01 1.930186378378378322e+03 0.000000000000000000e+00 2.687934594594594842e+02 0.000000000000000000e+00 1.372506756756756729e+01
3.875130067694269043e-01 1.916071232876712429e+03 0.000000000000000000e+00 2.749741570073762205e+02 0.000000000000000000e+00 -9.662215983930453334e+00
3.924957861003909865e-01 1.893765004988253622e+03 0.000000000000000000e+00 2.640970102661474925e+02 0.000000000000000000e+00 3.763010652334824613e+01
3.975064703251052212e-01 1.872448448051545938e+03 0.000000000000000000e+00 2.424198500712471400e+02 0.000000000000000000e+00 6.452293538194659561e+01
