3.798113400606732779e-03 -2.450252105263157864e+05 0.000000000000000000e+00 -1.296362315789473709e+06 0.000000000000000000e+00 -4.776004631578947417e+06 1.176056320000000000e+08 0.000000000000000000e+00 3.614533254736841917e+08 0.000000000000000000e+00 2.940711073684210181e+08
8.299341265228576958e-03 6.556745000000000000e+05 0.000000000000000000e+00 -2.361150625000000000e+05 0.000000000000000000e+00 4.695076250000000000e+05 3.394343600000000000e+07 0.000000000000000000e+00 5.353200800000000000e+07 0.000000000000000000e+00 -9.685954000000000000e+06
1.293222767532251419e-02 8.399533757961783558e+05 0.000000000000000000e+00 5.599065477707006503e+05 0.000000000000000000e+00 -1.483105095541401242e+05 1.123072244585987367e+07 0.000000000000000000e+00 1.803550002547770739e+07 0.000000000000000000e+00 -6.532051159235669300e+06
1.764839556552980082e-02 9.550965479452054715e+05 0.000000000000000000e+00 6.290449863013698487e+05 0.000000000000000000e+00 1.216963972602739668e+05 8.251282410958903842e+06 0.000000000000000000e+00 1.581724580821917765e+07 0.000000000000000000e+00 -1.842203178082191618e+06
2.256548662787912635e-02 9.822638336483931635e+05 0.000000000000000000e+00 8.848947296786389779e+05 0.000000000000000000e+00 -2.085011720226843026e+05 4.812686275992439128e+06 0.000000000000000000e+00 8.286055077504726127e+06 0.000000000000000000e+00 -3.042109943289224990e+06
2.777643688250242340e-02 8.852907707317073364e+05 0.000000000000000000e+00 6.340810146341463551e+05 0.000000000000000000e+00 -8.187964878048779792e+04 2.878540175609756261e+06 0.000000000000000000e+00 5.563412604878048413e+06 0.000000000000000000e+00 1.619070243902438961e+05
3.269804980233311648e-02 7.148565760000000009e+05 0.000000000000000000e+00 5.294699520000000484e+05 0.000000000000000000e+00 7.954384000000000015e+03 1.793142527999999933e+06 0.000000000000000000e+00 3.244230143999999855e+06 0.000000000000000000e+00 -4.665894720000000088e+05
3.761648458559932462e-02 6.104855131490222411e+05 0.000000000000000000e+00 4.866087875927174464e+05 0.000000000000000000e+00 1.330163074848280521e+05 1.140200609575185459e+06 0.000000000000000000e+00 2.155047703304113355e+06 0.000000000000000000e+00 1.015164180714767281e+05
4.263843696389812976e-02 5.218927500000000000e+05 0.000000000000000000e+00 4.072653214285714203e+05 0.000000000000000000e+00 -1.555588839285714130e+04 7.922381428571428405e+05 0.000000000000000000e+00 1.498080142857142724e+06 0.000000000000000000e+00 1.221799642857142753e+05
4.756514582339458480e-02 4.550462241604884621e+05 0.000000000000000000e+00 2.896113318796336534e+05 0.000000000000000000e+00 -3.938823549934583571e+04 5.565462887047536206e+05 0.000000000000000000e+00 9.240360191888356348e+05 0.000000000000000000e+00 -1.380472324465765269e+05
5.262096060748640974e-02 4.286282247191010974e+05 0.000000000000000000e+00 2.999082022471909877e+05 0.000000000000000000e+00 1.495587415730337088e+05 4.469983820224719238e+05 0.000000000000000000e+00 7.681555056179774692e+05 0.000000000000000000e+00 4.079689325842696417e+04
5.756031740041873956e-02 4.083015049504950293e+05 0.000000000000000000e+00 3.218893861386138597e+05 0.000000000000000000e+00 -3.021158663366336623e+04 3.567602772277227486e+05 0.000000000000000000e+00 5.777651089108911110e+05 0.000000000000000000e+00 -5.289635643564356724e+04
6.254738279606215923e-02 3.545401579592837370e+05 0.000000000000000000e+00 2.425202531272994529e+05 0.000000000000000000e+00 3.764853765023301094e+04 2.800698081922982237e+05 0.000000000000000000e+00 4.525880009811135242e+05 0.000000000000000000e+00 1.080128427765513698e+04
6.757793472572401483e-02 3.245860949033391662e+05 0.000000000000000000e+00 2.243924499121265253e+05 0.000000000000000000e+00 8.162655536028119059e+03 2.357800210896309291e+05 0.000000000000000000e+00 3.585111001757468912e+05 0.000000000000000000e+00 -6.860200351493848757e+03
7.255917516659465827e-02 3.090357061558489804e+05 0.000000000000000000e+00 1.965245631392970099e+05 0.000000000000000000e+00 -8.023668960386832623e+03 2.024891679375116364e+05 0.000000000000000000e+00 2.873886375302213128e+05 0.000000000000000000e+00 -1.684033773479635420e+04
7.753384299139773339e-02 2.783578975560763502e+05 0.000000000000000000e+00 1.945535292936056212e+05 0.000000000000000000e+00 4.261489655172413768e+04 1.661614516237027128e+05 0.000000000000000000e+00 2.318293190492132853e+05 0.000000000000000000e+00 2.041821760964178247e+04
8.251793356505521260e-02 2.558150458715596469e+05 0.000000000000000000e+00 1.520738899082568823e+05 0.000000000000000000e+00 -1.086328669724770771e+04 1.484929266055045882e+05 0.000000000000000000e+00 1.879960917431192647e+05 0.000000000000000000e+00 -7.037335435779817089e+03
8.752751931716111489e-02 2.271878419074770063e+05 0.000000000000000000e+00 1.515414010625891096e+05 0.000000000000000000e+00 1.343574860697162148e+04 1.279590224180381047e+05 0.000000000000000000e+00 1.603196102112219960e+05 0.000000000000000000e+00 1.018453284955293566e+04
9.254701955136974967e-02 2.124195150410209608e+05 0.000000000000000000e+00 1.268432014585232391e+05 0.000000000000000000e+00 1.834116499544211547e+04 1.158552780309936206e+05 0.000000000000000000e+00 1.364087948951686267e+05 0.000000000000000000e+00 8.804327256153144845e+03
9.754963178921903511e-02 1.848366628284308536e+05 0.000000000000000000e+00 9.887023887783942337e+04 0.000000000000000000e+00 -5.444575316654453673e+03 1.014719363550717098e+05 0.000000000000000000e+00 1.110521193342405459e+05 0.000000000000000000e+00 -1.374305558463310035e+03
1.025319613041059119e-01 1.761220202626641549e+05 0.000000000000000000e+00 1.011848885553470900e+05 0.000000000000000000e+00 -2.872063789868667754e+03 9.456691632270168338e+04 0.000000000000000000e+00 9.778699287054408342e+04 0.000000000000000000e+00 3.164894559099437174e+03
1.075116003998943526e-01 1.602102715368711215e+05 0.000000000000000000e+00 8.475280496209510602e+04 0.000000000000000000e+00 -2.081120778773259872e+02 8.597356857339765702e+04 0.000000000000000000e+00 8.175298139214335242e+04 0.000000000000000000e+00 -6.425090885596140424e+02
1.125102861506304813e-01 1.484605778774058854e+05 0.000000000000000000e+00 7.378209105665919196e+04 0.000000000000000000e+00 1.057240967766870199e+04 7.901575944964056544e+04 0.000000000000000000e+00 7.003393800726598420e+04 0.000000000000000000e+00 9.063848496560254716e+03
1.175500852175193622e-01 1.424369199260418245e+05 0.000000000000000000e+00 7.885656549566207104e+04 0.000000000000000000e+00 8.065261271511876657e+03 7.397048727065851563e+04 0.000000000000000000e+00 6.261816981937136006e+04 0.000000000000000000e+00 2.935875977812544534e+03
1.225369446564099490e-01 1.383295872889771708e+05 0.000000000000000000e+00 7.382563760344257753e+04 0.000000000000000000e+00 -1.566208937437934537e+03 6.789286514399206499e+04 0.000000000000000000e+00 5.464081032770605816e+04 0.000000000000000000e+00 2.621137371731214898e+03
1.275260957852891452e-01 1.288063177298083901e+05 0.000000000000000000e+00 6.495119864176570263e+04 0.000000000000000000e+00 3.118354353626000375e+03 6.511740771283046342e+04 0.000000000000000000e+00 4.882793693912199524e+04 0.000000000000000000e+00 1.939301843317972271e+03
1.325302087090364789e-01 1.246938923741653125e+05 0.000000000000000000e+00 5.803383603613713785e+04 0.000000000000000000e+00 -7.411476348128611789e+03 6.083752157566915412e+04 0.000000000000000000e+00 4.040711340553280024e+04 0.000000000000000000e+00 5.486264519387240171e+02
1.375062694904859717e-01 1.173695121436113986e+05 0.000000000000000000e+00 5.790635522703273455e+04 0.000000000000000000e+00 7.917363463569166015e+03 5.826369419218584517e+04 0.000000000000000000e+00 3.924258669482576806e+04 0.000000000000000000e+00 5.203326715945089745e+03
1.425134422753508989e-01 1.085492585909003683e+05 0.000000000000000000e+00 5.042546362065655558e+04 0.000000000000000000e+00 -2.601879439431752417e+02 5.496966634670762141e+04 0.000000000000000000e+00 3.411100172777884291e+04 0.000000000000000000e+00 -1.411783067767325747e+03
1.475259222195813014e-01 1.045537753884003760e+05 0.000000000000000000e+00 4.589418451865688985e+04 0.000000000000000000e+00 4.550875210715749745e+03 5.347784482208756526e+04 0.000000000000000000e+00 3.136281962731787280e+04 0.000000000000000000e+00 6.950938083739578133e+02
1.525299430011916868e-01 9.673384646601285203e+04 0.000000000000000000e+00 4.666268244842746208e+04 0.000000000000000000e+00 8.502905647615825728e+03 5.076848156915792788e+04 0.000000000000000000e+00 2.916326006087250425e+04 0.000000000000000000e+00 3.405158606695975323e+03
1.574945685492469272e-01 9.101639115137298359e+04 0.000000000000000000e+00 4.123806753750960343e+04 0.000000000000000000e+00 3.535149755328183346e+03 4.897688324503578770e+04 0.000000000000000000e+00 2.590597678650867238e+04 0.000000000000000000e+00 6.730531807336109296e+02
1.625189323163163113e-01 8.770369401459854271e+04 0.000000000000000000e+00 3.862461664233577176e+04 0.000000000000000000e+00 4.966940729927007851e+03 4.670478014598540904e+04 0.000000000000000000e+00 2.302658802919708251e+04 0.000000000000000000e+00 -9.223344890510949767e+01
1.675461007718098694e-01 8.425754897494304169e+04 0.000000000000000000e+00 3.606061275626423594e+04 0.000000000000000000e+00 2.414749145785876863e+03 4.544322095671981515e+04 0.000000000000000000e+00 2.127035990888382730e+04 0.000000000000000000e+00 2.581956684225512504e+02
1.725292014006662711e-01 8.005819639384250331e+04 0.000000000000000000e+00 3.411278056498664955e+04 0.000000000000000000e+00 6.659296832251046908e+03 4.369069479513465922e+04 0.000000000000000000e+00 2.032328575666677716e+04 0.000000000000000000e+00 3.024164551537726311e+03
1.775301965061671094e-01 7.680183341746592487e+04 0.000000000000000000e+00 2.867916607773851501e+04 0.000000000000000000e+00 1.911487506309944365e+03 4.213532963149924035e+04 0.000000000000000000e+00 1.739172741039878747e+04 0.000000000000000000e+00 1.969173523472993338e+03
1.825147654490652804e-01 7.342083630240184721e+04 0.000000000000000000e+00 3.008774829389346996e+04 0.000000000000000000e+00 4.020549144731011438e+03 4.134081975833850447e+04 0.000000000000000000e+00 1.673660598540577121e+04 0.000000000000000000e+00 1.622688705722473230e+02
1.875360723572403465e-01 7.057831329608938540e+04 0.000000000000000000e+00 2.644992893854748763e+04 0.000000000000000000e+00 3.306597541899441239e+03 4.035243262569832586e+04 0.000000000000000000e+00 1.573547977653631278e+04 0.000000000000000000e+00 2.068586815642458077e+03
1.925323683450522461e-01 6.889461882831744151e+04 0.000000000000000000e+00 2.388658455606725693e+04 0.000000000000000000e+00 3.813928242476169999e+03 3.948054921280925191e+04 0.000000000000000000e+00 1.583212595051943754e+04 0.000000000000000000e+00 -4.543034098211416705e+01
1.975198663583639380e-01 6.650056992538257327e+04 0.000000000000000000e+00 2.382042767168331557e+04 0.000000000000000000e+00 3.076050082205640592e+03 3.868572798785885971e+04 0.000000000000000000e+00 1.420647021626406968e+04 0.000000000000000000e+00 1.116555254837485791e+03
2.025153694923672032e-01 6.285594210170800216e+04 0.000000000000000000e+00 2.151366206696902736e+04 0.000000000000000000e+00 -6.389667084820998753e+02 3.742683006851297978e+04 0.000000000000000000e+00 1.307497520023159450e+04 0.000000000000000000e+00 3.153078741677121002e+02
2.075088499274508613e-01 6.101670805376812496e+04 0.000000000000000000e+00 1.981041599303853945e+04 0.000000000000000000e+00 1.967595868923034686e+03 3.654037564404955629e+04 0.000000000000000000e+00 1.158094062149350793e+04 0.000000000000000000e+00 -3.282333234101994890e+02
2.125178062418619784e-01 5.925990015709547879e+04 0.000000000000000000e+00 2.030829533950078621e+04 0.000000000000000000e+00 1.336890033164601164e+03 3.588315447722115641e+04 0.000000000000000000e+00 1.131011345784604782e+04 0.000000000000000000e+00 -1.183210158840984604e+03
2.175004174234404231e-01 5.647310765087114123e+04 0.000000000000000000e+00 1.790460062284319429e+04 0.000000000000000000e+00 2.042578907499368825e+03 3.502739769379681820e+04 0.000000000000000000e+00 1.070538574194091416e+04 0.000000000000000000e+00 -6.763300227253598678e+02
2.225093171556767890e-01 5.560512550974173064e+04 0.000000000000000000e+00 1.722969870569925843e+04 0.000000000000000000e+00 2.768082267882823544e+03 3.429895927976202074e+04 0.000000000000000000e+00 1.020505411634916527e+04 0.000000000000000000e+00 7.446802860463742491e+02
2.275289586476768322e-01 5.343979917342721455e+04 0.000000000000000000e+00 1.682158763202204136e+04 0.000000000000000000e+00 2.575337823358334845e+03 3.351123465482932806e+04 0.000000000000000000e+00 9.360844328792285523e+03 0.000000000000000000e+00 -5.407532144497168929e+02
2.325285406108919262e-01 5.205060753460790147e+04 0.000000000000000000e+00 1.498510759827551738e+04 0.000000000000000000e+00 1.188826151019591407e+03 3.305228326633074903e+04 0.000000000000000000e+00 9.075515034653375551e+03 0.000000000000000000e+00 2.456727484401433514e+02
2.375276552426477672e-01 5.000018393390754500e+04 0.000000000000000000e+00 1.471865115134470034e+04 0.000000000000000000e+00 2.051715380558973720e+03 3.225456002812445149e+04 0.000000000000000000e+00 8.029629671295482694e+03 0.000000000000000000e+00 1.864639303919845474e+02
2.424991024241769377e-01 4.849878574443300022e+04 0.000000000000000000e+00 1.314268249117890446e+04 0.000000000000000000e+00 9.353219995610554633e+02 3.192032333327705783e+04 0.000000000000000000e+00 7.463360761737544635e+03 0.000000000000000000e+00 -4.280441308054631691e+02
2.474998551644826128e-01 4.723711098302913888e+04 0.000000000000000000e+00 1.133816048671149474e+04 0.000000000000000000e+00 2.216383733589497297e+03 3.139618879282740818e+04 0.000000000000000000e+00 7.658016522574447663e+03 0.000000000000000000e+00 -6.835629843099583240e+02
2.525200307756395035e-01 4.583044948963810748e+04 0.000000000000000000e+00 1.135004466439839234e+04 0.000000000000000000e+00 1.665323600371172461e+03 3.095060785648005185e+04 0.000000000000000000e+00 7.422645963501392544e+03 0.000000000000000000e+00 -7.787060934116919952e+02
2.575182250600202005e-01 4.451635711198867648e+04 0.000000000000000000e+00 9.834483868564189834e+03 0.000000000000000000e+00 1.510444944489978297e+03 3.040242914834960175e+04 0.000000000000000000e+00 6.484477997168616639e+03 0.000000000000000000e+00 -1.130740421727143939e+03
2.625255687975799335e-01 4.357061356763850199e+04 0.000000000000000000e+00 9.741486848861755789e+03 0.000000000000000000e+00 1.461706624065727055e+03 3.010190905460147042e+04 0.000000000000000000e+00 6.933285102983967590e+03 0.000000000000000000e+00 -1.809982313002795706e+02
2.675305520911575030e-01 4.259920454011957918e+04 0.000000000000000000e+00 8.803183606964830688e+03 0.000000000000000000e+00 5.727918697615332349e+02 2.968392836332002844e+04 0.000000000000000000e+00 6.664505378274257055e+03 0.000000000000000000e+00 2.131328792753483015e+01
2.725404586615198799e-01 4.109449918019781035e+04 0.000000000000000000e+00 7.707872851324906151e+03 0.000000000000000000e+00 1.482940180885386326e+03 2.914477473951446518e+04 0.000000000000000000e+00 5.812681440736235345e+03 0.000000000000000000e+00 -4.207509652509652369e+02
2.775333197047151201e-01 4.025821180241424736e+04 0.000000000000000000e+00 7.032761599503709476e+03 0.000000000000000000e+00 3.126651588388864411e+02 2.853465319099439148e+04 0.000000000000000000e+00 5.596355985214671819e+03 0.000000000000000000e+00 -1.102351280791997169e+03
2.825123907298719983e-01 3.901054253072315623e+04 0.000000000000000000e+00 7.782483789291669382e+03 0.000000000000000000e+00 1.474537293892422667e+03 2.842350941764960226e+04 0.000000000000000000e+00 5.245898943988143401e+03 0.000000000000000000e+00 -9.682569011301179671e+02
2.875104651677040102e-01 3.837100019153418543e+04 0.000000000000000000e+00 7.379751005554490803e+03 0.000000000000000000e+00 1.759868032943880507e+03 2.794005439570963426e+04 0.000000000000000000e+00 5.126227925684734146e+03 0.000000000000000000e+00 -4.920067036966098044e+02
2.924971317655564174e-01 3.734022883168225235e+04 0.000000000000000000e+00 6.183827532395473099e+03 0.000000000000000000e+00 -6.539128876764266352e+01 2.756922826526719655e+04 0.000000000000000000e+00 4.506700759458552966e+03 0.000000000000000000e+00 -6.869664890358228604e+02
2.975058823671092867e-01 3.646464647899831471e+04 0.000000000000000000e+00 5.517427581919900149e+03 0.000000000000000000e+00 7.181515851167746405e+02 2.726045360092354167e+04 0.000000000000000000e+00 4.895340023088535418e+03 0.000000000000000000e+00 -4.624150164283811364e+02
3.025121359101998753e-01 3.540294842419264023e+04 0.000000000000000000e+00 5.325552721456054314e+03 0.000000000000000000e+00 4.006003199169945219e+02 2.692044304180537074e+04 0.000000000000000000e+00 4.531570619514936880e+03 0.000000000000000000e+00 -1.085012580519648964e+03
3.075010376196579687e-01 3.491810837644353887e+04 0.000000000000000000e+00 4.713255034749438892e+03 0.000000000000000000e+00 2.611849101217536884e+00 2.639350234624026780e+04 0.000000000000000000e+00 3.901065370747766337e+03 0.000000000000000000e+00 -7.101801954329309865e+02
3.125134169243361515e-01 3.386224942690529133e+04 0.000000000000000000e+00 3.774228192238085740e+03 0.000000000000000000e+00 9.714834506334204889e+02 2.631985779207721862e+04 0.000000000000000000e+00 4.192960707822239783e+03 0.000000000000000000e+00 -9.685535491654936777e+02
3.175159688234982513e-01 3.326180177029403421e+04 0.000000000000000000e+00 3.551447338173315984e+03 0.000000000000000000e+00 5.364524958002181165e+02 2.604207916220491097e+04 0.000000000000000000e+00 4.046799893900246389e+03 0.000000000000000000e+00 -1.179383167470601620e+03
3.225221380836135188e-01 3.282742563715310826e+04 0.000000000000000000e+00 3.843924938644516260e+03 0.000000000000000000e+00 1.467198602982820432e+02 2.572144413819142937e+04 0.000000000000000000e+00 3.864766018501038616e+03 0.000000000000000000e+00 -7.870072116292241162e+02
3.275181733526948968e-01 3.226353261754905543e+04 0.000000000000000000e+00 3.345628730099962922e+03 0.000000000000000000e+00 3.943815253609774345e+02 2.535241169937060477e+04 0.000000000000000000e+00 3.283129211403183945e+03 0.000000000000000000e+00 -1.267367937800814616e+03
3.325123842131759710e-01 3.173300550628463679e+04 0.000000000000000000e+00 2.926677922378288258e+03 0.000000000000000000e+00 -1.101949971979327074e+02 2.509208991522634460e+04 0.000000000000000000e+00 3.643190762962897224e+03 0.000000000000000000e+00 -7.165889856516363352e+02
3.374959366892091861e-01 3.086678989594646919e+04 0.000000000000000000e+00 2.391967487650212206e+03 0.000000000000000000e+00 3.276565620292191028e+01 2.489458066776442865e+04 0.000000000000000000e+00 3.062095785306380094e+03 0.000000000000000000e+00 -1.072821777668780442e+03
3.424919221947719805e-01 3.036267871221528912e+04 0.000000000000000000e+00 2.887688171415713441e+03 0.000000000000000000e+00 7.102487728041737682e+02 2.455500820908583410e+04 0.000000000000000000e+00 2.928613522906266553e+03 0.000000000000000000e+00 -8.469278350515464808e+02
3.475179778446125245e-01 2.966048603260691743e+04 0.000000000000000000e+00 1.975067533570751721e+03 0.000000000000000000e+00 1.999205247165681101e+02 2.441265331460123343e+04 0.000000000000000000e+00 2.755467703466526928e+03 0.000000000000000000e+00 -8.573968699970594116e+02
3.525052850529177828e-01 2.926628133482356861e+04 0.000000000000000000e+00 1.975946862525946017e+03 0.000000000000000000e+00 8.350946191920804722e+02 2.412998856777901892e+04 0.000000000000000000e+00 2.908462270477406946e+03 0.000000000000000000e+00 -9.172171802650486825e+02
3.575133254796376558e-01 2.876798307669903807e+04 0.000000000000000000e+00 1.849502310858351620e+03 0.000000000000000000e+00 6.602598278544658115e+02 2.374853397306681291e+04 0.000000000000000000e+00 2.707508887032367511e+03 0.000000000000000000e+00 -6.104181312322278927e+02
3.625250227669692404e-01 2.809177509411233041e+04 0.000000000000000000e+00 1.800320554133413452e+03 0.000000000000000000e+00 3.906141544948049500e+02 2.359532648697485274e+04 0.000000000000000000e+00 2.375965788284896917e+03 0.000000000000000000e+00 -7.918108116247552744e+02
3.675230446100045678e-01 2.799383487522691212e+04 0.000000000000000000e+00 1.349922154422646599e+03 0.000000000000000000e+00 4.632316339697745207e+02 2.333347925551691878e+04 0.000000000000000000e+00 2.696658282848165527e+03 0.000000000000000000e+00 -4.870023985011190462e+02
3.725177060730277545e-01 2.751284761850305949e+04 0.000000000000000000e+00 9.484935102064155217e+02 0.000000000000000000e+00 7.483770369946823848e+02 2.323404013951626985e+04 0.000000000000000000e+00 2.479190805649265258e+03 0.000000000000000000e+00 -7.065131225341643812e+02
3.775163034622419089e-01 2.696142798629164099e+04 0.000000000000000000e+00 9.226341012680921949e+02 0.000000000000000000e+00 2.721587080491790971e+02 2.310327933195881997e+04 0.000000000000000000e+00 2.310296246750470800e+03 0.000000000000000000e+00 -7.336731645761648224e+02
3.825226892977953153e-01 2.666143999999999869e+04 0.000000000000000000e+00 1.067721297297297269e+03 0.000000000000000000e+00 1.366043675675675559e+03 2.287842767567567716e+04 0.000000000000000000e+00 1.879344864864864803e+03 0.000000000000000000e+00 -7.026164864864864512e+02
3.875130067694269043e-01 2.632930832455216296e+04 0.000000000000000000e+00 6.610231822971549036e+02 0.000000000000000000e+00 7.876582191780822768e+02 2.260865753424657669e+04 0.000000000000000000e+00 2.158836670179136036e+03 0.000000000000000000e+00 -7.331436248682824726e+02
3.924957861003909865e-01 2.601897395166221759e+04 0.000000000000000000e+00 5.195987255816947936e+02 0.000000000000000000e+00 1.011844881408296601e+03 2.251491041096772096e+04 0.000000000000000000e+00 1.984759192868406672e+03 0.000000000000000000e+00 -1.376874971840504713e+02
3.975064703251052212e-01 2.591742191933585491e+04 0.000000000000000000e+00 2.454904404931540967e+02 0.000000000000000000e+00 1.455242971315284194e+03 2.226058539123970331e+04 0.000000000000000000e+00 1.865092869091134617e+03 0.000000000000000000e+00 -1.944317824174462714e+02
