3.798113400606732779e-03 2.754316447368420995e+04 0.000000000000000000e+00 4.655245888157894115e+03 0.000000000000000000e+00 7.643759868421052488e+03
8.299341265228576958e-03 3.555397656250000000e+04 0.000000000000000000e+00 3.065358398437500000e+04 0.000000000000000000e+00 2.328127734375000000e+04
1.293222767532251419e-02 3.382460191082803067e+04 0.000000000000000000e+00 1.230647452229299415e+04 0.000000000000000000e+00 4.839718949044586225e+03
1.764839556552980082e-02 3.863485958904109430e+04 0.000000000000000000e+00 1.970111130136986321e+04 0.000000000000000000e+00 3.754777397260273801e+02
2.256548662787912635e-02 3.440653308128544450e+04 0.000000000000000000e+00 1.548585349716446217e+04 0.000000000000000000e+00 -7.947961247637051201e+03
2.777643688250242340e-02 3.006872439024390405e+04 0.000000000000000000e+00 1.646812317073170561e+04 0.000000000000000000e+00 1.249120121951219517e+03
3.269804980233311648e-02 2.858855600000000049e+04 0.000000000000000000e+00 1.520259000000000015e+04 0.000000000000000000e+00 -4.622324499999999716e+03
3.761648458559932462e-02 2.447008496291301344e+04 0.000000000000000000e+00 1.472128523263654824e+04 0.000000000000000000e+00 2.782139076196898259e+03
4.263843696389812976e-02 2.136788839285714130e+04 0.000000000000000000e+00 1.124813392857142753e+04 0.000000000000000000e+00 -3.869856863839285325e+03
4.756514582339458480e-02 2.007856083733100968e+04 0.000000000000000000e+00 1.124717749672917671e+04 0.000000000000000000e+00 -7.029260248582643271e+02
5.262096060748640974e-02 1.810600561797752744e+04 0.000000000000000000e+00 9.155580758426965986e+03 0.000000000000000000e+00 1.991757549157303401e+03
5.756031740041873956e-02 1.723707425742574196e+04 0.000000000000000000e+00 1.035870544554455410e+04 0.000000000000000000e+00 1.670253094059406067e+03
6.254738279606215923e-02 1.587805543291635877e+04 0.000000000000000000e+00 8.107342653912190144e+03 0.000000000000000000e+00 1.495719156242334975e+03
6.757793472572401483e-02 1.513841476274165143e+04 0.000000000000000000e+00 7.976891915641475862e+03 0.000000000000000000e+00 1.501044815465729243e+03
7.255917516659465827e-02 1.433523972475358096e+04 0.000000000000000000e+00 7.557975079040356832e+03 0.000000000000000000e+00 9.704237493025850654e+02
7.753384299139773339e-02 1.320379377301640488e+04 0.000000000000000000e+00 6.460837629728825050e+03 0.000000000000000000e+00 9.169656846334114562e+02
8.251793356505521260e-02 1.223235550458715625e+04 0.000000000000000000e+00 5.949602064220183820e+03 0.000000000000000000e+00 4.370552608944954187e+01
8.752751931716111489e-02 1.104065517688220825e+04 0.000000000000000000e+00 5.312880134767397067e+03 0.000000000000000000e+00 5.405674808863548151e+02
9.254701955136974967e-02 1.007480583409298015e+04 0.000000000000000000e+00 4.700886052871467655e+03 0.000000000000000000e+00 9.995547515952597450e+01
9.754963178921903511e-02 9.301391395373180785e+03 0.000000000000000000e+00 4.314316340416623461e+03 0.000000000000000000e+00 -1.498926646079765419e+02
1.025319613041059119e-01 8.676685928705441256e+03 0.000000000000000000e+00 4.038740712945590985e+03 0.000000000000000000e+00 5.147564258911819479e+02
1.075116003998943526e-01 8.169119917298415203e+03 0.000000000000000000e+00 3.671355961405926791e+03 0.000000000000000000e+00 4.034430565127498198e+02
1.125102861506304813e-01 7.853605008889232522e+03 0.000000000000000000e+00 3.760308881502666736e+03 0.000000000000000000e+00 1.040271778619463703e+03
1.175500852175193622e-01 7.430691509031432361e+03 0.000000000000000000e+00 3.425722941260133666e+03 0.000000000000000000e+00 6.731201820509173785e+02
1.225369446564099490e-01 7.200649321416750354e+03 0.000000000000000000e+00 3.295823899371069274e+03 0.000000000000000000e+00 -1.332084160873882865e+02
1.275260957852891452e-01 6.854064031045355478e+03 0.000000000000000000e+00 2.899077855930147962e+03 0.000000000000000000e+00 4.422433300994421188e+02
1.325302087090364789e-01 6.654337691487570737e+03 0.000000000000000000e+00 2.691401155939621731e+03 0.000000000000000000e+00 1.741574897592727567e+01
1.375062694904859717e-01 6.322643717001055848e+03 0.000000000000000000e+00 2.731476874340020913e+03 0.000000000000000000e+00 6.208616156282998872e+02
1.425134422753508989e-01 5.999735073910539541e+03 0.000000000000000000e+00 2.663271645229410751e+03 0.000000000000000000e+00 -5.928861105778459972e+01
1.475259222195813014e-01 5.768094036174768917e+03 0.000000000000000000e+00 2.494193448448676463e+03 0.000000000000000000e+00 2.423043646635381947e+02
1.525299430011916868e-01 5.514805207981061358e+03 0.000000000000000000e+00 2.389513865404125681e+03 0.000000000000000000e+00 4.136915793033479645e+02
1.574945685492469272e-01 5.232181825534839845e+03 0.000000000000000000e+00 2.184123751364904820e+03 0.000000000000000000e+00 1.071769346261171840e+01
1.625189323163163113e-01 5.042948321167883478e+03 0.000000000000000000e+00 2.110290510948905194e+03 0.000000000000000000e+00 3.707922627737226549e+02
1.675461007718098694e-01 4.805249430523917908e+03 0.000000000000000000e+00 2.022223661731207130e+03 0.000000000000000000e+00 4.492152797551252519e+01
1.725292014006662711e-01 4.641288459636747575e+03 0.000000000000000000e+00 1.875833998088143289e+03 0.000000000000000000e+00 2.989808155058179864e+02
1.775301965061671094e-01 4.520513377082281295e+03 0.000000000000000000e+00 1.611264134275618289e+03 0.000000000000000000e+00 7.842840579252901989e+01
1.825147654490652804e-01 4.308165322461520191e+03 0.000000000000000000e+00 1.539095039735294904e+03 0.000000000000000000e+00 1.043062424296138744e+02
1.875360723572403465e-01 4.225754636871508410e+03 0.000000000000000000e+00 1.577252737430167599e+03 0.000000000000000000e+00 1.381243435754190045e+02
1.925323683450522461e-01 4.121165684909499760e+03 0.000000000000000000e+00 1.583678055049801742e+03 0.000000000000000000e+00 1.311634491806790095e+02
1.975198663583639380e-01 3.966751486025040776e+03 0.000000000000000000e+00 1.361878639180472874e+03 0.000000000000000000e+00 2.547658783356519336e+02
2.025153694923672032e-01 3.850967094470713164e+03 0.000000000000000000e+00 1.370564218855543913e+03 0.000000000000000000e+00 1.295908641320081074e+02
2.075088499274508613e-01 3.764260047173052044e+03 0.000000000000000000e+00 1.207878540841329141e+03 0.000000000000000000e+00 1.224687564404955431e+01
2.125178062418619784e-01 3.670275789841159167e+03 0.000000000000000000e+00 1.285555856170361267e+03 0.000000000000000000e+00 2.387735861406877405e+02
2.175004174234404231e-01 3.537771568049827692e+03 0.000000000000000000e+00 1.240943018264455986e+03 0.000000000000000000e+00 1.059458168504334736e+02
2.225093171556767890e-01 3.458150312247591955e+03 0.000000000000000000e+00 1.126950217686806809e+03 0.000000000000000000e+00 9.716355075747128467e+01
2.275289586476768322e-01 3.327745905403337019e+03 0.000000000000000000e+00 1.041148170825042143e+03 0.000000000000000000e+00 1.408521735802847274e+02
2.325285406108919262e-01 3.282097902606734351e+03 0.000000000000000000e+00 1.052045622396449289e+03 0.000000000000000000e+00 1.522686500645771730e+02
2.375276552426477672e-01 3.196465881525751684e+03 0.000000000000000000e+00 9.471352434522763133e+02 0.000000000000000000e+00 1.389368869748637678e+02
2.424991024241769377e-01 3.126128745800483102e+03 0.000000000000000000e+00 8.718163861361065301e+02 0.000000000000000000e+00 9.930210355713876424e+01
2.474998551644826128e-01 3.025539289145052862e+03 0.000000000000000000e+00 8.516142811399295169e+02 0.000000000000000000e+00 1.175430115273775158e+02
2.525200307756395035e-01 2.972675781008351350e+03 0.000000000000000000e+00 8.420038354469533033e+02 0.000000000000000000e+00 8.143594184967523120e+01
2.575182250600202005e-01 2.924169108114149367e+03 0.000000000000000000e+00 8.069663959466507777e+02 0.000000000000000000e+00 9.422292675657551797e+01
2.625255687975799335e-01 2.856575569121926037e+03 0.000000000000000000e+00 8.152605694072003644e+02 0.000000000000000000e+00 5.235609345581103469e+01
2.675305520911575030e-01 2.771437676916916189e+03 0.000000000000000000e+00 7.094238963836455696e+02 0.000000000000000000e+00 4.010020574142858862e+01
2.725404586615198799e-01 2.731172158459829461e+03 0.000000000000000000e+00 6.583722959750356267e+02 0.000000000000000000e+00 5.209115010313639971e+01
2.775333197047151201e-01 2.669727608757463713e+03 0.000000000000000000e+00 6.513965931708326025e+02 0.000000000000000000e+00 3.942880037221805622e+01
2.825123907298719983e-01 2.614189538689557139e+03 0.000000000000000000e+00 6.187773976409559964e+02 0.000000000000000000e+00 4.118196134132032427e+01
2.875104651677040102e-01 2.570650833173721367e+03 0.000000000000000000e+00 6.224348783757900492e+02 0.000000000000000000e+00 1.873070741955563889e+01
2.924971317655564174e-01 2.516701291195135582e+03 0.000000000000000000e+00 5.787324324636742858e+02 0.000000000000000000e+00 -2.010891749702342857e+00
2.975058823671092867e-01 2.474320753041470653e+03 0.000000000000000000e+00 5.730543912618772993e+02 0.000000000000000000e+00 7.124003196874167543e+01
3.025121359101998753e-01 2.427023993774588234e+03 0.000000000000000000e+00 5.211805801737926913e+02 0.000000000000000000e+00 2.154341306039513881e+01
3.075010376196579687e-01 2.394929696399644854e+03 0.000000000000000000e+00 5.246037309923185603e+02 0.000000000000000000e+00 6.506379265297591985e+01
3.125134169243361515e-01 2.338472551779610058e+03 0.000000000000000000e+00 4.845965815403177430e+02 0.000000000000000000e+00 -3.863118339030766180e+00
3.175159688234982513e-01 2.313463940819915479e+03 0.000000000000000000e+00 4.776907978112013780e+02 0.000000000000000000e+00 1.230461926889410584e+01
3.225221380836135188e-01 2.259421257315461844e+03 0.000000000000000000e+00 4.670205776854824080e+02 0.000000000000000000e+00 -3.370553851236549292e+01
3.275181733526948968e-01 2.241917660125879138e+03 0.000000000000000000e+00 4.103636430951499392e+02 0.000000000000000000e+00 -5.312751295816364205e+01
3.325123842131759710e-01 2.207482782853127446e+03 0.000000000000000000e+00 4.147218303281532599e+02 0.000000000000000000e+00 2.604810215536796036e+01
3.374959366892091861e-01 2.179210314262691554e+03 0.000000000000000000e+00 4.265818589496549293e+02 0.000000000000000000e+00 7.301274611988929131e+00
3.424919221947719805e-01 2.148628557617781553e+03 0.000000000000000000e+00 4.057700289193176104e+02 0.000000000000000000e+00 3.656129311853586472e+01
3.475179778446125245e-01 2.104873264285947698e+03 0.000000000000000000e+00 3.731274871761361851e+02 0.000000000000000000e+00 2.542905217760642955e+01
3.525052850529177828e-01 2.082504614402043899e+03 0.000000000000000000e+00 3.653900047900366985e+02 0.000000000000000000e+00 -4.603586539996806692e+01
3.575133254796376558e-01 2.051949260755263822e+03 0.000000000000000000e+00 3.489131224563312799e+02 0.000000000000000000e+00 -4.444730833384430424e-01
3.625250227669692404e-01 2.025209938262309834e+03 0.000000000000000000e+00 3.315101942478542014e+02 0.000000000000000000e+00 5.743127917482306444e+00
3.675230446100045678e-01 1.996364543008988903e+03 0.000000000000000000e+00 3.352545254394214567e+02 0.000000000000000000e+00 9.196750905816912791e+00
3.725177060730277545e-01 1.984363199725541790e+03 0.000000000000000000e+00 3.093871576419463736e+02 0.000000000000000000e+00 1.005340499742695393e+01
3.775163034622419089e-01 1.958866205584018871e+03 0.000000000000000000e+00 3.039811061846215239e+02 0.000000000000000000e+00 7.458957668199778013e+00
3.825226892977953153e-01 1.927214270270270163e+03 0.000000000000000000e+00 2.854311081081081056e+02 0.000000000000000000e+00 3.813885810810810995e+01
3.875130067694269043e-01 1.904581243414120308e+03 0.000000000000000000e+00 2.835475237091675353e+02 0.000000000000000000e+00 1.636635932560590234e+01
3.924957861003909865e-01 1.896411881697937133e+03 0.000000000000000000e+00 2.604679046117208259e+02 0.000000000000000000e+00 8.773581565989766773e+01
3.975064703251052212e-01 1.872759110340127791e+03 0.000000000000000000e+00 2.757811288024286114e+02 0.000000000000000000e+00 5.585482312124403848e+01
