3.798113400606732779e-03 2.302631578947368293e-02 1.970715351578947306e+08 -7.072368421052631360e-02 3.911346122105262876e+08 1.073190789473684181e-01 1.983267031578947306e+08 0.000000000000000000e+00 -1.550416842105263146e+06 0.000000000000000000e+00 5.998992976842105389e+08
8.299341265228576958e-03 2.502441406250000000e-03 4.688622000000000000e+07 -9.185791015625000000e-03 4.067997600000000000e+07 8.201599121093750000e-03 9.494760800000000000e+07 0.000000000000000000e+00 9.796119200000000000e+07 0.000000000000000000e+00 1.331770560000000000e+08
1.293222767532251419e-02 -5.871815286624204253e-03 2.650761620382165909e+07 1.388335987261146535e-02 5.132418445859872736e+06 -1.981737659235668914e-02 7.366189003821656108e+07 0.000000000000000000e+00 2.343316382165605202e+07 0.000000000000000000e+00 -6.924111082802548073e+06
1.764839556552980082e-02 -3.678831335616438315e-03 1.733608153424657509e+07 1.005324272260273849e-02 3.159114958904109430e+06 -1.241605575770547872e-02 5.607823780821917206e+07 0.000000000000000000e+00 2.780513490410958603e+07 0.000000000000000000e+00 1.328334202739726007e+07
2.256548662787912635e-02 2.326027882797731552e-04 1.410330422684310004e+07 -9.950230387523629084e-04 1.647196914933837485e+06 1.744982425567107769e-03 4.857518796219281852e+07 0.000000000000000000e+00 3.824804149716446549e+07 0.000000000000000000e+00 -5.408001451795841567e+06
2.777643688250242340e-02 7.228944359756097476e-04 1.026528218536585383e+07 -3.209556021341463555e-04 4.025866614634146448e+06 2.125363233612804787e-03 3.835674474146341532e+07 0.000000000000000000e+00 3.287433365853658691e+07 0.000000000000000000e+00 2.090446173658536747e+07
3.269804980233311648e-02 -1.601562500000000067e-04 6.346124799999999814e+06 -5.859375000000000122e-06 1.580563199999999953e+06 9.047851562499999905e-04 2.878726758399999887e+07 0.000000000000000000e+00 2.615716864000000060e+07 0.000000000000000000e+00 6.682022912000000477e+06
3.761648458559932462e-02 -5.254867666891436260e-04 4.350479536075522192e+06 1.282108690155090965e-03 6.167548374915710883e+05 -1.254616118088334531e-03 2.379216425084288418e+07 0.000000000000000000e+00 2.135217042211733013e+07 0.000000000000000000e+00 6.050401014160485007e+06
4.263843696389812976e-02 6.190708705357142547e-04 3.110996857142856810e+06 -1.443045479910714255e-03 2.819593750000000000e+05 1.452854701450892764e-03 1.914401828571428359e+07 0.000000000000000000e+00 1.503395885714285634e+07 0.000000000000000000e+00 1.820839571428571362e+06
4.756514582339458480e-02 3.798926079372002022e-04 2.174849842128216289e+06 -1.337290122110771891e-03 9.376362145660707029e+04 2.043839266245093666e-03 1.592604290623637289e+07 0.000000000000000000e+00 1.169949340078499727e+07 0.000000000000000000e+00 -6.789118325337985298e+05
5.262096060748640974e-02 -1.028682408707865106e-04 1.762288359550561756e+06 3.339788886938202138e-04 9.062973595505618141e+04 -2.401973424332864971e-04 1.374159244943820126e+07 0.000000000000000000e+00 1.058913006741572917e+07 0.000000000000000000e+00 1.984121528089887695e+06
5.756031740041873956e-02 1.063582920792079204e-04 1.410233504950494971e+06 -2.272199876237623883e-04 1.378672475247524853e+05 2.816077506188118603e-04 1.209065314851485193e+07 0.000000000000000000e+00 9.994846415841585025e+06 0.000000000000000000e+00 2.741255287128712982e+06
6.254738279606215923e-02 3.832474858964924904e-06 1.171341217561932746e+06 -4.733106450821682448e-04 1.425877615894039627e+05 3.530667463821437232e-04 1.081841909639440663e+07 0.000000000000000000e+00 7.598407016924208030e+06 0.000000000000000000e+00 1.643018548933038954e+06
6.757793472572401483e-02 -3.432557117750439160e-06 9.223912267135324655e+05 -6.006974956063268234e-05 4.718956766256590345e+04 7.251276911247802335e-05 9.156957131810192019e+06 0.000000000000000000e+00 6.123515500878734514e+06 0.000000000000000000e+00 1.335421792618629115e+04
7.255917516659465827e-02 1.220476101915566306e-04 7.867898858099312056e+05 3.981076808629347460e-04 1.381822250325460336e+05 -2.666159103589362325e-04 8.571130239166822284e+06 0.000000000000000000e+00 6.042523256834666245e+06 0.000000000000000000e+00 1.077839699460665928e+06
7.753384299139773339e-02 7.356095162370271764e-06 6.359741064613325289e+05 2.533766111483093579e-06 8.730422765316371806e+04 5.882832770128892220e-05 7.468913387345163152e+06 0.000000000000000000e+00 4.933929909608302638e+06 0.000000000000000000e+00 8.829739966521593742e+05
8.251793356505521260e-02 3.114752813216743080e-06 4.556358899082568823e+05 3.364982954952695321e-05 -4.691973853211009555e+04 -2.086709398742115915e-06 6.833910018348623998e+06 0.000000000000000000e+00 4.092078972477064468e+06 0.000000000000000000e+00 -4.982011926605505141e+04
8.752751931716111489e-02 3.473712663599845025e-05 4.112802052611118415e+05 -7.877545111442270015e-06 3.937231981339899357e+04 -3.816180237219774575e-05 5.954774035506025888e+06 0.000000000000000000e+00 3.468079803032266442e+06 0.000000000000000000e+00 4.571401985227420228e+05
9.254701955136974967e-02 2.979428092240200561e-05 3.067946763901549857e+05 -9.050951725586827497e-05 2.715025706472196907e+04 3.199929417320675532e-04 5.374908324521422386e+06 0.000000000000000000e+00 2.759768211485870648e+06 0.000000000000000000e+00 5.236083865086599835e+05
9.754963178921903511e-02 6.460666806238877255e-05 2.571673953731812071e+05 -5.724641473882549750e-05 8.041720087930492809e+03 3.721016958023657642e-05 4.953808219407515600e+06 0.000000000000000000e+00 2.462227455249659717e+06 0.000000000000000000e+00 1.753646058829687172e+04
1.025319613041059119e-01 -2.198639774859287053e-05 1.855591024390243983e+05 6.082903377110694009e-05 -9.377855909943715233e+03 -2.178485576923077044e-04 4.412021001125703566e+06 0.000000000000000000e+00 1.951402026266416535e+06 0.000000000000000000e+00 1.729874971857410856e+05
1.075116003998943526e-01 -4.946750086147484575e-05 1.634095878704341885e+05 1.499168138352860197e-04 1.477698828394210796e+04 -2.650465331021709245e-04 4.192247531357684173e+06 0.000000000000000000e+00 1.884326902825637488e+06 0.000000000000000000e+00 2.113029469331495638e+05
1.125102861506304813e-01 3.963015478859086684e-06 1.319046579577954835e+05 8.671455297789286995e-05 5.391923939089433588e+03 -7.962358599607714934e-05 3.931582501043519005e+06 0.000000000000000000e+00 1.726733119579500752e+06 0.000000000000000000e+00 2.073511744608487352e+05
1.175500852175193622e-01 2.986217287725785791e-05 1.228846514009387029e+05 -5.604365933010951688e-05 1.791708718532214698e+04 5.501931735350590395e-05 3.722493560517707374e+06 0.000000000000000000e+00 1.623088207082918612e+06 0.000000000000000000e+00 3.047998042952638352e+05
1.225369446564099490e-01 -5.172128434293280727e-07 1.015911213505461783e+05 3.801514399205561191e-05 2.008879073154584694e+04 7.027629510095994713e-05 3.536019176696458366e+06 0.000000000000000000e+00 1.524668411254551494e+06 0.000000000000000000e+00 2.205110615028136526e+05
1.275260957852891452e-01 2.498844136551055115e-05 8.676453456221197848e+04 -1.125664147768615041e-04 2.195858743633276754e+04 8.223388138946154807e-05 3.364936521950036287e+06 0.000000000000000000e+00 1.297784393887945684e+06 0.000000000000000000e+00 2.388428930390492314e+05
1.325302087090364789e-01 1.315161887660625184e-06 7.893537556814993150e+04 -6.575809438303125919e-07 4.649842881993154151e+02 -1.660939867291397719e-04 3.252529918635317590e+06 0.000000000000000000e+00 1.289450840244655265e+06 0.000000000000000000e+00 6.694304472251837433e+04
1.375062694904859717e-01 2.763661562829989218e-05 6.448906948257655313e+04 -4.929217265047518309e-05 1.629771488912354835e+04 8.749876253959873332e-05 3.043774364519535098e+06 0.000000000000000000e+00 1.148983363041182747e+06 0.000000000000000000e+00 2.809489706441393937e+05
1.425134422753508989e-01 1.059239417354578604e-05 5.717375311960068939e+04 -3.210526552601266779e-05 5.319681704741792601e+03 3.222243802793242233e-06 2.913657832213476766e+06 0.000000000000000000e+00 1.045489846035707393e+06 0.000000000000000000e+00 -5.313333691687463579e+04
1.475259222195813014e-01 -4.716188664631646244e-06 4.422330019590869779e+04 5.027635085880905846e-06 7.370163925463574742e+03 -1.654002958563032644e-05 2.758311789694291539e+06 0.000000000000000000e+00 1.024571506674563745e+06 0.000000000000000000e+00 1.523956954758758948e+05
1.525299430011916868e-01 1.609990594352384230e-05 4.079337707135610253e+04 -2.869085802756171533e-05 9.516739262766317552e+03 5.623614582452654824e-05 2.617565456881974824e+06 0.000000000000000000e+00 8.576786959756509168e+05 0.000000000000000000e+00 1.096986296922556648e+05
1.574945685492469272e-01 3.830895883042827283e-06 3.214224062765398048e+04 -6.733688124317546846e-06 6.046608161119424039e+03 2.659411871385529793e-05 2.527856330650705379e+06 0.000000000000000000e+00 8.169500740081691183e+05 0.000000000000000000e+00 -2.169860120516035022e+04
1.625189323163163113e-01 -5.346145072992700977e-06 2.633353576642335975e+04 1.070298243613138794e-04 1.183166948905109530e+04 -3.682602931113139217e-05 2.376164195036496501e+06 0.000000000000000000e+00 7.986660344525547698e+05 0.000000000000000000e+00 1.646181839416058501e+05
1.675461007718098694e-01 1.480693426110478236e-05 2.886570159453302767e+04 -2.391354641230068319e-05 1.319500000000000000e+04 7.024604258613326006e-05 2.289394296127562411e+06 0.000000000000000000e+00 7.699087015945330495e+05 0.000000000000000000e+00 -1.380499572892938431e+03
1.725292014006662711e-01 9.914666908395688841e-06 2.443367979694762471e+04 -8.047619243827669206e-06 1.172506602498599204e+04 7.910809716682599263e-05 2.193610862511125393e+06 0.000000000000000000e+00 7.339393506279460853e+05 0.000000000000000000e+00 1.103910108448429382e+05
1.775301965061671094e-01 -2.033478199141847419e-06 1.935279353861686104e+04 -2.572658024671882775e-05 1.211406461383139867e+04 1.599823568036976316e-05 2.140807818273599260e+06 0.000000000000000000e+00 6.456993276123170508e+05 0.000000000000000000e+00 4.355361130742049136e+04
1.825147654490652804e-01 -4.962295784218145571e-06 1.408616668143815150e+04 -2.596550119649029522e-06 1.199304109427161893e+04 2.220050352299920258e-05 2.074428632574079093e+06 0.000000000000000000e+00 6.397839099530266831e+05 0.000000000000000000e+00 4.006190883039381151e+04
1.875360723572403465e-01 3.273393854748603393e-07 6.251378324022346533e+03 5.963032472067039322e-05 9.297906592178771461e+03 -8.634940206005587175e-05 1.991529203128491761e+06 0.000000000000000000e+00 5.599375016759776045e+05 0.000000000000000000e+00 5.529494525139664620e+04
1.925323683450522461e-01 -1.429949708652404379e-07 6.691047659847916293e+03 1.272655240700639773e-06 1.522498447038663289e+04 5.489158160530474957e-05 1.938302039627289167e+06 0.000000000000000000e+00 5.060252774981257389e+05 0.000000000000000000e+00 2.601002463317982256e+04
1.975198663583639380e-01 -9.113204182211962769e-06 5.690685822688756161e+03 2.585831161273238833e-05 5.830895358543062684e+03 -3.019819914563440539e-05 1.875576582572404062e+06 0.000000000000000000e+00 4.542900174528898206e+05 0.000000000000000000e+00 1.007758520804350555e+05
2.025153694923672032e-01 6.078189834024896694e-06 3.980294895300588905e+03 -2.395937620621441705e-05 6.908054424394480520e+03 2.633293289527646511e-05 1.837269436263630399e+06 0.000000000000000000e+00 4.540666293544340879e+05 0.000000000000000000e+00 2.189273685226286034e+04
2.075088499274508613e-01 -1.990292026380269837e-06 2.360904806613387336e+03 2.795353969635210493e-07 9.615984245116673264e+03 -1.808594018353981250e-06 1.774886872793057002e+06 0.000000000000000000e+00 4.214837370216858690e+05 0.000000000000000000e+00 6.352179605669926241e+04
2.125178062418619784e-01 2.373648597050096007e-05 4.014479664862978098e+03 -4.448993061616338162e-05 1.068305882352941262e+04 7.832614221504625301e-05 1.729233929830685956e+06 0.000000000000000000e+00 4.047610682492581545e+05 0.000000000000000000e+00 5.601121033339152200e+04
2.175004174234404231e-01 -1.931589828297281259e-06 6.652428667620571332e+02 -7.377029237858765963e-06 8.569480683444155147e+03 -5.049874471319754051e-06 1.661528213450046256e+06 0.000000000000000000e+00 3.825585482703476446e+05 0.000000000000000000e+00 1.097674202508206326e+04
2.225093171556767890e-01 -4.617225822974331085e-07 3.520176907468331819e+02 8.234052717637556590e-06 4.858225172868935260e+03 -1.971940195228620557e-05 1.627337306042040233e+06 0.000000000000000000e+00 3.913168764996749815e+05 0.000000000000000000e+00 6.934765193751108018e+04
2.275289586476768322e-01 -8.445703543548141408e-06 -1.589812643502219544e+03 3.875307333920098395e-05 1.185870258686667694e+04 -1.871321260810500565e-05 1.585990730139292777e+06 0.000000000000000000e+00 3.110688798408082221e+05 0.000000000000000000e+00 2.481134915046686001e+04
2.325285406108919262e-01 -5.613551197860768246e-06 -1.442249831735579392e+03 9.201960507885689988e-06 6.521556691466720622e+03 -3.692331064795445489e-05 1.552834557764720870e+06 0.000000000000000000e+00 2.879533525185090839e+05 0.000000000000000000e+00 2.603337172793917125e+04
2.375276552426477672e-01 1.489991650553700142e-05 -2.872479521884338283e+03 2.259019599226577777e-05 6.041917806292845853e+03 1.356098391632975876e-06 1.494822420249604620e+06 0.000000000000000000e+00 2.936070794867287623e+05 0.000000000000000000e+00 5.992659855862190307e+04
2.424991024241769377e-01 -1.714626981581213258e-06 -1.887589958300271746e+03 1.391485742744753855e-05 7.673007141289484025e+03 -1.551407682373001591e-05 1.461556636604595464e+06 0.000000000000000000e+00 2.798451295730420388e+05 0.000000000000000000e+00 4.130635828001282789e+04
2.474998551644826128e-01 -1.000640409862311880e-06 -1.973716682676913251e+03 1.588516650656420041e-05 9.177197310278577788e+03 -1.829295749279538806e-05 1.447442066730707651e+06 0.000000000000000000e+00 2.781026284982388606e+05 0.000000000000000000e+00 3.108313800832532797e+04
2.525200307756395035e-01 -8.767314123878751356e-06 -5.474544262295082262e+03 1.378152306294463371e-06 8.101513145685122254e+03 -9.714085879504331047e-06 1.406302370801113546e+06 0.000000000000000000e+00 2.437998460872255091e+05 0.000000000000000000e+00 5.309815725332508737e+04
2.575182250600202005e-01 -1.920963415542806099e-06 -3.155074823038521572e+03 -2.532179047760971426e-06 8.944171909693763155e+03 1.870028779524625514e-06 1.378768107532970607e+06 0.000000000000000000e+00 2.100187605692571378e+05 0.000000000000000000e+00 1.672379846509201889e+04
2.625255687975799335e-01 -9.698345989402065180e-06 -4.171174987162663456e+03 1.421669569182546952e-05 6.172771609516745229e+03 -3.769078474795137457e-05 1.340544942089347867e+06 0.000000000000000000e+00 2.231050151195298531e+05 0.000000000000000000e+00 3.768568448679180437e+04
2.675305520911575030e-01 1.413177807542011239e-05 -5.454490824484610130e+03 -3.341464319741511063e-05 1.009065282169536476e+04 5.771375015534168138e-05 1.331324371439223411e+06 0.000000000000000000e+00 1.928339291641926975e+05 0.000000000000000000e+00 1.966122135844575314e+04
2.725404586615198799e-01 -1.144711821349235733e-05 -5.929444967472364624e+03 -1.000735094806156452e-07 6.277166340508805661e+03 -4.839603341148449842e-05 1.306157792140477104e+06 0.000000000000000000e+00 1.800132099222510005e+05 0.000000000000000000e+00 5.624897953139049059e+04
2.775333197047151201e-01 5.755324786103858626e-06 -5.205029493111381271e+03 -1.171259079277276504e-05 4.323346240339132237e+03 1.292423811616305178e-05 1.278296412541680736e+06 0.000000000000000000e+00 1.647438844056142843e+05 0.000000000000000000e+00 1.787623377361904568e+04
2.825123907298719983e-01 9.359754214784166035e-06 -4.505544667448897599e+03 -2.668012412770950667e-05 7.688439794973136486e+03 3.038301658123880675e-05 1.254712986203915207e+06 0.000000000000000000e+00 1.785916960662014608e+05 0.000000000000000000e+00 2.891534939788797783e+04
2.875104651677040102e-01 6.710243188565409000e-06 -6.834089254932005133e+03 -6.780385103428461643e-06 6.334987550277724040e+03 2.981031381679754673e-06 1.230522618655429920e+06 0.000000000000000000e+00 1.568608251292855712e+05 0.000000000000000000e+00 3.256108178509863865e+04
2.924971317655564174e-01 -3.567186651099885391e-06 -4.861663688171172907e+03 4.583157532742257632e-06 6.433647181218138940e+03 -3.008402666196580679e-06 1.203976371660751989e+06 0.000000000000000000e+00 1.381745536764960852e+05 0.000000000000000000e+00 2.102804045821822001e+04
2.975058823671092867e-01 -7.327904382381671120e-06 -3.718101411952757189e+03 9.777765906669034476e-06 5.331660065713524091e+03 -1.693764881282745619e-05 1.175423329366841353e+06 0.000000000000000000e+00 1.409430039960927097e+05 0.000000000000000000e+00 2.371638611135778410e+04
3.025121359101998753e-01 2.406470213133889658e-06 -4.300169988327353167e+03 -1.344668005058147011e-05 6.012643811335437022e+03 8.501805950348018150e-06 1.165261267044226406e+06 0.000000000000000000e+00 1.146869817993169272e+05 0.000000000000000000e+00 1.328768907526695693e+04
3.075010376196579687e-01 -6.570121851648638942e-06 -3.389802121544651982e+03 1.124064924949051660e-05 5.825371834665830647e+03 -3.922841152365182988e-05 1.141207884370591026e+06 0.000000000000000000e+00 1.164359862465381302e+05 0.000000000000000000e+00 1.980971797042378603e+04
3.125134169243361515e-01 5.930461994771767506e-06 -5.003957369796903549e+03 -4.958416071787653603e-06 7.654050593203298376e+03 5.378163174894430427e-06 1.119449895998391323e+06 0.000000000000000000e+00 1.072590684094108146e+05 0.000000000000000000e+00 -5.442855097526644386e+03
3.175159688234982513e-01 -3.031640813038480752e-06 -4.457292766551070599e+03 9.373142640312011973e-06 5.355982198819148834e+03 -1.030134279430401534e-05 1.105843786739495583e+06 0.000000000000000000e+00 1.097812281242938916e+05 0.000000000000000000e+00 1.734755426314703800e+04
3.225221380836135188e-01 -4.742697812441004774e-06 -3.647748687936568331e+03 3.339246418963564534e-06 5.362375986407400887e+03 -1.430126188025061458e-05 1.091472030809892574e+06 0.000000000000000000e+00 9.367650398338683590e+04 0.000000000000000000e+00 2.256487762884651966e+04
3.275181733526948968e-01 -2.273282754072565547e-06 -4.696083228433913064e+03 8.982404520316548973e-06 5.457716105146241716e+03 -5.979795713682432341e-06 1.072062943206219934e+06 0.000000000000000000e+00 9.227672121436505404e+04 0.000000000000000000e+00 4.274766679007774655e+03
3.325123842131759710e-01 3.670242545611429134e-06 -4.148573116165704960e+03 1.066324905263438902e-05 4.853867439977939284e+03 -2.914476624976649441e-06 1.060495452182499226e+06 0.000000000000000000e+00 8.380957727034167328e+04 0.000000000000000000e+00 3.329207162617753784e+04
3.374959366892091861e-01 2.942380793889920428e-06 -4.436793609641593321e+03 -1.358285087411974960e-05 5.066981326419788275e+03 -1.206033988193252282e-06 1.050643516378796892e+06 0.000000000000000000e+00 8.293043898679186532e+04 0.000000000000000000e+00 4.864445643415197992e+03
3.424919221947719805e-01 1.978992035858495458e-06 -3.655576427839218923e+03 -6.672898669682741834e-06 5.050959004575419385e+03 -1.230864502626608084e-05 1.040280771337372600e+06 0.000000000000000000e+00 6.490119407612364739e+04 0.000000000000000000e+00 1.396312955354240876e+04
3.475179778446125245e-01 2.416762211370535115e-06 -4.220265168098801041e+03 -5.595214412015058972e-06 4.580310647891004919e+03 -4.103250192264630788e-07 1.017206009082889534e+06 0.000000000000000000e+00 6.757451511092233704e+04 0.000000000000000000e+00 2.674894292155389121e+04
3.525052850529177828e-01 2.900217547501197450e-06 -3.816664218425674790e+03 1.730774988024908190e-06 5.614809516206290937e+03 1.680099143780935768e-06 1.005609005779977655e+06 0.000000000000000000e+00 6.224865016765128530e+04 0.000000000000000000e+00 -4.518860354462717623e+03
3.575133254796376558e-01 1.050880080630944807e-05 -2.652984218715270345e+03 -3.094258015191115387e-05 6.064324118003234616e+03 2.358118015689310314e-05 9.901450158885882702e+05 0.000000000000000000e+00 4.807120834514949820e+04 0.000000000000000000e+00 2.001591280821025521e+03
3.625250227669692404e-01 -3.005050604035742460e-06 -3.231702936304773175e+03 7.600856821789401148e-06 4.789687818099683682e+03 -2.855692547391900755e-06 9.828579281433518045e+05 0.000000000000000000e+00 6.372009998494202591e+04 0.000000000000000000e+00 1.612156121066104333e+03
3.675230446100045678e-01 -3.346123212970860647e-06 -4.393390576588004478e+03 3.082705002588048258e-06 3.671055705006233438e+03 -7.373930037945892111e-06 9.689614463909483748e+05 0.000000000000000000e+00 5.614657119319963385e+04 0.000000000000000000e+00 1.538956423098513551e+04
3.725177060730277545e-01 -2.577303613163989132e-06 -3.741101721081823143e+03 1.449798718346174786e-05 3.338530733603980025e+03 -1.640064624047169080e-05 9.570402717136486899e+05 0.000000000000000000e+00 4.884513008176568110e+04 0.000000000000000000e+00 1.506653919606609998e+04
3.775163034622419089e-01 6.464580991718440518e-07 -2.888281724715730888e+03 4.848435743788830547e-06 3.024803525006723248e+03 -3.703666193172023370e-06 9.420681374421635410e+05 0.000000000000000000e+00 4.293414851642175927e+04 0.000000000000000000e+00 1.439145480999303618e+04
3.825226892977953153e-01 6.466427364864864885e-07 -2.745538162162162280e+03 1.181112753378378300e-06 3.401602810810810752e+03 7.474332242398648877e-06 9.392822105945945950e+05 0.000000000000000000e+00 5.314062875675675605e+04 0.000000000000000000e+00 3.314770335135135247e+04
3.875130067694269043e-01 3.177172517123287749e-06 -2.168668493150685208e+03 -1.494042865845627094e-05 3.550167334035827480e+03 1.980426816467992731e-05 9.315785508956797421e+05 0.000000000000000000e+00 4.176337534246575524e+04 0.000000000000000000e+00 2.153814288724973812e+04
3.924957861003909865e-01 -1.162836304830560368e-06 -2.859510855083191473e+03 7.696719217648763790e-06 4.013753419367296829e+03 6.638381040211759597e-06 9.182883735204197001e+05 0.000000000000000000e+00 5.164877319859685667e+04 0.000000000000000000e+00 3.077860326328323936e+04
3.975064703251052212e-01 4.089934018957933231e-06 -2.116531069946100160e+03 -4.368243138591165840e-06 4.962994808252276925e+03 1.391243088253516049e-05 9.159597970881606452e+05 0.000000000000000000e+00 4.213366349049005657e+04 0.000000000000000000e+00 4.041595281581066956e+04
