3.798113400606732779e-03 6.028896842105262913e+05 0.000000000000000000e+00 -9.172910526315788738e+05 0.000000000000000000e+00 1.430088210526315728e+06 9.262935578947368264e+07 0.000000000000000000e+00 2.724541440000000000e+08 0.000000000000000000e+00 1.903786711578947306e+08
8.299341265228576958e-03 5.505125000000000000e+05 0.000000000000000000e+00 -6.004999218750000000e+04 0.000000000000000000e+00 5.412484375000000000e+05 2.040535600000000000e+07 0.000000000000000000e+00 3.635251200000000000e+07 0.000000000000000000e+00 8.812729000000000000e+06
1.293222767532251419e-02 8.787152101910827914e+05 0.000000000000000000e+00 6.638875923566878773e+05 0.000000000000000000e+00 2.681231847133758129e+05 1.564311154140127450e+07 0.000000000000000000e+00 2.433964677707006410e+07 0.000000000000000000e+00 -1.296092208917197585e+07
1.764839556552980082e-02 1.015751452054794412e+06 0.000000000000000000e+00 8.477783561643834691e+05 0.000000000000000000e+00 6.211477260273972061e+05 7.225991890410958789e+06 0.000000000000000000e+00 1.470839320547945052e+07 0.000000000000000000e+00 5.366676164383561118e+05
2.256548662787912635e-02 9.469546465028355597e+05 0.000000000000000000e+00 5.809995614366729278e+05 0.000000000000000000e+00 -2.516216257088847051e+05 4.790585103969754651e+06 0.000000000000000000e+00 8.596856499054821208e+06 0.000000000000000000e+00 -1.321625285444234498e+06
2.777643688250242340e-02 9.289024780487804674e+05 0.000000000000000000e+00 7.661284682926828973e+05 0.000000000000000000e+00 2.415658731707317056e+05 3.030092487804878037e+06 0.000000000000000000e+00 6.333666029268292710e+06 0.000000000000000000e+00 6.825526634146341821e+05
3.269804980233311648e-02 7.269207680000000400e+05 0.000000000000000000e+00 5.510085760000000009e+05 0.000000000000000000e+00 -2.135020959999999905e+05 1.800241536000000080e+06 0.000000000000000000e+00 3.336294143999999855e+06 0.000000000000000000e+00 -2.895319679999999935e+05
3.761648458559932462e-02 5.901386055293324171e+05 0.000000000000000000e+00 4.491007741065407754e+05 0.000000000000000000e+00 -5.305765070802427363e+04 1.134277135536075570e+06 0.000000000000000000e+00 2.011079724881995935e+06 0.000000000000000000e+00 -2.788397140930545866e+05
4.263843696389812976e-02 5.114350357142856810e+05 0.000000000000000000e+00 3.574700000000000000e+05 0.000000000000000000e+00 5.826889285714285506e+04 7.829915714285713620e+05 0.000000000000000000e+00 1.505048285714285681e+06 0.000000000000000000e+00 7.883730357142856519e+04
4.756514582339458480e-02 4.506648896641953615e+05 0.000000000000000000e+00 2.921864875708678737e+05 0.000000000000000000e+00 -4.064847797645006358e+04 5.647795412123855203e+05 0.000000000000000000e+00 9.716374496293065604e+05 0.000000000000000000e+00 -1.023194068905364111e+05
5.262096060748640974e-02 4.166902921348314267e+05 0.000000000000000000e+00 3.207259325842696708e+05 0.000000000000000000e+00 2.217486797752809071e+04 4.357406292134831310e+05 0.000000000000000000e+00 7.537811235955056036e+05 0.000000000000000000e+00 1.605567275280898866e+04
5.756031740041873956e-02 3.892798415841584210e+05 0.000000000000000000e+00 2.843482178217821638e+05 0.000000000000000000e+00 -3.847042388613861476e+03 3.565217425742574269e+05 0.000000000000000000e+00 5.893963168316831579e+05 0.000000000000000000e+00 -9.610828589108910819e+03
6.254738279606215923e-02 3.682778827569290879e+05 0.000000000000000000e+00 2.715748403237674502e+05 0.000000000000000000e+00 7.139891488839832891e+04 2.902927917586460244e+05 0.000000000000000000e+00 4.760239627176845097e+05 0.000000000000000000e+00 2.456570026980622788e+04
6.757793472572401483e-02 3.470135114235500805e+05 0.000000000000000000e+00 2.302968295254832774e+05 0.000000000000000000e+00 1.823114235500878567e+04 2.309106362038664229e+05 0.000000000000000000e+00 3.278566186291739577e+05 0.000000000000000000e+00 -4.210843233743408928e+04
7.255917516659465827e-02 3.057593870187837165e+05 0.000000000000000000e+00 1.754576127952389943e+05 0.000000000000000000e+00 -1.756998698158824709e+03 2.041644991631020966e+05 0.000000000000000000e+00 2.929354867026222637e+05 0.000000000000000000e+00 -3.113360238050957832e+03
7.753384299139773339e-02 2.808348068295949488e+05 0.000000000000000000e+00 1.798902872447271657e+05 0.000000000000000000e+00 3.065426514897891138e+03 1.701555058587211242e+05 0.000000000000000000e+00 2.291795005021761172e+05 0.000000000000000000e+00 8.178559089387345921e+03
8.251793356505521260e-02 2.553916880733945000e+05 0.000000000000000000e+00 1.697945137614679115e+05 0.000000000000000000e+00 -2.889473394495412867e+04 1.482105045871559705e+05 0.000000000000000000e+00 1.921587889908257057e+05 0.000000000000000000e+00 -8.308738532110091910e+03
8.752751931716111489e-02 2.245551587404431775e+05 0.000000000000000000e+00 1.276109659193987318e+05 0.000000000000000000e+00 1.398524815342749935e+04 1.245632738110664795e+05 0.000000000000000000e+00 1.607755303874562669e+05 0.000000000000000000e+00 1.760240922638331176e+04
9.254701955136974967e-02 2.051331121239744825e+05 0.000000000000000000e+00 1.185965287146763876e+05 0.000000000000000000e+00 -2.785754102096627321e+03 1.119972069279854186e+05 0.000000000000000000e+00 1.293722515952597896e+05 0.000000000000000000e+00 7.839181403828622933e+03
9.754963178921903511e-02 1.795036332042290305e+05 0.000000000000000000e+00 1.023477441641369223e+05 0.000000000000000000e+00 1.583832345859939232e+04 9.983841222652570286e+04 0.000000000000000000e+00 1.121428594158902997e+05 0.000000000000000000e+00 9.277096618863184631e+03
1.025319613041059119e-01 1.716649786116322794e+05 0.000000000000000000e+00 9.520753470919324900e+04 0.000000000000000000e+00 8.029741838649155397e+03 9.236819212007505121e+04 0.000000000000000000e+00 9.874916022514071665e+04 0.000000000000000000e+00 7.278706941838649072e+03
1.075116003998943526e-01 1.572155037904893106e+05 0.000000000000000000e+00 8.765386078566506330e+04 0.000000000000000000e+00 -9.896359407305307059e+02 8.374975051688490203e+04 0.000000000000000000e+00 8.269632529290144157e+04 0.000000000000000000e+00 5.767789110957959565e+03
1.125102861506304813e-01 1.476291665764860518e+05 0.000000000000000000e+00 7.982681858236067637e+04 0.000000000000000000e+00 4.623112004328670082e+03 7.779964566746541823e+04 0.000000000000000000e+00 7.336639530030146125e+04 0.000000000000000000e+00 6.402985545335085590e+03
1.175500852175193622e-01 1.417660076802730910e+05 0.000000000000000000e+00 7.342280984212772455e+04 0.000000000000000000e+00 2.318181482008249077e+03 7.153644830038401415e+04 0.000000000000000000e+00 6.074883003840137098e+04 0.000000000000000000e+00 2.927543450433793168e+03
1.225369446564099490e-01 1.354567605428665993e+05 0.000000000000000000e+00 7.258762634889110632e+04 0.000000000000000000e+00 6.948984309831182145e+03 6.727734233697451418e+04 0.000000000000000000e+00 5.159491453161205573e+04 0.000000000000000000e+00 2.780198080105925328e+03
1.275260957852891452e-01 1.269551608052389056e+05 0.000000000000000000e+00 6.050759155954401649e+04 0.000000000000000000e+00 7.094473441668687883e+03 6.349378607809847017e+04 0.000000000000000000e+00 4.784373708464710217e+04 0.000000000000000000e+00 2.832265583313121624e+03
1.325302087090364789e-01 1.216827859267156746e+05 0.000000000000000000e+00 5.575069053364008869e+04 0.000000000000000000e+00 -3.067551315863307082e+03 6.159535110263172828e+04 0.000000000000000000e+00 4.318208675158520782e+04 0.000000000000000000e+00 -7.492649121822569214e+02
1.375062694904859717e-01 1.147909271383315645e+05 0.000000000000000000e+00 5.362421795142555493e+04 0.000000000000000000e+00 5.256294825765575297e+03 5.716598268215417193e+04 0.000000000000000000e+00 3.787769039070749568e+04 0.000000000000000000e+00 4.856127560718056884e+03
1.425134422753508989e-01 1.090876252639662125e+05 0.000000000000000000e+00 5.243531426377423486e+04 0.000000000000000000e+00 4.584001535803417028e+03 5.480774966404300358e+04 0.000000000000000000e+00 3.428839316567479545e+04 0.000000000000000000e+00 2.208646573238625479e+03
1.475259222195813014e-01 1.013409748052303039e+05 0.000000000000000000e+00 4.630441550867920887e+04 0.000000000000000000e+00 2.623890655610734029e+03 5.223762868467811495e+04 0.000000000000000000e+00 3.127801503485352441e+04 0.000000000000000000e+00 3.295743040685224969e+03
1.525299430011916868e-01 9.556965032127156155e+04 0.000000000000000000e+00 4.294103753804531152e+04 0.000000000000000000e+00 -5.019207600608724817e+01 4.951029286438957934e+04 0.000000000000000000e+00 2.712093337842407709e+04 0.000000000000000000e+00 7.665881805884341702e+02
1.574945685492469272e-01 9.233334120596917637e+04 0.000000000000000000e+00 4.177109976948274561e+04 0.000000000000000000e+00 -3.441024487402434318e+01 4.768313438751162175e+04 0.000000000000000000e+00 2.477961612811905798e+04 0.000000000000000000e+00 -3.651985279249403220e+02
1.625189323163163113e-01 8.483625109489051101e+04 0.000000000000000000e+00 3.464984525547445810e+04 0.000000000000000000e+00 3.039551824817518536e+03 4.635186919708029745e+04 0.000000000000000000e+00 2.295211678832117104e+04 0.000000000000000000e+00 2.730542481751825107e+03
1.675461007718098694e-01 8.290176765375853574e+04 0.000000000000000000e+00 3.754136674259680876e+04 0.000000000000000000e+00 6.156425968109339010e+03 4.427982687927106599e+04 0.000000000000000000e+00 2.039332118451024871e+04 0.000000000000000000e+00 4.883584140091115842e+02
1.725292014006662711e-01 7.888661476085308823e+04 0.000000000000000000e+00 3.302770240959884541e+04 0.000000000000000000e+00 3.247977585127072871e+03 4.283240241289514961e+04 0.000000000000000000e+00 1.980901367966509861e+04 0.000000000000000000e+00 2.427670237663579428e+03
1.775301965061671094e-01 7.512726097930337710e+04 0.000000000000000000e+00 2.914132054517920187e+04 0.000000000000000000e+00 3.670930085815244638e+03 4.177391620393740595e+04 0.000000000000000000e+00 1.742925391216557182e+04 0.000000000000000000e+00 4.549216935890964351e+02
1.825147654490652804e-01 7.280608537918401998e+04 0.000000000000000000e+00 2.825147638039528465e+04 0.000000000000000000e+00 2.826343584744010059e+03 4.049700067948831565e+04 0.000000000000000000e+00 1.700803828768944368e+04 0.000000000000000000e+00 3.118999675027327498e+02
1.875360723572403465e-01 7.019921877094972297e+04 0.000000000000000000e+00 2.559344268156424732e+04 0.000000000000000000e+00 2.675519776536312747e+03 3.973655240223463625e+04 0.000000000000000000e+00 1.538127910614525172e+04 0.000000000000000000e+00 2.373490502793296173e+02
1.925323683450522461e-01 6.740878654814179754e+04 0.000000000000000000e+00 2.423988861518689009e+04 0.000000000000000000e+00 -1.218152996813751621e+01 3.895603641426582180e+04 0.000000000000000000e+00 1.389445175109778211e+04 0.000000000000000000e+00 2.231365936596337178e+02
1.975198663583639380e-01 6.473620639939294051e+04 0.000000000000000000e+00 2.296635669659794803e+04 0.000000000000000000e+00 5.631558467180978369e+03 3.788629700265586871e+04 0.000000000000000000e+00 1.252969207031744008e+04 0.000000000000000000e+00 3.575112684962691105e+02
2.025153694923672032e-01 6.227132683585834457e+04 0.000000000000000000e+00 2.002344340441956956e+04 0.000000000000000000e+00 1.757647013413104332e+03 3.689664537296150229e+04 0.000000000000000000e+00 1.258909813760494217e+04 0.000000000000000000e+00 1.391535028466660435e+02
2.075088499274508613e-01 6.029193066019373509e+04 0.000000000000000000e+00 1.846854986374773944e+04 0.000000000000000000e+00 1.800993290434862274e+03 3.613664906455380697e+04 0.000000000000000000e+00 1.202017431129634315e+04 0.000000000000000000e+00 8.088574503652477006e+02
2.125178062418619784e-01 5.854484622098097316e+04 0.000000000000000000e+00 1.922434630825624117e+04 0.000000000000000000e+00 4.683975213824402090e+03 3.543067760516669659e+04 0.000000000000000000e+00 1.151298237039623018e+04 0.000000000000000000e+00 8.506161633792983139e+02
2.175004174234404231e-01 5.589744701624442678e+04 0.000000000000000000e+00 1.726934904469320827e+04 0.000000000000000000e+00 2.649167915158656797e+03 3.431886743540105817e+04 0.000000000000000000e+00 9.223259321605924924e+03 0.000000000000000000e+00 -7.750626209914991023e+02
2.225093171556767890e-01 5.407068387147613248e+04 0.000000000000000000e+00 1.671788278402710785e+04 0.000000000000000000e+00 2.851607809144816201e+03 3.394446224463663384e+04 0.000000000000000000e+00 1.006653706585764667e+04 0.000000000000000000e+00 4.267623963278895189e+02
2.275289586476768322e-01 5.232614725241083943e+04 0.000000000000000000e+00 1.435864686973825337e+04 0.000000000000000000e+00 1.083980407163630844e+03 3.326073534363998624e+04 0.000000000000000000e+00 9.105124751262819700e+03 0.000000000000000000e+00 4.586132902188887073e+01
2.325285406108919262e-01 5.055661681188947841e+04 0.000000000000000000e+00 1.443751427064195195e+04 0.000000000000000000e+00 2.159877758172193808e+03 3.257439921415967910e+04 0.000000000000000000e+00 8.089312789915049507e+03 0.000000000000000000e+00 4.500187364706310689e+01
2.375276552426477672e-01 4.915852937247319642e+04 0.000000000000000000e+00 1.305151133766918610e+04 0.000000000000000000e+00 2.341986570574793404e+03 3.204376389523642138e+04 0.000000000000000000e+00 8.077707294779399490e+03 0.000000000000000000e+00 -4.524939708208823959e+02
2.424991024241769377e-01 4.790134148194418958e+04 0.000000000000000000e+00 1.126818469434268081e+04 0.000000000000000000e+00 1.236966150625495857e+03 3.156563888373035297e+04 0.000000000000000000e+00 7.468726959633988372e+03 0.000000000000000000e+00 -1.380314621916836813e+03
2.474998551644826128e-01 4.647248824847902870e+04 0.000000000000000000e+00 1.071365123278898500e+04 0.000000000000000000e+00 1.782924495677233381e+03 3.090997528017931472e+04 0.000000000000000000e+00 7.741023887287864454e+03 0.000000000000000000e+00 -3.220165866154338801e+02
2.525200307756395035e-01 4.501188691617692530e+04 0.000000000000000000e+00 1.068761200123724120e+04 0.000000000000000000e+00 -1.360941911537272063e+03 3.036005790287658601e+04 0.000000000000000000e+00 6.493531456851222174e+03 0.000000000000000000e+00 -9.603079492731210394e+02
2.575182250600202005e-01 4.429592358244542265e+04 0.000000000000000000e+00 9.950421101259220450e+03 0.000000000000000000e+00 1.726403695700767457e+03 3.001136582966992137e+04 0.000000000000000000e+00 6.483286789359957766e+03 0.000000000000000000e+00 -1.360319737724461675e+03
2.625255687975799335e-01 4.302698419581217604e+04 0.000000000000000000e+00 1.041406104866776877e+04 0.000000000000000000e+00 2.916681234666514683e+03 2.946498910252752830e+04 0.000000000000000000e+00 5.956897586580704228e+03 0.000000000000000000e+00 -4.086945569692474578e+02
2.675305520911575030e-01 4.175495350796039565e+04 0.000000000000000000e+00 8.653114428135484559e+03 0.000000000000000000e+00 1.082911089324919431e+03 2.907351359412325110e+04 0.000000000000000000e+00 5.888828488974192624e+03 0.000000000000000000e+00 -9.075379793153919081e+02
2.725404586615198799e-01 4.087860453800179675e+04 0.000000000000000000e+00 7.173270428941661521e+03 0.000000000000000000e+00 1.948979108266779349e+03 2.856494293118950372e+04 0.000000000000000000e+00 5.568289839741893957e+03 0.000000000000000000e+00 -6.434216427778071647e+02
2.775333197047151201e-01 3.922540429601674987e+04 0.000000000000000000e+00 6.443652906661151974e+03 0.000000000000000000e+00 4.142194277147361845e+02 2.848405469537570752e+04 0.000000000000000000e+00 5.208644557603329304e+03 0.000000000000000000e+00 -4.555595936619536133e+02
2.825123907298719983e-01 3.869760059284876479e+04 0.000000000000000000e+00 6.522452911751991451e+03 0.000000000000000000e+00 6.130355585746928000e+02 2.792710054962020877e+04 0.000000000000000000e+00 4.865944148706231317e+03 0.000000000000000000e+00 -4.501820786759711268e+02
2.875104651677040102e-01 3.760990155142692674e+04 0.000000000000000000e+00 6.043334993296302855e+03 0.000000000000000000e+00 1.377148415054587076e+02 2.772674660026814672e+04 0.000000000000000000e+00 5.024949243439953534e+03 0.000000000000000000e+00 -1.119191438421758221e+03
2.924971317655564174e-01 3.655404732455582416e+04 0.000000000000000000e+00 5.658538371730108338e+03 0.000000000000000000e+00 -7.659533112161740576e+01 2.717013471430717982e+04 0.000000000000000000e+00 4.420617877908656737e+03 0.000000000000000000e+00 -1.338362482516269893e+03
2.975058823671092867e-01 3.595805985258857982e+04 0.000000000000000000e+00 5.705137376787140965e+03 0.000000000000000000e+00 9.873346061628629968e+02 2.696437758636000217e+04 0.000000000000000000e+00 4.888735281058520741e+03 0.000000000000000000e+00 -2.662732883402894686e+02
3.025121359101998753e-01 3.503897211534304370e+04 0.000000000000000000e+00 4.808554061648869720e+03 0.000000000000000000e+00 -7.796188016082314221e+01 2.651865773204790094e+04 0.000000000000000000e+00 4.801603389390860684e+03 0.000000000000000000e+00 -7.516774890839133150e+02
3.075010376196579687e-01 3.425204284893139265e+04 0.000000000000000000e+00 4.685248805977948905e+03 0.000000000000000000e+00 8.656637926529759852e+02 2.626249648325234011e+04 0.000000000000000000e+00 4.321079207817317183e+03 0.000000000000000000e+00 -4.071689815540576092e+02
3.125134169243361515e-01 3.380864283128896204e+04 0.000000000000000000e+00 4.161306253770359945e+03 0.000000000000000000e+00 9.937389905489644661e+02 2.579228312889604058e+04 0.000000000000000000e+00 3.937873476774582741e+03 0.000000000000000000e+00 -9.038626985722903555e+02
3.175159688234982513e-01 3.294913978642512666e+04 0.000000000000000000e+00 3.714633160102563124e+03 0.000000000000000000e+00 5.461906258903046307e+01 2.558807155838924882e+04 0.000000000000000000e+00 3.657406882730300367e+03 0.000000000000000000e+00 -6.541232132506803509e+02
3.225221380836135188e-01 3.242752048329243189e+04 0.000000000000000000e+00 3.587211780252973767e+03 0.000000000000000000e+00 1.123470719275061356e+03 2.525341891636775836e+04 0.000000000000000000e+00 3.633090126486690679e+03 0.000000000000000000e+00 -1.256901340381348064e+03
3.275181733526948968e-01 3.176811432802665513e+04 0.000000000000000000e+00 3.182533283968900378e+03 0.000000000000000000e+00 6.601455757126990420e+02 2.503911499444649962e+04 0.000000000000000000e+00 3.288097445390596022e+03 0.000000000000000000e+00 -8.293301740096260346e+02
3.325123842131759710e-01 3.126083663502851050e+04 0.000000000000000000e+00 3.238146543672220560e+03 0.000000000000000000e+00 5.621074036844961483e+02 2.469978369819511499e+04 0.000000000000000000e+00 3.597440244802832694e+03 0.000000000000000000e+00 -8.095670227812520352e+02
3.374959366892091861e-01 3.019408471429072233e+04 0.000000000000000000e+00 3.338912377815926902e+03 0.000000000000000000e+00 -2.975462985670742455e+02 2.437317450863609338e+04 0.000000000000000000e+00 3.156231370213362425e+03 0.000000000000000000e+00 -1.295284728304663304e+03
3.424919221947719805e-01 2.985150865496003826e+04 0.000000000000000000e+00 2.409108568285426372e+03 0.000000000000000000e+00 2.942628074240138858e+02 2.416321122769587237e+04 0.000000000000000000e+00 3.402907399844985775e+03 0.000000000000000000e+00 -1.073637883472651765e+03
3.475179778446125245e-01 2.925047995556571914e+04 0.000000000000000000e+00 1.600307119286437683e+03 0.000000000000000000e+00 5.980864508119057064e+02 2.411096023785408397e+04 0.000000000000000000e+00 2.758153102231515732e+03 0.000000000000000000e+00 -8.885074656124415924e+02
3.525052850529177828e-01 2.894737882803768298e+04 0.000000000000000000e+00 1.690534759699824463e+03 0.000000000000000000e+00 -1.845501995848634920e+02 2.382676774708606172e+04 0.000000000000000000e+00 2.786109148970142087e+03 0.000000000000000000e+00 -1.029335717707169124e+03
3.575133254796376558e-01 2.843295665703489794e+04 0.000000000000000000e+00 1.784854565382345527e+03 0.000000000000000000e+00 8.318803718834070651e+02 2.347397622460163620e+04 0.000000000000000000e+00 2.267789531773344152e+03 0.000000000000000000e+00 -7.723906768553931670e+02
3.625250227669692404e-01 2.824152989007679571e+04 0.000000000000000000e+00 1.452735792802288643e+03 0.000000000000000000e+00 2.438900767956632976e+01 2.337716175274807756e+04 0.000000000000000000e+00 2.757113205842493244e+03 0.000000000000000000e+00 -8.754705616624002005e+02
3.675230446100045678e-01 2.757400823801296428e+04 0.000000000000000000e+00 1.445949449219575854e+03 0.000000000000000000e+00 8.192178699268785067e+02 2.316591253125706135e+04 0.000000000000000000e+00 2.645706128935838478e+03 0.000000000000000000e+00 -6.614165591350815703e+02
3.725177060730277545e-01 2.685240231002344444e+04 0.000000000000000000e+00 1.433786837440677118e+03 0.000000000000000000e+00 9.709730687860941316e+02 2.288435839670650239e+04 0.000000000000000000e+00 2.429484361598719261e+03 0.000000000000000000e+00 -8.826172451255075657e+02
3.775163034622419089e-01 2.663601083980940530e+04 0.000000000000000000e+00 8.992235331434757200e+02 0.000000000000000000e+00 3.218673709324856418e+02 2.277664945076920048e+04 0.000000000000000000e+00 2.441669882292909278e+03 0.000000000000000000e+00 -1.035922466401417751e+03
3.825226892977953153e-01 2.647310183783783577e+04 0.000000000000000000e+00 8.260778918918919089e+02 0.000000000000000000e+00 1.356872648648648692e+03 2.251962983783783784e+04 0.000000000000000000e+00 2.132628108108107881e+03 0.000000000000000000e+00 -6.494911351351350959e+02
3.875130067694269043e-01 2.608092054794520664e+04 0.000000000000000000e+00 1.088996628029504791e+03 0.000000000000000000e+00 8.521543730242360652e+02 2.233946301369863068e+04 0.000000000000000000e+00 2.023127924130664042e+03 0.000000000000000000e+00 -6.255108535300316817e+02
3.924957861003909865e-01 2.558847575708814838e+04 0.000000000000000000e+00 7.639635696585460209e+02 0.000000000000000000e+00 1.465176738647700631e+03 2.209855800212403119e+04 0.000000000000000000e+00 2.211738087728896517e+03 0.000000000000000000e+00 -5.062907604672867592e+02
3.975064703251052212e-01 2.533317063378973035e+04 0.000000000000000000e+00 9.243220122668980139e+02 0.000000000000000000e+00 9.013052475063503834e+02 2.208806730685831280e+04 0.000000000000000000e+00 1.786067083823802932e+03 0.000000000000000000e+00 -4.021904714701691432e+02
