3.798113400606732779e-03 1.356045641447368325e+04 0.000000000000000000e+00 1.129304111842105158e+04 0.000000000000000000e+00 1.303994654605263167e+04
8.299341265228576958e-03 2.792500000000000000e+04 0.000000000000000000e+00 2.015032421875000000e+04 0.000000000000000000e+00 -8.288073242187500000e+03
1.293222767532251419e-02 3.249118471337579831e+04 0.000000000000000000e+00 2.075681847133758129e+04 0.000000000000000000e+00 -6.507352707006370110e+03
1.764839556552980082e-02 4.023241438356164144e+04 0.000000000000000000e+00 2.877175342465753420e+04 0.000000000000000000e+00 -1.165831977739725971e+03
2.256548662787912635e-02 3.647093383742911101e+04 0.000000000000000000e+00 2.170632703213610512e+04 0.000000000000000000e+00 -5.102965500945179883e+03
2.777643688250242340e-02 3.292563902439024241e+04 0.000000000000000000e+00 1.667152439024390333e+04 0.000000000000000000e+00 1.311844969512195121e+03
3.269804980233311648e-02 2.657394599999999991e+04 0.000000000000000000e+00 1.016307300000000032e+04 0.000000000000000000e+00 -5.256807499999999891e+03
3.761648458559932462e-02 2.479246122724207817e+04 0.000000000000000000e+00 1.586348213081591348e+04 0.000000000000000000e+00 -1.103806726230613549e+03
4.263843696389812976e-02 2.193066964285714130e+04 0.000000000000000000e+00 1.292755468750000000e+04 0.000000000000000000e+00 1.957546037946428442e+03
4.756514582339458480e-02 1.981994243349324097e+04 0.000000000000000000e+00 1.108380549498473556e+04 0.000000000000000000e+00 4.034195377235063233e+02
5.262096060748640974e-02 1.846349578651685442e+04 0.000000000000000000e+00 9.606500000000000000e+03 0.000000000000000000e+00 2.942444522471910204e+03
5.756031740041873956e-02 1.706251361386138524e+04 0.000000000000000000e+00 9.881381188118812133e+03 0.000000000000000000e+00 4.817394415222772182e+02
6.254738279606215923e-02 1.643207162129016433e+04 0.000000000000000000e+00 7.349415256315917759e+03 0.000000000000000000e+00 5.014174025018395469e+02
6.757793472572401483e-02 1.540958875219683614e+04 0.000000000000000000e+00 6.991561511423549746e+03 0.000000000000000000e+00 -7.621854679261862202e+02
7.255917516659465827e-02 1.430808852519992615e+04 0.000000000000000000e+00 7.668841361353915090e+03 0.000000000000000000e+00 -2.881807350753208041e+01
7.753384299139773339e-02 1.334644392366923421e+04 0.000000000000000000e+00 6.702387010378306513e+03 0.000000000000000000e+00 9.178874288583864427e+02
8.251793356505521260e-02 1.199001605504587133e+04 0.000000000000000000e+00 5.836518922018349258e+03 0.000000000000000000e+00 -8.547826834862386249e+02
8.752751931716111489e-02 1.117891823247375942e+04 0.000000000000000000e+00 5.771658416483089241e+03 0.000000000000000000e+00 1.441240896721523995e+03
9.254701955136974967e-02 9.990006381039198459e+03 0.000000000000000000e+00 4.650030082041932474e+03 0.000000000000000000e+00 7.069145966271649968e+02
9.754963178921903511e-02 9.180031403747514560e+03 0.000000000000000000e+00 4.128190516068250872e+03 0.000000000000000000e+00 1.230730398827593461e+02
1.025319613041059119e-01 8.701012382739212626e+03 0.000000000000000000e+00 3.875397373358348887e+03 0.000000000000000000e+00 2.443790337711069469e+02
1.075116003998943526e-01 8.343675396278427797e+03 0.000000000000000000e+00 4.255860785665058756e+03 0.000000000000000000e+00 4.442109159631288406e+01
1.125102861506304813e-01 7.864462549277267499e+03 0.000000000000000000e+00 3.454038803432016721e+03 0.000000000000000000e+00 2.446592718559171544e+02
1.175500852175193622e-01 7.461697624804437510e+03 0.000000000000000000e+00 3.602810979945953932e+03 0.000000000000000000e+00 4.775244275352012551e+02
1.225369446564099490e-01 7.202541145316121401e+03 0.000000000000000000e+00 2.977272955974843171e+03 0.000000000000000000e+00 2.922997144985104612e+01
1.275260957852891452e-01 6.931402376910016756e+03 0.000000000000000000e+00 3.034729808391947699e+03 0.000000000000000000e+00 1.730088224593742439e+02
1.325302087090364789e-01 6.628267773974524061e+03 0.000000000000000000e+00 2.825999663318556486e+03 0.000000000000000000e+00 -1.292173559283990869e+02
1.375062694904859717e-01 6.348821541710664860e+03 0.000000000000000000e+00 2.457161985216473113e+03 0.000000000000000000e+00 4.429978352692713770e+02
1.425134422753508989e-01 6.102757535035515502e+03 0.000000000000000000e+00 2.473360913803033327e+03 0.000000000000000000e+00 4.825847391533883268e+01
1.475259222195813014e-01 5.714796664996127220e+03 0.000000000000000000e+00 2.423486263611098366e+03 0.000000000000000000e+00 4.309494737801266524e+02
1.525299430011916868e-01 5.508011498140006552e+03 0.000000000000000000e+00 2.188795569834291655e+03 0.000000000000000000e+00 2.978814465674670373e+02
1.574945685492469272e-01 5.245011849395396894e+03 0.000000000000000000e+00 1.998981679944999314e+03 0.000000000000000000e+00 2.155797508796052853e+02
1.625189323163163113e-01 4.992684379562044342e+03 0.000000000000000000e+00 1.934679562043795841e+03 0.000000000000000000e+00 3.889900364963503989e+02
1.675461007718098694e-01 4.797801252847380056e+03 0.000000000000000000e+00 1.800722380410022652e+03 0.000000000000000000e+00 1.053188799117312016e+02
1.725292014006662711e-01 4.690385997297030372e+03 0.000000000000000000e+00 1.825918317566008682e+03 0.000000000000000000e+00 2.651025645251672813e+02
1.775301965061671094e-01 4.482835941443715456e+03 0.000000000000000000e+00 1.642299343765774893e+03 0.000000000000000000e+00 1.837943746845027704e+02
1.825147654490652804e-01 4.370278826553221734e+03 0.000000000000000000e+00 1.689524180921149764e+03 0.000000000000000000e+00 1.885568406747614461e+02
1.875360723572403465e-01 4.261880223463686889e+03 0.000000000000000000e+00 1.571811843575419061e+03 0.000000000000000000e+00 1.399783240223463565e+02
1.925323683450522461e-01 4.096129377744457088e+03 0.000000000000000000e+00 1.417795009103566372e+03 0.000000000000000000e+00 -1.609925899646567515e+01
1.975198663583639380e-01 3.999354091311495722e+03 0.000000000000000000e+00 1.496183533577842354e+03 0.000000000000000000e+00 2.363002149993676255e+02
2.025153694923672032e-01 3.876582456817523962e+03 0.000000000000000000e+00 1.232692946058091366e+03 0.000000000000000000e+00 9.131120331950208424e+01
2.075088499274508613e-01 3.765298770294717087e+03 0.000000000000000000e+00 1.301965146900547325e+03 0.000000000000000000e+00 5.835286473241887961e+01
2.125178062418619784e-01 3.651431663466573809e+03 0.000000000000000000e+00 1.208734246814452945e+03 0.000000000000000000e+00 2.057223119218013778e+02
2.175004174234404231e-01 3.531521925763824584e+03 0.000000000000000000e+00 1.129923070448615363e+03 0.000000000000000000e+00 1.207747795850517747e+01
2.225093171556767890e-01 3.462048107799294939e+03 0.000000000000000000e+00 1.093893264514095563e+03 0.000000000000000000e+00 2.201153050570319749e+02
2.275289586476768322e-01 3.341045767641206112e+03 0.000000000000000000e+00 1.017784325730904698e+03 0.000000000000000000e+00 -2.976797126128884230e+01
2.325285406108919262e-01 3.257788659887581161e+03 0.000000000000000000e+00 1.033620068033398184e+03 0.000000000000000000e+00 6.094801993706001753e+01
2.375276552426477672e-01 3.181150149411144412e+03 0.000000000000000000e+00 9.147412902091756450e+02 0.000000000000000000e+00 9.003862717525048254e+01
2.424991024241769377e-01 3.091836780173214265e+03 0.000000000000000000e+00 9.202747792615602975e+02 0.000000000000000000e+00 5.283882717404149787e+01
2.474998551644826128e-01 3.048338392571245549e+03 0.000000000000000000e+00 8.762475184117835170e+02 0.000000000000000000e+00 1.013788584694204360e+02
2.525200307756395035e-01 2.989010825858335920e+03 0.000000000000000000e+00 8.550786885245902340e+02 0.000000000000000000e+00 -1.327546879832972593e+01
2.575182250600202005e-01 2.916416720065568825e+03 0.000000000000000000e+00 8.046317860070039387e+02 0.000000000000000000e+00 3.568487445048803863e+01
2.625255687975799335e-01 2.858686597820505540e+03 0.000000000000000000e+00 7.291281451474867481e+02 0.000000000000000000e+00 7.160300536315399711e+01
2.675305520911575030e-01 2.789856864721558395e+03 0.000000000000000000e+00 7.571076345258970832e+02 0.000000000000000000e+00 -1.660267740020159977e+01
2.725404586615198799e-01 2.720148093298777894e+03 0.000000000000000000e+00 6.863264399428782099e+02 0.000000000000000000e+00 4.419954910879567933e+01
2.775333197047151201e-01 2.690513919404450917e+03 0.000000000000000000e+00 7.001078915397937408e+02 0.000000000000000000e+00 7.720197353116033412e+01
2.825123907298719983e-01 2.620649021181992339e+03 0.000000000000000000e+00 6.504107206817760698e+02 0.000000000000000000e+00 4.029301858827889049e+01
2.875104651677040102e-01 2.563815744110323521e+03 0.000000000000000000e+00 6.563735874353571944e+02 0.000000000000000000e+00 3.860736389101704447e+01
2.924971317655564174e-01 2.524322047417031627e+03 0.000000000000000000e+00 5.697044238171750976e+02 0.000000000000000000e+00 -6.449432428995827138e+01
2.975058823671092867e-01 2.480267827013586611e+03 0.000000000000000000e+00 5.924318444187905470e+02 0.000000000000000000e+00 7.448775086582008953e+01
3.025121359101998753e-01 2.433249059703428429e+03 0.000000000000000000e+00 5.532804029224849955e+02 0.000000000000000000e+00 3.124423460399464059e+00
3.075010376196579687e-01 2.390265057219000028e+03 0.000000000000000000e+00 5.060165334169410585e+02 0.000000000000000000e+00 1.153886450331818025e+01
3.125134169243361515e-01 2.345384114216770740e+03 0.000000000000000000e+00 5.163506133118842172e+02 0.000000000000000000e+00 -6.678678614518399392e+00
3.175159688234982513e-01 2.312964879016808936e+03 0.000000000000000000e+00 4.776406165574559850e+02 0.000000000000000000e+00 -3.288423829218692873e+01
3.225221380836135188e-01 2.264882159713045439e+03 0.000000000000000000e+00 4.363637908249953057e+02 0.000000000000000000e+00 3.961860959033415241e+01
3.275181733526948968e-01 2.232292336171788065e+03 0.000000000000000000e+00 4.498969640873750677e+02 0.000000000000000000e+00 -1.995874444650129576e+01
3.325123842131759710e-01 2.213746461834064121e+03 0.000000000000000000e+00 4.350427426456852800e+02 0.000000000000000000e+00 1.138777609258386292e+01
3.374959366892091861e-01 2.171532214553481026e+03 0.000000000000000000e+00 3.731092386924990478e+02 0.000000000000000000e+00 -3.536663980660757289e+01
3.424919221947719805e-01 2.133295285401161891e+03 0.000000000000000000e+00 3.746910466792789407e+02 0.000000000000000000e+00 -3.983005525506504796e+01
3.475179778446125245e-01 2.113728232103766913e+03 0.000000000000000000e+00 3.752535041003691845e+02 0.000000000000000000e+00 1.024936084882543241e+01
3.525052850529177828e-01 2.077264952897972307e+03 0.000000000000000000e+00 3.716754909787641736e+02 0.000000000000000000e+00 -3.912672840491777038e+01
3.575133254796376558e-01 2.062413256585754880e+03 0.000000000000000000e+00 3.638053513807666377e+02 0.000000000000000000e+00 1.045073522085367657e+01
3.625250227669692404e-01 2.023037253425688732e+03 0.000000000000000000e+00 3.350374040054208535e+02 0.000000000000000000e+00 1.944943814937509341e+00
3.675230446100045678e-01 2.009304609642120340e+03 0.000000000000000000e+00 2.898804540384489314e+02 0.000000000000000000e+00 -1.281487708593049391e+01
3.725177060730277545e-01 1.972188461318543204e+03 0.000000000000000000e+00 3.215064040253873827e+02 0.000000000000000000e+00 7.983676346560695691e+00
3.775163034622419089e-01 1.950660166458650792e+03 0.000000000000000000e+00 3.065634908047799740e+02 0.000000000000000000e+00 -7.399831748505389051e+00
3.825226892977953153e-01 1.928239567567567519e+03 0.000000000000000000e+00 2.961983783783783792e+02 0.000000000000000000e+00 3.096538513513513635e+01
3.875130067694269043e-01 1.912103898840885222e+03 0.000000000000000000e+00 2.971707850368809432e+02 0.000000000000000000e+00 4.309451066912539829e+01
3.924957861003909865e-01 1.896056589321919546e+03 0.000000000000000000e+00 2.758895246677179784e+02 0.000000000000000000e+00 6.922905416277798452e+01
3.975064703251052212e-01 1.874585614274208638e+03 0.000000000000000000e+00 2.582175577721330910e+02 0.000000000000000000e+00 4.027538256613593148e+01
