3.798113400606732779e-03 1.807444736842105340e+04 0.000000000000000000e+00 1.830243092105262986e+04 0.000000000000000000e+00 1.435246546052631493e+04
8.299341265228576958e-03 4.278224218750000000e+04 0.000000000000000000e+00 2.532910156250000000e+04 0.000000000000000000e+00 -1.841738281250000000e+03
1.293222767532251419e-02 4.947871337579617830e+04 0.000000000000000000e+00 1.305583917197452320e+04 0.000000000000000000e+00 -1.070517197452229266e+04
1.764839556552980082e-02 4.913327739726027357e+04 0.000000000000000000e+00 2.209012328767123108e+04 0.000000000000000000e+00 1.324961472602739741e+04
2.256548662787912635e-02 4.635358412098298868e+04 0.000000000000000000e+00 2.028562570888468690e+04 0.000000000000000000e+00 -1.327766446124763752e+04
2.777643688250242340e-02 4.033522682926829293e+04 0.000000000000000000e+00 1.893163292682926840e+04 0.000000000000000000e+00 4.017981707317072960e+03
3.269804980233311648e-02 3.633293600000000151e+04 0.000000000000000000e+00 2.350763600000000224e+04 0.000000000000000000e+00 -3.054465000000000146e+03
3.761648458559932462e-02 3.042532703978422069e+04 0.000000000000000000e+00 1.404573836817262236e+04 0.000000000000000000e+00 3.578621712744436991e+03
4.263843696389812976e-02 2.781544419642856883e+04 0.000000000000000000e+00 1.418259263392857065e+04 0.000000000000000000e+00 1.580925920758928442e+03
4.756514582339458480e-02 2.611930920191888436e+04 0.000000000000000000e+00 1.039513475795900558e+04 0.000000000000000000e+00 -3.938105102485826592e+03
5.262096060748640974e-02 2.404344101123595465e+04 0.000000000000000000e+00 9.291215589887640817e+03 0.000000000000000000e+00 3.200317064606741496e+03
5.756031740041873956e-02 2.234748267326732821e+04 0.000000000000000000e+00 7.714036509900990495e+03 0.000000000000000000e+00 -1.747349938118811906e+03
6.254738279606215923e-02 2.150194554819720361e+04 0.000000000000000000e+00 1.021029188128525857e+04 0.000000000000000000e+00 1.343383983321069309e+03
6.757793472572401483e-02 1.977677680140597295e+04 0.000000000000000000e+00 1.048600966608084309e+04 0.000000000000000000e+00 1.046427943760984135e+03
7.255917516659465827e-02 1.853298419192858637e+04 0.000000000000000000e+00 7.855806583596801829e+03 0.000000000000000000e+00 -2.578307374000372079e+02
7.753384299139773339e-02 1.706937395379980080e+04 0.000000000000000000e+00 7.144625376632072403e+03 0.000000000000000000e+00 -2.528071225309675469e+02
8.251793356505521260e-02 1.599229357798165256e+04 0.000000000000000000e+00 7.187379013761468741e+03 0.000000000000000000e+00 -5.748529959862385113e+02
8.752751931716111489e-02 1.452221225864973530e+04 0.000000000000000000e+00 6.613917325385513323e+03 0.000000000000000000e+00 1.312847738758585137e+03
9.254701955136974967e-02 1.363822971741112087e+04 0.000000000000000000e+00 5.623767547857793943e+03 0.000000000000000000e+00 1.985498233819507732e+02
9.754963178921903511e-02 1.236291929236888973e+04 0.000000000000000000e+00 5.059512195121951663e+03 0.000000000000000000e+00 1.077124672877630019e+03
1.025319613041059119e-01 1.143825365853658514e+04 0.000000000000000000e+00 5.384129831144465243e+03 0.000000000000000000e+00 3.731733583489681223e+02
1.075116003998943526e-01 1.115962922122673990e+04 0.000000000000000000e+00 5.201274638180565489e+03 0.000000000000000000e+00 5.175828738800827296e+02
1.125102861506304813e-01 1.042628120893561209e+04 0.000000000000000000e+00 4.544996830795393180e+03 0.000000000000000000e+00 8.407449949756512524e+02
1.175500852175193622e-01 1.014746465652112056e+04 0.000000000000000000e+00 4.184288152467643158e+03 0.000000000000000000e+00 2.060217429953065107e+02
1.225369446564099490e-01 9.757768156239655582e+03 0.000000000000000000e+00 4.104975571002979450e+03 0.000000000000000000e+00 2.707228359814630991e+01
1.275260957852891452e-01 9.491000727625514628e+03 0.000000000000000000e+00 3.755864419112296673e+03 0.000000000000000000e+00 4.122666444336647942e+02
1.325302087090364789e-01 9.055229672857863989e+03 0.000000000000000000e+00 3.852651141911228024e+03 0.000000000000000000e+00 1.011158710229504543e+01
1.375062694904859717e-01 8.841012882787750641e+03 0.000000000000000000e+00 3.531673284054910255e+03 0.000000000000000000e+00 6.715711721224920439e+02
1.425134422753508989e-01 8.329472835477059562e+03 0.000000000000000000e+00 3.189794394317527349e+03 0.000000000000000000e+00 1.271802649260894640e+02
1.475259222195813014e-01 7.965603899949884180e+03 0.000000000000000000e+00 3.150547906510547364e+03 0.000000000000000000e+00 3.876993484896806308e+02
1.525299430011916868e-01 7.517869462292864227e+03 0.000000000000000000e+00 2.941277984443692731e+03 0.000000000000000000e+00 1.099358196652012083e+02
1.574945685492469272e-01 7.172660169045982002e+03 0.000000000000000000e+00 2.864271444170339691e+03 0.000000000000000000e+00 5.869629352529623390e+01
1.625189323163163113e-01 6.908155912408759832e+03 0.000000000000000000e+00 2.785764963503650051e+03 0.000000000000000000e+00 5.663120437956205251e+02
1.675461007718098694e-01 6.777563211845102160e+03 0.000000000000000000e+00 2.697044419134396321e+03 0.000000000000000000e+00 -1.061335599373576315e+02
1.725292014006662711e-01 6.460763819758051795e+03 0.000000000000000000e+00 2.586523914691631035e+03 0.000000000000000000e+00 5.980281504433530699e+02
1.775301965061671094e-01 6.288585058051488886e+03 0.000000000000000000e+00 2.379760979303382101e+03 0.000000000000000000e+00 3.569071807168097052e+02
1.825147654490652804e-01 6.163370734733670361e+03 0.000000000000000000e+00 2.231682590327631715e+03 0.000000000000000000e+00 7.674424650654377444e+01
1.875360723572403465e-01 5.931666592178770770e+03 0.000000000000000000e+00 2.190879776536312875e+03 0.000000000000000000e+00 1.723434217877095023e+02
1.925323683450522461e-01 5.834128735139765922e+03 0.000000000000000000e+00 2.062589268501660172e+03 0.000000000000000000e+00 1.217742047766948588e+02
1.975198663583639380e-01 5.660647021626406968e+03 0.000000000000000000e+00 2.118629062855697157e+03 0.000000000000000000e+00 4.717777159478942508e+02
2.025153694923672032e-01 5.465081540094567572e+03 0.000000000000000000e+00 1.731199459615941350e+03 0.000000000000000000e+00 6.921864445623855033e+01
2.075088499274508613e-01 5.330343813689344643e+03 0.000000000000000000e+00 1.768874579220957685e+03 0.000000000000000000e+00 2.099906541253520942e+01
2.125178062418619784e-01 5.206429045208587922e+03 0.000000000000000000e+00 1.806826147669750526e+03 0.000000000000000000e+00 2.630859224995636509e+02
2.175004174234404231e-01 5.076642706842858388e+03 0.000000000000000000e+00 1.831212860870297163e+03 0.000000000000000000e+00 1.654620507533036005e+02
2.225093171556767890e-01 4.927007426961644342e+03 0.000000000000000000e+00 1.670946592856720827e+03 0.000000000000000000e+00 2.741555918914127119e+02
2.275289586476768322e-01 4.766616562069493739e+03 0.000000000000000000e+00 1.626454308893311008e+03 0.000000000000000000e+00 -3.956577663401193945e+01
2.325285406108919262e-01 4.670712968184381680e+03 0.000000000000000000e+00 1.582647044912957426e+03 0.000000000000000000e+00 1.126599876302912406e+02
2.375276552426477672e-01 4.605416769203726290e+03 0.000000000000000000e+00 1.568582035507119144e+03 0.000000000000000000e+00 1.301629899806644346e+02
2.424991024241769377e-01 4.484999915587594842e+03 0.000000000000000000e+00 1.545633954045886640e+03 0.000000000000000000e+00 1.328870308780578284e+02
2.474998551644826128e-01 4.362910534742234631e+03 0.000000000000000000e+00 1.363862568043547981e+03 0.000000000000000000e+00 2.036374479666986872e+02
2.525200307756395035e-01 4.275260872254872083e+03 0.000000000000000000e+00 1.248524095267553548e+03 0.000000000000000000e+00 6.999146303742654140e+01
2.575182250600202005e-01 4.212823724014603613e+03 0.000000000000000000e+00 1.234051590790552154e+03 0.000000000000000000e+00 -3.226208926309514879e+01
2.625255687975799335e-01 4.118288355109260010e+03 0.000000000000000000e+00 1.256380327494722451e+03 0.000000000000000000e+00 1.244617590003993826e+02
2.675305520911575030e-01 4.036589166125847441e+03 0.000000000000000000e+00 1.165984562488780739e+03 0.000000000000000000e+00 4.352111956476712606e+01
2.725404586615198799e-01 3.966364626857777239e+03 0.000000000000000000e+00 1.112607394086846170e+03 0.000000000000000000e+00 1.247787856349500117e+02
2.775333197047151201e-01 3.909179621061338366e+03 0.000000000000000000e+00 1.127317807015276458e+03 0.000000000000000000e+00 -9.140576937989505879e+00
2.825123907298719983e-01 3.803596319397270690e+03 0.000000000000000000e+00 1.095183548446859731e+03 0.000000000000000000e+00 7.742682640647193182e+01
2.875104651677040102e-01 3.738609078720551679e+03 0.000000000000000000e+00 1.065413522313732983e+03 0.000000000000000000e+00 9.068145470216433068e+01
2.924971317655564174e-01 3.670088060201828284e+03 0.000000000000000000e+00 1.039392525633171090e+03 0.000000000000000000e+00 -9.047208960917361154e+00
2.975058823671092867e-01 3.619248024154160248e+03 0.000000000000000000e+00 1.032294201225468441e+03 0.000000000000000000e+00 6.452941013231506417e+01
3.025121359101998753e-01 3.557227962474601100e+03 0.000000000000000000e+00 9.670937702650122674e+02 0.000000000000000000e+00 6.465774285590765658e+01
3.075010376196579687e-01 3.496468453780634718e+03 0.000000000000000000e+00 9.279229973350055616e+02 0.000000000000000000e+00 6.635915242723520180e+01
3.125134169243361515e-01 3.442111562437160956e+03 0.000000000000000000e+00 9.191902674441986392e+02 0.000000000000000000e+00 3.577876281922380741e+01
3.175159688234982513e-01 3.387802536570030952e+03 0.000000000000000000e+00 8.543655922429290968e+02 0.000000000000000000e+00 5.182010197365189441e+01
3.225221380836135188e-01 3.339627109684727657e+03 0.000000000000000000e+00 8.195966018501038661e+02 0.000000000000000000e+00 6.607299886728337412e+01
3.275181733526948968e-01 3.260144835246205275e+03 0.000000000000000000e+00 7.633061088485745813e+02 0.000000000000000000e+00 6.187817590707145321e+00
3.325123842131759710e-01 3.236666340500102251e+03 0.000000000000000000e+00 7.580966579787755109e+02 0.000000000000000000e+00 3.187667345686150711e+01
3.374959366892091861e-01 3.192756472690326973e+03 0.000000000000000000e+00 7.913003538520828215e+02 0.000000000000000000e+00 2.085369004659636616e+01
3.424919221947719805e-01 3.157076865379326591e+03 0.000000000000000000e+00 7.204299727475018926e+02 0.000000000000000000e+00 -1.308094387818883497e+01
3.475179778446125245e-01 3.101288724801515855e+03 0.000000000000000000e+00 6.991803835723853808e+02 0.000000000000000000e+00 4.967442905217760085e+01
3.525052850529177828e-01 3.046050007983394607e+03 0.000000000000000000e+00 6.843875459045185607e+02 0.000000000000000000e+00 -5.728869152163500189e+01
3.575133254796376558e-01 3.011030006668148417e+03 0.000000000000000000e+00 6.662267017191560399e+02 0.000000000000000000e+00 2.856476343401982021e+01
3.625250227669692404e-01 2.963707152537268485e+03 0.000000000000000000e+00 6.645913567233850472e+02 0.000000000000000000e+00 -2.367657920493901358e+01
3.675230446100045678e-01 2.942190611581333997e+03 0.000000000000000000e+00 5.957788713193214107e+02 0.000000000000000000e+00 4.924397640866376946e+01
3.725177060730277545e-01 2.916454914517697034e+03 0.000000000000000000e+00 6.274733832694837474e+02 0.000000000000000000e+00 4.056355780776488018e+01
3.775163034622419089e-01 2.868172526737506814e+03 0.000000000000000000e+00 5.871182242571765073e+02 0.000000000000000000e+00 8.491421242440749495e+01
3.825226892977953153e-01 2.854927567567567621e+03 0.000000000000000000e+00 5.963160000000000309e+02 0.000000000000000000e+00 5.744934459459459219e+01
3.875130067694269043e-01 2.809486828240253089e+03 0.000000000000000000e+00 5.533942571127503243e+02 0.000000000000000000e+00 3.998709990779768297e+00
3.924957861003909865e-01 2.784644263508512267e+03 0.000000000000000000e+00 5.434728285006275428e+02 0.000000000000000000e+00 7.225233482444566846e+01
3.975064703251052212e-01 2.780305557276501077e+03 0.000000000000000000e+00 5.567179233009107975e+02 0.000000000000000000e+00 1.069122111393346160e+02
