3.798113400606732779e-03 5.427631578947367946e-02 7.655830905263157189e+07 -1.159539473684210453e-01 5.913512421052630991e+06 1.552220394736842091e-01 2.042244850526315570e+08 0.000000000000000000e+00 -5.125776168421052396e+07 0.000000000000000000e+00 -2.485167157894736622e+06
8.299341265228576958e-03 4.882812500000000000e-04 5.695148000000000000e+07 -7.080078125000000000e-03 4.672091200000000000e+07 -8.605957031250000000e-03 1.231389760000000000e+08 0.000000000000000000e+00 8.852172800000000000e+07 0.000000000000000000e+00 1.096698720000000000e+08
1.293222767532251419e-02 0.000000000000000000e+00 2.408130201273885369e+07 2.985668789808917402e-03 5.082292993630573153e+06 -2.836385350318471575e-03 8.849574318471337855e+07 0.000000000000000000e+00 7.059822552866242826e+07 0.000000000000000000e+00 4.050666150318471342e+07
1.764839556552980082e-02 3.839362157534246308e-03 2.293710027397260070e+07 -1.120371361301369766e-02 9.867318356164382771e+06 1.298460241866438228e-02 6.720551276712328196e+07 0.000000000000000000e+00 5.351044208219178021e+07 0.000000000000000000e+00 1.297552482191780768e+07
2.256548662787912635e-02 -6.830399338374291279e-04 1.109958799243856408e+07 1.737136696597353603e-03 2.788480604914933792e+05 -1.736675183128544471e-03 4.207077480529300869e+07 0.000000000000000000e+00 1.988543153119092807e+07 0.000000000000000000e+00 -9.731247183364840224e+06
2.777643688250242340e-02 2.000762195121951099e-04 8.459122263414634392e+06 -5.954649390243902307e-04 2.157989307317072991e+06 4.608898628048780245e-04 3.643530364878048748e+07 0.000000000000000000e+00 3.323480663414634019e+07 0.000000000000000000e+00 8.698241248780487105e+06
3.269804980233311648e-02 -4.848632812499999970e-04 6.108837376000000164e+06 7.434082031249999827e-04 1.170654591999999946e+06 -1.253601074218750090e-03 2.968236441600000113e+07 0.000000000000000000e+00 2.719371878400000185e+07 0.000000000000000000e+00 2.321636351999999955e+06
3.761648458559932462e-02 1.119458024275118063e-05 4.506907101820633747e+06 -2.798645060687794819e-05 6.623387188132164301e+05 4.276165026550910191e-04 2.393732781658799574e+07 0.000000000000000000e+00 2.152124021038435400e+07 0.000000000000000000e+00 4.783834540795684792e+06
4.263843696389812976e-02 3.901890345982142547e-04 3.314666571428571362e+06 -1.237051827566964255e-03 6.223059285714285215e+05 1.635142735072544519e-03 1.978486628571428359e+07 0.000000000000000000e+00 1.666417600000000000e+07 0.000000000000000000e+00 2.614468285714285448e+06
4.756514582339458480e-02 8.177060619276057781e-05 2.438085051897078287e+06 -2.453118185782817199e-04 3.380627370257304865e+05 5.042520715220236106e-04 1.664644409943305701e+07 0.000000000000000000e+00 1.348609161098996922e+07 0.000000000000000000e+00 5.443688722197994357e+05
5.262096060748640974e-02 -2.655715085147471654e-04 1.748374292134831427e+06 -1.480445433198735827e-04 1.421403932584269496e+05 -1.022488883372103113e-03 1.359326489887640439e+07 0.000000000000000000e+00 1.105451721348314546e+07 0.000000000000000000e+00 2.431321528089887463e+06
5.756031740041873956e-02 1.547029702970297048e-04 1.392348831683168421e+06 -3.867574257425742621e-05 9.514150495049504389e+04 3.770884900990099107e-04 1.202357861386138573e+07 0.000000000000000000e+00 8.245023683168317191e+06 0.000000000000000000e+00 6.019353663366336841e+05
6.254738279606215923e-02 -6.371489453029187389e-05 1.179395076772136381e+06 4.814546541574687012e-05 2.248289860191316984e+05 -2.466556866261957089e-04 1.037144673828795552e+07 0.000000000000000000e+00 6.881546234976697713e+06 0.000000000000000000e+00 1.072649544272749452e+06
6.757793472572401483e-02 6.629125933655535623e-05 9.332126818980667740e+05 2.992760737038664071e-05 5.951865729349735921e+04 1.688120863768673109e-04 9.421067247803162783e+06 0.000000000000000000e+00 6.425031311072056182e+06 0.000000000000000000e+00 5.817530826010544552e+05
7.255917516659465827e-02 -2.796924400223172870e-05 7.222120885251999134e+05 1.810736121443184087e-04 1.444527729217035630e+04 -1.681787009484842887e-04 8.579374800818299875e+06 0.000000000000000000e+00 5.858882368607030250e+06 0.000000000000000000e+00 6.471936023805096193e+04
7.753384299139773339e-02 -5.500724493639103140e-05 5.821385148978908546e+05 7.474610028875125402e-05 2.969804620020087168e+04 -2.170354576864328864e-04 7.646130865751590580e+06 0.000000000000000000e+00 5.035897957817208022e+06 0.000000000000000000e+00 1.260390502845664509e+06
8.251793356505521260e-02 3.674708375143348785e-05 4.938317431192660588e+05 -1.254650430941800586e-04 4.257101376146788971e+04 1.581786969386109643e-04 6.881270018348623998e+06 0.000000000000000000e+00 3.878130495412844233e+06 0.000000000000000000e+00 3.246919633027522941e+05
8.752751931716111489e-02 6.150179797848905191e-05 3.941884815342749935e+05 1.025029966308150922e-05 2.671872903978230170e+04 -3.489531027277439592e-05 6.251786847738758661e+06 0.000000000000000000e+00 3.736289513541531749e+06 0.000000000000000000e+00 7.158880601269924082e+05
9.254701955136974967e-02 3.738890154968094675e-05 3.059460783956244122e+05 -1.513360300820419354e-05 3.735465086599817732e+04 -2.225529854147675427e-07 5.401668608933454379e+06 0.000000000000000000e+00 2.881922216955332551e+06 0.000000000000000000e+00 2.744399343664539629e+05
9.754963178921903511e-02 3.189443106877420546e-05 2.350912073694127612e+05 -9.772780801842352724e-05 2.260723626086046352e+04 9.046978043546529400e-05 4.981537792107191868e+06 0.000000000000000000e+00 2.502597902229666244e+06 0.000000000000000000e+00 1.551907614361980523e+05
1.025319613041059119e-01 -3.133061679174484177e-05 2.014559819887429767e+05 7.539502227954972507e-05 -1.957173433395872416e+04 -1.812274639423076990e-04 4.573950559099436738e+06 0.000000000000000000e+00 2.111285121200750582e+06 0.000000000000000000e+00 1.340100863039399701e+04
1.075116003998943526e-01 -4.950956506288766508e-05 1.650187512060647714e+05 1.062752048694865637e-04 1.954339903514817343e+04 -1.209924173387965198e-04 4.236417852515506558e+06 0.000000000000000000e+00 2.017434552722260589e+06 0.000000000000000000e+00 3.573002012405237765e+05
1.125102861506304813e-01 1.034158324959418845e-05 1.462813227177862136e+05 3.071903141184200684e-04 1.467607142305016714e+04 -1.424137919581433044e-04 4.001947139522300567e+06 0.000000000000000000e+00 1.812449763623714913e+06 0.000000000000000000e+00 3.771455243101182859e+05
1.175500852175193622e-01 3.097332349594652520e-05 1.166707802588536579e+05 -2.409807904281041204e-05 9.731204096145640506e+03 1.227300581798463968e-04 3.816891476034703664e+06 0.000000000000000000e+00 1.726921894467358943e+06 0.000000000000000000e+00 3.048955994879818172e+05
1.225369446564099490e-01 4.654915590863952548e-06 1.031485606090698566e+05 -9.051224760013240690e-06 1.353777212843429334e+04 3.083881578947368521e-05 3.592829517113538925e+06 0.000000000000000000e+00 1.505091673485600855e+06 0.000000000000000000e+00 1.403438013902681414e+05
1.275260957852891452e-01 -1.326400679117147689e-05 8.753311666262430663e+04 1.023223381033228188e-04 3.491759398496240465e+03 -1.099017705554208114e-04 3.454291512005820870e+06 0.000000000000000000e+00 1.390083477079796139e+06 0.000000000000000000e+00 2.319239233567790361e+05
1.325302087090364789e-01 1.359000617249312506e-05 7.858401301834914193e+04 -6.115502777621906194e-05 6.722248583132259228e+03 -4.772941683968352143e-05 3.278298564614780247e+06 0.000000000000000000e+00 1.348485322260254761e+06 0.000000000000000000e+00 -1.706593165366702306e+04
1.375062694904859717e-01 2.375666166182682069e-05 7.260081605068637873e+04 -8.599705278181098242e-05 2.312036832101372784e+04 1.584996643388661604e-04 3.097530579936641734e+06 0.000000000000000000e+00 1.268227784582893364e+06 0.000000000000000000e+00 3.257490517423442216e+05
1.425134422753508989e-01 -1.602919826262238248e-05 5.818857515837972460e+04 -1.092047717892109740e-05 8.137898253023612597e+03 -6.009777623464196368e-05 2.957340504511422478e+06 0.000000000000000000e+00 1.075718290650796611e+06 0.000000000000000000e+00 3.903899558456517843e+04
1.475259222195813014e-01 -3.203448904278099438e-05 4.689741491639710148e+04 5.801801904414779544e-05 1.439479958084650752e+04 -7.305643195589776753e-05 2.778948919039591681e+06 0.000000000000000000e+00 1.005987415918720653e+06 0.000000000000000000e+00 9.137478481935395394e+04
1.525299430011916868e-01 -2.889726707811971760e-07 4.589441190395670856e+04 3.921771960601961448e-07 1.313530064254311765e+04 -1.057846384109739655e-06 2.663596975312816910e+06 0.000000000000000000e+00 9.812108596550557995e+05 0.000000000000000000e+00 1.525445627324991510e+05
1.574945685492469272e-01 -1.706130949973712986e-05 3.006080543535406468e+04 2.274841266631617089e-05 7.385956403930925262e+03 -4.549682533263234177e-05 2.497924736522829160e+06 0.000000000000000000e+00 9.236941332147044595e+05 0.000000000000000000e+00 1.050165587414566980e+05
1.625189323163163113e-01 -2.922559306569343528e-06 2.966534540145985738e+04 5.435247490875912547e-05 9.520715912408759323e+03 -2.861078638229927335e-05 2.404609569635036867e+06 0.000000000000000000e+00 8.800279918248176109e+05 0.000000000000000000e+00 6.462536408759124606e+04
1.675461007718098694e-01 2.638136878915147969e-05 2.638131207289293889e+04 -7.207084082253700915e-05 7.588812072892937977e+03 1.041916345409488843e-04 2.337121384965831414e+06 0.000000000000000000e+00 7.907466788154897513e+05 0.000000000000000000e+00 -1.517294191343963394e+04
1.725292014006662711e-01 9.946857385370999057e-06 2.468002399709925521e+04 6.615143018426344264e-06 1.300496687213633595e+04 -1.405516700934502510e-05 2.225316146487787366e+06 0.000000000000000000e+00 6.988932822625837289e+05 0.000000000000000000e+00 1.232898936612058023e+05
1.775301965061671094e-01 -2.292284515396264441e-05 1.802645128722867230e+04 -3.068703464159515420e-05 1.068164159515396204e+04 5.391798255300353551e-06 2.158912484603735618e+06 0.000000000000000000e+00 6.607573225643613841e+05 0.000000000000000000e+00 6.309557597173145041e+04
1.825147654490652804e-01 6.289421400927649304e-06 1.580799054624952078e+04 1.658907020886879878e-05 5.051873910602972501e+03 -7.162150746698573125e-06 2.086777741617182270e+06 0.000000000000000000e+00 6.129359241336523555e+05 0.000000000000000000e+00 1.367766653076900402e+05
1.875360723572403465e-01 -1.374825418994413415e-05 1.061316022346368663e+04 3.131546787709497156e-05 1.446107083798882741e+04 -4.694592353351955506e-05 2.023341851173184346e+06 0.000000000000000000e+00 6.006979074860335095e+05 0.000000000000000000e+00 1.114170136312849208e+05
1.925323683450522461e-01 -7.295194856484951798e-06 9.465535396808396399e+03 1.755814819401306441e-05 8.184199635857341491e+03 -6.069523677640033653e-06 1.965149330191710265e+06 0.000000000000000000e+00 5.464933473278355086e+05 0.000000000000000000e+00 1.905828210345935531e+03
1.975198663583639380e-01 3.803986973567724669e-06 6.969493967370684004e+03 -1.267172284052105571e-05 1.316192659668647866e+04 1.797630857151890764e-05 1.896948720070823096e+06 0.000000000000000000e+00 4.640896987479448435e+05 0.000000000000000000e+00 7.084947474389780837e+04
2.025153694923672032e-01 6.266660836630319874e-06 5.330202837016307967e+03 1.967166089694104056e-05 6.657669786741291318e+03 1.076051630500337786e-05 1.853012534594229655e+06 0.000000000000000000e+00 4.851595993438193691e+05 0.000000000000000000e+00 -2.130531158930811580e+04
2.075088499274508613e-01 -8.475513235933957419e-06 3.525180059080812498e+03 2.723792908012548979e-05 1.075903913531338003e+04 -2.721556624836840799e-05 1.798966314044287661e+06 0.000000000000000000e+00 4.660340331127344398e+05 0.000000000000000000e+00 6.740337722411779396e+04
2.125178062418619784e-01 2.301203307732588544e-06 4.409967708151510237e+02 -5.902160335573398751e-06 8.684077500436376795e+03 1.184160868770727856e-05 1.737290623843602836e+06 0.000000000000000000e+00 4.288984409146448015e+05 0.000000000000000000e+00 1.618122534473730229e+04
2.175004174234404231e-01 9.390814377998484876e-06 5.242055803383553894e+02 -4.780684825035771360e-05 9.013364531605084267e+03 2.972131104152638616e-05 1.695611959936032305e+06 0.000000000000000000e+00 3.956462870128776995e+05 0.000000000000000000e+00 2.772204629239963106e+04
2.225093171556767890e-01 -6.310208624731585852e-06 1.107068733870491087e+03 5.286723567305608992e-05 9.466238726581430456e+03 -2.418272024782805687e-05 1.649896170682216762e+06 0.000000000000000000e+00 3.967654739662339562e+05 0.000000000000000000e+00 1.199659946809558605e+05
2.275289586476768322e-01 1.270592568498392805e-06 -3.798742537884585886e+02 -1.681666634777284670e-06 8.314154599724475702e+03 1.804054595419409161e-05 1.608791305678861216e+06 0.000000000000000000e+00 3.616933206796265440e+05 0.000000000000000000e+00 3.648748277973365930e+02
2.325285406108919262e-01 7.958452331144380256e-06 -1.624499154130209490e+03 -4.689802266567224019e-06 1.167856162115947882e+04 2.042906290360722648e-05 1.562627166645444231e+06 0.000000000000000000e+00 3.115591296090808464e+05 0.000000000000000000e+00 3.892539770432758087e+04
2.375276552426477672e-01 8.067927140094921116e-06 -3.557534610652135598e+03 -4.239953199156266795e-06 8.459024222183161328e+03 -9.162247044735454251e-06 1.523563106908068294e+06 0.000000000000000000e+00 3.333711648444366292e+05 0.000000000000000000e+00 5.124669558797679929e+04
2.424991024241769377e-01 2.176257322776155143e-06 -1.575386693228436798e+03 -4.880092178346529945e-06 8.167255415055797130e+03 1.343674028835277573e-05 1.491740753701484064e+06 0.000000000000000000e+00 3.044159259872030816e+05 0.000000000000000000e+00 -1.363642996302736719e+04
2.474998551644826128e-01 -7.184285442683317044e-06 -3.570930003202049193e+03 9.846145282981107454e-06 2.364411399295549018e+03 -4.714833899945965114e-05 1.468464134229907067e+06 0.000000000000000000e+00 2.950330897214217111e+05 0.000000000000000000e+00 6.893503733589497278e+04
2.525200307756395035e-01 8.699350448499845913e-06 -1.152793690071141327e+03 -3.878460408289514933e-05 7.768350881534179280e+03 8.185847123414784823e-06 1.429823394246829674e+06 0.000000000000000000e+00 2.699640913083823398e+05 0.000000000000000000e+00 1.418874952056913207e+04
2.575182250600202005e-01 -5.500940689963489635e-06 -4.523635973474405546e+03 1.119106717085164971e-05 8.833426778928544081e+03 -1.417074337791520706e-05 1.396462851948438911e+06 0.000000000000000000e+00 2.604365042247224483e+05 0.000000000000000000e+00 2.157474191192906437e+04
2.625255687975799335e-01 1.003265163212472092e-05 -4.024943002225138116e+03 -2.352153608093940913e-05 7.233710732013464622e+03 3.603318593611820581e-05 1.369761455126376357e+06 0.000000000000000000e+00 2.726039961202715640e+05 0.000000000000000000e+00 3.344359125920008955e+04
2.675305520911575030e-01 -7.788153697218347615e-06 -4.089744576849256191e+03 -3.291487313546830272e-06 1.020216611203932553e+04 -6.110036655108453708e-05 1.338024479750348488e+06 0.000000000000000000e+00 2.186874370693583332e+05 0.000000000000000000e+00 5.071964872067494071e+03
2.725404586615198799e-01 6.198101232347807209e-06 -5.513374305812661987e+03 -7.231118104405775077e-06 2.852171153541016338e+03 1.657992079653038483e-05 1.313821192151055206e+06 0.000000000000000000e+00 2.229588448722695175e+05 0.000000000000000000e+00 3.242875294864335956e+04
2.775333197047151201e-01 4.732997356993304930e-06 -4.227941789231525036e+03 -7.894639591464832116e-06 7.047419546617727065e+03 1.877580051519244265e-05 1.291519291958539048e+06 0.000000000000000000e+00 2.197814558895752998e+05 0.000000000000000000e+00 2.166091720733062539e+04
2.825123907298719983e-01 -4.109215546455258863e-06 -3.494110689804236699e+03 1.020066963251868102e-05 5.070682097202495243e+03 -6.456786792759603165e-06 1.273181587896004552e+06 0.000000000000000000e+00 2.155515130735503044e+05 0.000000000000000000e+00 2.013529085407274761e+04
2.875104651677040102e-01 7.911423480595192916e-06 -4.806606014173529729e+03 -2.370650593381895145e-05 6.379162995594713720e+03 4.679780882269320760e-07 1.237117523846006487e+06 0.000000000000000000e+00 1.830167339590116753e+05 0.000000000000000000e+00 2.435661980463512737e+04
2.924971317655564174e-01 3.522032389693557754e-06 -4.733975886901940612e+03 -1.110794830595660532e-05 8.397170051670924295e+03 9.775897594469939203e-06 1.214991429423528025e+06 0.000000000000000000e+00 1.669850337883919419e+05 0.000000000000000000e+00 4.149914501381359150e+04
2.975058823671092867e-01 9.322481906580232082e-07 -5.028584317556166752e+03 9.073159716055411830e-06 5.614271556700115070e+03 1.531163452679602098e-06 1.197806108871325850e+06 0.000000000000000000e+00 1.480821099369505246e+05 0.000000000000000000e+00 2.777567320841843321e+04
3.025121359101998753e-01 3.519990421404176225e-06 -5.070791924257489882e+03 -1.724373118731356092e-05 6.063624400155635158e+03 1.095115460752075125e-05 1.176923560589684872e+06 0.000000000000000000e+00 1.591169433228135458e+05 0.000000000000000000e+00 -2.167638753188361989e+03
3.075010376196579687e-01 -7.663441157835606770e-06 -5.037288603229346336e+03 1.891365854594503015e-05 6.227768866593510211e+03 -2.176129606790837311e-05 1.162663844071693718e+06 0.000000000000000000e+00 1.479423531797042524e+05 0.000000000000000000e+00 4.112234870669383963e+04
3.125134169243361515e-01 -8.852122751922883443e-06 -3.425844198672833500e+03 1.997020482873139937e-05 5.493875568067564927e+03 -1.301729964366171098e-05 1.139223041544339387e+06 0.000000000000000000e+00 1.378932237281319103e+05 0.000000000000000000e+00 -3.795991795696762438e+03
3.175159688234982513e-01 -5.258601647616193471e-07 -4.021695277578568039e+03 6.687178435010216829e-06 6.335973592950261263e+03 8.317899587336122897e-06 1.128086630841626553e+06 0.000000000000000000e+00 1.272320729337564262e+05 0.000000000000000000e+00 7.454690021711153349e+03
3.225221380836135188e-01 2.000321526335661883e-06 -4.816057088918256341e+03 9.231898657258827190e-06 4.346520067962997928e+03 -2.656302543007834776e-05 1.111218663545403164e+06 0.000000000000000000e+00 1.143280341325278569e+05 0.000000000000000000e+00 2.536838210307721602e+04
3.275181733526948968e-01 2.277802202887819458e-06 -4.008686264346538337e+03 -2.115102045538689225e-06 5.730718992965568759e+03 1.414587479174379920e-06 1.091072037911884487e+06 0.000000000000000000e+00 1.029912642724916659e+05 0.000000000000000000e+00 -6.178275897815623466e+03
3.325123842131759710e-01 5.367458255312808994e-06 -3.987285908714874495e+03 -7.007665759793892467e-06 5.229573178433866815e+03 1.426250280936435350e-05 1.074635956056468422e+06 0.000000000000000000e+00 1.028614225962265482e+05 0.000000000000000000e+00 1.995339381054466867e+04
3.374959366892091861e-01 -3.583888234418246227e-06 -3.994715061486178911e+03 2.459111855358581877e-06 4.112688645201976215e+03 -7.904440846376519926e-06 1.060402351539782248e+06 0.000000000000000000e+00 1.036294780506604147e+05 0.000000000000000000e+00 -1.202519146550818186e+04
3.424919221947719805e-01 -2.832290876663694268e-06 -3.569229312686996309e+03 -5.566916550683813207e-06 6.125153472401637373e+03 2.061549652468142859e-05 1.049118906299744267e+06 0.000000000000000000e+00 9.186324319729309354e+04 0.000000000000000000e+00 -4.817449599546624995e+03
3.475179778446125245e-01 1.387933111706472300e-06 -3.649436272748063857e+03 3.988313539386414694e-08 3.157152546803018595e+03 -3.882623230592674550e-06 1.027978969516777201e+06 0.000000000000000000e+00 9.381045434051033226e+04 0.000000000000000000e+00 1.194649067206848122e+04
3.525052850529177828e-01 -1.372145936452179370e-06 -2.444831422640907022e+03 8.232875618713077068e-06 5.482152323167811119e+03 -1.060294587258502375e-06 1.015164987513970933e+06 0.000000000000000000e+00 8.910213456809835043e+04 0.000000000000000000e+00 2.981825195593166427e+03
3.575133254796376558e-01 1.052564183324263565e-06 -3.199692682665113352e+03 -7.631324232252761320e-06 5.225683316599091086e+03 7.407128061204692951e-06 1.004456575698814355e+06 0.000000000000000000e+00 7.487886295038743992e+04 0.000000000000000000e+00 1.554878162963417162e+04
3.625250227669692404e-01 3.602737727751844224e-06 -3.331100496913115421e+03 -1.188903450158108717e-05 4.677798162927269914e+03 1.049756896081162373e-05 9.954429051046528621e+05 0.000000000000000000e+00 6.862848462580936030e+04 0.000000000000000000e+00 2.437463514530943939e+03
3.675230446100045678e-01 8.158845110775758594e-06 -2.789354212686539995e+03 -1.656686960975147399e-05 3.654013487012371570e+03 1.587806658665587644e-05 9.794063374669203768e+05 0.000000000000000000e+00 7.250131863613499445e+04 0.000000000000000000e+00 -2.249410779403509514e+04
3.725177060730277545e-01 3.978505239007376125e-06 -3.088909829035394068e+03 -1.089552048787809492e-05 3.711855223283206669e+03 1.252007679380610663e-05 9.687756079821602907e+05 0.000000000000000000e+00 6.874195025444566272e+04 0.000000000000000000e+00 1.957640116644748196e+04
3.775163034622419089e-01 7.885442022189890490e-06 -1.272771915791505990e+03 -1.596953523110446177e-05 3.705076202756842122e+03 2.759652185071472495e-05 9.647724517690541688e+05 0.000000000000000000e+00 7.283007498224395385e+04 0.000000000000000000e+00 8.721048675709034796e+02
3.825226892977953153e-01 1.626504434121621653e-06 -3.117833081081081218e+03 -3.228264885979729621e-06 2.486749621621621372e+03 5.016017604518581347e-06 9.485512371891891817e+05 0.000000000000000000e+00 5.916811070270270284e+04 0.000000000000000000e+00 2.708716972972972872e+04
3.875130067694269043e-01 3.106425760669125405e-06 -2.029464488935721874e+03 -3.312234506717597466e-07 3.734475026343519858e+03 3.132955794339436443e-06 9.416937070600632578e+05 0.000000000000000000e+00 5.747380737618546118e+04 0.000000000000000000e+00 2.141095047418335162e+04
3.924957861003909865e-01 1.156550703182827693e-06 -1.277064358124416685e+03 -3.771360988639655406e-07 4.064447565410485367e+03 -6.782164177903646950e-06 9.391097046567760408e+05 0.000000000000000000e+00 5.607957601776462252e+04 0.000000000000000000e+00 3.601990275802143879e+04
3.975064703251052212e-01 -9.075297379344526499e-07 -2.617458249179109316e+03 -2.238573353571650096e-07 4.178367337835326907e+03 -9.857285503531380274e-06 9.228161879437457537e+05 0.000000000000000000e+00 5.093043632984325814e+04 0.000000000000000000e+00 2.834564718418933262e+04
