3.798113400606732779e-03 1.995750000000000000e+04 0.000000000000000000e+00 1.197926480263157828e+04 0.000000000000000000e+00 8.714559210526316019e+04
8.299341265228576958e-03 3.483121875000000000e+04 0.000000000000000000e+00 3.138433593750000000e+04 0.000000000000000000e+00 4.084699218750000000e+04
1.293222767532251419e-02 4.384346815286624769e+04 0.000000000000000000e+00 2.191466560509554256e+04 0.000000000000000000e+00 -1.175821098726114724e+04
1.764839556552980082e-02 4.433106849315068393e+04 0.000000000000000000e+00 2.324326369863013679e+04 0.000000000000000000e+00 1.515301369863013679e+04
2.256548662787912635e-02 4.461463894139886543e+04 0.000000000000000000e+00 2.273166351606805256e+04 0.000000000000000000e+00 -1.018160869565217399e+04
2.777643688250242340e-02 4.243317073170731601e+04 0.000000000000000000e+00 2.581915121951219407e+04 0.000000000000000000e+00 1.197114878048780520e+04
3.269804980233311648e-02 3.506861600000000180e+04 0.000000000000000000e+00 1.720134600000000137e+04 0.000000000000000000e+00 1.521099875000000111e+03
3.761648458559932462e-02 3.053447336480107697e+04 0.000000000000000000e+00 1.496019554956169850e+04 0.000000000000000000e+00 1.277166048550235928e+03
4.263843696389812976e-02 2.810891741071428260e+04 0.000000000000000000e+00 1.245581473214285688e+04 0.000000000000000000e+00 9.679584263392856656e+02
4.756514582339458480e-02 2.513334670737025954e+04 0.000000000000000000e+00 1.141839249890972496e+04 0.000000000000000000e+00 -3.475501962494548934e+03
5.262096060748640974e-02 2.392605056179775056e+04 0.000000000000000000e+00 1.055743890449438186e+04 0.000000000000000000e+00 -1.418938904494382086e+03
5.756031740041873956e-02 2.240476732673267179e+04 0.000000000000000000e+00 1.206824009900990131e+04 0.000000000000000000e+00 9.430611850247524899e+02
6.254738279606215923e-02 2.129386509688496153e+04 0.000000000000000000e+00 1.012414324258032866e+04 0.000000000000000000e+00 -8.585993990679420449e+02
6.757793472572401483e-02 1.982238312829525239e+04 0.000000000000000000e+00 8.227793497363794813e+03 0.000000000000000000e+00 -5.246176405975395483e+02
7.255917516659465827e-02 1.911925757857541248e+04 0.000000000000000000e+00 8.663642179654081701e+03 0.000000000000000000e+00 8.408381067509764080e+02
7.753384299139773339e-02 1.729682892534315397e+04 0.000000000000000000e+00 7.784372279879477901e+03 0.000000000000000000e+00 1.225238198861734190e+03
8.251793356505521260e-02 1.590777866972477204e+04 0.000000000000000000e+00 6.512825688073395213e+03 0.000000000000000000e+00 -2.388570384174312039e+03
8.752751931716111489e-02 1.469132253466373004e+04 0.000000000000000000e+00 7.151690553323831409e+03 0.000000000000000000e+00 7.233629648827264873e+02
9.254701955136974967e-02 1.334570920692798427e+04 0.000000000000000000e+00 5.898268003646307989e+03 0.000000000000000000e+00 7.033043527803099551e+02
9.754963178921903511e-02 1.249730137129697505e+04 0.000000000000000000e+00 5.501524128546006068e+03 0.000000000000000000e+00 2.931614414320108608e+02
1.025319613041059119e-01 1.143756622889305800e+04 0.000000000000000000e+00 4.454668292682927131e+03 0.000000000000000000e+00 -8.107223264540337482e+01
1.075116003998943526e-01 1.098284562370778804e+04 0.000000000000000000e+00 4.515409028256374768e+03 0.000000000000000000e+00 1.690223552722260365e+02
1.125102861506304813e-01 1.048772234675736399e+04 0.000000000000000000e+00 4.164691968771739994e+03 0.000000000000000000e+00 8.297199505294890969e+02
1.175500852175193622e-01 1.008529426824064831e+04 0.000000000000000000e+00 4.310832598492391298e+03 0.000000000000000000e+00 3.345994879817949368e+02
1.225369446564099490e-01 9.671201853690830831e+03 0.000000000000000000e+00 4.010397351870241891e+03 0.000000000000000000e+00 1.945797418073485687e+02
1.275260957852891452e-01 9.361054571913655309e+03 0.000000000000000000e+00 3.477803298569002891e+03 0.000000000000000000e+00 7.381881518311909076e+02
1.325302087090364789e-01 9.158166208405813450e+03 0.000000000000000000e+00 3.666584366758318538e+03 0.000000000000000000e+00 1.650321951630099306e+02
1.375062694904859717e-01 8.738687222808870501e+03 0.000000000000000000e+00 3.601657866948257379e+03 0.000000000000000000e+00 5.240536430834213206e+02
1.425134422753508989e-01 8.408768669610290090e+03 0.000000000000000000e+00 3.155974083317335499e+03 0.000000000000000000e+00 -1.431372144365521137e+02
1.475259222195813014e-01 7.923004783817030329e+03 0.000000000000000000e+00 3.076063237505125471e+03 0.000000000000000000e+00 2.966702127659574444e+02
1.525299430011916868e-01 7.571295908014879387e+03 0.000000000000000000e+00 2.915306053432532735e+03 0.000000000000000000e+00 2.317934139330402274e+02
1.574945685492469272e-01 7.213584502770250765e+03 0.000000000000000000e+00 2.723349860476402228e+03 0.000000000000000000e+00 9.282365430501070591e+01
1.625189323163163113e-01 6.900955912408760014e+03 0.000000000000000000e+00 2.585806715328467362e+03 0.000000000000000000e+00 6.922578102189781930e+02
1.675461007718098694e-01 6.639067198177675891e+03 0.000000000000000000e+00 2.460286731207288994e+03 0.000000000000000000e+00 -1.436985691913439496e+02
1.725292014006662711e-01 6.387034710089989858e+03 0.000000000000000000e+00 2.496890793420575847e+03 0.000000000000000000e+00 3.786466690839569083e+02
1.775301965061671094e-01 6.261786471479051215e+03 0.000000000000000000e+00 2.231928319030792409e+03 0.000000000000000000e+00 -2.783518622223624561e+01
1.825147654490652804e-01 6.139802062099323848e+03 0.000000000000000000e+00 2.264996661644361666e+03 0.000000000000000000e+00 1.340181393837336543e+02
1.875360723572403465e-01 5.922256089385475207e+03 0.000000000000000000e+00 2.068628603351955462e+03 0.000000000000000000e+00 2.307337849162011310e+02
1.925323683450522461e-01 5.836843097354610109e+03 0.000000000000000000e+00 1.972222769626218223e+03 0.000000000000000000e+00 9.320304969476276824e+01
1.975198663583639380e-01 5.666959200708232856e+03 0.000000000000000000e+00 1.915906412039964380e+03 0.000000000000000000e+00 2.853893259137473137e+02
2.025153694923672032e-01 5.510346038791855790e+03 0.000000000000000000e+00 1.878675480073337894e+03 0.000000000000000000e+00 3.455751531892309458e+01
2.075088499274508613e-01 5.326346470035952734e+03 0.000000000000000000e+00 1.856002564748448549e+03 0.000000000000000000e+00 1.908268107811033190e+02
2.125178062418619784e-01 5.164237039622970769e+03 0.000000000000000000e+00 1.733464129865596078e+03 0.000000000000000000e+00 5.228334460638855319e+01
2.175004174234404231e-01 5.024942681592458939e+03 0.000000000000000000e+00 1.756365120781078986e+03 0.000000000000000000e+00 6.246079349381365375e+01
2.225093171556767890e-01 4.881354425641732632e+03 0.000000000000000000e+00 1.642374421307696821e+03 0.000000000000000000e+00 9.131919189929276115e+01
2.275289586476768322e-01 4.759831624062452647e+03 0.000000000000000000e+00 1.500074544619623566e+03 0.000000000000000000e+00 3.074835689958671381e+01
2.325285406108919262e-01 4.680593018390846737e+03 0.000000000000000000e+00 1.530179251632619753e+03 0.000000000000000000e+00 9.566166117912430877e+01
2.375276552426477672e-01 4.550137598875022377e+03 0.000000000000000000e+00 1.497740200386711194e+03 0.000000000000000000e+00 1.244899279310950959e+02
2.424991024241769377e-01 4.451814630358077920e+03 0.000000000000000000e+00 1.436037749227626591e+03 0.000000000000000000e+00 1.476402849762801281e+02
2.474998551644826128e-01 4.394347998719180396e+03 0.000000000000000000e+00 1.377677361511367280e+03 0.000000000000000000e+00 4.431228786423310595e+01
2.525200307756395035e-01 4.264835385091247190e+03 0.000000000000000000e+00 1.351525889266934882e+03 0.000000000000000000e+00 1.562264924218991666e+02
2.575182250600202005e-01 4.207298770583413898e+03 0.000000000000000000e+00 1.192552566872811212e+03 0.000000000000000000e+00 7.161417927129126326e+01
2.625255687975799335e-01 4.098519997717807200e+03 0.000000000000000000e+00 1.272069264563245270e+03 0.000000000000000000e+00 8.628160124379529350e+01
2.675305520911575030e-01 4.041162867124176501e+03 0.000000000000000000e+00 1.214183620772980248e+03 0.000000000000000000e+00 3.621443365874539211e+01
2.725404586615198799e-01 3.983186333104141340e+03 0.000000000000000000e+00 1.097117363939281631e+03 0.000000000000000000e+00 6.062899984132860709e+01
2.775333197047151201e-01 3.900484607232403505e+03 0.000000000000000000e+00 1.122265774032620811e+03 0.000000000000000000e+00 8.926770620621914532e+01
2.825123907298719983e-01 3.809193602173778800e+03 0.000000000000000000e+00 1.089340628666707971e+03 0.000000000000000000e+00 6.291009695547459302e+01
2.875104651677040102e-01 3.729730319862095257e+03 0.000000000000000000e+00 1.047645278682244680e+03 0.000000000000000000e+00 9.048235491285194598e+01
2.924971317655564174e-01 3.685108000323665692e+03 0.000000000000000000e+00 9.889337756765191898e+02 0.000000000000000000e+00 4.986185830376030026e+01
2.975058823671092867e-01 3.610564603498801262e+03 0.000000000000000000e+00 9.641586004795310600e+02 0.000000000000000000e+00 6.687396212592132372e+01
3.025121359101998753e-01 3.537825774934070978e+03 0.000000000000000000e+00 9.359661925554451045e+02 0.000000000000000000e+00 1.752953828195927599e+01
3.075010376196579687e-01 3.495321356534462211e+03 0.000000000000000000e+00 8.781019386528714676e+02 0.000000000000000000e+00 6.121971050843915663e+01
3.125134169243361515e-01 3.430724311280916936e+03 0.000000000000000000e+00 8.329955358938267409e+02 0.000000000000000000e+00 -4.363304343454655054e+01
3.175159688234982513e-01 3.387633091334204437e+03 0.000000000000000000e+00 8.609135188769145088e+02 0.000000000000000000e+00 9.927043525459028572e+00
3.225221380836135188e-01 3.338362091750047512e+03 0.000000000000000000e+00 8.230348499150462658e+02 0.000000000000000000e+00 3.988914715876911821e+00
3.275181733526948968e-01 3.275014587189929443e+03 0.000000000000000000e+00 7.871632728619030104e+02 0.000000000000000000e+00 -3.752826210199926127e+00
3.325123842131759710e-01 3.232455162475426278e+03 0.000000000000000000e+00 7.385822428992056530e+02 0.000000000000000000e+00 1.150185737032655311e+02
3.374959366892091861e-01 3.202419086991556924e+03 0.000000000000000000e+00 7.192892828364223305e+02 0.000000000000000000e+00 -1.741025382755842088e+01
3.424919221947719805e-01 3.137805232146280105e+03 0.000000000000000000e+00 6.969277517105734887e+02 0.000000000000000000e+00 -1.233787472184950396e+01
3.475179778446125245e-01 3.090414611036690985e+03 0.000000000000000000e+00 7.069203123468487320e+02 0.000000000000000000e+00 5.241864197732544284e+01
3.525052850529177828e-01 3.048498419287881006e+03 0.000000000000000000e+00 7.054965352067699769e+02 0.000000000000000000e+00 -1.378983015328117467e+01
3.575133254796376558e-01 3.010573813337829961e+03 0.000000000000000000e+00 6.493014999501805278e+02 0.000000000000000000e+00 3.048575210199968133e+00
3.625250227669692404e-01 2.990574913416653999e+03 0.000000000000000000e+00 6.274103900015057889e+02 0.000000000000000000e+00 -3.888771269387139995e+01
3.675230446100045678e-01 2.940353695076876193e+03 0.000000000000000000e+00 5.793956943624287987e+02 0.000000000000000000e+00 2.162601608235096862e+01
3.725177060730277545e-01 2.914255131797129707e+03 0.000000000000000000e+00 5.568912459260106971e+02 0.000000000000000000e+00 -1.953756647035279403e+00
3.775163034622419089e-01 2.871089400845394721e+03 0.000000000000000000e+00 5.798527385688969389e+02 0.000000000000000000e+00 5.736915343295108727e+01
3.825226892977953153e-01 2.844262054054053806e+03 0.000000000000000000e+00 5.573531891891891519e+02 0.000000000000000000e+00 3.082181756756756741e+01
3.875130067694269043e-01 2.829687460484720759e+03 0.000000000000000000e+00 5.258508956796628127e+02 0.000000000000000000e+00 2.982960353003161558e+01
3.924957861003909865e-01 2.793747986998359011e+03 0.000000000000000000e+00 5.820708138898722837e+02 0.000000000000000000e+00 1.242674991149873023e+02
3.975064703251052212e-01 2.766222068025525459e+03 0.000000000000000000e+00 5.345923053094604711e+02 0.000000000000000000e+00 1.141954277925779166e+02
