3.798113400606732779e-03 -1.156455592105263094e-04 -2.380541473684210330e+06 3.919099506578947083e-04 -1.169162736842105165e+06 -6.215948807565789417e-04
8.299341265228576958e-03 5.699694156646728516e-06 -1.894380250000000000e+06 -1.744665205478668213e-04 -9.507605000000000000e+05 5.547609180212020874e-05
1.293222767532251419e-02 -1.555035828025477701e-05 -1.340295745222930098e+06 3.265575238853503137e-05 -3.172944968152866350e+05 -9.135835489649682211e-05
1.764839556552980082e-02 3.051757812500000000e-05 -1.090581150684931548e+06 -4.034172998715753285e-05 -2.551110136986301222e+05 6.683558633882705257e-05
2.256548662787912635e-02 -8.307242438563326728e-06 -7.107462533081285655e+05 9.230269376181474519e-06 -4.358310018903591845e+04 -8.168788397920605660e-05
2.777643688250242340e-02 -2.084127286585366011e-05 -5.525842341463414486e+05 5.686690167682927137e-05 -1.739061463414634054e+05 -8.105766482469512618e-05
3.269804980233311648e-02 -1.342773437499999922e-06 -3.838092160000000149e+05 -8.361816406250000651e-06 -5.291202399999999761e+04 8.163452148437500474e-06
3.761648458559932462e-02 -6.585047201618341111e-07 -2.849074146999325603e+05 -3.786402140930546250e-05 -3.220005124747134323e+04 7.350558938806472920e-05
4.263843696389812976e-02 -6.045613970075334095e-06 -2.058826428571428405e+05 6.939683641706193470e-06 -2.758877901785714130e+04 -1.100344317299978928e-05
4.756514582339458480e-02 -9.768819164304404185e-06 -1.756120366332315898e+05 -5.390152263682948079e-06 -1.917649193196685519e+04 -1.699228864853630593e-05
5.262096060748640974e-02 -6.386403287394662426e-06 -1.444943820224718947e+05 2.616710877150632019e-05 -2.200698174157303220e+04 -2.397580093212341911e-05
5.756031740041873956e-02 -1.671290633702042081e-06 -1.179653267326732748e+05 6.897614734007580219e-06 -1.341123514851485197e+04 -1.262910295240949939e-07
6.254738279606215923e-02 -5.209770511405444964e-06 -9.840222909001716471e+04 1.853360888827569307e-05 -1.404376355163110020e+04 -6.145433318769928820e-06
6.757793472572401483e-02 -1.407884755327328651e-06 -8.416745166959577182e+04 4.914188217404437299e-06 -1.333209138840070227e+04 -1.035633321805662274e-05
7.255917516659465827e-02 4.994507857541380277e-07 -7.230187241956481012e+04 -6.243134821926724764e-06 -6.878559791705411953e+03 -4.285060718686070298e-06
7.753384299139773339e-02 -1.226015860395045400e-07 -6.032944358888517309e+04 5.925743325242718991e-07 -1.218885704720455396e+04 5.568155365960830640e-07
8.251793356505521260e-02 -2.489177458876863750e-06 -5.033571559633027937e+04 2.898207498252938794e-06 -6.046388188073395213e+03 2.946875510959450312e-06
8.752751931716111489e-02 -1.392016003628353075e-06 -4.376484125955682248e+04 -6.010978197486069990e-06 -8.319298691201243855e+03 -7.703543110988727072e-06
9.254701955136974967e-02 1.210131858192798477e-06 -3.600606745670008968e+04 -9.034260251680720533e-06 -4.160880583409298197e+03 1.326450566975985625e-05
9.754963178921903511e-02 -4.089029624201821416e-07 -3.085742279912069353e+04 5.750197909033811813e-07 -3.169552182560452366e+03 -4.622520207984402560e-06
1.025319613041059119e-01 -1.127948009498123787e-06 -2.699919849906191303e+04 1.491525159767823645e-06 -4.555850656660412824e+03 -9.325610763807457761e-07
1.075116003998943526e-01 -2.997074350663335734e-07 -2.351953411440385753e+04 -4.971462804477515595e-06 -3.368078566505857907e+03 9.234406716407865271e-07
1.125102861506304813e-01 1.124033854569258807e-06 -2.005991249903378048e+04 -2.281682572575268772e-06 -3.314687794697379559e+03 1.698877506060016819e-06
1.175500852175193622e-01 -1.593752413280250121e-06 -1.793046223865737556e+04 1.648007814583407451e-07 -2.744900867586403365e+03 3.354034998935379009e-06
1.225369446564099490e-01 -8.647152226084078930e-07 -1.604887811982787207e+04 4.553897457381662161e-06 -2.761569281694803067e+03 -7.621818171238828962e-06
1.275260957852891452e-01 1.665402638400436637e-07 -1.337337084647101619e+04 -1.850447596591001975e-09 -2.002081130244967198e+03 6.656984435161744685e-07
1.325302087090364789e-01 7.945769737949609515e-07 -1.261404500308624665e+04 -2.096039258459121321e-06 -1.895725716850906110e+03 2.147412769695864270e-06
1.375062694904859717e-01 4.870083415143215111e-07 -1.068878141499472076e+04 -1.581669357283691820e-06 -1.862545934530094883e+03 2.501657923020682062e-06
1.425134422753508989e-01 -1.258139739363361380e-06 -9.834548665770780644e+03 3.332093023343012062e-07 -2.029235937799961448e+03 -2.561866905254877401e-06
1.475259222195813014e-01 3.503772239054171049e-07 -8.633095995261743155e+03 -6.979736761925371961e-07 -1.497185748781265602e+03 1.060169179475716503e-06
1.525299430011916868e-01 -1.862841681285931727e-06 -7.654174501183631946e+03 6.514785658236811074e-06 -9.263148461278321975e+02 -8.299578917280498968e-06
1.574945685492469272e-01 7.380398640655962890e-07 -6.800388239576171145e+03 -1.469908826257734273e-06 -1.129403324301370958e+03 2.298352402769492813e-06
1.625189323163163113e-01 8.921379590556570010e-07 -6.144466569343066112e+03 -3.477778748004105954e-06 -1.199449562043795822e+03 3.732695196666856973e-06
1.675461007718098694e-01 9.504157481269575243e-07 -5.655403758542141077e+03 -2.164232432163386176e-06 -1.027081007972665020e+03 -7.582959933270082698e-07
1.725292014006662711e-01 1.005952405478458677e-07 -4.744286646669083893e+03 1.669880993094241544e-07 -1.141255760292712012e+03 2.565178633970069898e-08
1.775301965061671094e-01 4.182254227046591199e-07 -4.435857142857143117e+03 2.459105309183582088e-06 -8.426260095911155759e+02 -1.919850263253779677e-06
1.825147654490652804e-01 -3.389940433986232822e-07 -3.891457472894324837e+03 -5.229163435404295682e-07 -5.598146474046500316e+02 1.676938618939998303e-07
1.875360723572403465e-01 -2.079969011871508357e-07 -3.397072625698323918e+03 5.540901056215084308e-07 -5.344665363128491435e+02 -2.875727648175628656e-06
1.925323683450522461e-01 -2.189865839536253437e-07 -3.085800792545785498e+03 4.167282008072721440e-07 -4.522423690692941705e+02 -6.802475042589295199e-07
1.975198663583639380e-01 1.003486823384342958e-07 -2.518898596180599270e+03 -5.441986234507397920e-07 -5.383396484127987378e+02 9.261025510425887673e-07
2.025153694923672032e-01 -7.214905568488855564e-07 -2.351442825436649855e+03 1.490098864349126908e-06 -5.150449676734536979e+02 -2.124716068434574926e-06
2.075088499274508613e-01 1.271886056184020637e-07 -2.000821085896173599e+03 2.327132179721312635e-07 -4.329370033662323749e+02 6.310511586451487270e-07
2.125178062418619784e-01 2.916455580980537792e-07 -1.780744981672194172e+03 -3.169481407640949935e-07 -4.442730843079071406e+02 9.914617260456667487e-07
2.175004174234404231e-01 2.208999005765507970e-07 -1.591331537749347717e+03 -3.159382298943691619e-07 -2.121465785708273870e+02 1.400531055690282801e-06
2.225093171556767890e-01 -3.559111571876046459e-07 -1.460598018163550705e+03 8.993971134335415616e-07 -4.210268513228659799e+02 -1.290177944805066894e-06
2.275289586476768322e-01 4.904861018100413753e-08 -1.272250650543395068e+03 2.008657369317312280e-06 -2.059760446961579703e+02 3.596898079940303286e-07
2.325285406108919262e-01 -9.770421388681717588e-08 -1.087355610936277799e+03 -2.842304403980135881e-07 -1.999048987684863619e+02 1.159127264748149109e-06
2.375276552426477672e-01 -4.157342774982422177e-08 -9.767844612409913907e+02 3.013402972705001197e-07 -2.573607312357180490e+02 -3.658796911563159421e-07
2.424991024241769377e-01 -1.339552329360322924e-07 -9.111561460672260182e+02 6.017681233434065213e-07 -1.650682052234396338e+02 -2.349368700724258561e-07
2.474998551644826128e-01 1.623353399300552419e-07 -6.906322126160742982e+02 1.560446928221561849e-07 -3.338577009285942836e+02 -4.649276806687529959e-08
2.525200307756395035e-01 -3.209395781781627181e-08 -6.690339622641510005e+02 2.501440829918032917e-07 -1.858597123414785131e+02 -5.566885771487395847e-07
2.575182250600202005e-01 -5.630096374152447374e-07 -4.598704418448699585e+02 1.991453313603680655e-06 -2.326363162208479309e+02 2.995820667587176559e-07
2.625255687975799335e-01 -2.262303525439656584e-07 -4.103747931762423491e+02 5.237876760195820724e-07 -1.924703172248530905e+02 -6.481745813443424058e-07
2.675305520911575030e-01 -3.430125045739495017e-07 -3.436056668645834407e+02 1.042943426069441224e-06 -7.659166540091962361e+01 -1.657437264883890605e-06
2.725404586615198799e-01 -1.419641594925366432e-07 -2.163706431480403864e+02 -7.605132758034184999e-08 -9.958372560427353903e+01 -3.964069840795442342e-07
2.775333197047151201e-01 5.074167583143238871e-07 -2.217442810246335796e+02 -1.296545463481353424e-06 -1.188595781528678827e+02 2.110596357856301162e-06
2.825123907298719983e-01 7.112538741663064922e-07 -1.517509911690236493e+02 -1.181088508055178305e-06 -1.575743592910517066e+02 1.672266412015415774e-06
2.875104651677040102e-01 2.696079852548601831e-07 -9.708695652173912549e+01 -4.460587398322280193e-07 -1.631312368320245128e+02 6.629689583214871121e-07
2.924971317655564174e-01 1.763838336184674354e-07 -4.026087459108300948e+01 4.014496053156318803e-07 -2.266195193563675332e+02 -4.060355849897120176e-07
2.975058823671092867e-01 1.991867500388509017e-07 -3.246108804724269703e+01 -8.041995656330476210e-07 -9.257195186928336739e+01 6.851278944788706905e-07
3.025121359101998753e-01 1.748121180045177513e-07 5.947748016730794340e+00 -2.681551923352319399e-07 -8.435776122951882883e+01 4.475025303823197253e-07
3.075010376196579687e-01 -4.090379259582223325e-07 2.949973088780895836e+01 3.885461624160657825e-07 -1.152880388775670184e+02 -8.271456499822823883e-07
3.125134169243361515e-01 -1.439045258458174166e-07 9.358610496682084090e+01 -3.809327693765081531e-07 -1.794324552583953505e+02 -3.632131822387769034e-08
3.175159688234982513e-01 -3.777558766246524654e-08 1.422923342928156671e+02 1.010047260594011271e-06 -7.088248469904019089e+01 -2.196830306323127674e-07
3.225221380836135188e-01 -2.583940681340853282e-07 1.171767321125165324e+02 5.814586694856759427e-07 -1.021276666037379783e+02 -7.683766750157813995e-07
3.275181733526948968e-01 2.129790254188263485e-07 1.965851351351351468e+02 1.214601869099407708e-08 -1.782279155868197051e+02 -4.805445185593877759e-07
3.325123842131759710e-01 1.864982713635393251e-07 2.001511870980367860e+02 -5.795834197396746120e-07 -1.217194730334380068e+02 4.629201997709977105e-07
3.374959366892091861e-01 -3.768856213103913381e-08 2.267808219178082254e+02 -8.967739429052220545e-08 -9.392654941666958734e+01 -3.631867645074427339e-08
3.424919221947719805e-01 -8.749174403486986952e-08 2.495720607722374780e+02 -1.424284205218811837e-08 -1.630338114327146855e+02 -1.276769055392577672e-07
3.475179778446125245e-01 -2.741965558328159895e-09 2.189789427255202838e+02 3.448644863588190380e-07 -1.399510406116247907e+02 -2.607671563369133155e-07
3.525052850529177828e-01 -1.315622879410825451e-08 1.992108574165735320e+02 -8.307914849612804863e-08 -2.020746926393102285e+02 2.482020015555145064e-07
3.575133254796376558e-01 -1.679424630281825014e-07 2.441866468410604796e+02 -1.199923168989660608e-07 -1.177022173509822096e+02 -3.935420529873496670e-08
3.625250227669692404e-01 -3.717620946111278269e-07 2.779840686643577783e+02 6.582808411995557437e-07 -1.185329317873814148e+02 -1.427251663288425911e-06
3.675230446100045678e-01 1.023415344392683561e-07 2.381628793677871840e+02 -1.265920284694428018e-06 -1.653503488397524279e+02 3.059121953347695355e-08
3.725177060730277545e-01 -7.721441088863000482e-08 2.384805449139459199e+02 -3.446292915368231894e-08 -2.056191749099434105e+02 -1.327259012026309588e-07
3.775163034622419089e-01 -1.908650702958537040e-07 2.992442749670737498e+02 3.593187514114335351e-07 -1.742595072437785007e+02 -5.827224231345158937e-07
3.825226892977953153e-01 3.134237753378378129e-07 2.419919729729729738e+02 -2.936285895270270031e-07 -1.992195135135135047e+02 9.295489336993242743e-07
3.875130067694269043e-01 1.487666613435092213e-07 2.558088777660695712e+02 -1.005823669996352109e-06 -1.905590358271865341e+02 7.268893203695154640e-07
3.924957861003909865e-01 4.557061194606250393e-08 2.349164612364432401e+02 2.757807722942748032e-07 -1.878741801564058846e+02 -4.733843740948733868e-08
3.975064703251052212e-01 4.112244125015488967e-08 2.101560250294281786e+02 -4.608549450448392694e-08 -2.312300105321851333e+02 -1.264751404311516593e-07
