3.798113400606732779e-03 1.097141894736842019e+06 0.000000000000000000e+00 4.227974210526315728e+05 0.000000000000000000e+00 -2.154344631578947417e+06 6.149293136842104793e+07 0.000000000000000000e+00 1.325115957894736826e+08 0.000000000000000000e+00 -3.687207073684210330e+07
8.299341265228576958e-03 7.397171875000000000e+05 0.000000000000000000e+00 1.014457687500000000e+06 0.000000000000000000e+00 1.405788875000000000e+06 3.655414400000000000e+07 0.000000000000000000e+00 9.294638400000000000e+07 0.000000000000000000e+00 4.340164400000000000e+07
1.293222767532251419e-02 6.791337579617834417e+05 0.000000000000000000e+00 4.108145732484076871e+05 0.000000000000000000e+00 8.296215286624204600e+04 1.157090812738853507e+07 0.000000000000000000e+00 1.919094705732484162e+07 0.000000000000000000e+00 -3.277075770700637251e+06
1.764839556552980082e-02 9.677853150684931315e+05 0.000000000000000000e+00 7.419949589041095460e+05 0.000000000000000000e+00 1.206027945205479336e+05 8.345204602739725262e+06 0.000000000000000000e+00 1.802993446575342491e+07 0.000000000000000000e+00 4.855720328767122701e+06
2.256548662787912635e-02 8.499413534971644403e+05 0.000000000000000000e+00 6.889699810964083299e+05 0.000000000000000000e+00 3.617860869565217581e+04 4.163417527410208248e+06 0.000000000000000000e+00 7.735296483931947500e+06 0.000000000000000000e+00 -1.182686729678638978e+06
2.777643688250242340e-02 7.303990634146340890e+05 0.000000000000000000e+00 5.529217951219512615e+05 0.000000000000000000e+00 2.911573853658536682e+05 2.457413931707317010e+06 0.000000000000000000e+00 4.758406868292682804e+06 0.000000000000000000e+00 2.140235707317073247e+05
3.269804980233311648e-02 6.423249279999999562e+05 0.000000000000000000e+00 3.590273919999999925e+05 0.000000000000000000e+00 6.733748799999999756e+04 1.436236287999999942e+06 0.000000000000000000e+00 2.504301055999999866e+06 0.000000000000000000e+00 -3.450880640000000130e+05
3.761648458559932462e-02 5.333351314902225276e+05 0.000000000000000000e+00 3.509381092380310292e+05 0.000000000000000000e+00 -2.765889413351314943e+03 1.036438440997977043e+06 0.000000000000000000e+00 1.948432571813890710e+06 0.000000000000000000e+00 7.882349966284557922e+03
4.263843696389812976e-02 4.757625357142856810e+05 0.000000000000000000e+00 3.333610714285714203e+05 0.000000000000000000e+00 -6.498707589285713766e+03 7.186720000000000000e+05 0.000000000000000000e+00 1.266026714285714319e+06 0.000000000000000000e+00 1.535283593750000000e+04
4.756514582339458480e-02 4.281620375054513570e+05 0.000000000000000000e+00 3.058347597034452483e+05 0.000000000000000000e+00 -1.237481203663323140e+04 5.608007675534235314e+05 0.000000000000000000e+00 9.750059764500655001e+05 0.000000000000000000e+00 -1.077235691234191036e+05
5.262096060748640974e-02 3.728113707865168690e+05 0.000000000000000000e+00 2.469862471910112363e+05 0.000000000000000000e+00 3.173714044943820045e+04 3.949755056179775274e+05 0.000000000000000000e+00 6.853197303370786831e+05 0.000000000000000000e+00 6.963735955056179955e+04
5.756031740041873956e-02 3.530108514851485379e+05 0.000000000000000000e+00 2.019877029702970467e+05 0.000000000000000000e+00 -9.598952351485148029e+03 3.075443168316831579e+05 0.000000000000000000e+00 4.857167128712871345e+05 0.000000000000000000e+00 -5.226900990099010232e+04
6.254738279606215923e-02 3.204005141035074485e+05 0.000000000000000000e+00 1.905433367672307941e+05 0.000000000000000000e+00 -2.029709492273730575e+04 2.597241815060093068e+05 0.000000000000000000e+00 3.926351493745400803e+05 0.000000000000000000e+00 -2.555838116261957111e+04
6.757793472572401483e-02 2.941694481546572642e+05 0.000000000000000000e+00 1.794152407732864667e+05 0.000000000000000000e+00 1.987592926186291606e+03 2.148396344463971618e+05 0.000000000000000000e+00 3.328189525483303587e+05 0.000000000000000000e+00 1.787822847100175568e+04
7.255917516659465827e-02 2.664430098567974637e+05 0.000000000000000000e+00 1.715245110656500037e+05 0.000000000000000000e+00 -2.438832992374930200e+02 1.808069748930630449e+05 0.000000000000000000e+00 2.631639293286218890e+05 0.000000000000000000e+00 2.725179468104891384e+03
7.753384299139773339e-02 2.523631416136592161e+05 0.000000000000000000e+00 1.414366360897221311e+05 0.000000000000000000e+00 7.654536324070974842e+03 1.560550545698024798e+05 0.000000000000000000e+00 2.151855051891530165e+05 0.000000000000000000e+00 -3.729838634081017972e+03
8.251793356505521260e-02 2.261630642201834999e+05 0.000000000000000000e+00 1.258142018348623969e+05 0.000000000000000000e+00 -5.127594036697248157e+03 1.304478532110091764e+05 0.000000000000000000e+00 1.635323853211009409e+05 0.000000000000000000e+00 -1.025296674311926654e+04
8.752751931716111489e-02 2.044094648179344367e+05 0.000000000000000000e+00 1.142482436179862707e+05 0.000000000000000000e+00 4.485286510301931230e+03 1.125005468446287559e+05 0.000000000000000000e+00 1.335705046002332529e+05 0.000000000000000000e+00 5.741200984838667864e+03
9.254701955136974967e-02 1.811251194165906927e+05 0.000000000000000000e+00 9.217928167730172572e+04 0.000000000000000000e+00 9.189025524156790198e+03 9.892172105742935673e+04 0.000000000000000000e+00 1.162888824065633526e+05 0.000000000000000000e+00 8.988678213309023704e+03
9.754963178921903511e-02 1.613904206008583715e+05 0.000000000000000000e+00 8.719554150528629543e+04 0.000000000000000000e+00 4.825395163822882751e+03 8.935114833036741766e+04 0.000000000000000000e+00 9.482703737045954040e+04 0.000000000000000000e+00 -8.900608395268502136e+03
1.025319613041059119e-01 1.505007669793620880e+05 0.000000000000000000e+00 8.285238874296435097e+04 0.000000000000000000e+00 2.984069793621013105e+03 8.003798574108818138e+04 0.000000000000000000e+00 7.795338686679174134e+04 0.000000000000000000e+00 -1.557156894934333877e+02
1.075116003998943526e-01 1.400364328049620963e+05 0.000000000000000000e+00 7.390755616815989197e+04 0.000000000000000000e+00 -6.641377498277050790e+02 7.442856512749828107e+04 0.000000000000000000e+00 6.902936457615437394e+04 0.000000000000000000e+00 -3.435439007580978796e+03
1.125102861506304813e-01 1.300778801886063302e+05 0.000000000000000000e+00 6.674412924170983024e+04 0.000000000000000000e+00 -4.388442451882198839e+03 6.943165432480482559e+04 0.000000000000000000e+00 6.415233454433021689e+04 0.000000000000000000e+00 4.877333539460462816e+03
1.175500852175193622e-01 1.237985561086616508e+05 0.000000000000000000e+00 6.027574797326127737e+04 0.000000000000000000e+00 -7.105526240933011195e+02 6.430928630351301399e+04 0.000000000000000000e+00 5.253296316313469288e+04 0.000000000000000000e+00 -9.658216469918930898e+02
1.225369446564099490e-01 1.192936950678583380e+05 0.000000000000000000e+00 5.651792757365111174e+04 0.000000000000000000e+00 4.490041708043694371e+02 6.058203985435286450e+04 0.000000000000000000e+00 4.738225276398543792e+04 0.000000000000000000e+00 1.023453757034094792e+03
1.275260957852891452e-01 1.123026689303904859e+05 0.000000000000000000e+00 5.261688285229201574e+04 0.000000000000000000e+00 1.402126485568760472e+03 5.686257191365510516e+04 0.000000000000000000e+00 3.954938054814455245e+04 0.000000000000000000e+00 1.821150012127091941e+03
1.325302087090364789e-01 1.083085133269737998e+05 0.000000000000000000e+00 4.533969945569833362e+04 0.000000000000000000e+00 -5.241263228775040261e+03 5.388323438639807136e+04 0.000000000000000000e+00 3.512925918859772355e+04 0.000000000000000000e+00 -8.329558386173615645e+02
1.375062694904859717e-01 1.007312827877507953e+05 0.000000000000000000e+00 4.239503949313621706e+04 0.000000000000000000e+00 7.101690390707497500e+03 5.081130982048574515e+04 0.000000000000000000e+00 3.194045702217529106e+04 0.000000000000000000e+00 3.578502217529039171e+03
1.425134422753508989e-01 9.605460702630062588e+04 0.000000000000000000e+00 4.170700863889422180e+04 0.000000000000000000e+00 4.101542330581685746e+03 4.818658475715108216e+04 0.000000000000000000e+00 2.825624880015357849e+04 0.000000000000000000e+00 1.634410095507774940e+01
1.475259222195813014e-01 8.912941090710283606e+04 0.000000000000000000e+00 3.774521372272085137e+04 0.000000000000000000e+00 5.793526812155450898e+03 4.617996409859219420e+04 0.000000000000000000e+00 2.559347724269898390e+04 0.000000000000000000e+00 2.034921682081188237e+03
1.525299430011916868e-01 8.457054041258031793e+04 0.000000000000000000e+00 3.453163611768684495e+04 0.000000000000000000e+00 6.039780858978694596e+03 4.420334122421372740e+04 0.000000000000000000e+00 2.360991545485288952e+04 0.000000000000000000e+00 1.874545316198850060e+03
1.574945685492469272e-01 8.095296768714359496e+04 0.000000000000000000e+00 3.478609778784324590e+04 0.000000000000000000e+00 5.988088324503578406e+02 4.259368366562866140e+04 0.000000000000000000e+00 2.019455849880697133e+04 0.000000000000000000e+00 6.659298742265539204e+02
1.625189323163163113e-01 7.584039240875912947e+04 0.000000000000000000e+00 2.984648175182482009e+04 0.000000000000000000e+00 2.883024817518248256e+03 4.127408116788321786e+04 0.000000000000000000e+00 1.922139562043795740e+04 0.000000000000000000e+00 7.623881021897810797e+02
1.675461007718098694e-01 7.264252391799543693e+04 0.000000000000000000e+00 2.587023006833712861e+04 0.000000000000000000e+00 -5.423674188496582929e+02 3.954472892938496079e+04 0.000000000000000000e+00 1.721673348519362116e+04 0.000000000000000000e+00 8.325506121867881575e+02
1.725292014006662711e-01 6.918165197613475902e+04 0.000000000000000000e+00 2.636755064772390324e+04 0.000000000000000000e+00 4.295915878300425902e+03 3.804769093845799216e+04 0.000000000000000000e+00 1.649892553647361274e+04 0.000000000000000000e+00 1.124734680423245663e+03
1.775301965061671094e-01 6.695242402826854959e+04 0.000000000000000000e+00 2.584823826350328090e+04 0.000000000000000000e+00 4.336657243816254777e+03 3.721689247854618588e+04 0.000000000000000000e+00 1.453780817768803536e+04 0.000000000000000000e+00 1.129607900050479429e+03
1.825147654490652804e-01 6.382379721705220436e+04 0.000000000000000000e+00 2.214569600283612453e+04 0.000000000000000000e+00 5.021259859966320960e+01 3.611468817394901271e+04 0.000000000000000000e+00 1.363170598836007048e+04 0.000000000000000000e+00 4.161040503412212956e+02
1.875360723572403465e-01 6.168333586592179199e+04 0.000000000000000000e+00 2.091660871508379932e+04 0.000000000000000000e+00 3.254203128491620191e+03 3.528949988826815388e+04 0.000000000000000000e+00 1.333756424581005558e+04 0.000000000000000000e+00 6.107800558659217813e+02
1.925323683450522461e-01 5.945227803362964187e+04 0.000000000000000000e+00 2.067317896540644506e+04 0.000000000000000000e+00 1.402907036521366535e+03 3.421615336831958848e+04 0.000000000000000000e+00 1.178494420049266228e+04 0.000000000000000000e+00 -5.971974402913141375e+02
1.975198663583639380e-01 5.681428364740103279e+04 0.000000000000000000e+00 1.845525271278613945e+04 0.000000000000000000e+00 5.328093486783862318e+03 3.351652884785633069e+04 0.000000000000000000e+00 1.105191045908688466e+04 0.000000000000000000e+00 2.007331225496395518e+03
2.025153694923672032e-01 5.550251317186143569e+04 0.000000000000000000e+00 1.771883199845604759e+04 0.000000000000000000e+00 1.582137122454887731e+03 3.251415536041686937e+04 0.000000000000000000e+00 9.948160957251760919e+03 0.000000000000000000e+00 4.759742292289877952e+01
2.075088499274508613e-01 5.315789672307586443e+04 0.000000000000000000e+00 1.704942471776317325e+04 0.000000000000000000e+00 1.725946186081659789e+03 3.221299136687352802e+04 0.000000000000000000e+00 9.164170830566305085e+03 0.000000000000000000e+00 -1.462740502415901460e+02
2.125178062418619784e-01 5.165995880607436266e+04 0.000000000000000000e+00 1.375848629778320901e+04 0.000000000000000000e+00 2.182567812881829468e+03 3.123994833304241547e+04 0.000000000000000000e+00 8.528180834351545855e+03 0.000000000000000000e+00 1.036712078896840694e+03
2.175004174234404231e-01 4.948103896978368721e+04 0.000000000000000000e+00 1.443571147209830815e+04 0.000000000000000000e+00 7.375667031394664264e+02 3.047716252840670131e+04 0.000000000000000000e+00 8.441409982324719749e+03 0.000000000000000000e+00 -5.162177426142580998e+02
2.225093171556767890e-01 4.808371529323693539e+04 0.000000000000000000e+00 1.316409306357242713e+04 0.000000000000000000e+00 2.667758948799275004e+03 2.986247489214160669e+04 0.000000000000000000e+00 7.418150469848899775e+03 0.000000000000000000e+00 -1.076955241228502160e+02
2.275289586476768322e-01 4.621877606000306696e+04 0.000000000000000000e+00 1.158111128118781562e+04 0.000000000000000000e+00 1.632075463033828328e+03 2.956520312260829814e+04 0.000000000000000000e+00 7.153376396754936650e+03 0.000000000000000000e+00 -9.751988366753406581e+02
2.325285406108919262e-01 4.507694177141506225e+04 0.000000000000000000e+00 1.124943110254124804e+04 0.000000000000000000e+00 1.061252251105088078e+02 2.892122896694741212e+04 0.000000000000000000e+00 6.765018754661379717e+03 0.000000000000000000e+00 1.419199698033580148e+02
2.375276552426477672e-01 4.349913840745297784e+04 0.000000000000000000e+00 1.084826549481455550e+04 0.000000000000000000e+00 3.334464686236597117e+03 2.836931791175953549e+04 0.000000000000000000e+00 6.483906486201442021e+03 0.000000000000000000e+00 1.414907892423976250e+02
2.424991024241769377e-01 4.206423635473469039e+04 0.000000000000000000e+00 7.956094744483649265e+03 0.000000000000000000e+00 3.666042915266827436e+02 2.788428558404943396e+04 0.000000000000000000e+00 5.914787770330727653e+03 0.000000000000000000e+00 -7.380831631016494612e+02
2.474998551644826128e-01 4.112228908101184788e+04 0.000000000000000000e+00 8.800453922510407210e+03 0.000000000000000000e+00 2.356942427153378048e+03 2.750211975664425336e+04 0.000000000000000000e+00 6.055034774255523189e+03 0.000000000000000000e+00 -1.332512007684918274e+02
2.525200307756395035e-01 4.002672440457779157e+04 0.000000000000000000e+00 8.790428703990102804e+03 0.000000000000000000e+00 1.908156882152799426e+03 2.711396325394370797e+04 0.000000000000000000e+00 5.426389359727807459e+03 0.000000000000000000e+00 -6.945540364986081840e+02
2.575182250600202005e-01 3.905895822964011313e+04 0.000000000000000000e+00 7.905711943968407468e+03 0.000000000000000000e+00 -2.667167573206169209e+02 2.629382466284181646e+04 0.000000000000000000e+00 4.997512078086580914e+03 0.000000000000000000e+00 -8.564744206840026663e+02
2.625255687975799335e-01 3.767890363439264911e+04 0.000000000000000000e+00 7.406673589319335406e+03 0.000000000000000000e+00 1.210699035773378228e+03 2.605277617390311934e+04 0.000000000000000000e+00 4.932736920180293055e+03 0.000000000000000000e+00 -5.216144234609460000e+02
2.675305520911575030e-01 3.676089090181024949e+04 0.000000000000000000e+00 6.668904986122809532e+03 0.000000000000000000e+00 5.376827715717815863e+02 2.577951566534568701e+04 0.000000000000000000e+00 4.507856671407464091e+03 0.000000000000000000e+00 -7.687624860192485130e+02
2.725404586615198799e-01 3.535867816152747400e+04 0.000000000000000000e+00 5.370654255037816256e+03 0.000000000000000000e+00 1.847544507325329050e+03 2.540030591844290393e+04 0.000000000000000000e+00 4.554887819326175304e+03 0.000000000000000000e+00 -1.649255037816681693e+02
2.775333197047151201e-01 3.494130348695944122e+04 0.000000000000000000e+00 5.202899992245456815e+03 0.000000000000000000e+00 1.088602372890118204e+03 2.495848465892935565e+04 0.000000000000000000e+00 4.250822860392379880e+03 0.000000000000000000e+00 -8.481696693979889687e+02
2.825123907298719983e-01 3.393478327672451269e+04 0.000000000000000000e+00 4.950117606373124545e+03 0.000000000000000000e+00 8.048455999505960108e+02 2.471912950040141004e+04 0.000000000000000000e+00 4.256318952633854678e+03 0.000000000000000000e+00 -6.578883221144939171e+02
2.875104651677040102e-01 3.282719785481708095e+04 0.000000000000000000e+00 4.248129094043286386e+03 0.000000000000000000e+00 6.150376364681095538e+02 2.422430185788162999e+04 0.000000000000000000e+00 3.737824937751388461e+03 0.000000000000000000e+00 -7.143778490710591313e+02
2.924971317655564174e-01 3.243515472378596314e+04 0.000000000000000000e+00 4.714302188211630892e+03 0.000000000000000000e+00 -8.276905293090891291e+01 2.388412174455836794e+04 0.000000000000000000e+00 3.484976776982741285e+03 0.000000000000000000e+00 -1.922059808806020101e+03
2.975058823671092867e-01 3.164282816801349691e+04 0.000000000000000000e+00 4.313009146612201221e+03 0.000000000000000000e+00 1.597368617351922467e+03 2.370378048130716707e+04 0.000000000000000000e+00 3.143526152206731240e+03 0.000000000000000000e+00 -4.518570730840955321e+02
3.025121359101998753e-01 3.094665755911979431e+04 0.000000000000000000e+00 3.564033720980502494e+03 0.000000000000000000e+00 8.466552245903765197e+02 2.333888063637542655e+04 0.000000000000000000e+00 3.262586485668583464e+03 0.000000000000000000e+00 -1.244190826164022383e+03
3.075010376196579687e-01 3.041226491090557829e+04 0.000000000000000000e+00 2.973224894184041659e+03 0.000000000000000000e+00 5.176731567121283888e+02 2.318949854209123805e+04 0.000000000000000000e+00 2.829309003501071402e+03 0.000000000000000000e+00 -5.197255996237655609e+02
3.125134169243361515e-01 2.962522549768751196e+04 0.000000000000000000e+00 2.813317675447416150e+03 0.000000000000000000e+00 2.282699979891413591e+02 2.288981813794490154e+04 0.000000000000000000e+00 2.999368751256786709e+03 0.000000000000000000e+00 -9.980065956163282408e+02
3.175159688234982513e-01 2.873529644074623502e+04 0.000000000000000000e+00 2.262131937008183286e+03 0.000000000000000000e+00 2.045018911298641342e+02 2.260508092071008286e+04 0.000000000000000000e+00 2.698529182344215315e+03 0.000000000000000000e+00 -6.927185311078582117e+02
3.225221380836135188e-01 2.837969265622050443e+04 0.000000000000000000e+00 2.343120105720219271e+03 0.000000000000000000e+00 8.778436851047763412e+02 2.236802778931470675e+04 0.000000000000000000e+00 2.829244024919766161e+03 0.000000000000000000e+00 -7.666804606380970881e+02
3.275181733526948968e-01 2.778759392817474873e+04 0.000000000000000000e+00 2.153066716031099531e+03 0.000000000000000000e+00 4.070006479081821738e+01 2.218276016290262851e+04 0.000000000000000000e+00 2.496882043687523037e+03 0.000000000000000000e+00 -1.033979044798222958e+03
3.325123842131759710e-01 2.724617493795422706e+04 0.000000000000000000e+00 1.413506925109191798e+03 0.000000000000000000e+00 1.152784223026766540e+03 2.177222420096604765e+04 0.000000000000000000e+00 2.338593344422996779e+03 0.000000000000000000e+00 -3.767206739194249963e+02
3.374959366892091861e-01 2.687567025190064305e+04 0.000000000000000000e+00 1.817884595172196441e+03 0.000000000000000000e+00 5.429190344392670795e+02 2.170414378306415165e+04 0.000000000000000000e+00 2.449129243597379627e+03 0.000000000000000000e+00 -1.336588165224398381e+03
3.424919221947719805e-01 2.625399914992207778e+04 0.000000000000000000e+00 1.325513372059105450e+03 0.000000000000000000e+00 3.378229337689288627e+02 2.135391477552109063e+04 0.000000000000000000e+00 2.390184433573077513e+03 0.000000000000000000e+00 -1.134640675395244671e+03
3.475179778446125245e-01 2.585468265429476742e+04 0.000000000000000000e+00 1.397125363478942745e+03 0.000000000000000000e+00 8.287313359688960190e+02 2.123292789231221468e+04 0.000000000000000000e+00 1.864228575162544530e+03 0.000000000000000000e+00 -6.423294671153657873e+02
3.525052850529177828e-01 2.525194750119750825e+04 0.000000000000000000e+00 1.035961743573367357e+03 0.000000000000000000e+00 6.937650686571930514e+00 2.089457857256905481e+04 0.000000000000000000e+00 1.983444100271435445e+03 0.000000000000000000e+00 -8.028125818297939986e+02
3.575133254796376558e-01 2.498963490737405300e+04 0.000000000000000000e+00 8.684445738899831895e+02 0.000000000000000000e+00 7.792353549830996826e+02 2.078532774332993722e+04 0.000000000000000000e+00 1.851754213580029273e+03 0.000000000000000000e+00 -1.300531918970499135e+02
3.625250227669692404e-01 2.458317578677909842e+04 0.000000000000000000e+00 5.842675500677607943e+02 0.000000000000000000e+00 4.905505797319680710e+02 2.060962288811925828e+04 0.000000000000000000e+00 1.741770576720373356e+03 0.000000000000000000e+00 -1.238378436982382027e+03
3.675230446100045678e-01 2.422062454344640719e+04 0.000000000000000000e+00 2.150908003995071738e+02 0.000000000000000000e+00 8.189599690892257513e+02 2.048308874454140459e+04 0.000000000000000000e+00 1.767359913683120794e+03 0.000000000000000000e+00 -7.113938572126355666e+02
3.725177060730277545e-01 2.358588827262851191e+04 0.000000000000000000e+00 1.777477557321745110e+02 0.000000000000000000e+00 3.604755560638115526e+02 2.023077728858139380e+04 0.000000000000000000e+00 1.508457773457602116e+03 0.000000000000000000e+00 -4.721902052718851905e+02
3.775163034622419089e-01 2.349946758055729879e+04 0.000000000000000000e+00 2.315864874742278801e+02 0.000000000000000000e+00 7.732898269905738289e+02 2.005066896518435169e+04 0.000000000000000000e+00 1.455743485426248526e+03 0.000000000000000000e+00 -9.095724343370959559e+02
3.825226892977953153e-01 2.315909016216216332e+04 0.000000000000000000e+00 3.464577837837837819e+02 0.000000000000000000e+00 9.315014054054054213e+02 1.993075891891892024e+04 0.000000000000000000e+00 1.378039027027027032e+03 0.000000000000000000e+00 -1.625154324324324193e+02
3.875130067694269043e-01 2.289763709167544948e+04 0.000000000000000000e+00 2.531569283456269943e+02 0.000000000000000000e+00 6.322613277133825704e+02 1.979156670179136199e+04 0.000000000000000000e+00 1.332606743940990555e+03 0.000000000000000000e+00 -5.874132244467861028e+02
3.924957861003909865e-01 2.254631290187623017e+04 0.000000000000000000e+00 -6.567321307887877602e+00 0.000000000000000000e+00 1.270371061693431784e+03 1.954886786599298648e+04 0.000000000000000000e+00 1.261075686287130338e+03 0.000000000000000000e+00 -1.952861069095356186e+02
3.975064703251052212e-01 2.233750275695434175e+04 0.000000000000000000e+00 1.217272535778452465e+02 0.000000000000000000e+00 1.638857072052537205e+03 1.950400416331082306e+04 0.000000000000000000e+00 9.917756768477789819e+02 0.000000000000000000e+00 -2.875334365900502007e+02
