3.798113400606732779e-03 3.794966315789473592e+05 0.000000000000000000e+00 1.038776631578947301e+06 0.000000000000000000e+00 -4.648410947368420660e+06 3.424745431578946859e+07 0.000000000000000000e+00 6.433222736842104793e+07 0.000000000000000000e+00 -5.227562778947368264e+07
8.299341265228576958e-03 5.769386250000000000e+05 0.000000000000000000e+00 5.630067500000000000e+05 0.000000000000000000e+00 -7.146190625000000000e+05 2.620935800000000000e+07 0.000000000000000000e+00 4.101553600000000000e+07 0.000000000000000000e+00 -2.118295200000000000e+07
1.293222767532251419e-02 7.681721783439491410e+05 0.000000000000000000e+00 2.601505477707006503e+05 0.000000000000000000e+00 -7.051451210191083374e+05 1.391327388535031863e+07 0.000000000000000000e+00 2.457609946496815234e+07 0.000000000000000000e+00 -9.700477554140128195e+06
1.764839556552980082e-02 9.346294794520547148e+05 0.000000000000000000e+00 8.205995616438356228e+05 0.000000000000000000e+00 1.589983424657534051e+05 7.626009424657533877e+06 0.000000000000000000e+00 1.509827857534246519e+07 0.000000000000000000e+00 1.124587397260273807e+06
2.256548662787912635e-02 8.839241436672968557e+05 0.000000000000000000e+00 8.628504196597354021e+05 0.000000000000000000e+00 -2.246867296786389488e+04 4.587291584120983258e+06 0.000000000000000000e+00 9.353666056710775942e+06 0.000000000000000000e+00 8.073885066162570729e+04
2.777643688250242340e-02 7.563615219512195326e+05 0.000000000000000000e+00 7.374259512195121497e+05 0.000000000000000000e+00 2.923709463414634229e+05 2.567946458536585327e+06 0.000000000000000000e+00 5.333800585365853272e+06 0.000000000000000000e+00 8.245455609756098129e+05
3.269804980233311648e-02 6.303251840000000084e+05 0.000000000000000000e+00 5.177374720000000088e+05 0.000000000000000000e+00 9.328560800000000745e+04 1.535766272000000114e+06 0.000000000000000000e+00 2.898093055999999866e+06 0.000000000000000000e+00 -1.669936639999999898e+05
3.761648458559932462e-02 5.890729602157787886e+05 0.000000000000000000e+00 4.316361105866486905e+05 0.000000000000000000e+00 4.294260822656776872e+04 1.052380353337828768e+06 0.000000000000000000e+00 1.979691501011463115e+06 0.000000000000000000e+00 -4.731871072151044791e+04
4.263843696389812976e-02 4.786135000000000000e+05 0.000000000000000000e+00 3.087217142857142608e+05 0.000000000000000000e+00 -8.048061941964285325e+03 7.301673571428571595e+05 0.000000000000000000e+00 1.298423428571428405e+06 0.000000000000000000e+00 -1.340212500000000000e+05
4.756514582339458480e-02 4.076041657217618776e+05 0.000000000000000000e+00 3.084915272568687215e+05 0.000000000000000000e+00 -3.966981247274313500e+04 5.192920366332315607e+05 0.000000000000000000e+00 8.900023654600959271e+05 0.000000000000000000e+00 -9.722056345399041311e+04
5.262096060748640974e-02 3.706918876404494513e+05 0.000000000000000000e+00 2.253790112359550549e+05 0.000000000000000000e+00 5.080131460674157279e+04 3.959564943820224726e+05 0.000000000000000000e+00 6.667008539325842867e+05 0.000000000000000000e+00 -1.603754353932584308e+04
5.756031740041873956e-02 3.467832871287128655e+05 0.000000000000000000e+00 2.438554851485148538e+05 0.000000000000000000e+00 1.949323762376237573e+04 3.105514851485148538e+05 0.000000000000000000e+00 5.053857029702970176e+05 0.000000000000000000e+00 -2.650995544554455410e+04
6.254738279606215923e-02 3.257566406671571895e+05 0.000000000000000000e+00 2.221348167770419386e+05 0.000000000000000000e+00 2.096554132940887575e+04 2.528164513122393691e+05 0.000000000000000000e+00 4.201383213146921480e+05 0.000000000000000000e+00 3.799242187883247243e+04
6.757793472572401483e-02 2.972548330404217704e+05 0.000000000000000000e+00 1.927415536028119386e+05 0.000000000000000000e+00 -9.868554481546572788e+03 2.088686818980667740e+05 0.000000000000000000e+00 3.142017574692442431e+05 0.000000000000000000e+00 1.707960281195079006e+04
7.255917516659465827e-02 2.655723146736097988e+05 0.000000000000000000e+00 1.454453382927282946e+05 0.000000000000000000e+00 -4.128851590106007166e+02 1.745133479635484400e+05 0.000000000000000000e+00 2.521614997210340516e+05 0.000000000000000000e+00 -2.397035149711735357e+03
7.753384299139773339e-02 2.456218439906260464e+05 0.000000000000000000e+00 1.469790960830264667e+05 0.000000000000000000e+00 1.780136725811851284e+04 1.503853552058922069e+05 0.000000000000000000e+00 2.075982591228657693e+05 0.000000000000000000e+00 6.773335788416471587e+03
8.251793356505521260e-02 2.238609174311926763e+05 0.000000000000000000e+00 1.430625504587156174e+05 0.000000000000000000e+00 1.138173050458715625e+04 1.291834128440367058e+05 0.000000000000000000e+00 1.662952110091743234e+05 0.000000000000000000e+00 1.226112958715596505e+03
8.752751931716111489e-02 2.049170361539458390e+05 0.000000000000000000e+00 1.305344978618634195e+05 0.000000000000000000e+00 1.416443281067772477e+04 1.140591545937540504e+05 0.000000000000000000e+00 1.411774648179344367e+05 0.000000000000000000e+00 7.764050796941817680e+03
9.254701955136974967e-02 1.782333053783044743e+05 0.000000000000000000e+00 9.748170647219689272e+04 0.000000000000000000e+00 8.725247037374658248e+03 9.961422060164083086e+04 0.000000000000000000e+00 1.175953181403828639e+05 0.000000000000000000e+00 6.640374202370099738e+03
9.754963178921903511e-02 1.664797102480895992e+05 0.000000000000000000e+00 9.208487888621375896e+04 0.000000000000000000e+00 -1.101420621794200815e+04 8.951553983041975880e+04 0.000000000000000000e+00 9.791338762692347518e+04 0.000000000000000000e+00 3.782667643672145005e+03
1.025319613041059119e-01 1.490610191369605891e+05 0.000000000000000000e+00 7.854512270168855321e+04 0.000000000000000000e+00 1.715412945590994468e+03 8.180846228893057560e+04 0.000000000000000000e+00 8.539104540337710932e+04 0.000000000000000000e+00 7.760689681050656873e+03
1.075116003998943526e-01 1.410964686423156527e+05 0.000000000000000000e+00 7.516892074431426590e+04 0.000000000000000000e+00 -8.679390764989662785e+03 7.396827567195038137e+04 0.000000000000000000e+00 7.073831564438318310e+04 0.000000000000000000e+00 -1.178148001378359822e+03
1.125102861506304813e-01 1.308560414315529197e+05 0.000000000000000000e+00 7.328089541624797857e+04 0.000000000000000000e+00 1.380343016155213809e+04 7.033845373734251189e+04 0.000000000000000000e+00 6.258044368864497665e+04 0.000000000000000000e+00 4.944273324572930505e+03
1.175500852175193622e-01 1.248020753804579726e+05 0.000000000000000000e+00 5.852568795334945753e+04 0.000000000000000000e+00 3.071211491964158995e+03 6.376003868581994175e+04 0.000000000000000000e+00 5.286922486132840277e+04 0.000000000000000000e+00 1.884880102403641104e+03
1.225369446564099490e-01 1.195355688844753458e+05 0.000000000000000000e+00 6.443986918238994258e+04 0.000000000000000000e+00 8.788896921549156104e+03 5.923297663025488873e+04 0.000000000000000000e+00 4.591680317775571166e+04 0.000000000000000000e+00 2.668734856007944472e+03
1.275260957852891452e-01 1.128477167111326708e+05 0.000000000000000000e+00 5.597257142857142753e+04 0.000000000000000000e+00 -9.153178510793111400e+02 5.610818918263399974e+04 0.000000000000000000e+00 4.125351831190880330e+04 0.000000000000000000e+00 2.834549842347804770e+03
1.325302087090364789e-01 1.070238877728522493e+05 0.000000000000000000e+00 4.631419022501543077e+04 0.000000000000000000e+00 2.333611357387351745e+03 5.316910700858537894e+04 0.000000000000000000e+00 3.673541103192861920e+04 0.000000000000000000e+00 1.824127265585545047e+03
1.375062694904859717e-01 1.021140139387539530e+05 0.000000000000000000e+00 4.604901034846884431e+04 0.000000000000000000e+00 6.524477296726504392e+03 5.095331615628299915e+04 0.000000000000000000e+00 3.183602618796198294e+04 0.000000000000000000e+00 6.365825554382259725e+03
1.425134422753508989e-01 9.639299366481089965e+04 0.000000000000000000e+00 3.905451027068535041e+04 0.000000000000000000e+00 1.910432712612785508e+03 4.864212248032251955e+04 0.000000000000000000e+00 2.853635784219619745e+04 0.000000000000000000e+00 1.012446726818967136e+03
1.475259222195813014e-01 9.136164016583899502e+04 0.000000000000000000e+00 4.320644986104150303e+04 0.000000000000000000e+00 2.897737300104788574e+03 4.605936744270809868e+04 0.000000000000000000e+00 2.632488915212538268e+04 0.000000000000000000e+00 3.089443345938311722e+03
1.525299430011916868e-01 8.404855732160974003e+04 0.000000000000000000e+00 3.674126750084545347e+04 0.000000000000000000e+00 -1.973435914778491679e+03 4.389786405140344868e+04 0.000000000000000000e+00 2.540232938789313266e+04 0.000000000000000000e+00 2.624055461616503180e+03
1.574945685492469272e-01 8.116884959760584752e+04 0.000000000000000000e+00 3.188201140453754851e+04 0.000000000000000000e+00 -1.818596877906741440e+02 4.272553241396044177e+04 0.000000000000000000e+00 2.157440854127067360e+04 0.000000000000000000e+00 -4.255262263922028296e+02
1.625189323163163113e-01 7.688063065693431417e+04 0.000000000000000000e+00 3.068278656934306855e+04 0.000000000000000000e+00 2.905280583941605983e+03 4.076612204379562172e+04 0.000000000000000000e+00 1.839508554744525827e+04 0.000000000000000000e+00 1.700338978102189913e+03
1.675461007718098694e-01 7.263147152619589178e+04 0.000000000000000000e+00 2.924214578587698998e+04 0.000000000000000000e+00 8.337848804100227653e+02 3.974247380410022743e+04 0.000000000000000000e+00 1.761882004555808453e+04 0.000000000000000000e+00 3.614881833712983621e+02
1.725292014006662711e-01 6.916204924679435499e+04 0.000000000000000000e+00 2.705841605959719527e+04 0.000000000000000000e+00 2.359041698256255131e+03 3.812976840162178269e+04 0.000000000000000000e+00 1.600923703728120927e+04 0.000000000000000000e+00 3.174709167023766440e+03
1.775301965061671094e-01 6.686892680464411387e+04 0.000000000000000000e+00 2.678850075719333472e+04 0.000000000000000000e+00 3.346900555275113675e+03 3.719872387682988483e+04 0.000000000000000000e+00 1.458340636042402730e+04 0.000000000000000000e+00 5.531596258202927885e+01
1.825147654490652804e-01 6.441362049100416334e+04 0.000000000000000000e+00 2.428747342609825864e+04 0.000000000000000000e+00 4.544441017459895193e+03 3.569151183195958583e+04 0.000000000000000000e+00 1.287037560932376073e+04 0.000000000000000000e+00 2.153233625808738907e+02
1.875360723572403465e-01 6.161490234636871901e+04 0.000000000000000000e+00 2.017526525139664955e+04 0.000000000000000000e+00 2.165418770949720511e+03 3.533461094972067076e+04 0.000000000000000000e+00 1.275528581005586602e+04 0.000000000000000000e+00 2.535542178770949704e+02
1.925323683450522461e-01 5.935969497697333281e+04 0.000000000000000000e+00 2.031395951590446566e+04 0.000000000000000000e+00 1.465214201563671395e+03 3.420196808396701090e+04 0.000000000000000000e+00 1.168522908857234688e+04 0.000000000000000000e+00 -3.589911106351075887e+01
1.975198663583639380e-01 5.762018343240166723e+04 0.000000000000000000e+00 1.874961709877323665e+04 0.000000000000000000e+00 1.177848488680915580e+03 3.359256800303528144e+04 0.000000000000000000e+00 1.078430433792841723e+04 0.000000000000000000e+00 1.116789174149487735e+03
2.025153694923672032e-01 5.546050525909486169e+04 0.000000000000000000e+00 1.773779793496091952e+04 0.000000000000000000e+00 1.306370163080189286e+03 3.288362674901090941e+04 0.000000000000000000e+00 1.089127781530444918e+04 0.000000000000000000e+00 -6.555055003377400453e+02
2.075088499274508613e-01 5.319147587533490878e+04 0.000000000000000000e+00 1.657442597723785730e+04 0.000000000000000000e+00 2.450493851473585437e+03 3.161816025097895545e+04 0.000000000000000000e+00 8.879408275893654718e+03 0.000000000000000000e+00 -3.655446655522223978e+02
2.125178062418619784e-01 5.135499528713562904e+04 0.000000000000000000e+00 1.520553395007854851e+04 0.000000000000000000e+00 1.998545295863152433e+03 3.112108081689649407e+04 0.000000000000000000e+00 9.032460813405481531e+03 0.000000000000000000e+00 4.743763309478094357e+02
2.175004174234404231e-01 4.945135796650113480e+04 0.000000000000000000e+00 1.461280228936958156e+04 0.000000000000000000e+00 5.290085430519317242e+02 3.059784731924922380e+04 0.000000000000000000e+00 8.327279521925764129e+03 0.000000000000000000e+00 -2.573380186852958786e+02
2.225093171556767890e-01 4.822836051299225801e+04 0.000000000000000000e+00 1.438002245818640404e+04 0.000000000000000000e+00 4.028041055140757635e+03 2.980235188432064024e+04 0.000000000000000000e+00 7.358898051653828588e+03 0.000000000000000000e+00 5.727669667658241224e+02
2.275289586476768322e-01 4.616331363845094165e+04 0.000000000000000000e+00 1.193739109138221465e+04 0.000000000000000000e+00 1.853998010102556236e+03 2.953688167763661477e+04 0.000000000000000000e+00 7.615350375019133935e+03 0.000000000000000000e+00 -3.465341726618705138e+02
2.325285406108919262e-01 4.460051065068306343e+04 0.000000000000000000e+00 1.127543368562749129e+04 0.000000000000000000e+00 2.215284157677405346e+03 2.846823567933349113e+04 0.000000000000000000e+00 6.706393902461208199e+03 0.000000000000000000e+00 -6.752014170592836706e+01
2.375276552426477672e-01 4.334934983301107422e+04 0.000000000000000000e+00 1.046657957461768274e+04 0.000000000000000000e+00 2.091831675162594365e+03 2.816548764281947660e+04 0.000000000000000000e+00 6.785860713657936685e+03 0.000000000000000000e+00 4.625671647038143988e+02
2.424991024241769377e-01 4.219540647949622507e+04 0.000000000000000000e+00 1.025310836864585690e+04 0.000000000000000000e+00 1.003431195448483095e+03 2.782326662502321415e+04 0.000000000000000000e+00 5.552920838046359677e+03 0.000000000000000000e+00 -8.223328212314081611e+02
2.474998551644826128e-01 4.094678603906500211e+04 0.000000000000000000e+00 9.186995068844060370e+03 0.000000000000000000e+00 1.026902337495997472e+03 2.736539378802433566e+04 0.000000000000000000e+00 6.087673134806275812e+03 0.000000000000000000e+00 -4.905108269292346890e+00
2.525200307756395035e-01 3.989210071141355002e+04 0.000000000000000000e+00 7.839232910609342071e+03 0.000000000000000000e+00 1.370610578410145536e+03 2.683565926384163322e+04 0.000000000000000000e+00 5.725176121249613971e+03 0.000000000000000000e+00 1.049472703371481686e+02
2.575182250600202005e-01 3.882263175620296533e+04 0.000000000000000000e+00 7.453495507041204291e+03 0.000000000000000000e+00 5.187380970121450900e+02 2.643417164145741845e+04 0.000000000000000000e+00 5.312208866701437728e+03 0.000000000000000000e+00 -6.512126965203784721e+02
2.625255687975799335e-01 3.742627032578307990e+04 0.000000000000000000e+00 5.854198436697666693e+03 0.000000000000000000e+00 2.236250584812004490e+03 2.600061984366976685e+04 0.000000000000000000e+00 4.449383009071718334e+03 0.000000000000000000e+00 -1.453314029782621049e+02
2.675305520911575030e-01 3.647484083345990803e+04 0.000000000000000000e+00 5.903133731928583984e+03 0.000000000000000000e+00 6.281547617403791719e+02 2.575121183082255084e+04 0.000000000000000000e+00 4.560271523453141526e+03 0.000000000000000000e+00 -1.076124770439513441e+03
2.725404586615198799e-01 3.515218025070079602e+04 0.000000000000000000e+00 6.395765801026074769e+03 0.000000000000000000e+00 1.762293542074363813e+03 2.526496556830803456e+04 0.000000000000000000e+00 4.001678108637012429e+03 0.000000000000000000e+00 -5.846165441370920490e+01
2.775333197047151201e-01 3.446101315687440365e+04 0.000000000000000000e+00 6.347217825109210025e+03 0.000000000000000000e+00 9.246286349419701764e+02 2.503661240209889729e+04 0.000000000000000000e+00 4.272474784811434802e+03 0.000000000000000000e+00 -4.405926021661022673e+02
2.825123907298719983e-01 3.409898815537578048e+04 0.000000000000000000e+00 6.143124559995059826e+03 0.000000000000000000e+00 1.395137849688136839e+03 2.446090671277712681e+04 0.000000000000000000e+00 4.148130377323534958e+03 0.000000000000000000e+00 -2.853969987031433675e+02
2.875104651677040102e-01 3.304783911128136242e+04 0.000000000000000000e+00 4.700788354721317774e+03 0.000000000000000000e+00 1.316368320245163659e+03 2.433313311626125142e+04 0.000000000000000000e+00 3.831087531124305769e+03 0.000000000000000000e+00 -1.009886611760199116e+03
2.924971317655564174e-01 3.220839191298015066e+04 0.000000000000000000e+00 4.850186315874648244e+03 0.000000000000000000e+00 5.628343871735888797e+02 2.402817556554809198e+04 0.000000000000000000e+00 3.596338508132101651e+03 0.000000000000000000e+00 -1.143589314406593530e+03
2.975058823671092867e-01 3.134158032146345795e+04 0.000000000000000000e+00 3.984548796732084156e+03 0.000000000000000000e+00 8.337877408755882414e+01 2.364944356629073809e+04 0.000000000000000000e+00 3.224077080188260425e+03 0.000000000000000000e+00 -5.241096261433265227e+02
3.025121359101998753e-01 3.075519986165751470e+04 0.000000000000000000e+00 3.382558125459340317e+03 0.000000000000000000e+00 5.808643379015173878e+02 2.339139821019411102e+04 0.000000000000000000e+00 3.137742769443603720e+03 0.000000000000000000e+00 -8.840762612943668728e+02
3.075010376196579687e-01 3.044680223650520202e+04 0.000000000000000000e+00 3.675643037048649603e+03 0.000000000000000000e+00 4.619406594555050560e+02 2.314344074828865632e+04 0.000000000000000000e+00 3.250277305742802127e+03 0.000000000000000000e+00 -9.575520510006793984e+02
3.125134169243361515e-01 2.978564633018298991e+04 0.000000000000000000e+00 2.837601126080836366e+03 0.000000000000000000e+00 6.466470138749245962e+02 2.282245662577920666e+04 0.000000000000000000e+00 2.954075849587773973e+03 0.000000000000000000e+00 -8.290153227428112359e+02
3.175159688234982513e-01 2.905133098211040124e+04 0.000000000000000000e+00 2.360775471308858414e+03 0.000000000000000000e+00 -1.772512894067255331e+02 2.264295617490740915e+04 0.000000000000000000e+00 3.041922055977443961e+03 0.000000000000000000e+00 -6.580612038392391696e+02
3.225221380836135188e-01 2.824436594298659838e+04 0.000000000000000000e+00 2.498213479327921505e+03 0.000000000000000000e+00 6.480706060033982112e+02 2.227746845384180051e+04 0.000000000000000000e+00 2.512632962053993197e+03 0.000000000000000000e+00 -3.328670190673966545e+02
3.275181733526948968e-01 2.761144346538319223e+04 0.000000000000000000e+00 2.054921436504997928e+03 0.000000000000000000e+00 9.122370418363568945e+01 2.208101888189559395e+04 0.000000000000000000e+00 2.839383931877082432e+03 0.000000000000000000e+00 -1.186303072935949558e+03
3.325123842131759710e-01 2.743201103036017957e+04 0.000000000000000000e+00 1.841106309543930365e+03 0.000000000000000000e+00 1.222313493510768012e+03 2.178678029123708984e+04 0.000000000000000000e+00 2.200674844551980641e+03 0.000000000000000000e+00 -4.490325840397804882e+02
3.374959366892091861e-01 2.677489542094384160e+04 0.000000000000000000e+00 1.909443436219037949e+03 0.000000000000000000e+00 4.706543811092036549e+02 2.157653393126160518e+04 0.000000000000000000e+00 2.252555092316855280e+03 0.000000000000000000e+00 -5.229519672073713537e+02
3.424919221947719805e-01 2.611393937777629617e+04 0.000000000000000000e+00 1.517399094917034063e+03 0.000000000000000000e+00 6.152777337922643710e+02 2.128300694230304725e+04 0.000000000000000000e+00 2.014129028494278828e+03 0.000000000000000000e+00 -8.539896157147738904e+02
3.475179778446125245e-01 2.566727872708857467e+04 0.000000000000000000e+00 9.074078478779364332e+02 0.000000000000000000e+00 4.432352076322409857e+02 2.104248779690920128e+04 0.000000000000000000e+00 2.103815597739079294e+03 0.000000000000000000e+00 -7.717633874603848199e+02
3.525052850529177828e-01 2.532293507903560749e+04 0.000000000000000000e+00 1.225540859013252430e+03 0.000000000000000000e+00 1.805669806801852246e+02 2.097626517643301850e+04 0.000000000000000000e+00 2.208017882803768316e+03 0.000000000000000000e+00 -1.179555740060673770e+03
3.575133254796376558e-01 2.497943972223712626e+04 0.000000000000000000e+00 1.345761617524200801e+03 0.000000000000000000e+00 1.051841037471928757e+03 2.079483029945351882e+04 0.000000000000000000e+00 1.799416330065685088e+03 0.000000000000000000e+00 -6.298925584995899953e+02
3.625250227669692404e-01 2.448075458515283754e+04 0.000000000000000000e+00 4.683039903628971388e+02 0.000000000000000000e+00 4.488271946995934059e+02 2.052720252973949755e+04 0.000000000000000000e+00 1.582543110977262359e+03 0.000000000000000000e+00 -3.890924258394819617e+02
3.675230446100045678e-01 2.417882477819332416e+04 0.000000000000000000e+00 6.398417135066961237e+02 0.000000000000000000e+00 7.006237852576019804e+02 2.026531825704058429e+04 0.000000000000000000e+00 1.650371497933206456e+03 0.000000000000000000e+00 -4.047105103922897911e+02
3.725177060730277545e-01 2.368587340614100322e+04 0.000000000000000000e+00 8.414227228543657020e+02 0.000000000000000000e+00 6.140398536222769508e+02 2.013629595745897677e+04 0.000000000000000000e+00 1.558822116759105711e+03 0.000000000000000000e+00 -7.818532792040712138e+02
3.775163034622419089e-01 2.344033837857965409e+04 0.000000000000000000e+00 4.234457354452113691e+02 0.000000000000000000e+00 2.862648030285268987e+02 1.999394758000565344e+04 0.000000000000000000e+00 1.514665158839064588e+03 0.000000000000000000e+00 -8.505783851993849112e+02
3.825226892977953153e-01 2.314302962162162294e+04 0.000000000000000000e+00 2.708590540540540701e+02 0.000000000000000000e+00 9.699567567567567039e+02 1.981904605405405528e+04 0.000000000000000000e+00 1.481790270270270184e+03 0.000000000000000000e+00 -2.417507567567567435e+02
3.875130067694269043e-01 2.281882571127502888e+04 0.000000000000000000e+00 4.404395152792413342e+02 0.000000000000000000e+00 1.247627924130664042e+03 1.964607629083245774e+04 0.000000000000000000e+00 1.280440674394099233e+03 0.000000000000000000e+00 -3.521932824025290074e+02
3.924957861003909865e-01 2.255493713513339753e+04 0.000000000000000000e+00 -2.975329578733949347e+02 0.000000000000000000e+00 1.045684163099797388e+03 1.945777131271522012e+04 0.000000000000000000e+00 1.346018678595565461e+03 0.000000000000000000e+00 -1.395398320084961199e+02
3.975064703251052212e-01 2.234860809119633268e+04 0.000000000000000000e+00 3.264740722383991169e+02 0.000000000000000000e+00 1.301079933089647511e+03 1.940983403754414394e+04 0.000000000000000000e+00 1.177334043739545450e+03 0.000000000000000000e+00 -4.276824979864940701e+02
