3.798113400606732779e-03 -2.384868421052631360e-02 2.382482694736842066e+07 5.962171052631578400e-02 6.672820547368420660e+07 -8.706825657894735893e-02 7.740874778947368264e+07 0.000000000000000000e+00 -1.103427705263157748e+07 0.000000000000000000e+00 2.132242694736842066e+07
8.299341265228576958e-03 -5.737304687500000000e-03 5.492169200000000000e+07 1.434326171875000000e-02 5.879040800000000000e+07 -2.107238769531250000e-02 1.296596800000000000e+08 0.000000000000000000e+00 9.192448000000000000e+07 0.000000000000000000e+00 9.435366400000000000e+07
1.293222767532251419e-02 2.985668789808917402e-03 3.558366084076433629e+07 -1.084792993630573354e-02 1.169531760509554110e+07 1.798865445859872819e-02 9.923996208917197585e+07 0.000000000000000000e+00 4.607852922292993963e+07 0.000000000000000000e+00 1.433802680254777148e+07
1.764839556552980082e-02 1.678884845890410947e-03 3.051825797260273620e+07 -4.946355950342465682e-03 9.816320000000000000e+06 6.495645601455478715e-03 9.146556668493150175e+07 0.000000000000000000e+00 5.426511956164383143e+07 0.000000000000000000e+00 5.168445369863013178e+07
2.256548662787912635e-02 -9.451795841209830124e-04 2.091632272211720422e+07 -9.451795841209830124e-04 8.467202419659735169e+05 -1.181474480151228765e-04 7.202106749338375032e+07 0.000000000000000000e+00 4.277474093005671352e+07 0.000000000000000000e+00 -7.890634283553875051e+06
2.777643688250242340e-02 -2.381859756097560923e-04 1.474184241951219551e+07 5.954649390243902307e-04 4.927936936585365795e+06 -4.989996189024390339e-04 5.470458255609755963e+07 0.000000000000000000e+00 4.172784764878048748e+07 0.000000000000000000e+00 1.017827090731707402e+07
3.269804980233311648e-02 7.812500000000000163e-05 1.028693299200000055e+07 2.343750000000000049e-05 1.787116543999999994e+06 2.714843750000000243e-04 4.284910387200000137e+07 0.000000000000000000e+00 3.073607680000000075e+07 0.000000000000000000e+00 -1.554997248000000138e+06
3.761648458559932462e-02 -1.791132838840188901e-04 6.778361440323668532e+06 -4.583192852326365557e-04 2.180740574511126149e+06 -6.203114463924477634e-04 3.525251814969655871e+07 0.000000000000000000e+00 3.254553997033040971e+07 0.000000000000000000e+00 1.443979755630478822e+07
4.263843696389812976e-02 -3.335135323660714363e-04 4.902776000000000000e+06 5.329677036830356368e-04 3.876380714285714203e+05 -9.305136544363838821e-04 2.736200228571428359e+07 0.000000000000000000e+00 1.882178628571428359e+07 0.000000000000000000e+00 3.174110857142856810e+06
4.756514582339458480e-02 8.177060619276057781e-05 3.636380301788050681e+06 -8.858482337549062257e-05 5.748016118621892529e+05 8.688126907980811477e-05 2.451982960313999280e+07 0.000000000000000000e+00 1.750591458525948599e+07 0.000000000000000000e+00 -6.264039773222851800e+05
5.262096060748640974e-02 -4.046150807584269381e-05 2.723360719101123512e+06 -1.954496576544943851e-05 4.988243595505617559e+05 7.110767150193118185e-04 1.979991155056179687e+07 0.000000000000000000e+00 1.324117860674157180e+07 0.000000000000000000e+00 2.674675235955056269e+06
5.756031740041873956e-02 3.843401918316831844e-04 2.124862891089108773e+06 -3.565420018564356350e-04 7.948678712871286552e+04 4.571593633972772272e-04 1.739624681188118830e+07 0.000000000000000000e+00 1.145415984158415906e+07 0.000000000000000000e+00 7.489569108910891227e+05
6.254738279606215923e-02 -1.255135516311012874e-04 1.662421427520235302e+06 2.208463637478537975e-04 3.927475300466028420e+04 -5.215758753372577890e-04 1.530685246602894180e+07 0.000000000000000000e+00 9.181535128771154210e+06 0.000000000000000000e+00 1.614959266127054114e+06
6.757793472572401483e-02 -4.290696397188048739e-05 1.383707219683655538e+06 2.720301515817223083e-04 2.375117609841827652e+05 6.221509775922671349e-06 1.331159777855887450e+07 0.000000000000000000e+00 8.464131149384886026e+06 0.000000000000000000e+00 1.773665630931458669e+06
7.255917516659465827e-02 -9.734749860517017404e-05 1.079756866654268233e+06 4.286195834108238935e-05 1.346166858843221271e+05 -1.462028663753022091e-04 1.207262139631764963e+07 0.000000000000000000e+00 7.182807912218709476e+06 0.000000000000000000e+00 9.700707933792077238e+05
7.753384299139773339e-02 1.449968090893873583e-04 9.072643428188818507e+05 -3.075665121777703586e-04 1.089538078339471103e+05 6.312551329197356020e-04 1.094224665282892622e+07 0.000000000000000000e+00 6.431362442584533244e+06 0.000000000000000000e+00 1.033321159691998735e+06
8.251793356505521260e-02 7.419411195527523348e-06 7.256589357798165875e+05 -3.758701709432339785e-05 8.303987155963302939e+04 -5.139342141807626464e-05 9.529699816513761878e+06 0.000000000000000000e+00 5.360866642201835290e+06 0.000000000000000000e+00 1.748853899082568751e+04
8.752751931716111489e-02 1.078179668264869811e-04 5.854164343656861456e+05 -2.513221621096281338e-04 1.336078165090061084e+05 2.611295475897369820e-04 8.497591748088635504e+06 0.000000000000000000e+00 4.678609158999611624e+06 0.000000000000000000e+00 1.381360076713748975e+06
9.254701955136974967e-02 -7.544546205560619914e-05 4.783153764813126763e+05 1.534502834434822163e-04 6.241378304466727423e+04 -1.948729578538058345e-04 7.557159671832269989e+06 0.000000000000000000e+00 3.785125688240656164e+06 0.000000000000000000e+00 4.092979398359160987e+05
9.754963178921903511e-02 2.877654598032031825e-05 3.706439443106877152e+05 9.021421608395268946e-06 3.689832806448236079e+04 -3.229694492240657328e-05 6.772427074217523448e+06 0.000000000000000000e+00 2.923199390348581597e+06 0.000000000000000000e+00 3.010318015283157001e+05
1.025319613041059119e-01 2.491791744840525326e-05 3.083431144465290708e+05 -1.245895872420262561e-04 5.296709043151969672e+04 1.234902673545966304e-04 6.231285529455909505e+06 0.000000000000000000e+00 2.607144729455910157e+06 0.000000000000000000e+00 6.531330881801125361e+05
1.075116003998943526e-01 -1.409150747329428042e-05 2.328242150241212803e+05 -1.451214948742246698e-06 2.520298828394210796e+04 -3.502370570134820849e-05 5.581939032391454093e+06 0.000000000000000000e+00 2.059626563749138499e+06 0.000000000000000000e+00 -2.474926974500344659e+05
1.125102861506304813e-01 -1.924893232588699077e-05 2.048612247043364041e+05 6.503119685784958248e-05 3.459226466723351768e+04 -7.885457227815567802e-05 5.238518996367009357e+06 0.000000000000000000e+00 1.838720900363299064e+06 0.000000000000000000e+00 3.805334232047615806e+05
1.175500852175193622e-01 -5.833540748115488850e-06 1.772384741857488407e+05 5.625200007111364157e-06 2.845491565922343943e+04 -9.984730012622670850e-05 4.977702012231546454e+06 0.000000000000000000e+00 1.779886914521405241e+06 0.000000000000000000e+00 1.761008197980372643e+05
1.225369446564099490e-01 2.534342932803707461e-05 1.435830360807679535e+05 -6.956512744124462551e-05 2.663807957629924204e+04 9.342156984442238020e-05 4.662416193843098357e+06 0.000000000000000000e+00 1.470679036610394018e+06 0.000000000000000000e+00 -2.424766368752068956e+04
1.275260957852891452e-01 -1.425584658470773706e-05 1.253517070094591327e+05 7.164192060923477363e-05 2.490900994421537689e+04 3.194427305189637161e-05 4.400786906621391885e+06 0.000000000000000000e+00 1.455880258064516122e+06 0.000000000000000000e+00 2.204591530439000635e+05
1.325302087090364789e-01 -1.709710453958812612e-05 1.044207063576679211e+05 5.326405645025531507e-05 1.730597205544021199e+04 -6.910079751416867654e-05 4.125229824588967953e+06 0.000000000000000000e+00 1.198722980753044132e+06 0.000000000000000000e+00 -6.272150833286572015e+04
1.375062694904859717e-01 -3.196772703273495308e-05 8.745284392819429922e+04 1.038435520063357980e-04 3.720078394931361981e+04 -7.633583850316789357e-05 3.882096239915522747e+06 0.000000000000000000e+00 1.177518253009503707e+06 0.000000000000000000e+00 2.158613085533262929e+05
1.425134422753508989e-01 2.174721635630639253e-05 7.656852985217892274e+04 -1.998494192743328803e-04 3.760186446534843708e+04 9.326931152812440058e-05 3.632460421578038018e+06 0.000000000000000000e+00 9.556593526588596869e+05 0.000000000000000000e+00 5.198061201766174054e+04
1.475259222195813014e-01 -3.381418287849104671e-06 5.856472659346667206e+04 4.297960613239783012e-05 2.288312870745819964e+04 1.501616673880359090e-05 3.455488163287621457e+06 0.000000000000000000e+00 8.621229971297098091e+05 0.000000000000000000e+00 1.270852160918492882e+05
1.525299430011916868e-01 2.972290328035170808e-05 5.261186878593168512e+04 -9.577379945891106164e-06 3.031938586405140086e+04 6.299604223030098014e-05 3.268053232330064289e+06 0.000000000000000000e+00 8.842373324315183563e+05 0.000000000000000000e+00 1.189376692593845073e+05
1.574945685492469272e-01 1.974688599506611844e-06 3.575130019816394633e+04 -2.764564039309257090e-06 1.626299737129453570e+04 -2.152410573462207300e-06 3.092844593197718728e+06 0.000000000000000000e+00 7.512429587091034045e+05 0.000000000000000000e+00 1.794324422695838393e+03
1.625189323163163113e-01 -5.153683850364964094e-05 3.512547270072992978e+04 1.172944229014598691e-04 1.444302364963503715e+04 -1.004095147125912542e-04 2.939902804087591358e+06 0.000000000000000000e+00 6.826040805839416571e+05 0.000000000000000000e+00 7.000588145985401934e+04
1.675461007718098694e-01 -7.655463077484339805e-06 2.660730296127562542e+04 -1.785695417052249340e-06 1.914682460136674126e+04 -2.053658348552729764e-05 2.777307845102505758e+06 0.000000000000000000e+00 5.465614943052391754e+05 0.000000000000000000e+00 -5.438722551252847188e+04
1.725292014006662711e-01 2.317714342222369013e-06 2.459008814319148587e+04 4.699809638395359304e-05 2.339402630451264486e+04 -7.049714457593038956e-06 2.636173556515146513e+06 0.000000000000000000e+00 4.931032727032996481e+05 0.000000000000000000e+00 1.719494204436826403e+05
1.775301965061671094e-01 -3.210430732584553415e-05 1.679143160020191863e+04 2.135152109098939854e-05 2.005423725391216431e+04 -6.737437048444598739e-05 2.563090608783442527e+06 0.000000000000000000e+00 5.265538455325593241e+05 0.000000000000000000e+00 8.857156587582029169e+04
1.825147654490652804e-01 -1.523309403527430607e-05 1.098482696682324422e+04 -7.847351472717066509e-06 2.003901657360630998e+04 4.431445537534344078e-05 2.450621468285621610e+06 0.000000000000000000e+00 4.243004156105055008e+05 0.000000000000000000e+00 9.335781854707673119e+03
1.875360723572403465e-01 1.434837639664804548e-05 1.172861765363128507e+04 -2.648721194134078197e-05 2.230102346368715007e+04 2.447543863477653659e-05 2.365613450726257171e+06 0.000000000000000000e+00 3.874928697206703946e+05 0.000000000000000000e+00 3.811539664804469066e+04
1.925323683450522461e-01 -8.628725099068222956e-07 5.309330620113526493e+03 -1.980684625013387493e-05 1.992963735675270436e+04 1.962708114390328650e-05 2.288894108171789441e+06 0.000000000000000000e+00 3.645974647102923482e+05 0.000000000000000000e+00 1.092070515154760651e+05
1.975198663583639380e-01 8.499533394065384497e-06 1.579204957632477544e+03 -2.124883348516346294e-05 1.633541277349184202e+04 1.633531814793260528e-05 2.210400313241431490e+06 0.000000000000000000e+00 2.898137828253445914e+05 0.000000000000000000e+00 6.364636580245351797e+04
2.025153694923672032e-01 5.041599319695069207e-06 1.243229373733474858e+03 -4.351324272652707108e-05 1.325188767731351982e+04 1.749246492931583568e-06 2.129944505645083729e+06 0.000000000000000000e+00 2.251264444658882858e+05 0.000000000000000000e+00 8.285002875615170342e+04
2.075088499274508613e-01 9.392389337974306240e-06 -1.120248780599509928e+03 -2.276536272870915300e-05 1.597307014129015988e+04 4.261237591311914602e-05 2.055586449701161124e+06 0.000000000000000000e+00 2.032063268680299516e+05 0.000000000000000000e+00 5.163759005243994761e+04
2.125178062418619784e-01 -5.593202484072263968e-08 -7.977323267585966278e+02 -1.816325920958609933e-05 1.638006074358526894e+04 8.723065374117702360e-06 1.988291451911328360e+06 0.000000000000000000e+00 1.962970151858963363e+05 0.000000000000000000e+00 8.669325606563100882e+04
2.175004174234404231e-01 4.176549282993855517e-06 -5.289134584630923200e+03 2.781797585167494217e-06 1.857703425637572582e+04 -4.147074557887857137e-05 1.905961952024240512e+06 0.000000000000000000e+00 1.745841568891507632e+05 0.000000000000000000e+00 6.741485598855315766e+04
2.225093171556767890e-01 -1.327452424105120174e-06 -2.994109651110104096e+03 1.231260219459821552e-06 1.570344098816020232e+04 -2.320155976044601331e-05 1.869393065069640055e+06 0.000000000000000000e+00 1.578284456176986278e+05 0.000000000000000000e+00 1.046245235515454842e+05
2.275289586476768322e-01 7.025629496402878063e-06 -8.383683453237410504e+03 -2.212325883973672119e-05 1.295501484769631134e+04 1.023948128731057771e-05 1.821035172814939637e+06 0.000000000000000000e+00 9.642390081126589212e+04 0.000000000000000000e+00 5.781028011633246933e+04
2.325285406108919262e-01 8.278211576592145761e-06 -7.020478562203264119e+03 -2.240091158386844455e-05 1.322918640059665813e+04 1.820407148736652675e-05 1.744175644043439534e+06 0.000000000000000000e+00 1.099638679351681785e+05 0.000000000000000000e+00 5.012484004875121173e+04
2.375276552426477672e-01 2.849523202671823001e-06 -7.933422112849359110e+03 -1.261686478291439727e-05 1.334307076814906031e+04 4.058424838504131129e-05 1.699832224151872098e+06 0.000000000000000000e+00 1.153707626647917059e+05 0.000000000000000000e+00 1.162990855334856751e+05
2.424991024241769377e-01 -3.776507143927371844e-06 -7.139647696385461131e+03 -5.133061483621883298e-06 1.172235855013252694e+04 4.186229832359601536e-06 1.648251062211942626e+06 0.000000000000000000e+00 7.343531990613340167e+04 0.000000000000000000e+00 1.080618125706953870e+05
2.474998551644826128e-01 -1.338356548190842219e-05 -5.713520076849183170e+03 3.946275616394492506e-05 1.365854780659622156e+04 -4.592001380883765297e-05 1.600545903810438700e+06 0.000000000000000000e+00 4.959136420108869788e+04 0.000000000000000000e+00 1.118148897854626994e+05
2.525200307756395035e-01 1.011148459248376222e-05 -5.749971914630375068e+03 -3.167862424605629666e-06 1.456610504175688220e+04 -7.237187487917569575e-06 1.569209019981441554e+06 0.000000000000000000e+00 2.148764268481286854e+04 0.000000000000000000e+00 6.201852595112898416e+04
2.575182250600202005e-01 -1.397064302212949875e-05 -8.034147321362044750e+03 3.015330452276283521e-05 1.151059718351836636e+04 -3.903048394307428477e-05 1.528124973817152204e+06 0.000000000000000000e+00 3.076222350048431690e+04 0.000000000000000000e+00 8.004943941584083950e+04
2.625255687975799335e-01 -1.143603886147087378e-05 -6.861973868888001562e+03 3.287338820106121855e-06 1.104013967022308498e+04 1.810822231414389052e-05 1.495945574256860884e+06 0.000000000000000000e+00 1.826848907400011376e+04 0.000000000000000000e+00 8.901180761111428728e+04
2.675305520911575030e-01 -9.034629113102551882e-06 -8.629214178207977966e+03 1.719276435702351378e-05 9.994111542232225474e+03 5.311215734213832381e-05 1.461331380897805793e+06 0.000000000000000000e+00 6.120414796813078283e+03 0.000000000000000000e+00 8.086588276881014463e+04
2.725404586615198799e-01 -1.449128980833818123e-05 -8.168856825514359116e+03 3.094692576244909281e-05 9.605759559951340634e+03 -5.497384904875674054e-05 1.429373799756703898e+06 0.000000000000000000e+00 -1.294712773047019618e+04 0.000000000000000000e+00 9.604114116464801191e+04
2.775333197047151201e-01 -4.589035354051425645e-06 -6.901522888825703376e+03 7.736675804675180844e-06 1.042612226329257828e+04 -2.404525354136745720e-05 1.399150381678600097e+06 0.000000000000000000e+00 -2.173816817018636721e+04 0.000000000000000000e+00 9.033001059787525446e+04
2.825123907298719983e-01 -5.355323287840424905e-06 -5.905832890755264998e+03 9.866338850120422662e-06 1.264221448774161763e+04 -1.666301604088186222e-05 1.374303032866053283e+06 0.000000000000000000e+00 -4.509000264311739738e+04 0.000000000000000000e+00 7.984765367751497251e+04
2.875104651677040102e-01 6.499817443976249379e-06 -8.799518099980847182e+03 -5.587972550756559943e-06 1.004355717295537215e+04 4.246508429000670404e-05 1.345281716146331979e+06 0.000000000000000000e+00 -3.947986669220455951e+04 0.000000000000000000e+00 7.155323807699674217e+04
2.924971317655564174e-01 8.759926712827566537e-06 -6.399559814585765707e+03 -1.512667757111976665e-05 1.061688601186003689e+04 2.927124995665190849e-05 1.315313576714561321e+06 0.000000000000000000e+00 -7.008328252551757032e+04 0.000000000000000000e+00 5.108474984105699696e+04
2.975058823671092867e-01 5.127365048619128228e-06 -5.700159133291892431e+03 -1.255825033578278936e-05 8.505619749578190749e+03 2.014496199202446360e-05 1.292768491608205251e+06 0.000000000000000000e+00 -3.620793890418257797e+04 0.000000000000000000e+00 1.022356153094751789e+05
3.025121359101998753e-01 -2.702001642816998802e-06 -7.057926419091262687e+03 -2.353696743547620092e-06 8.405828368855647568e+03 1.273159953768751855e-05 1.266976859106826363e+06 0.000000000000000000e+00 -4.338007487786952697e+04 0.000000000000000000e+00 5.510235925813842914e+04
3.075010376196579687e-01 6.246080890421696342e-06 -6.113546073052202701e+03 -8.021927418090610024e-06 7.933733228823744867e+03 1.291571138370695589e-05 1.245136484088415280e+06 0.000000000000000000e+00 -5.300360875790354476e+04 0.000000000000000000e+00 8.015157870094581449e+04
3.125134169243361515e-01 5.556126127966016998e-06 -5.264225216167303188e+03 -1.824979400481349469e-05 8.084615644480193623e+03 1.746568309692652699e-05 1.225084113412427250e+06 0.000000000000000000e+00 -7.079392495475568285e+04 0.000000000000000000e+00 8.478516147194852238e+04
3.175159688234982513e-01 9.114110039197964312e-07 -4.765596644104095503e+03 -5.079917121847707200e-06 9.647557210362409023e+03 -2.689861686568557315e-06 1.201655283158628969e+06 0.000000000000000000e+00 -4.443314069023783668e+04 0.000000000000000000e+00 4.759314406971146673e+04
3.225221380836135188e-01 -1.926576953936190413e-06 -5.017744685671134903e+03 6.807545839626204247e-06 8.132172626014726120e+03 -1.194085943399565929e-05 1.179755406909571495e+06 0.000000000000000000e+00 -5.668141091183689423e+04 0.000000000000000000e+00 4.540778855956201733e+04
3.275181733526948968e-01 7.592674009626064508e-07 -5.065976749352092156e+03 2.946680627545353498e-06 9.812093298778230746e+03 1.071561314096630807e-05 1.164369283080340596e+06 0.000000000000000000e+00 -7.131167656423547305e+04 0.000000000000000000e+00 4.502385546094039455e+04
3.325123842131759710e-01 5.776831462323314484e-06 -4.026197034256384995e+03 -2.828041327156924920e-05 7.086723182436820025e+03 4.234135135533326921e-05 1.149030512039993890e+06 0.000000000000000000e+00 -6.915679101915190404e+04 0.000000000000000000e+00 6.009333848083475459e+04
3.374959366892091861e-01 8.331043294327856885e-06 -3.350472760396594822e+03 -1.182939720334232656e-05 8.225654205934904894e+03 1.866786651937427910e-06 1.127580956171390601e+06 0.000000000000000000e+00 -7.053385670742389630e+04 0.000000000000000000e+00 3.243373268402060057e+04
3.424919221947719805e-01 4.264713848769470411e-06 -3.240087408012401283e+03 -1.528460421371959270e-05 5.760172282459226153e+03 2.007426852669828103e-05 1.112449076365333516e+06 0.000000000000000000e+00 -8.791089796564685821e+04 0.000000000000000000e+00 6.427501187608864711e+04
3.475179778446125245e-01 -2.943873931259597257e-06 -3.172976639330871876e+03 2.764399821987208579e-07 7.077154376449831034e+03 -2.772563401263140150e-06 1.095459990721076727e+06 0.000000000000000000e+00 -7.876413317215016286e+04 0.000000000000000000e+00 7.005240056196294609e+04
3.525052850529177828e-01 -5.410620908510298762e-06 -2.206008111128851851e+03 1.463362456091330068e-05 7.681991122465272383e+03 -2.344927238843205996e-05 1.077329553760178853e+06 0.000000000000000000e+00 -7.665114967268082546e+04 0.000000000000000000e+00 4.025686450582787802e+04
3.575133254796376558e-01 4.219612859371048253e-06 -2.792550681760697898e+03 -1.969558099836362007e-05 6.422055721194748912e+03 2.411752008408477987e-05 1.064914039257766213e+06 0.000000000000000000e+00 -8.110484824980264239e+04 0.000000000000000000e+00 7.636095561465766514e+04
3.625250227669692404e-01 2.771902292576418985e-06 -3.622814395422376037e+03 -5.223969705240174485e-06 5.295626080409576389e+03 8.605212587995030171e-06 1.055203983014606172e+06 0.000000000000000000e+00 -7.719583821713596990e+04 0.000000000000000000e+00 4.816501032976961142e+04
3.675230446100045678e-01 -6.768780095174565655e-06 -2.760521575574656254e+03 1.702162199321639771e-05 7.176814586386137307e+03 -2.162365381903436713e-05 1.040514014682617853e+06 0.000000000000000000e+00 -8.436442683113532257e+04 0.000000000000000000e+00 5.919656365505325812e+04
3.725177060730277545e-01 -3.189784024958545687e-06 -2.528007318886157009e+03 8.728282107681971990e-06 5.851282063011035461e+03 -1.560254587481774369e-05 1.028709498313225573e+06 0.000000000000000000e+00 -8.922551455200412602e+04 0.000000000000000000e+00 5.739661547258277278e+04
3.775163034622419089e-01 -1.010090779956006331e-08 -1.774062404755173475e+03 2.045433829410912768e-06 4.240170678729287829e+03 9.090396148445742017e-06 1.017808818088414730e+06 0.000000000000000000e+00 -8.928251064328615030e+04 0.000000000000000000e+00 5.422754718282179965e+04
3.825226892977953153e-01 -3.523543074324324249e-06 -1.572232756756756771e+03 5.905563766891891711e-06 4.321743135135135162e+03 6.280022698479729790e-06 1.005370949189189123e+06 0.000000000000000000e+00 -7.737589621621622064e+04 0.000000000000000000e+00 7.655912475675676251e+04
3.875130067694269043e-01 5.228828454293994026e-06 -1.800497997892518470e+03 -1.361231909411222351e-05 4.597083667017914195e+03 2.317197455998090138e-05 1.000433433087460580e+06 0.000000000000000000e+00 -7.569872792413066782e+04 0.000000000000000000e+00 5.136517934668072121e+04
3.924957861003909865e-01 -3.859359411707913812e-06 -1.451670994110642823e+03 3.702219370514595026e-06 5.035654619766356518e+03 -9.345118249766679299e-06 9.846552526502108667e+05 0.000000000000000000e+00 -7.355026895375407184e+04 0.000000000000000000e+00 7.739201060727963340e+04
3.975064703251052212e-01 2.129669785019515744e-06 -1.779133188773929760e+03 7.308639489498792493e-06 4.769306486586952815e+03 -1.851360665386283558e-06 9.774398410011772066e+05 0.000000000000000000e+00 -8.283460246577041107e+04 0.000000000000000000e+00 7.790517900997459947e+04
