3.798113400606732779e-03 2.771832236842104976e+04 0.000000000000000000e+00 5.156398684210525971e+04 0.000000000000000000e+00 1.033143157894736796e+05
8.299341265228576958e-03 3.065559960937500000e+04 0.000000000000000000e+00 3.853008789062500000e+03 0.000000000000000000e+00 -2.750393066406250000e+03
1.293222767532251419e-02 3.561633121019108512e+04 0.000000000000000000e+00 1.415800636942675192e+04 0.000000000000000000e+00 -2.160374363057324808e+04
1.764839556552980082e-02 3.754565068493150466e+04 0.000000000000000000e+00 1.886255136986301295e+04 0.000000000000000000e+00 8.019554794520547148e+03
2.256548662787912635e-02 3.743817013232514000e+04 0.000000000000000000e+00 2.151435349716446217e+04 0.000000000000000000e+00 -5.364799621928166744e+03
2.777643688250242340e-02 3.157020000000000073e+04 0.000000000000000000e+00 2.151297560975609667e+04 0.000000000000000000e+00 1.161644588414634200e+03
3.269804980233311648e-02 2.949877400000000125e+04 0.000000000000000000e+00 1.754011999999999898e+04 0.000000000000000000e+00 1.565817000000000007e+03
3.761648458559932462e-02 2.619242616318273576e+04 0.000000000000000000e+00 1.663472151045178543e+04 0.000000000000000000e+00 2.591071308159137061e+03
4.263843696389812976e-02 2.302565178571428623e+04 0.000000000000000000e+00 1.370981361607142753e+04 0.000000000000000000e+00 -2.369945242745535552e+02
4.756514582339458480e-02 2.051740601831661479e+04 0.000000000000000000e+00 1.239319145224596650e+04 0.000000000000000000e+00 -2.910764718709114732e+03
5.262096060748640974e-02 1.898784971910112290e+04 0.000000000000000000e+00 9.931115168539325168e+03 0.000000000000000000e+00 7.833179424157302719e+02
5.756031740041873956e-02 1.764645049504950657e+04 0.000000000000000000e+00 9.268141089108910819e+03 0.000000000000000000e+00 -1.830871441831683114e+03
6.254738279606215923e-02 1.688562962962962774e+04 0.000000000000000000e+00 9.856436595535931701e+03 0.000000000000000000e+00 9.243195364238409866e+02
6.757793472572401483e-02 1.592006502636203732e+04 0.000000000000000000e+00 8.164688927943760063e+03 0.000000000000000000e+00 -1.716234484841827737e+02
7.255917516659465827e-02 1.491933048168123605e+04 0.000000000000000000e+00 7.883331225590478425e+03 0.000000000000000000e+00 4.878849265389622474e+02
7.753384299139773339e-02 1.355787746903247535e+04 0.000000000000000000e+00 6.126662872447272093e+03 0.000000000000000000e+00 3.729541764312019154e+02
8.251793356505521260e-02 1.266032224770642279e+04 0.000000000000000000e+00 6.862942660550459550e+03 0.000000000000000000e+00 1.039149405103211024e+02
8.752751931716111489e-02 1.158385279253595945e+04 0.000000000000000000e+00 5.575202280679020987e+03 0.000000000000000000e+00 9.723189063107425909e+02
9.254701955136974967e-02 1.048723883318140361e+04 0.000000000000000000e+00 5.219897447584320616e+03 0.000000000000000000e+00 5.102417388331813868e+02
9.754963178921903511e-02 9.932683764262535988e+03 0.000000000000000000e+00 4.895408353396838720e+03 0.000000000000000000e+00 7.664225374227991097e+02
1.025319613041059119e-01 9.208393996247654286e+03 0.000000000000000000e+00 4.709964352720449824e+03 0.000000000000000000e+00 3.269001876172607695e+02
1.075116003998943526e-01 8.672001378359751470e+03 0.000000000000000000e+00 4.446849069607167621e+03 0.000000000000000000e+00 5.771694090282563820e+02
1.125102861506304813e-01 8.168632604158615322e+03 0.000000000000000000e+00 3.839961969544716794e+03 0.000000000000000000e+00 9.817575558475689945e+01
1.175500852175193622e-01 7.891818517991750923e+03 0.000000000000000000e+00 3.759918361541743707e+03 0.000000000000000000e+00 3.226029014364955287e+02
1.225369446564099490e-01 7.539909169149288573e+03 0.000000000000000000e+00 3.403924263488911038e+03 0.000000000000000000e+00 -7.415998013902681407e+01
1.275260957852891452e-01 7.283895707009459329e+03 0.000000000000000000e+00 3.454866601988842831e+03 0.000000000000000000e+00 5.041030196458888781e+02
1.325302087090364789e-01 6.981511250771561208e+03 0.000000000000000000e+00 3.028524998597160447e+03 0.000000000000000000e+00 2.371685792043095020e+01
1.375062694904859717e-01 6.640346356916578770e+03 0.000000000000000000e+00 2.936244350580781429e+03 0.000000000000000000e+00 7.255128827877507547e+02
1.425134422753508989e-01 6.374852754847379401e+03 0.000000000000000000e+00 2.772258782875791894e+03 0.000000000000000000e+00 1.134135270685352310e+02
1.475259222195813014e-01 6.020936534694063084e+03 0.000000000000000000e+00 2.555626406670007782e+03 0.000000000000000000e+00 3.712612419700213877e+02
1.525299430011916868e-01 5.726903618532295695e+03 0.000000000000000000e+00 2.518712039228948015e+03 0.000000000000000000e+00 2.830168878931349354e+02
1.574945685492469272e-01 5.441222954664940517e+03 0.000000000000000000e+00 2.180958951753143992e+03 0.000000000000000000e+00 1.591494115743923601e+02
1.625189323163163113e-01 5.227069197080292724e+03 0.000000000000000000e+00 2.381342189781022171e+03 0.000000000000000000e+00 3.090147445255474850e+02
1.675461007718098694e-01 5.041405466970387351e+03 0.000000000000000000e+00 2.035006691343963439e+03 0.000000000000000000e+00 1.061398686645785858e+02
1.725292014006662711e-01 4.847399808814319840e+03 0.000000000000000000e+00 1.902486864225203590e+03 0.000000000000000000e+00 2.930383030622672322e+02
1.775301965061671094e-01 4.684985865724381256e+03 0.000000000000000000e+00 1.782267541645633401e+03 0.000000000000000000e+00 2.018912796567390160e+02
1.825147654490652804e-01 4.531754084315637556e+03 0.000000000000000000e+00 1.759489379302194948e+03 0.000000000000000000e+00 1.334055215811397659e+02
1.875360723572403465e-01 4.388678435754190104e+03 0.000000000000000000e+00 1.595617877094972073e+03 0.000000000000000000e+00 1.082788407821229129e+02
1.925323683450522461e-01 4.284990468030416196e+03 0.000000000000000000e+00 1.580226732355146169e+03 0.000000000000000000e+00 -1.256301542251258319e+01
1.975198663583639380e-01 4.203468116858479334e+03 0.000000000000000000e+00 1.545406551157202330e+03 0.000000000000000000e+00 2.942092576198305096e+02
2.025153694923672032e-01 4.046232172150921997e+03 0.000000000000000000e+00 1.500973077294219820e+03 0.000000000000000000e+00 2.369069526198977371e+02
2.075088499274508613e-01 3.923266756738189542e+03 0.000000000000000000e+00 1.479046463166090462e+03 0.000000000000000000e+00 2.178371842725961187e+02
2.125178062418619784e-01 3.800454878687380187e+03 0.000000000000000000e+00 1.401244719846395583e+03 0.000000000000000000e+00 1.798274458893349674e+02
2.175004174234404231e-01 3.700189546334483566e+03 0.000000000000000000e+00 1.281669893106640984e+03 0.000000000000000000e+00 7.455068491709452871e+01
2.225093171556767890e-01 3.578540060282500235e+03 0.000000000000000000e+00 1.219298280175725495e+03 0.000000000000000000e+00 1.222473158527215844e+02
2.275289586476768322e-01 3.472691259758150863e+03 0.000000000000000000e+00 1.157019133629266889e+03 0.000000000000000000e+00 -1.613216315245675858e+01
2.325285406108919262e-01 3.427565095592382022e+03 0.000000000000000000e+00 1.134926600331071768e+03 0.000000000000000000e+00 2.477983737471122438e+01
2.375276552426477672e-01 3.333583265951836893e+03 0.000000000000000000e+00 1.044343047987344107e+03 0.000000000000000000e+00 1.276593689576375539e+02
2.424991024241769377e-01 3.250157986257660468e+03 0.000000000000000000e+00 1.004732024378302640e+03 0.000000000000000000e+00 5.087510340519642682e+01
2.474998551644826128e-01 3.150890297790585919e+03 0.000000000000000000e+00 1.004292667307076499e+03 0.000000000000000000e+00 1.208874399615754101e+02
2.525200307756395035e-01 3.122772409526755382e+03 0.000000000000000000e+00 9.463038045159295280e+02 0.000000000000000000e+00 3.212875231982678770e+01
2.575182250600202005e-01 3.043645391550554905e+03 0.000000000000000000e+00 8.742883540719767552e+02 0.000000000000000000e+00 7.261753222561657140e+01
2.625255687975799335e-01 2.985498259827694255e+03 0.000000000000000000e+00 8.548201631768129118e+02 0.000000000000000000e+00 6.596691533063274449e+01
2.675305520911575030e-01 2.929916129299512249e+03 0.000000000000000000e+00 7.540457602076745616e+02 0.000000000000000000e+00 -2.562038289998757179e+01
2.725404586615198799e-01 2.850052784682921356e+03 0.000000000000000000e+00 7.968161527476595438e+02 0.000000000000000000e+00 1.006150565927963072e+02
2.775333197047151201e-01 2.792895184428877656e+03 0.000000000000000000e+00 7.089236177527334348e+02 0.000000000000000000e+00 1.649624227776772400e+01
2.825123907298719983e-01 2.744100685481380879e+03 0.000000000000000000e+00 7.197613289693077832e+02 0.000000000000000000e+00 6.141297937380350014e+00
2.875104651677040102e-01 2.693449722275426211e+03 0.000000000000000000e+00 7.099850124497222623e+02 0.000000000000000000e+00 2.791840493918789523e+00
2.924971317655564174e-01 2.637614306025962378e+03 0.000000000000000000e+00 6.434858800818411737e+02 0.000000000000000000e+00 -1.125579961333502910e+00
2.975058823671092867e-01 2.579677648521445462e+03 0.000000000000000000e+00 6.155793890418257206e+02 0.000000000000000000e+00 3.844405747713346955e+01
3.025121359101998753e-01 2.550624011067398897e+03 0.000000000000000000e+00 6.147488651593099576e+02 0.000000000000000000e+00 -4.793549781678267152e+01
3.075010376196579687e-01 2.489624079009249272e+03 0.000000000000000000e+00 6.132991795997282907e+02 0.000000000000000000e+00 4.379156868892721377e+01
3.125134169243361515e-01 2.452456384476171479e+03 0.000000000000000000e+00 5.475776392519605906e+02 0.000000000000000000e+00 -4.696598129901467900e+01
3.175159688234982513e-01 2.414655912605240246e+03 0.000000000000000000e+00 5.266351249128115342e+02 0.000000000000000000e+00 -4.421850286371094008e+00
3.225221380836135188e-01 2.367739626203511762e+03 0.000000000000000000e+00 5.271644704549745484e+02 0.000000000000000000e+00 -2.465517981876534037e+01
3.275181733526948968e-01 2.347140170307293829e+03 0.000000000000000000e+00 5.032519067012217988e+02 0.000000000000000000e+00 -2.985041882636060606e+01
3.325123842131759710e-01 2.292654811994627380e+03 0.000000000000000000e+00 4.827747760570021001e+02 0.000000000000000000e+00 1.414943247017799877e+01
3.374959366892091861e-01 2.277056090810356636e+03 0.000000000000000000e+00 4.539968818974880378e+02 0.000000000000000000e+00 1.189573954209438433e+01
3.424919221947719805e-01 2.236738367683704382e+03 0.000000000000000000e+00 4.290109926743285200e+02 0.000000000000000000e+00 -2.450373992615989849e+01
3.475179778446125245e-01 2.201941778024634914e+03 0.000000000000000000e+00 4.501779004802822897e+02 0.000000000000000000e+00 2.897302087757702438e+01
3.525052850529177828e-01 2.162140571611048927e+03 0.000000000000000000e+00 3.870750119750917975e+02 0.000000000000000000e+00 -7.731398690723295886e+01
3.575133254796376558e-01 2.135154018900751907e+03 0.000000000000000000e+00 3.962782534049712240e+02 0.000000000000000000e+00 1.102604026948517379e+01
3.625250227669692404e-01 2.107736063845806257e+03 0.000000000000000000e+00 3.849329619033277936e+02 0.000000000000000000e+00 -4.731252352808311912e+00
3.675230446100045678e-01 2.079891753967733166e+03 0.000000000000000000e+00 3.582140571120297068e+02 0.000000000000000000e+00 2.282004315843958864e+01
3.725177060730277545e-01 2.059957687689404793e+03 0.000000000000000000e+00 3.562241408885585656e+02 0.000000000000000000e+00 1.756084717536737472e+01
3.775163034622419089e-01 2.030336571944752905e+03 0.000000000000000000e+00 3.373831376145523677e+02 0.000000000000000000e+00 1.253026501334289611e+00
3.825226892977953153e-01 2.009613837837837764e+03 0.000000000000000000e+00 3.134568378378378384e+02 0.000000000000000000e+00 4.149794932432432404e+01
3.875130067694269043e-01 1.988899894625922116e+03 0.000000000000000000e+00 3.051816912539515556e+02 0.000000000000000000e+00 1.274446786090621764e+01
3.924957861003909865e-01 1.968546944292472745e+03 0.000000000000000000e+00 2.995691693753419713e+02 0.000000000000000000e+00 8.339718083223377221e+01
3.975064703251052212e-01 1.955599876091939905e+03 0.000000000000000000e+00 2.987758874914813418e+02 0.000000000000000000e+00 2.147434018957933333e+01
