3.798113400606732779e-03 2.826891447368421167e-04 -1.872929684210526291e+06 -5.011307565789472999e-04 5.412571578947368544e+05 9.026778371710525916e-04
8.299341265228576958e-03 1.907348632812500000e-05 -1.565468500000000000e+06 -6.675720214843750000e-05 -4.989080625000000000e+05 9.775161743164062500e-05
1.293222767532251419e-02 -3.693210091560509412e-05 -1.612918828025477706e+06 1.545316854100318603e-04 -1.575518949044586043e+04 -1.464163421825238952e-04
1.764839556552980082e-02 -7.692101883561643409e-05 -1.418035287671232829e+06 1.078566459760273947e-04 -5.503330958904109430e+05 -1.736993659032534209e-04
2.256548662787912635e-02 -3.138291587901701472e-05 -7.968161512287334772e+05 8.953361294896030351e-05 -6.295943289224952605e+04 -1.142245835302457531e-04
2.777643688250242340e-02 -1.676605968940548914e-05 -5.198144780487804674e+05 3.298317513814786635e-05 -2.228641463414634200e+04 -2.591900709198742520e-05
3.269804980233311648e-02 3.295898437499999963e-06 -4.243484160000000265e+05 5.920410156250000176e-06 -4.831079200000000128e+04 -1.557922363281250198e-05
3.761648458559932462e-02 2.469392700606877731e-06 -3.100081240728253615e+05 6.667360291638570468e-06 -5.634856911665542430e+04 2.654597153152393625e-06
4.263843696389812976e-02 1.158033098493303523e-05 -2.346627857142857101e+05 -1.982280186244419546e-05 -6.691787946428570649e+03 2.597059522356305513e-05
4.756514582339458480e-02 -1.320254579153946766e-05 -1.878585189707806276e+05 3.258047590492804473e-05 -2.796900828608809388e+04 -5.233105852049716827e-05
5.262096060748640974e-02 -1.157267709796348177e-06 -1.558529775280898903e+05 2.378828070136938083e-06 -3.901629213483146304e+04 -3.005681412943293363e-06
5.756031740041873956e-02 -5.816469098081683252e-06 -1.234558415841584210e+05 1.831810073097153398e-05 -1.224884282178217836e+04 -2.049927664275216457e-05
6.254738279606215923e-02 1.916237429482462452e-06 -1.075459877360804385e+05 -2.946215047829286153e-05 -1.789919058130978374e+04 -3.293533081922982512e-06
6.757793472572401483e-02 2.876107428740114233e-06 -9.210818980667837604e+04 -6.761198932131480369e-06 -1.097804745166959583e+04 1.346122191953742755e-05
7.255917516659465827e-02 -9.080923377347963779e-08 -7.409160498419193027e+04 2.951300097638088393e-06 -6.520199367677143528e+03 -1.157817730611865365e-06
7.753384299139773339e-02 -4.086719534650151262e-06 -6.597966119852695556e+04 -8.173439069300301783e-08 -1.011098493471710754e+04 -1.982058974305323282e-06
8.251793356505521260e-02 -8.574319542001147265e-07 -5.532844036697247793e+04 7.436909806837729241e-07 -7.300370412844036764e+03 -5.763605100299240268e-06
8.752751931716111489e-02 2.135479096475314350e-06 -4.644359414280160854e+04 -7.679815565472334545e-06 -6.507413761824544054e+03 1.187365923549468753e-05
9.254701955136974967e-02 -8.067545721285323886e-07 -3.879613855970829172e+04 -7.107785971684138332e-06 -5.102811303555150516e+03 -3.000987912702255883e-06
9.754963178921903511e-02 -2.555643515126138385e-08 -3.372951407934680174e+04 -3.833465272689207743e-08 -4.227519313304721436e+03 -2.871904400122997926e-06
1.025319613041059119e-01 -3.217800920497185765e-06 -2.800060637898686764e+04 6.945182413813320674e-06 -3.986491181988742937e+03 -1.044783314889188558e-05
1.075116003998943526e-01 1.367086545916609301e-06 -2.472720055134389986e+04 1.125217387792901518e-06 -3.298304962095106930e+03 7.001060522646019667e-06
1.125102861506304813e-01 -8.686788393392015874e-07 -2.256783612893251848e+04 1.416837007136749256e-06 -3.764932828321867873e+03 -5.649287411130321554e-06
1.175500852175193622e-01 -1.840343212203100533e-06 -1.957245114492959692e+04 6.002817600181340268e-06 -2.847121319869151193e+03 -5.891051473496835497e-06
1.225369446564099490e-01 1.503149826216484642e-06 -1.725410870572658314e+04 -1.511231276895067957e-06 -2.868708639523336842e+03 -3.778078192237669894e-07
1.275260957852891452e-01 4.145002122241086528e-07 -1.536458307057967431e+04 1.036250530560271685e-06 -2.658722047053116512e+03 4.663127387521222476e-07
1.325302087090364789e-01 -1.041169827731328253e-06 -1.335064654059817076e+04 2.342632112395488410e-06 -1.546541047079288546e+03 -3.168033192932495301e-06
1.375062694904859717e-01 -2.046321236470432788e-07 -1.204146737064413901e+04 2.251758998399551271e-06 -1.823296092925026414e+03 -2.962533372760196766e-06
1.425134422753508989e-01 1.385564835201094241e-06 -1.044159416394701475e+04 -5.924534628317575124e-06 -1.330132175081589594e+03 3.715466803061707839e-06
1.475259222195813014e-01 -8.787238313818396964e-07 -9.471688004009294673e+03 1.902047786915121351e-06 -1.763072577338375368e+03 -2.377559733643901583e-06
1.525299430011916868e-01 1.182336842727532180e-06 -8.307333784240783643e+03 -1.139442461908448154e-06 -1.848288637132228587e+03 2.896418876248031778e-06
1.574945685492469272e-01 8.367742940409268389e-07 -7.305416103854086032e+03 -1.509402598247866620e-06 -9.708634286407569789e+02 2.160124200804029916e-06
1.625189323163163113e-01 -4.622187927691606336e-07 -6.787152116788322019e+03 1.260242322935675388e-06 -1.632732554744525714e+03 -1.032613489749658023e-06
1.675461007718098694e-01 2.438495262337165379e-07 -5.792671981776765278e+03 -2.625591391039872075e-06 -1.043845885535307389e+03 2.178556555224442388e-06
1.725292014006662711e-01 3.540952467284174586e-07 -5.516571842964037387e+03 -2.108476241882849644e-06 -1.237958796189471741e+03 -3.138571505092791062e-07
1.775301965061671094e-01 2.869206928713402516e-07 -4.771033316506815027e+03 -4.091989747326160761e-07 -9.553876198889449824e+02 5.524186158890317769e-07
1.825147654490652804e-01 -3.155529659295695834e-07 -4.195117846908327920e+03 6.446296303989777741e-07 -9.277911312003309376e+02 -1.535615969198683831e-06
1.875360723572403465e-01 1.053623646997206778e-06 -3.819200000000000273e+03 -2.784089669168994357e-06 -6.658942458100558497e+02 4.633045729312150928e-07
1.925323683450522461e-01 -7.354027073069508502e-08 -3.399492770697225751e+03 -2.639278605112723438e-07 -6.724745635643139394e+02 -3.666799610044379921e-07
1.975198663583639380e-01 -3.990789905305425141e-07 -2.868295130896673527e+03 1.253972572759896138e-06 -6.859764259516883840e+02 -1.312155510692661494e-06
2.025153694923672032e-01 -6.081134693440606484e-07 -2.471975489723053215e+03 1.027019721228770617e-06 -3.299975875711666617e+02 -8.622916476625073157e-07
2.075088499274508613e-01 2.376050874189928813e-07 -2.420097002450250784e+03 6.638965677883625186e-07 -4.845738166662850404e+02 -1.827113238402814353e-06
2.125178062418619784e-01 -1.215189825408557413e-07 -1.940082213300750709e+03 1.999236959336544435e-07 -5.150746203525920919e+02 -1.458852031838937720e-06
2.175004174234404231e-01 -2.311743145568555037e-08 -1.838607692955138418e+03 -1.605377184422607708e-07 -4.510139298038885727e+02 1.341774250740415416e-06
2.225093171556767890e-01 -2.765525883552333783e-07 -1.574473473729831994e+03 1.108615158537065894e-06 -1.907998660388881262e+02 -1.172943695393609252e-06
2.275289586476768322e-01 -3.322459427737065994e-07 -1.382756161028623865e+03 4.242120868630893118e-07 -1.325002200367365788e+02 -1.269643711456200875e-06
2.325285406108919262e-01 -1.523852654087006558e-07 -1.241177450748549290e+03 -6.726879612349472317e-07 -3.234719953431684871e+02 2.148729391338986886e-07
2.375276552426477672e-01 3.616888214234707499e-07 -1.010549200210933463e+03 1.198588743593722643e-06 -2.831974336438741489e+02 -7.297645283197975592e-07
2.424991024241769377e-01 -3.503444553711613273e-07 -8.732698326946127736e+02 3.977439993331419899e-07 -1.764832947850016183e+02 -6.836869004081339656e-07
2.474998551644826128e-01 1.949795232229877097e-08 -7.830060838936919936e+02 3.548337220000487675e-07 -5.069116234390009623e+01 -5.700994370039403167e-07
2.525200307756395035e-01 2.008232213453062211e-07 -6.299471079492731178e+02 -2.264275921043728788e-07 -2.241149396845035824e+02 5.758328589720509138e-07
2.575182250600202005e-01 -6.116704057540421869e-08 -5.205000521570673300e+02 -1.443905976408240861e-08 -1.755597794501154851e+02 1.942366195074998954e-06
2.625255687975799335e-01 -7.430465262077794294e-07 -4.090732584013236419e+02 3.010056665920793868e-07 -1.826759285673532247e+02 -3.101468365102769849e-09
2.675305520911575030e-01 -6.405147505557780030e-08 -3.310400850582013277e+02 1.466441665746123211e-07 -2.196839038400463835e+02 3.872585893162894661e-07
2.725404586615198799e-01 -1.493032197896281718e-08 -3.557576294494102740e+02 -2.047875244411791894e-07 -1.635846115195430173e+02 2.441813807437804085e-07
2.775333197047151201e-01 2.839798414195983223e-08 -1.733881277948664774e+02 -3.328874807751957942e-07 -1.753588026985809165e+02 5.833419242494248644e-07
2.825123907298719983e-01 7.613846453714568435e-08 -7.166268758105354664e+01 4.368538633591675740e-07 -9.619128018279504033e+01 -5.602019451402612593e-07
2.875104651677040102e-01 -5.388506480364753091e-07 -6.926440696226775628e+01 -6.740199631371504576e-08 -1.099882206473855604e+02 -1.732085176273178626e-07
2.924971317655564174e-01 1.001860174952894961e-07 2.926195829335675924e+01 -3.859278279572067553e-07 -9.726087459108300948e+01 1.998428834897236101e-07
2.975058823671092867e-01 2.330620476645058021e-07 1.074156824438326936e+02 -8.184271906358227686e-07 -2.275593308764763378e+01 1.639564405081697906e-07
3.025121359101998753e-01 3.436872206805801764e-07 9.805156499935151260e+01 -2.641971821162617224e-07 4.119444009121957073e+00 7.321494319632609045e-07
3.075010376196579687e-01 -1.240668640918116794e-07 1.126695615822751790e+02 3.382337001783195003e-07 -2.040708575011757375e+02 9.157107330735290747e-07
3.125134169243361515e-01 2.073038278775701219e-07 1.291605972250150955e+02 -1.750863967180587715e-08 -6.263096219585763436e+01 4.916514234237931611e-08
3.175159688234982513e-01 -1.367116505879694700e-07 1.291436276291617276e+02 3.933458016917016366e-07 -1.109667455865449739e+02 3.369822264492931342e-07
3.225221380836135188e-01 -9.275684497121012594e-08 2.744188974891447970e+02 -2.390937308264111924e-08 -1.676820464413819138e+02 3.005235357646427462e-07
3.275181733526948968e-01 -2.564787202656423370e-07 2.750330248056275195e+02 1.116303857367641653e-06 -1.506015087004813040e+02 -1.187485176207885892e-06
3.325123842131759710e-01 -6.178603575304446686e-07 2.531408950603556605e+02 7.291620915319747683e-07 -9.998147966944502230e+01 1.235177779773077128e-08
3.374959366892091861e-01 -4.396998915287899386e-08 2.711631047892653328e+02 -5.259024538497836556e-08 -1.172494131661002825e+02 -1.569521459313442623e-07
3.424919221947719805e-01 -7.986165007834052051e-08 2.945437998483194519e+02 -2.835851587176741536e-07 -4.914674678512196948e+01 2.627931526861316653e-07
3.475179778446125245e-01 -1.610281591527264978e-07 3.217901460450223681e+02 8.948778503998268279e-08 -1.403146175711438559e+02 -2.089502390244163815e-07
3.525052850529177828e-01 -2.414411617585422501e-07 2.801816701261376465e+02 5.383090281589294556e-07 -1.245396934376496887e+02 -8.760160214410276597e-07
3.575133254796376558e-01 -1.796376206206743323e-07 3.288499973174115212e+02 4.004421959669198459e-07 -1.788844570824167874e+02 -5.454621501138183904e-07
3.625250227669692404e-01 1.033948965234904377e-09 3.471527179641619796e+02 -1.932910148897473940e-07 -1.549551874717662940e+02 -7.819239049588964363e-08
3.675230446100045678e-01 6.229484704998942666e-08 3.406458893773374257e+02 -7.386389007355889899e-08 -1.126099410216594094e+02 1.145780222526591243e-07
3.725177060730277545e-01 1.912910687834138616e-07 2.726274229515695993e+02 -3.770200825451891600e-07 -2.146242066441763541e+02 2.451393955860424680e-07
3.775163034622419089e-01 1.266822186528158023e-07 3.355847497948573164e+02 -3.806779626959198974e-07 -1.379669840919590911e+02 5.491842527062891226e-07
3.825226892977953153e-01 2.478522223395270154e-07 3.171760270270270325e+02 -5.816897830447635437e-07 -2.036854729729729740e+02 7.651561015361064175e-07
3.875130067694269043e-01 -2.153555384677127250e-07 2.493114067439410064e+02 3.534825508913577033e-07 -2.528134351949420591e+02 -1.266834230895288640e-07
3.924957861003909865e-01 1.640149179955266836e-07 2.747760435104431735e+02 -9.300726188129566897e-08 -2.098350465033952332e+02 6.178795525984174357e-07
3.975064703251052212e-01 -1.691219480379933127e-07 2.827630753980546388e+02 2.954198365672046497e-08 -1.672219812898829048e+02 2.233019460644186417e-07
