3.798113400606732779e-03 1.013470970394736833e+04 0.000000000000000000e+00 1.284138486842105158e+04 0.000000000000000000e+00 -2.580748355263157919e+03
8.299341265228576958e-03 3.323907421875000000e+04 0.000000000000000000e+00 1.958850781250000000e+04 0.000000000000000000e+00 -2.543656250000000000e+03
1.293222767532251419e-02 3.904289808917197661e+04 0.000000000000000000e+00 2.827565605095541468e+04 0.000000000000000000e+00 -5.779092356687898473e+02
1.764839556552980082e-02 3.875390753424657305e+04 0.000000000000000000e+00 3.906367808219177823e+04 0.000000000000000000e+00 3.017113698630136787e+04
2.256548662787912635e-02 3.789105860113421659e+04 0.000000000000000000e+00 1.997836862003780698e+04 0.000000000000000000e+00 -8.766991493383742636e+03
2.777643688250242340e-02 3.178664390243902380e+04 0.000000000000000000e+00 1.304091341463414574e+04 0.000000000000000000e+00 6.404326981707316691e+02
3.269804980233311648e-02 2.903395400000000154e+04 0.000000000000000000e+00 1.458202599999999984e+04 0.000000000000000000e+00 -4.907291500000000269e+03
3.761648458559932462e-02 2.740114632501685628e+04 0.000000000000000000e+00 1.832411328388402035e+04 0.000000000000000000e+00 8.828116655428186277e+03
4.263843696389812976e-02 2.255517857142856883e+04 0.000000000000000000e+00 1.445392410714285688e+04 0.000000000000000000e+00 1.183524344308035694e+02
4.756514582339458480e-02 2.090468033144352376e+04 0.000000000000000000e+00 1.126743480156999613e+04 0.000000000000000000e+00 -3.005889010030527970e+03
5.262096060748640974e-02 1.944691151685393197e+04 0.000000000000000000e+00 1.203488764044943855e+04 0.000000000000000000e+00 8.205617977528089568e+02
5.756031740041873956e-02 1.803468564356435672e+04 0.000000000000000000e+00 9.899064975247525581e+03 0.000000000000000000e+00 8.227579672029703488e+02
6.254738279606215923e-02 1.691940936963453350e+04 0.000000000000000000e+00 1.026951385822908924e+04 0.000000000000000000e+00 1.605815060093205602e+03
6.757793472572401483e-02 1.615017047451669532e+04 0.000000000000000000e+00 9.596081722319859182e+03 0.000000000000000000e+00 5.710283941124780540e+02
7.255917516659465827e-02 1.526960610005579292e+04 0.000000000000000000e+00 7.997106193044448446e+03 0.000000000000000000e+00 4.240497954249581767e+02
7.753384299139773339e-02 1.353586876464680427e+04 0.000000000000000000e+00 6.719744894543020564e+03 0.000000000000000000e+00 1.160837964512889357e+03
8.251793356505521260e-02 1.275976490825688234e+04 0.000000000000000000e+00 5.808034403669725179e+03 0.000000000000000000e+00 7.832592459862386249e+02
8.752751931716111489e-02 1.143214824413632232e+04 0.000000000000000000e+00 5.662397822988208645e+03 0.000000000000000000e+00 1.003452053906958781e+03
9.254701955136974967e-02 1.058121513217866959e+04 0.000000000000000000e+00 5.761332725615314303e+03 0.000000000000000000e+00 6.883981312670920261e+02
9.754963178921903511e-02 9.838459122788652166e+03 0.000000000000000000e+00 4.640642730032450345e+03 0.000000000000000000e+00 1.266076232597089870e+02
1.025319613041059119e-01 9.281276547842400760e+03 0.000000000000000000e+00 4.733896810506566908e+03 0.000000000000000000e+00 1.178291979362101358e+02
1.075116003998943526e-01 8.557849069607167621e+03 0.000000000000000000e+00 3.752567539627842962e+03 0.000000000000000000e+00 -1.634635703824948223e+02
1.125102861506304813e-01 8.172506763546417460e+03 0.000000000000000000e+00 3.673457834119193194e+03 0.000000000000000000e+00 1.395752396227873646e+02
1.175500852175193622e-01 7.854054330820651558e+03 0.000000000000000000e+00 3.448075380457972187e+03 0.000000000000000000e+00 2.726526632058028667e+02
1.225369446564099490e-01 7.638052565375704035e+03 0.000000000000000000e+00 3.718500893743793767e+03 0.000000000000000000e+00 5.949631744455479065e+01
1.275260957852891452e-01 7.317774921173901930e+03 0.000000000000000000e+00 3.369294930875576028e+03 0.000000000000000000e+00 3.604744724715013149e+02
1.325302087090364789e-01 6.986280455642219749e+03 0.000000000000000000e+00 3.208052746759441106e+03 0.000000000000000000e+00 8.315563099713820350e+01
1.375062694904859717e-01 6.780185427666314354e+03 0.000000000000000000e+00 3.167040760295670680e+03 0.000000000000000000e+00 6.341799894403378630e+02
1.425134422753508989e-01 6.330870416586676583e+03 0.000000000000000000e+00 2.511701478210788991e+03 0.000000000000000000e+00 4.257536955269725354e+02
1.475259222195813014e-01 6.001793976946558359e+03 0.000000000000000000e+00 2.419623673060275905e+03 0.000000000000000000e+00 1.657741241058818105e+01
1.525299430011916868e-01 5.744012850862360210e+03 0.000000000000000000e+00 2.525167906662157293e+03 0.000000000000000000e+00 3.717114896854920403e+02
1.574945685492469272e-01 5.441321308690904516e+03 0.000000000000000000e+00 2.331695393699194938e+03 0.000000000000000000e+00 -9.731582885105349590e+01
1.625189323163163113e-01 5.262269781021897870e+03 0.000000000000000000e+00 2.112029051094890747e+03 0.000000000000000000e+00 1.561620985401459905e+02
1.675461007718098694e-01 5.035014806378131652e+03 0.000000000000000000e+00 2.005062784738040818e+03 0.000000000000000000e+00 -1.548383399772209543e+02
1.725292014006662711e-01 4.868374328377888560e+03 0.000000000000000000e+00 2.100601509707617879e+03 0.000000000000000000e+00 2.927096614694927439e+02
1.775301965061671094e-01 4.733726400807672690e+03 0.000000000000000000e+00 1.834761610297829293e+03 0.000000000000000000e+00 2.376413900807672803e+02
1.825147654490652804e-01 4.579985701202398559e+03 0.000000000000000000e+00 1.727362226358238104e+03 0.000000000000000000e+00 1.566831221010960462e+02
1.875360723572403465e-01 4.459291620111732300e+03 0.000000000000000000e+00 1.707333854748603471e+03 0.000000000000000000e+00 1.303425698324022335e+02
1.925323683450522461e-01 4.292936060833243573e+03 0.000000000000000000e+00 1.618829495555317408e+03 0.000000000000000000e+00 2.448169078665524268e+01
1.975198663583639380e-01 4.207151738965473669e+03 0.000000000000000000e+00 1.505536562539521810e+03 0.000000000000000000e+00 1.763374098899708997e+02
2.025153694923672032e-01 4.035600887773810882e+03 0.000000000000000000e+00 1.460476502943163268e+03 0.000000000000000000e+00 1.549698446395831297e+02
2.075088499274508613e-01 3.930945613593166854e+03 0.000000000000000000e+00 1.397527765691909735e+03 0.000000000000000000e+00 5.322810804002839546e+01
2.125178062418619784e-01 3.817536393786001099e+03 0.000000000000000000e+00 1.354012393087798955e+03 0.000000000000000000e+00 8.547365923372316843e+01
2.175004174234404231e-01 3.687766686305866642e+03 0.000000000000000000e+00 1.288437336924501324e+03 0.000000000000000000e+00 -5.340056800248295765e+00
2.225093171556767890e-01 3.602790173558440529e+03 0.000000000000000000e+00 1.198547073540710471e+03 0.000000000000000000e+00 7.068919544532219845e+01
2.275289586476768322e-01 3.507760293892545633e+03 0.000000000000000000e+00 1.225101408235114150e+03 0.000000000000000000e+00 1.456024127506505579e+02
2.325285406108919262e-01 3.424705509977625752e+03 0.000000000000000000e+00 1.129997271387772344e+03 0.000000000000000000e+00 6.967971549669837827e+01
2.375276552426477672e-01 3.329734434874319049e+03 0.000000000000000000e+00 1.116628722095271542e+03 0.000000000000000000e+00 1.274479785551063458e+02
2.424991024241769377e-01 3.267836239933820707e+03 0.000000000000000000e+00 1.030855435314773786e+03 0.000000000000000000e+00 3.293712964057198178e+01
2.474998551644826128e-01 3.186572910662824142e+03 0.000000000000000000e+00 9.553509446045469531e+02 0.000000000000000000e+00 1.859050272174191605e+02
2.525200307756395035e-01 3.112355335601608658e+03 0.000000000000000000e+00 9.218590782554903171e+02 0.000000000000000000e+00 -3.201286053974636836e+00
2.575182250600202005e-01 3.030532568363013070e+03 0.000000000000000000e+00 8.920779077565009629e+02 0.000000000000000000e+00 1.767673608523955053e+01
2.625255687975799335e-01 2.975182746619501359e+03 0.000000000000000000e+00 8.300786786101443795e+02 0.000000000000000000e+00 1.266173047298453866e+02
2.675305520911575030e-01 2.920935087888871749e+03 0.000000000000000000e+00 8.203975642424157968e+02 0.000000000000000000e+00 4.549692078264591544e+00
2.725404586615198799e-01 2.843574760670650903e+03 0.000000000000000000e+00 7.442511768128206313e+02 0.000000000000000000e+00 7.543761569788966881e+01
2.775333197047151201e-01 2.811689714891307176e+03 0.000000000000000000e+00 7.461288288055418434e+02 0.000000000000000000e+00 2.393288281593299871e+01
2.825123907298719983e-01 2.746456271228308651e+03 0.000000000000000000e+00 7.297083431112208700e+02 0.000000000000000000e+00 1.011472179336750514e+02
2.875104651677040102e-01 2.680318329821873249e+03 0.000000000000000000e+00 7.020220743152652858e+02 0.000000000000000000e+00 8.964503926450871063e+01
2.924971317655564174e-01 2.644307898600145563e+03 0.000000000000000000e+00 6.893386352865019262e+02 0.000000000000000000e+00 -3.040077477487891144e+00
2.975058823671092867e-01 2.573803037030459109e+03 0.000000000000000000e+00 6.516046532279548273e+02 0.000000000000000000e+00 1.155690103010389862e+02
3.025121359101998753e-01 2.551583243266612044e+03 0.000000000000000000e+00 6.194095369849984536e+02 0.000000000000000000e+00 -4.322852989494617759e+01
3.075010376196579687e-01 2.518630088310602787e+03 0.000000000000000000e+00 5.713928410931703183e+02 0.000000000000000000e+00 5.653618121962690424e+01
3.125134169243361515e-01 2.462508908103760405e+03 0.000000000000000000e+00 5.619909511361350951e+02 0.000000000000000000e+00 5.400325256384476091e+01
3.175159688234982513e-01 2.421422719100902668e+03 0.000000000000000000e+00 5.220127123223074932e+02 0.000000000000000000e+00 2.292214193789234855e+01
3.225221380836135188e-01 2.371556126109118395e+03 0.000000000000000000e+00 4.987431753822918949e+02 0.000000000000000000e+00 2.199053237681706818e+01
3.275181733526948968e-01 2.340027397260274029e+03 0.000000000000000000e+00 5.181165864494631705e+02 0.000000000000000000e+00 -2.857937338022954421e+01
3.325123842131759710e-01 2.298293105135344376e+03 0.000000000000000000e+00 4.712689717747315967e+02 0.000000000000000000e+00 3.376182205538308523e+01
3.374959366892091861e-01 2.268067266930595906e+03 0.000000000000000000e+00 4.565917387800861889e+02 0.000000000000000000e+00 -3.834905668640297449e+01
3.424919221947719805e-01 2.222993774429322912e+03 0.000000000000000000e+00 4.227279167256998562e+02 0.000000000000000000e+00 -7.044183737675954404e+00
3.475179778446125245e-01 2.200087038912667140e+03 0.000000000000000000e+00 3.895728101414708817e+02 0.000000000000000000e+00 -2.442098876482504011e+00
3.525052850529177828e-01 2.175993102347118111e+03 0.000000000000000000e+00 4.067608174996008188e+02 0.000000000000000000e+00 -3.947137953057639947e+01
3.575133254796376558e-01 2.134274743046347339e+03 0.000000000000000000e+00 3.940392577660936126e+02 0.000000000000000000e+00 4.638456821822474296e+01
3.625250227669692404e-01 2.122769221502785513e+03 0.000000000000000000e+00 3.854127089293780841e+02 0.000000000000000000e+00 3.979307521457611685e+00
3.675230446100045678e-01 2.091435120180215563e+03 0.000000000000000000e+00 3.416597336132799683e+02 0.000000000000000000e+00 -4.639567852885856380e-01
3.725177060730277545e-01 2.060192578192006749e+03 0.000000000000000000e+00 3.365165818514495299e+02 0.000000000000000000e+00 -3.032141631882898025e+01
3.775163034622419089e-01 2.047459388640265843e+03 0.000000000000000000e+00 3.302137759358989229e+02 0.000000000000000000e+00 -2.839392398342308965e+01
3.825226892977953153e-01 2.007771243243243134e+03 0.000000000000000000e+00 2.994953783783783479e+02 0.000000000000000000e+00 7.952941722972973082e+00
3.875130067694269043e-01 1.994311696522655438e+03 0.000000000000000000e+00 3.060151738672286683e+02 0.000000000000000000e+00 -1.551181671496311942e+01
3.924957861003909865e-01 1.963577382293309483e+03 0.000000000000000000e+00 2.914194059151031411e+02 0.000000000000000000e+00 4.999065748398931675e+01
3.975064703251052212e-01 1.946708035437705348e+03 0.000000000000000000e+00 3.014187225078991332e+02 0.000000000000000000e+00 3.290947586890527532e+01
