3.798113400606732779e-03 7.581208881578947083e-04 -4.727262315789473243e+06 -1.689710115131578833e-03 -7.953487157894736156e+06 2.096075760690789200e-03
8.299341265228576958e-03 3.147125244140625000e-04 -2.164350000000000000e+06 -7.562637329101562500e-04 -9.453992500000000000e+05 9.629726409912109375e-04
1.293222767532251419e-02 -6.220143312101910802e-05 -1.312571210191082908e+06 1.555035828025477904e-04 -1.463202675159235660e+05 -1.601686902866242225e-04
1.764839556552980082e-02 -1.672196061643835524e-06 -9.286973150684931315e+05 2.090245077054794405e-05 -2.095060547945205471e+05 -1.084837194991438287e-04
2.256548662787912635e-02 2.999837547258979388e-05 -7.293063137996220030e+05 -9.161042355860114154e-05 -1.087048922495274164e+05 9.709089600070888336e-05
2.777643688250242340e-02 2.232993521341463280e-06 -5.122409365853658528e+05 -1.116496760670731640e-06 -8.919729756097561039e+04 -3.146660037157011941e-05
3.269804980233311648e-02 7.324218749999999729e-06 -3.783252160000000149e+05 -3.759765624999999951e-05 -6.113202799999999843e+04 4.919433593750000304e-05
3.761648458559932462e-02 -1.284084204315576522e-05 -2.842990910316925147e+05 3.407761926837491422e-05 -3.661892380310181761e+04 -2.473508355107889337e-05
4.263843696389812976e-02 -7.356916155133927845e-06 -2.294516428571428405e+05 6.675720214843750000e-06 -4.005600446428571013e+04 -2.993856157575334773e-05
4.756514582339458480e-02 2.448859300043610895e-06 -1.768352655909289315e+05 -9.476020769733972522e-06 -8.180573920627998632e+03 7.319959864260794137e-06
5.262096060748640974e-02 -5.550598830319522053e-06 -1.378409550561797805e+05 5.989931942371839907e-06 -2.053839325842696417e+04 -1.693307683708962399e-05
5.756031740041873956e-02 6.798470374381188228e-06 -1.173681386138613889e+05 -1.065093691986386068e-05 -1.195179702970296967e+04 2.664622693958849174e-05
6.254738279606215923e-02 -2.515061626195732154e-06 -1.005389374540102872e+05 6.407418904831983520e-06 -1.782716507235712561e+04 -1.121298308345597201e-05
6.757793472572401483e-02 -4.666132331942002876e-06 -8.626641827768013172e+04 8.554575941893672363e-06 -1.238932776801405817e+04 -3.868330970589850228e-06
7.255917516659465827e-02 -9.307946461781662906e-07 -7.051490719732192520e+04 2.667521242095964233e-06 -7.015787241956481921e+03 1.733888807362376772e-06
7.753384299139773339e-02 2.288562939404084605e-06 -6.044772145965852542e+04 -1.160628347840642901e-05 -6.413203213927017714e+03 1.181061945513893628e-05
8.251793356505521260e-02 1.487381961367545954e-07 -5.090206880733945582e+04 -7.918121617868406138e-07 -6.670489678899082719e+03 1.376921977471867969e-06
8.752751931716111489e-02 1.059830366398859807e-06 -4.223005623947129789e+04 -1.004466093527277595e-06 -6.211143708695089117e+03 7.531518405994882094e-06
9.254701955136974967e-02 8.484832568938012797e-07 -3.529224794895168452e+04 7.719806681574749088e-07 -4.883270282588878217e+03 7.259052453958238089e-06
9.754963178921903511e-02 -1.252265322411807779e-06 -3.003160975609756133e+04 4.612936544802679677e-06 -4.572956767507589575e+03 -4.775858818891971213e-06
1.025319613041059119e-01 7.157030517120074644e-07 -2.678181463414633981e+04 -1.193792690255628470e-06 -4.273461913696060037e+03 9.089428756742495136e-08
1.075116003998943526e-01 8.780902044925913178e-07 -2.380179186767746432e+04 -3.470296616557546361e-06 -3.880942108890420513e+03 2.087435995111130233e-06
1.125102861506304813e-01 -1.523873809132720216e-06 -2.015332148102342398e+04 7.902441579867821132e-07 -2.570049161320244366e+03 -3.218180873234231635e-06
1.175500852175193622e-01 4.231921301646280700e-07 -1.723029554828616165e+04 -9.190864980754872142e-07 -2.008793201536054767e+03 3.268616651508720660e-06
1.225369446564099490e-01 -4.697343206926514638e-07 -1.528473485600794629e+04 2.758300134733945770e-06 -2.084972658060245067e+03 -1.350991262658784455e-06
1.275260957852891452e-01 1.036250530560271685e-06 -1.350588115449915131e+04 -3.419626750848896518e-06 -2.141869997574581703e+03 2.701653168960708004e-07
1.325302087090364789e-01 -1.274063078671230528e-06 -1.235262577857583710e+04 4.020833479462432244e-06 -1.604394141742887541e+03 -6.250443867137084980e-07
1.375062694904859717e-01 -1.202012316855860604e-06 -1.104125195353748677e+04 4.236046087150210888e-06 -1.961693558606124498e+03 -4.960717721876649466e-06
1.425134422753508989e-01 -7.865204191363505620e-07 -9.801966596275677148e+03 3.044288065502615401e-06 -1.483158475715108352e+03 -2.127230155946288642e-06
1.475259222195813014e-01 -6.062082127887375449e-07 -8.496765410724861795e+03 1.126212505410269360e-06 -1.732937810378605036e+03 -3.099865161496537384e-06
1.525299430011916868e-01 -3.360597354397404347e-07 -7.895642204937435963e+03 -6.640566173420591039e-07 -1.353256679066621473e+03 3.848399993411423011e-07
1.574945685492469272e-01 1.382282019654628545e-06 -7.107484450196141552e+03 -3.712414567072430877e-06 -1.306840053382941733e+03 1.461269563634892816e-06
1.625189323163163113e-01 4.098711222627737578e-07 -6.031183649635037000e+03 -1.470189895072992853e-06 -8.303413868613139357e+02 7.373225079835766990e-07
1.675461007718098694e-01 1.505458545033100669e-06 -5.477226082004555792e+03 -1.956227157001886500e-06 -9.238511531890660535e+02 4.072938801758924619e-06
1.725292014006662711e-01 -1.146785742245442964e-06 -5.063102613969740560e+03 4.365833439776511048e-07 -1.043580973728450545e+03 3.666696517968982235e-07
1.775301965061671094e-01 -6.046516614872538977e-07 -4.484004543160020148e+03 1.919865307333732750e-06 -7.644970974255426199e+02 -1.068250029331382476e-06
1.825147654490652804e-01 5.589795396466661011e-08 -3.860765871960767072e+03 -1.397448849116665253e-07 -6.820155396023516232e+02 8.522184029855017815e-07
1.875360723572403465e-01 -1.451289853570181675e-07 -3.424509720670391289e+03 -7.828653857694657558e-07 -7.459400558659217495e+02 -1.212684801836919455e-06
1.925323683450522461e-01 2.191908624834328276e-07 -3.168422833886687386e+03 -7.963798484544854468e-07 -6.490270429474135199e+02 -7.849657856014921549e-07
1.975198663583639380e-01 1.132782241012710165e-07 -2.697027342860756107e+03 5.644613381536928806e-08 -8.223432907550271693e+02 -3.046885112059527879e-07
2.025153694923672032e-01 -2.341163235489240794e-07 -2.410349512689375842e+03 -6.986678963771350535e-07 -4.862295184792048985e+02 1.692373895465689345e-06
2.075088499274508613e-01 2.152422556619112111e-07 -2.061775630309830831e+03 1.256511609351027003e-06 -5.518389704366942397e+02 -7.442629944153747700e-08
2.125178062418619784e-01 3.422507234301361549e-07 -1.888399546168615871e+03 -1.015432593834547910e-06 -4.453741054285216023e+02 1.253643092486554135e-06
2.175004174234404231e-01 -2.838306862059170130e-07 -1.644500126251999063e+03 9.137806933733481877e-07 -3.301664843026681524e+02 -3.212359746029637821e-07
2.225093171556767890e-01 4.172336876489824748e-07 -1.468673036386202057e+03 -3.348691124214456254e-07 -1.772380764760347631e+02 5.848185441794635481e-07
2.275289586476768322e-01 3.836302010585680825e-07 -1.252340961273534504e+03 -9.403903178155613889e-07 -3.377610592377162106e+02 1.318108409611240615e-06
2.325285406108919262e-01 -8.632389351931858159e-08 -1.011097375075036894e+03 2.424563375856102196e-07 -7.881680097502410831e+01 5.680098315131689664e-07
2.375276552426477672e-01 1.190877543285287382e-07 -1.016131059940235559e+03 4.232443160595007917e-07 -1.084204517489892794e+02 7.538201205863289329e-07
2.424991024241769377e-01 3.709529527459355658e-08 -7.813986122600578028e+02 -3.153100098340451945e-07 -7.748232404234126136e+01 1.684744660387790742e-07
2.474998551644826128e-01 3.136773159822286053e-07 -7.626616074287544507e+02 -8.506420671729906831e-07 -8.078820845341017787e+01 7.410748738567683199e-07
2.525200307756395035e-01 -7.020553272647309666e-09 -6.081956077946180130e+02 1.377562343834577160e-08 -2.725983915867615224e+02 -6.948356616618720513e-07
2.575182250600202005e-01 -3.137937397548618032e-07 -5.094722002831383634e+02 8.099516673962446418e-07 -2.438354220996945116e+02 -4.160040919431301420e-07
2.625255687975799335e-01 -1.724035528917215082e-07 -4.954365835567980980e+02 6.187973505637061219e-08 -2.999744679637131526e+02 -3.955562422005796811e-07
2.675305520911575030e-01 1.222034721455102720e-07 -3.015002830670661638e+02 -2.760112905355490900e-07 -1.966299968241255840e+02 1.425356015628236234e-07
2.725404586615198799e-01 -6.678292668968502929e-08 -2.607295710583381947e+02 -4.883627614875608170e-07 -1.170110673295604755e+02 8.209155074581751315e-08
2.775333197047151201e-01 -2.875295894373433063e-07 -2.033723473001266484e+02 8.261052470185397453e-07 -2.368591516530100591e+02 -1.290678518840913966e-06
2.825123907298719983e-01 3.176519355875224011e-07 -6.408377694065336527e+01 -5.272682899970280526e-07 -1.210647069721484570e+02 6.676368051407726064e-07
2.875104651677040102e-01 -2.600182703321771450e-07 -3.601107007757134681e+01 4.651925043684384500e-07 -1.776482474621719803e+02 -8.872427079120921403e-07
2.924971317655564174e-01 -1.222339966975979322e-07 -3.472168791686414124e+01 3.895436965463853190e-07 -2.501133408084707810e+01 5.291515008554023195e-08
2.975058823671092867e-01 2.330620476645058021e-07 -5.523354941834650589e+01 -2.574522619549773589e-07 -1.787986968297664419e+02 5.050806875985147223e-07
3.025121359101998753e-01 3.049317039531634773e-07 1.047224936232761223e+02 -5.611304070852562915e-07 -4.999445008862565487e+01 1.103851943724989669e-06
3.075010376196579687e-01 -1.733427779791764704e-07 1.343298845169044284e+02 -6.673776686686784827e-08 -1.299606312379160897e+02 -4.538885757343431833e-08
3.125134169243361515e-01 8.775414582495475827e-08 1.218149808968429539e+02 -2.924115418572793335e-07 -9.862347677458275541e+01 3.607585208170998489e-07
3.175159688234982513e-01 2.143614696719258229e-08 1.629338841351396354e+02 -3.390059186454966299e-07 -9.210748494464147029e+01 2.672210593523893271e-07
3.225221380836135188e-01 5.113149062853974344e-09 1.657045497451387632e+02 5.365205706797479726e-09 -7.805262884651689603e+01 -2.660097795903784140e-08
3.275181733526948968e-01 3.648042590562523335e-07 1.465093761569789024e+02 -6.679604116169358804e-07 -1.994795631247686174e+02 1.425550673370756759e-06
3.325123842131759710e-01 -1.259609867724632380e-07 1.914470409279735463e+02 4.864700178798580117e-07 -1.599956056468327859e+02 -1.004430282452831879e-06
3.374959366892091861e-01 1.349838572778351946e-07 1.678763970150299656e+02 -3.587095771620888218e-07 -1.735044319097502239e+02 3.434737754495410581e-08
3.424919221947719805e-01 -3.052037582611739604e-08 2.074846527598363366e+02 6.928125312528648424e-07 -8.717080732400469856e+01 -1.059820050561926626e-06
3.475179778446125245e-01 1.889463539284313973e-07 2.386216225046557895e+02 -2.627301544070800642e-07 -8.428552291959354648e+01 6.594427167779225098e-07
3.525052850529177828e-01 -1.796799765862007157e-08 2.482434296662941051e+02 -3.770538627311442138e-07 -7.508531055404758092e+01 8.383289077079051079e-08
3.575133254796376558e-01 -1.408096974136014907e-07 2.321361222034015270e+02 -2.797481696124043202e-07 -1.833051482704968862e+02 3.625498853672463613e-08
3.625250227669692404e-01 -1.238441093914696492e-07 3.025308839030266199e+02 5.550008278944247738e-07 -1.355911308537870639e+02 -7.113856088862040611e-07
3.675230446100045678e-01 -1.620361278289122324e-07 2.684889734561015757e+02 4.842937679644100190e-07 -2.134586240331270233e+02 -5.039329832774074804e-07
3.725177060730277545e-01 -2.502924759737370636e-08 2.374477385785350805e+02 4.686849304998409733e-08 -1.484980130367659683e+02 -3.579959458228933659e-07
3.775163034622419089e-01 6.228893143062039068e-08 2.879103853924603982e+02 2.609401181553016617e-08 -2.142459781686790166e+02 -1.031134337871756508e-08
3.825226892977953153e-01 3.535296465899493450e-07 2.109626486486486385e+02 -8.797001194309544063e-07 -1.668262432432432547e+02 1.063875249914220864e-06
3.875130067694269043e-01 3.466521977624602009e-08 2.692844309799789357e+02 2.316973546031151992e-07 -1.351944283456269886e+02 1.007104164933505154e-08
3.924957861003909865e-01 -2.341386613780452742e-07 2.237880346281337722e+02 8.477705222379558688e-07 -1.829392205451678421e+02 -9.430366722114055043e-07
3.975064703251052212e-01 -4.687721966648403359e-08 2.015872250789913949e+02 4.991118138802922115e-07 -2.231340313487392564e+02 -5.331338393585544063e-07
