3.798113400606732779e-03 1.407273368421052583e+06 0.000000000000000000e+00 1.961936000000000000e+06 0.000000000000000000e+00 -4.225930526315789670e+06 1.152966871578947306e+08 0.000000000000000000e+00 2.399960656842105091e+08 0.000000000000000000e+00 -9.770048673684209585e+07
8.299341265228576958e-03 1.089550875000000000e+06 0.000000000000000000e+00 8.497783203125000000e+03 0.000000000000000000e+00 5.440095000000000000e+05 2.398928800000000000e+07 0.000000000000000000e+00 3.402406400000000000e+07 0.000000000000000000e+00 -1.316040400000000000e+07
1.293222767532251419e-02 8.955813503184714355e+05 0.000000000000000000e+00 4.917376815286624478e+05 0.000000000000000000e+00 -2.081343949044586043e+05 1.175265752866242081e+07 0.000000000000000000e+00 2.018192957961783558e+07 0.000000000000000000e+00 -3.696433732484076638e+06
1.764839556552980082e-02 8.385491506849314319e+05 0.000000000000000000e+00 5.934086027397259604e+05 0.000000000000000000e+00 1.908226027397260186e+05 6.312220931506848894e+06 0.000000000000000000e+00 1.275334136986301281e+07 0.000000000000000000e+00 6.253630136986301513e+05
2.256548662787912635e-02 7.616425255198488012e+05 0.000000000000000000e+00 6.183303742911153240e+05 0.000000000000000000e+00 -2.614289300567107857e+05 3.872306086956521962e+06 0.000000000000000000e+00 6.968208211720227264e+06 0.000000000000000000e+00 -2.112648226843100041e+06
2.777643688250242340e-02 7.050786341463414719e+05 0.000000000000000000e+00 4.140021853658536565e+05 0.000000000000000000e+00 -2.079955317073170736e+05 2.202976780487804674e+06 0.000000000000000000e+00 4.296244760975609533e+06 0.000000000000000000e+00 -1.676421463414634127e+04
3.269804980233311648e-02 6.533350400000000373e+05 0.000000000000000000e+00 4.152811840000000084e+05 0.000000000000000000e+00 -1.545940160000000033e+05 1.456306432000000030e+06 0.000000000000000000e+00 2.781594623999999836e+06 0.000000000000000000e+00 -1.997182399999999907e+05
3.761648458559932462e-02 5.164801726230613422e+05 0.000000000000000000e+00 2.481921726230613713e+05 0.000000000000000000e+00 3.102384086311530700e+04 9.441949777478084434e+05 0.000000000000000000e+00 1.714160809170600027e+06 0.000000000000000000e+00 -4.918043964935940312e+04
4.263843696389812976e-02 5.007468928571428405e+05 0.000000000000000000e+00 2.763274821428571013e+05 0.000000000000000000e+00 2.735221428571428260e+04 6.747800714285713620e+05 0.000000000000000000e+00 1.191671428571428405e+06 0.000000000000000000e+00 -8.888683035714284415e+03
4.756514582339458480e-02 4.319592219799389713e+05 0.000000000000000000e+00 2.829389481029219460e+05 0.000000000000000000e+00 -4.497723855211513728e+04 5.333051059747056570e+05 0.000000000000000000e+00 9.386869114696903853e+05 0.000000000000000000e+00 -3.344714522459659929e+04
5.262096060748640974e-02 3.859971235955056036e+05 0.000000000000000000e+00 2.396922921348314558e+05 0.000000000000000000e+00 9.382183707865168981e+04 4.001367640449437895e+05 0.000000000000000000e+00 6.943781123595505487e+05 0.000000000000000000e+00 6.899919662921347481e+04
5.756031740041873956e-02 3.534019405940594152e+05 0.000000000000000000e+00 2.043888910891089181e+05 0.000000000000000000e+00 2.577515594059406067e+04 3.116032673267326900e+05 0.000000000000000000e+00 4.962743762376237428e+05 0.000000000000000000e+00 1.019555445544554459e+04
6.254738279606215923e-02 3.349271483934264979e+05 0.000000000000000000e+00 1.637567230806965672e+05 0.000000000000000000e+00 9.510154525386312798e+02 2.572669080206033541e+05 0.000000000000000000e+00 3.816269296051017591e+05 0.000000000000000000e+00 -2.677447142506744785e+04
6.757793472572401483e-02 3.132969279437609366e+05 0.000000000000000000e+00 1.889772231985940016e+05 0.000000000000000000e+00 7.926613356766256402e+03 2.189475711775043746e+05 0.000000000000000000e+00 3.311229244288224727e+05 0.000000000000000000e+00 1.092246221441124726e+04
7.255917516659465827e-02 2.931531366933234385e+05 0.000000000000000000e+00 1.770216551980658260e+05 0.000000000000000000e+00 -6.685016180026036636e+03 1.888722722707829671e+05 0.000000000000000000e+00 2.594864467175004829e+05 0.000000000000000000e+00 -2.282863901803980116e+04
7.753384299139773339e-02 2.662780528958821669e+05 0.000000000000000000e+00 1.491801968530298036e+05 0.000000000000000000e+00 8.110777368597255190e+03 1.616429166387680161e+05 0.000000000000000000e+00 2.206997040508872014e+05 0.000000000000000000e+00 1.869341948443254296e+04
8.251793356505521260e-02 2.413982201834862644e+05 0.000000000000000000e+00 1.305677339449541323e+05 0.000000000000000000e+00 6.007137614678899808e+03 1.413724220183486177e+05 0.000000000000000000e+00 1.761921834862385294e+05 0.000000000000000000e+00 -4.498288990825688415e+03
8.752751931716111489e-02 2.174536550472981762e+05 0.000000000000000000e+00 1.151448407412206871e+05 0.000000000000000000e+00 1.552767448490346032e+04 1.252741324348840280e+05 0.000000000000000000e+00 1.493553163146300358e+05 0.000000000000000000e+00 5.630805235195024579e+03
9.254701955136974967e-02 1.997858158614402928e+05 0.000000000000000000e+00 1.035067347310847690e+05 0.000000000000000000e+00 -5.509879216043755150e+03 1.129776043755697319e+05 0.000000000000000000e+00 1.270532288058340928e+05 0.000000000000000000e+00 1.154501731996353737e+04
9.754963178921903511e-02 1.813483446037893882e+05 0.000000000000000000e+00 9.003235004710561770e+04 0.000000000000000000e+00 6.212082487176802715e+03 1.036264980634355743e+05 0.000000000000000000e+00 1.147321494818381616e+05 0.000000000000000000e+00 7.002253532921595252e+03
1.025319613041059119e-01 1.650512930581613618e+05 0.000000000000000000e+00 8.988063939962476434e+04 0.000000000000000000e+00 1.333500487804877957e+04 9.385757898686679255e+04 0.000000000000000000e+00 9.878660562851782015e+04 0.000000000000000000e+00 1.145606003752345168e+04
1.075116003998943526e-01 1.557737064093728550e+05 0.000000000000000000e+00 7.154274844934527937e+04 0.000000000000000000e+00 -7.391117332873880059e+02 8.755678015161957592e+04 0.000000000000000000e+00 8.603664231564437796e+04 0.000000000000000000e+00 2.660483459682977355e+03
1.125102861506304813e-01 1.501567930741284799e+05 0.000000000000000000e+00 6.648274190306871606e+04 0.000000000000000000e+00 -5.767144778542166023e+03 8.271569359202288615e+04 0.000000000000000000e+00 8.027796490685630124e+04 0.000000000000000000e+00 8.423935688335781379e+03
1.175500852175193622e-01 1.444219576162708108e+05 0.000000000000000000e+00 6.976837889347177406e+04 0.000000000000000000e+00 -1.623169677144076331e+03 7.620253164556963020e+04 0.000000000000000000e+00 6.627915460105249076e+04 0.000000000000000000e+00 1.372382875835585310e+03
1.225369446564099490e-01 1.369986076133730530e+05 0.000000000000000000e+00 6.419940628930817911e+04 0.000000000000000000e+00 5.393529030122476797e+03 7.161648725587554509e+04 0.000000000000000000e+00 5.866113737173121626e+04 0.000000000000000000e+00 5.233874875868918025e+03
1.275260957852891452e-01 1.319675343196701433e+05 0.000000000000000000e+00 6.221713509580402751e+04 0.000000000000000000e+00 5.080623332524860416e+03 6.758997623089983244e+04 0.000000000000000000e+00 5.417629105020615680e+04 0.000000000000000000e+00 7.263568760611205107e+03
1.325302087090364789e-01 1.272406046798720636e+05 0.000000000000000000e+00 5.960941540878738306e+04 0.000000000000000000e+00 -4.440375736490656891e+03 6.552180012344985880e+04 0.000000000000000000e+00 4.613207339655462420e+04 0.000000000000000000e+00 -8.395369507883956430e+02
1.375062694904859717e-01 1.195378348468848999e+05 0.000000000000000000e+00 5.368548088701161760e+04 0.000000000000000000e+00 1.032333854276663078e+04 6.171216557550158177e+04 0.000000000000000000e+00 4.394759366420274455e+04 0.000000000000000000e+00 4.535968321013727291e+03
1.425134422753508989e-01 1.141235615281243954e+05 0.000000000000000000e+00 4.537654674601650913e+04 0.000000000000000000e+00 2.007397581109617931e+03 5.976912574390477675e+04 0.000000000000000000e+00 4.051973123440199561e+04 0.000000000000000000e+00 3.154829141869840441e+03
1.475259222195813014e-01 1.055786268167114613e+05 0.000000000000000000e+00 4.286608847783497913e+04 0.000000000000000000e+00 7.702016492778714110e+02 5.654922083010615461e+04 0.000000000000000000e+00 3.614632466171579290e+04 0.000000000000000000e+00 4.344043008793111767e+03
1.525299430011916868e-01 1.010901859993236285e+05 0.000000000000000000e+00 4.520802434900236403e+04 0.000000000000000000e+00 8.188941494758200861e+03 5.419131822793371248e+04 0.000000000000000000e+00 3.446108894149475964e+04 0.000000000000000000e+00 3.444609401420358154e+03
1.574945685492469272e-01 9.639804391960204521e+04 0.000000000000000000e+00 3.858297472398592072e+04 0.000000000000000000e+00 -7.340440813685444255e+02 5.220021903182755341e+04 0.000000000000000000e+00 3.000006405953006470e+04 0.000000000000000000e+00 1.392528329356573749e+03
1.625189323163163113e-01 9.177549547445256030e+04 0.000000000000000000e+00 3.770954277372263459e+04 0.000000000000000000e+00 4.512109197080292688e+03 5.039696817518248281e+04 0.000000000000000000e+00 2.761619153284671847e+04 0.000000000000000000e+00 2.883377518248175420e+03
1.675461007718098694e-01 8.698841913439634664e+04 0.000000000000000000e+00 3.342092710706149956e+04 0.000000000000000000e+00 2.668203018223234722e+03 4.825335763097949530e+04 0.000000000000000000e+00 2.399782687927106963e+04 0.000000000000000000e+00 7.152925683371297509e+02
1.725292014006662711e-01 8.371717282526288182e+04 0.000000000000000000e+00 3.353749151201503264e+04 0.000000000000000000e+00 4.709907505686126569e+03 4.758218676863236760e+04 0.000000000000000000e+00 2.478092151498170642e+04 0.000000000000000000e+00 4.047271121073277300e+03
1.775301965061671094e-01 8.191088137304391421e+04 0.000000000000000000e+00 3.270658657243816197e+04 0.000000000000000000e+00 5.355925290257445340e+03 4.591798485613326193e+04 0.000000000000000000e+00 2.230469257950529936e+04 0.000000000000000000e+00 2.794585562847046731e+03
1.825147654490652804e-01 8.031752878962451359e+04 0.000000000000000000e+00 2.799856208455198066e+04 0.000000000000000000e+00 2.491321575231173938e+03 4.510801831664155907e+04 0.000000000000000000e+00 2.064524777689149050e+04 0.000000000000000000e+00 1.248826848651363406e+02
1.875360723572403465e-01 7.704088312849162321e+04 0.000000000000000000e+00 3.009236379888268129e+04 0.000000000000000000e+00 6.173698324022346242e+03 4.395129921787709463e+04 0.000000000000000000e+00 1.938569296089385534e+04 0.000000000000000000e+00 2.472782793296089494e+03
1.925323683450522461e-01 7.348071886044768326e+04 0.000000000000000000e+00 2.723634229409874752e+04 0.000000000000000000e+00 1.036367462782478242e+03 4.263479918603405531e+04 0.000000000000000000e+00 1.761319481632215684e+04 0.000000000000000000e+00 2.097760094248687892e+03
1.975198663583639380e-01 7.234244006576450192e+04 0.000000000000000000e+00 2.733981575818894635e+04 0.000000000000000000e+00 5.661787479448589693e+03 4.175964143164284906e+04 0.000000000000000000e+00 1.736436312128493591e+04 0.000000000000000000e+00 2.195573542430757243e+03
2.025153694923672032e-01 6.921736794364567322e+04 0.000000000000000000e+00 2.235834256489433756e+04 0.000000000000000000e+00 -5.774837402296632263e+02 4.083960243172826449e+04 0.000000000000000000e+00 1.658502441377979630e+04 0.000000000000000000e+00 1.435870983305992468e+03
2.075088499274508613e-01 6.742206617966979684e+04 0.000000000000000000e+00 2.387874309006389012e+04 0.000000000000000000e+00 1.558690695917012135e+03 3.954727206943140482e+04 0.000000000000000000e+00 1.451286505301243415e+04 0.000000000000000000e+00 1.498192218736403447e+03
2.125178062418619784e-01 6.484544458020597085e+04 0.000000000000000000e+00 2.162693244894397139e+04 0.000000000000000000e+00 4.124707278757200584e+03 3.870424855995811231e+04 0.000000000000000000e+00 1.453536463606214056e+04 0.000000000000000000e+00 1.414421975912026483e+03
2.175004174234404231e-01 6.312245501220436563e+04 0.000000000000000000e+00 2.140752865920377008e+04 0.000000000000000000e+00 -2.238836377409309080e+02 3.785811160676711006e+04 0.000000000000000000e+00 1.401638649945290854e+04 0.000000000000000000e+00 7.987325140981398590e+02
2.225093171556767890e-01 6.102774523748546926e+04 0.000000000000000000e+00 2.003460861685152122e+04 0.000000000000000000e+00 1.950954472922125206e+03 3.769889860325840709e+04 0.000000000000000000e+00 1.315259573294458460e+04 0.000000000000000000e+00 1.602553456393688066e+03
2.275289586476768322e-01 5.916818613194551290e+04 0.000000000000000000e+00 1.987679167304454313e+04 0.000000000000000000e+00 1.920807286086024988e+03 3.684087310577070457e+04 0.000000000000000000e+00 1.261052502678708152e+04 0.000000000000000000e+00 9.644040257155977542e+02
2.325285406108919262e-01 5.808141858730649983e+04 0.000000000000000000e+00 1.763801022320048287e+04 0.000000000000000000e+00 1.597657031633711085e+03 3.568746082622378162e+04 0.000000000000000000e+00 1.155405191639532131e+04 0.000000000000000000e+00 3.901782693322176669e+02
2.375276552426477672e-01 5.638590571277905110e+04 0.000000000000000000e+00 1.927314157145368154e+04 0.000000000000000000e+00 7.783590789242398387e+02 3.536271682193707238e+04 0.000000000000000000e+00 1.129548701001933659e+04 0.000000000000000000e+00 7.289665670592371498e+02
2.424991024241769377e-01 5.428323697938649275e+04 0.000000000000000000e+00 1.696399453007613920e+04 0.000000000000000000e+00 5.414681343170192349e+02 3.478091685378082911e+04 0.000000000000000000e+00 1.127674856920973070e+04 0.000000000000000000e+00 1.223763915385005021e+03
2.474998551644826128e-01 5.312591021453730355e+04 0.000000000000000000e+00 1.599758181235991105e+04 0.000000000000000000e+00 2.084721485750880674e+03 3.438601754723022896e+04 0.000000000000000000e+00 1.103340224143451815e+04 0.000000000000000000e+00 1.032274543707973180e+03
2.525200307756395035e-01 5.262154432415713381e+04 0.000000000000000000e+00 1.567722462109495973e+04 0.000000000000000000e+00 1.600342468295700655e+03 3.383148085369625915e+04 0.000000000000000000e+00 9.877794246829571421e+03 0.000000000000000000e+00 -5.506986699659759097e+02
2.575182250600202005e-01 5.098889394232918130e+04 0.000000000000000000e+00 1.528250568512033351e+04 0.000000000000000000e+00 2.908722032635422238e+03 3.332494735116608354e+04 0.000000000000000000e+00 9.270989166232024218e+03 0.000000000000000000e+00 -6.205881528947172683e+02
2.625255687975799335e-01 5.012732903520282707e+04 0.000000000000000000e+00 1.464854635704912471e+04 0.000000000000000000e+00 1.301843099218348925e+03 3.283521697951731767e+04 0.000000000000000000e+00 9.443000627603127214e+03 0.000000000000000000e+00 3.278894277400581814e+02
2.675305520911575030e-01 4.866317471451650636e+04 0.000000000000000000e+00 1.338810256693500378e+04 0.000000000000000000e+00 1.444225404233578502e+03 3.252144168128028832e+04 0.000000000000000000e+00 8.865207605528783461e+03 0.000000000000000000e+00 -1.260045981138067646e+02
2.725404586615198799e-01 4.769768657111122593e+04 0.000000000000000000e+00 1.259221156185539621e+04 0.000000000000000000e+00 2.510461469297085557e+02 3.180198148833764935e+04 0.000000000000000000e+00 8.680451472999417092e+03 0.000000000000000000e+00 1.596138996138996049e+02
2.775333197047151201e-01 4.640756512523586571e+04 0.000000000000000000e+00 1.223214743970842937e+04 0.000000000000000000e+00 1.805087600485951270e+03 3.170365156254038811e+04 0.000000000000000000e+00 8.259777599710496361e+03 0.000000000000000000e+00 -1.069834518055160515e+03
2.825123907298719983e-01 4.526773079725807474e+04 0.000000000000000000e+00 1.146750600876922181e+04 0.000000000000000000e+00 -2.445115945161489535e+01 3.131418622861730546e+04 0.000000000000000000e+00 8.389009176804793242e+03 0.000000000000000000e+00 1.659663311307355116e+02
2.875104651677040102e-01 4.476380157058034820e+04 0.000000000000000000e+00 1.120526106109940520e+04 0.000000000000000000e+00 1.830140777628806745e+03 3.079175636851177842e+04 0.000000000000000000e+00 7.783239226201876590e+03 0.000000000000000000e+00 1.081503663091361744e+02
2.924971317655564174e-01 4.336767661168202176e+04 0.000000000000000000e+00 1.103843641702019340e+04 0.000000000000000000e+00 3.541098382827220235e+02 3.042241986382919640e+04 0.000000000000000000e+00 7.221342334323596333e+03 0.000000000000000000e+00 -5.343944791871365396e+02
2.975058823671092867e-01 4.226602681822218437e+04 0.000000000000000000e+00 1.002011118017937952e+04 0.000000000000000000e+00 4.971051860403161413e+02 3.011544125743717086e+04 0.000000000000000000e+00 6.800549151940324919e+03 0.000000000000000000e+00 -1.596931222804369099e+02
3.025121359101998753e-01 4.180419627339933504e+04 0.000000000000000000e+00 9.294845531970082448e+03 0.000000000000000000e+00 3.250575634429985712e+02 2.960738057152738838e+04 0.000000000000000000e+00 6.829085815572176216e+03 0.000000000000000000e+00 -8.109594915913709201e+02
3.075010376196579687e-01 4.063032893347965000e+04 0.000000000000000000e+00 9.142521565553639448e+03 0.000000000000000000e+00 1.262853989653550798e+03 2.925130083085123260e+04 0.000000000000000000e+00 6.865686032293463541e+03 0.000000000000000000e+00 -3.229662538537911018e+02
3.125134169243361515e-01 4.016064990951136133e+04 0.000000000000000000e+00 8.516072551779610876e+03 0.000000000000000000e+00 5.346869495274481778e+02 2.901467862457269439e+04 0.000000000000000000e+00 5.985976754474160771e+03 0.000000000000000000e+00 -2.075935049266036572e+02
3.175159688234982513e-01 3.927432735703549406e+04 0.000000000000000000e+00 8.262333290762444449e+03 0.000000000000000000e+00 4.623525851990843876e+02 2.886611193523985276e+04 0.000000000000000000e+00 6.429725535656393731e+03 0.000000000000000000e+00 -2.196816614435460906e+02
3.225221380836135188e-01 3.846859611100623442e+04 0.000000000000000000e+00 6.842685595620162530e+03 0.000000000000000000e+00 4.671184066452709658e+02 2.838486871814234837e+04 0.000000000000000000e+00 5.799866188408533162e+03 0.000000000000000000e+00 -4.684733622805362074e+02
3.275181733526948968e-01 3.765415001851166016e+04 0.000000000000000000e+00 7.238242428730100073e+03 0.000000000000000000e+00 1.447090151795631243e+02 2.815843613476490282e+04 0.000000000000000000e+00 5.525770899666789774e+03 0.000000000000000000e+00 -1.080892928544983306e+03
3.325123842131759710e-01 3.723167335901154001e+04 0.000000000000000000e+00 6.560390830568330784e+03 0.000000000000000000e+00 1.452132399903929127e+03 2.775818632413247178e+04 0.000000000000000000e+00 5.436703701397475925e+03 0.000000000000000000e+00 -4.896914879422151898e+02
3.374959366892091861e-01 3.655724485863434529e+04 0.000000000000000000e+00 6.252545843113898627e+03 0.000000000000000000e+00 2.583125985355428611e+02 2.742127232596433532e+04 0.000000000000000000e+00 5.527512595032057106e+03 0.000000000000000000e+00 -5.016192761797989306e+02
3.424919221947719805e-01 3.574292016768203757e+04 0.000000000000000000e+00 6.118183766845294485e+03 0.000000000000000000e+00 6.030940169515539537e+02 2.735252118110826996e+04 0.000000000000000000e+00 5.009264515913959258e+03 0.000000000000000000e+00 -5.530912666994474876e+02
3.475179778446125245e-01 3.526408573202208208e+04 0.000000000000000000e+00 5.761569314209167715e+03 0.000000000000000000e+00 6.651088966576272696e+02 2.698608396771980188e+04 0.000000000000000000e+00 4.966016401476786086e+03 0.000000000000000000e+00 -3.306149573626947813e+02
3.525052850529177828e-01 3.476430541274149437e+04 0.000000000000000000e+00 5.376240140507743490e+03 0.000000000000000000e+00 -1.996546223854383015e+02 2.675096381925594687e+04 0.000000000000000000e+00 5.024851221459364751e+03 0.000000000000000000e+00 -9.722456969503432447e+02
3.575133254796376558e-01 3.434489846785875852e+04 0.000000000000000000e+00 4.728609668048839012e+03 0.000000000000000000e+00 4.839763012470204444e+02 2.663633978431988726e+04 0.000000000000000000e+00 4.568342083681431177e+03 0.000000000000000000e+00 -1.752537192172973448e+02
3.625250227669692404e-01 3.360998982081011491e+04 0.000000000000000000e+00 5.097970064749284575e+03 0.000000000000000000e+00 3.929073934648396289e+02 2.634534702605029088e+04 0.000000000000000000e+00 4.622872458967022794e+03 0.000000000000000000e+00 -5.037415449480499774e+02
3.675230446100045678e-01 3.328018663109011686e+04 0.000000000000000000e+00 4.609486983210492326e+03 0.000000000000000000e+00 4.783428034031012999e+02 2.621987463639743874e+04 0.000000000000000000e+00 4.364875212329316128e+03 0.000000000000000000e+00 -5.769466278823932726e+02
3.725177060730277545e-01 3.285382491852021485e+04 0.000000000000000000e+00 4.989264108868432231e+03 0.000000000000000000e+00 -1.370638544227800537e+02 2.595859797587054709e+04 0.000000000000000000e+00 4.183619417919835541e+03 0.000000000000000000e+00 -3.680245297043856567e+02
3.775163034622419089e-01 3.201782384620158336e+04 0.000000000000000000e+00 4.120876507540287093e+03 0.000000000000000000e+00 7.481790361395935633e+02 2.574751937995186745e+04 0.000000000000000000e+00 4.438328352445508244e+03 0.000000000000000000e+00 -6.187587177029533905e+02
3.825226892977953153e-01 3.178812886486486605e+04 0.000000000000000000e+00 3.884775783783783936e+03 0.000000000000000000e+00 1.224454702702702662e+03 2.549419243243243181e+04 0.000000000000000000e+00 4.460635675675675884e+03 0.000000000000000000e+00 1.309936233108108183e+01
3.875130067694269043e-01 3.149642655426765123e+04 0.000000000000000000e+00 4.103342044257113230e+03 0.000000000000000000e+00 1.003433087460484785e+03 2.543092939936775656e+04 0.000000000000000000e+00 4.325546891464699911e+03 0.000000000000000000e+00 -7.285036880927292486e+02
3.924957861003909865e-01 3.090447686415859789e+04 0.000000000000000000e+00 3.724931406687478102e+03 0.000000000000000000e+00 1.991944955427541800e+03 2.530924437292826769e+04 0.000000000000000000e+00 3.942654986644353812e+03 0.000000000000000000e+00 1.877752518263444301e+02
3.975064703251052212e-01 3.084505792701815517e+04 0.000000000000000000e+00 3.666107626541106583e+03 0.000000000000000000e+00 1.044134663279846336e+03 2.510848031720463769e+04 0.000000000000000000e+00 4.181430345083947941e+03 0.000000000000000000e+00 2.845462610742828815e+02
