3.798113400606732779e-03 3.922559473684210097e+05 0.000000000000000000e+00 4.004382631578947185e+05 0.000000000000000000e+00 -1.833834105263157748e+06 1.251659317894736826e+08 0.000000000000000000e+00 4.973600875789473653e+08 0.000000000000000000e+00 6.931495882105262280e+08
8.299341265228576958e-03 1.027999375000000000e+06 0.000000000000000000e+00 1.132349750000000000e+06 0.000000000000000000e+00 3.383987500000000000e+04 3.754731600000000000e+07 0.000000000000000000e+00 6.694703600000000000e+07 0.000000000000000000e+00 -1.465564200000000000e+07
1.293222767532251419e-02 9.893662165605096379e+05 0.000000000000000000e+00 4.685821656050955644e+05 0.000000000000000000e+00 -1.797001783439490537e+05 1.558458537579617836e+07 0.000000000000000000e+00 2.342595342675159499e+07 0.000000000000000000e+00 -1.521917228025477752e+07
1.764839556552980082e-02 1.029188164383561583e+06 0.000000000000000000e+00 9.397351232876711292e+05 0.000000000000000000e+00 6.431961643835615832e+05 8.165640767123287544e+06 0.000000000000000000e+00 1.855335978082191572e+07 0.000000000000000000e+00 5.053499616438356228e+06
2.256548662787912635e-02 8.746997353497165022e+05 0.000000000000000000e+00 7.662787750472590560e+05 0.000000000000000000e+00 -3.852515387523629470e+05 4.648040045368620194e+06 0.000000000000000000e+00 8.632529058601133525e+06 0.000000000000000000e+00 -1.726288211720226798e+06
2.777643688250242340e-02 8.930112780487805139e+05 0.000000000000000000e+00 7.886688780487804906e+05 0.000000000000000000e+00 2.229261853658536565e+05 2.834652721951219719e+06 0.000000000000000000e+00 5.617437346341463737e+06 0.000000000000000000e+00 6.441061853658537148e+05
3.269804980233311648e-02 7.300076160000000382e+05 0.000000000000000000e+00 5.123069760000000242e+05 0.000000000000000000e+00 5.590572500000000673e+02 1.829161087999999989e+06 0.000000000000000000e+00 3.494660608000000007e+06 0.000000000000000000e+00 2.690774720000000088e+05
3.761648458559932462e-02 6.328414079568441957e+05 0.000000000000000000e+00 5.033009197572488338e+05 0.000000000000000000e+00 1.359854565070802346e+05 1.205792021577882580e+06 0.000000000000000000e+00 2.283632895482130814e+06 0.000000000000000000e+00 -8.726459878624409612e+04
4.263843696389812976e-02 5.242313571428571013e+05 0.000000000000000000e+00 3.562783928571428405e+05 0.000000000000000000e+00 -7.382114955357143060e+01 7.834685000000000000e+05 0.000000000000000000e+00 1.416990857142857043e+06 0.000000000000000000e+00 -5.877974553571428260e+04
4.756514582339458480e-02 4.539310388137811096e+05 0.000000000000000000e+00 3.683169576973397634e+05 0.000000000000000000e+00 4.310696205843873031e+04 5.976131321412996622e+05 0.000000000000000000e+00 1.026456059310946381e+06 0.000000000000000000e+00 -1.013431556912341912e+05
5.262096060748640974e-02 4.080008988764045062e+05 0.000000000000000000e+00 2.486224943820224726e+05 0.000000000000000000e+00 1.891389044943820045e+04 4.375041348314606585e+05 0.000000000000000000e+00 7.154312808988763718e+05 0.000000000000000000e+00 -6.543743820224719093e+04
5.756031740041873956e-02 3.977859009900990059e+05 0.000000000000000000e+00 2.825293663366336841e+05 0.000000000000000000e+00 5.097704826732673610e+03 3.590822574257425731e+05 0.000000000000000000e+00 5.847100594059405848e+05 0.000000000000000000e+00 -4.712937128712871345e+04
6.254738279606215923e-02 3.689870473387294332e+05 0.000000000000000000e+00 2.968412303164090845e+05 0.000000000000000000e+00 4.583938386068186810e+04 2.999609516801569844e+05 0.000000000000000000e+00 5.151626077998527908e+05 0.000000000000000000e+00 8.386272259013980511e+04
6.757793472572401483e-02 3.349889349736379227e+05 0.000000000000000000e+00 2.050816168717047258e+05 0.000000000000000000e+00 -3.375807557117750093e+03 2.315612653778558597e+05 0.000000000000000000e+00 3.130028541300527286e+05 0.000000000000000000e+00 -4.554181370826010243e+04
7.255917516659465827e-02 3.071192531151199364e+05 0.000000000000000000e+00 1.920738791147480079e+05 0.000000000000000000e+00 4.304419285847126986e+01 2.023533836711921322e+05 0.000000000000000000e+00 2.943290132043890771e+05 0.000000000000000000e+00 1.600968123488934361e+04
7.753384299139773339e-02 2.794131583528624033e+05 0.000000000000000000e+00 1.669574556411115045e+05 0.000000000000000000e+00 2.516325142283227615e+04 1.743037643120187568e+05 0.000000000000000000e+00 2.381477067291597195e+05 0.000000000000000000e+00 4.076966186809508145e+03
8.251793356505521260e-02 2.566099266055045882e+05 0.000000000000000000e+00 1.413614862385321176e+05 0.000000000000000000e+00 -1.320081995412844117e+04 1.477373394495412940e+05 0.000000000000000000e+00 1.783831192660550587e+05 0.000000000000000000e+00 -1.670695527522936027e+04
8.752751931716111489e-02 2.248629260075158963e+05 0.000000000000000000e+00 1.292161658675651270e+05 0.000000000000000000e+00 2.306971310094596629e+04 1.276538178048464470e+05 0.000000000000000000e+00 1.524277309835428314e+05 0.000000000000000000e+00 9.088394453803291526e+02
9.254701955136974967e-02 2.082599088422971836e+05 0.000000000000000000e+00 1.290523099361896020e+05 0.000000000000000000e+00 -6.934118049225159666e+03 1.157155442114858743e+05 0.000000000000000000e+00 1.330063518687328906e+05 0.000000000000000000e+00 7.029872379216043555e+03
9.754963178921903511e-02 1.876483751701036235e+05 0.000000000000000000e+00 1.075541136815659993e+05 0.000000000000000000e+00 1.047133591541924034e+04 1.032027836281796335e+05 0.000000000000000000e+00 1.136546341463414574e+05 0.000000000000000000e+00 6.426922642101957535e+03
1.025319613041059119e-01 1.699401365853658644e+05 0.000000000000000000e+00 9.492307091932457115e+04 0.000000000000000000e+00 5.592995497185741442e+03 9.337130506566603435e+04 0.000000000000000000e+00 9.509418386491556885e+04 0.000000000000000000e+00 3.637830393996247494e+03
1.075116003998943526e-01 1.595783101309441845e+05 0.000000000000000000e+00 8.450502549965541402e+04 0.000000000000000000e+00 2.526688662991040474e+03 8.702197656788422319e+04 0.000000000000000000e+00 8.248065058580289769e+04 0.000000000000000000e+00 2.157152997932460494e+03
1.125102861506304813e-01 1.494347808610960783e+05 0.000000000000000000e+00 7.769318018087655946e+04 0.000000000000000000e+00 5.778827858081472186e+03 7.945326180721960554e+04 0.000000000000000000e+00 7.128213836283527780e+04 0.000000000000000000e+00 6.203477776918914969e+03
1.175500852175193622e-01 1.420852703740577563e+05 0.000000000000000000e+00 7.364308690086759452e+04 0.000000000000000000e+00 2.745124733323851615e+03 7.458008021618546627e+04 0.000000000000000000e+00 6.154031005546863889e+04 0.000000000000000000e+00 3.133489404067700434e+03
1.225369446564099490e-01 1.359135523336643528e+05 0.000000000000000000e+00 6.865550532936114178e+04 0.000000000000000000e+00 1.838089109566368961e+03 6.989626216484607721e+04 0.000000000000000000e+00 5.614970195299570332e+04 0.000000000000000000e+00 2.811922939424031938e+03
1.275260957852891452e-01 1.314469813242784294e+05 0.000000000000000000e+00 6.694039873878243088e+04 0.000000000000000000e+00 -3.060662139219014989e+03 6.653731360659713391e+04 0.000000000000000000e+00 4.889168081494057697e+04 0.000000000000000000e+00 6.197219500363812585e+03
1.325302087090364789e-01 1.240021134616463678e+05 0.000000000000000000e+00 5.494156332416811347e+04 0.000000000000000000e+00 7.619255934010436704e+02 6.352681443241119996e+04 0.000000000000000000e+00 4.372034610852364858e+04 0.000000000000000000e+00 -3.614005948038830525e+02
1.375062694904859717e-01 1.161614327349524829e+05 0.000000000000000000e+00 5.210429567053854407e+04 0.000000000000000000e+00 2.609182470960929095e+03 5.932003210137275164e+04 0.000000000000000000e+00 3.871435691657866846e+04 0.000000000000000000e+00 6.634019852164730764e+03
1.425134422753508989e-01 1.104081213284699479e+05 0.000000000000000000e+00 5.491038433480514504e+04 0.000000000000000000e+00 5.049516989825302517e+03 5.656480092148204858e+04 0.000000000000000000e+00 3.370315070071030641e+04 0.000000000000000000e+00 1.830699750431944722e+03
1.475259222195813014e-01 1.044712568226342846e+05 0.000000000000000000e+00 4.691125937400336989e+04 0.000000000000000000e+00 2.568000546721946193e+03 5.442002606041277613e+04 0.000000000000000000e+00 3.041742512187343527e+04 0.000000000000000000e+00 1.857743177365711347e+02
1.525299430011916868e-01 9.813347040919850406e+04 0.000000000000000000e+00 4.421121947920189268e+04 0.000000000000000000e+00 4.653573892458573027e+03 5.143943185661143070e+04 0.000000000000000000e+00 2.716352248900913037e+04 0.000000000000000000e+00 3.907604666892120349e+03
1.574945685492469272e-01 9.325668880171471392e+04 0.000000000000000000e+00 4.268852800582358759e+04 0.000000000000000000e+00 5.648946495733408710e+02 5.010028810611881636e+04 0.000000000000000000e+00 2.798371076151575107e+04 0.000000000000000000e+00 2.098162817972257017e+03
1.625189323163163113e-01 8.904890861313868663e+04 0.000000000000000000e+00 3.576071240875912918e+04 0.000000000000000000e+00 4.705723211678832740e+03 4.847980846715329244e+04 0.000000000000000000e+00 2.461620788321168220e+04 0.000000000000000000e+00 2.970417810218978502e+03
1.675461007718098694e-01 8.441685649202733475e+04 0.000000000000000000e+00 3.780081321184510307e+04 0.000000000000000000e+00 1.861721383826879219e+03 4.634769020501138584e+04 0.000000000000000000e+00 2.182436446469248040e+04 0.000000000000000000e+00 -1.881743308656036220e+02
1.725292014006662711e-01 8.072654567030358885e+04 0.000000000000000000e+00 3.330931548933645536e+04 0.000000000000000000e+00 3.979319510828361672e+03 4.536057223852062452e+04 0.000000000000000000e+00 2.051077957609519945e+04 0.000000000000000000e+00 1.653826152882618771e+03
1.775301965061671094e-01 7.749730439172135084e+04 0.000000000000000000e+00 3.037287430590610893e+04 0.000000000000000000e+00 3.946819787985865787e+03 4.324112670368500403e+04 0.000000000000000000e+00 1.843664613831398310e+04 0.000000000000000000e+00 7.124678192831902379e+01
1.825147654490652804e-01 7.452314360837839195e+04 0.000000000000000000e+00 2.915390493072173558e+04 0.000000000000000000e+00 1.595219238382226877e+03 4.262562982658276451e+04 0.000000000000000000e+00 1.725590617152648701e+04 0.000000000000000000e+00 -8.767549410617743888e+02
1.875360723572403465e-01 7.201603217877095449e+04 0.000000000000000000e+00 2.505745519553072518e+04 0.000000000000000000e+00 5.350801787709497148e+03 4.147502122905028227e+04 0.000000000000000000e+00 1.536431195530726291e+04 0.000000000000000000e+00 9.743870391061452665e+02
1.925323683450522461e-01 6.962846995823069301e+04 0.000000000000000000e+00 2.477488186783763376e+04 0.000000000000000000e+00 -7.516754310806468311e+02 4.021328649459141161e+04 0.000000000000000000e+00 1.474747777658776795e+04 0.000000000000000000e+00 -1.274957695191174935e+03
1.975198663583639380e-01 6.674999752118375909e+04 0.000000000000000000e+00 2.113184489692677380e+04 0.000000000000000000e+00 4.646610851144555454e+03 3.963342982167698938e+04 0.000000000000000000e+00 1.351452475022132239e+04 0.000000000000000000e+00 2.603352978373592919e+02
2.025153694923672032e-01 6.384360976551192289e+04 0.000000000000000000e+00 2.326929576377497142e+04 0.000000000000000000e+00 2.502421113577149754e+03 3.825586258805365651e+04 0.000000000000000000e+00 1.326071137701437874e+04 0.000000000000000000e+00 -5.323911994596160184e+02
2.075088499274508613e-01 6.169284022991138045e+04 0.000000000000000000e+00 1.896674272367125377e+04 0.000000000000000000e+00 -3.569021273672399275e+02 3.755698916851771355e+04 0.000000000000000000e+00 1.301941056584762737e+04 0.000000000000000000e+00 2.623943987725846796e+02
2.125178062418619784e-01 5.971882003840112156e+04 0.000000000000000000e+00 1.983116355384884082e+04 0.000000000000000000e+00 1.891182405306336250e+03 3.660516809216268302e+04 0.000000000000000000e+00 1.144186769069645743e+04 0.000000000000000000e+00 2.976803325187642031e+02
2.175004174234404231e-01 5.764449457116404665e+04 0.000000000000000000e+00 1.815927009510984135e+04 0.000000000000000000e+00 5.499972224560222003e+02 3.571909973907920357e+04 0.000000000000000000e+00 1.052274522346603771e+04 0.000000000000000000e+00 -7.531046155626630600e+00
2.225093171556767890e-01 5.547517629676326760e+04 0.000000000000000000e+00 1.649261629991529117e+04 0.000000000000000000e+00 2.953069640078012526e+03 3.486157829829987895e+04 0.000000000000000000e+00 1.028254352751127954e+04 0.000000000000000000e+00 4.393356710860700218e+02
2.275289586476768322e-01 5.380813959895913285e+04 0.000000000000000000e+00 1.596296831470993493e+04 0.000000000000000000e+00 1.738217051890402672e+03 3.430706627889178344e+04 0.000000000000000000e+00 9.815060768406552597e+03 0.000000000000000000e+00 -1.200895913056788686e+03
2.325285406108919262e-01 5.233782693322176783e+04 0.000000000000000000e+00 1.517753951940043407e+04 0.000000000000000000e+00 1.778407581903843720e+03 3.374837713059138332e+04 0.000000000000000000e+00 8.516045622396450199e+03 0.000000000000000000e+00 3.275713532097575467e+02
2.375276552426477672e-01 5.055730905255756807e+04 0.000000000000000000e+00 1.410412740376164584e+04 0.000000000000000000e+00 1.295158112146247049e+02 3.315764963965547940e+04 0.000000000000000000e+00 8.515463244858499820e+03 0.000000000000000000e+00 9.804511865002637023e+02
2.424991024241769377e-01 4.853227626491989213e+04 0.000000000000000000e+00 1.256834102611719754e+04 0.000000000000000000e+00 2.164305978086539653e+03 3.267119990545810651e+04 0.000000000000000000e+00 8.554335860077997495e+03 0.000000000000000000e+00 -1.813933111610082278e+02
2.474998551644826128e-01 4.804562997118155909e+04 0.000000000000000000e+00 1.137250797310278540e+04 0.000000000000000000e+00 2.781038744796670017e+03 3.198291693884085907e+04 0.000000000000000000e+00 8.045547998719180214e+03 0.000000000000000000e+00 1.448543547870637269e+02
2.525200307756395035e-01 4.618579696875967056e+04 0.000000000000000000e+00 1.128649600989792816e+04 0.000000000000000000e+00 1.001045963501391952e+03 3.147665697494587221e+04 0.000000000000000000e+00 7.200714630374265653e+03 0.000000000000000000e+00 -4.776155273739561267e+02
2.575182250600202005e-01 4.457817021086357272e+04 0.000000000000000000e+00 8.703856940615452913e+03 0.000000000000000000e+00 1.059362253185306599e+03 3.122638825720885143e+04 0.000000000000000000e+00 7.051894434095819634e+03 0.000000000000000000e+00 4.873995678414424901e+02
2.625255687975799335e-01 4.398162012894391228e+04 0.000000000000000000e+00 9.314725851543333192e+03 0.000000000000000000e+00 1.718062646203001123e+03 3.066621692246248494e+04 0.000000000000000000e+00 6.477141324813145729e+03 0.000000000000000000e+00 -1.289213898556512731e+03
2.675305520911575030e-01 4.251089954571187991e+04 0.000000000000000000e+00 8.520056005854654359e+03 0.000000000000000000e+00 5.776468703828999196e+02 3.019804222532138374e+04 0.000000000000000000e+00 6.237510114469559994e+03 0.000000000000000000e+00 -8.498579141409259137e+02
2.725404586615198799e-01 4.157795694716242724e+04 0.000000000000000000e+00 8.485615697889670628e+03 0.000000000000000000e+00 1.387998624847939936e+03 2.963092018829004883e+04 0.000000000000000000e+00 5.977379806420902241e+03 0.000000000000000000e+00 -3.749336224678690428e+02
2.775333197047151201e-01 4.047291048672680336e+04 0.000000000000000000e+00 8.119659834052782571e+03 0.000000000000000000e+00 2.590249127613927158e+03 2.923036678987773485e+04 0.000000000000000000e+00 6.210400806472458498e+03 0.000000000000000000e+00 -8.758258588156228086e+01
2.825123907298719983e-01 3.954926973383560835e+04 0.000000000000000000e+00 6.683185672821589833e+03 0.000000000000000000e+00 4.777380658309146355e+01 2.862663363181621753e+04 0.000000000000000000e+00 5.480143765824739603e+03 0.000000000000000000e+00 -5.319644290742913881e+02
2.875104651677040102e-01 3.817860180042137654e+04 0.000000000000000000e+00 6.902388814403370816e+03 0.000000000000000000e+00 1.014366117601991959e+03 2.854613292472706235e+04 0.000000000000000000e+00 5.314146715188660892e+03 0.000000000000000000e+00 -1.524550181957479253e+03
2.924971317655564174e-01 3.789434162919464870e+04 0.000000000000000000e+00 5.470527043429006881e+03 0.000000000000000000e+00 -6.107882416858361694e+02 2.812457210232461148e+04 0.000000000000000000e+00 4.922849460749748687e+03 0.000000000000000000e+00 -8.844099920239511903e+02
2.975058823671092867e-01 3.670645235769469582e+04 0.000000000000000000e+00 6.040228754107095483e+03 0.000000000000000000e+00 1.182558120948405985e+03 2.760589787763075947e+04 0.000000000000000000e+00 4.679447651185507311e+03 0.000000000000000000e+00 -5.458940147411419730e+02
3.025121359101998753e-01 3.583064251437464554e+04 0.000000000000000000e+00 5.210250486360295326e+03 0.000000000000000000e+00 -6.128442782413211489e+02 2.723807461847736704e+04 0.000000000000000000e+00 4.606677791708097175e+03 0.000000000000000000e+00 -1.569210496735981906e+03
3.075010376196579687e-01 3.529210087265507173e+04 0.000000000000000000e+00 5.250309912734493992e+03 0.000000000000000000e+00 8.699375659716779410e+02 2.707423466583059053e+04 0.000000000000000000e+00 3.963923958823222165e+03 0.000000000000000000e+00 -7.353115744369546292e+02
3.125134169243361515e-01 3.456817212949929672e+04 0.000000000000000000e+00 3.819507580937060084e+03 0.000000000000000000e+00 3.296091292982103482e+02 2.672606024532475567e+04 0.000000000000000000e+00 4.093459239895435530e+03 0.000000000000000000e+00 -1.585830203096722244e+03
3.175159688234982513e-01 3.372865074515428569e+04 0.000000000000000000e+00 3.882436443300488463e+03 0.000000000000000000e+00 -1.741869713432425328e+02 2.651237614327396295e+04 0.000000000000000000e+00 3.919179966794706615e+03 0.000000000000000000e+00 -1.070686013498246439e+03
3.225221380836135188e-01 3.315517764772513328e+04 0.000000000000000000e+00 3.699975080234095003e+03 0.000000000000000000e+00 -1.437235038701151666e+02 2.608886237492920554e+04 0.000000000000000000e+00 3.661689258070606229e+03 0.000000000000000000e+00 -7.776463658674722410e+02
3.275181733526948968e-01 3.226717926693817208e+04 0.000000000000000000e+00 3.595893372824879862e+03 0.000000000000000000e+00 -1.735488522769344684e+02 2.590483524620510798e+04 0.000000000000000000e+00 3.745462273232136340e+03 0.000000000000000000e+00 -8.627681599407626436e+02
3.325123842131759710e-01 3.205984119839526102e+04 0.000000000000000000e+00 2.734402946173621331e+03 0.000000000000000000e+00 2.973262940658441380e+02 2.552612647553305942e+04 0.000000000000000000e+00 3.458222581993826680e+03 0.000000000000000000e+00 -7.889166229306955529e+02
3.374959366892091861e-01 3.118970703850331120e+04 0.000000000000000000e+00 2.333900430928774313e+03 0.000000000000000000e+00 -1.926832498335844264e+02 2.517332810146095653e+04 0.000000000000000000e+00 3.246458746452720789e+03 0.000000000000000000e+00 -1.446770836982798073e+03
3.424919221947719805e-01 3.063534370650643177e+04 0.000000000000000000e+00 2.952676528681795844e+03 0.000000000000000000e+00 2.215633933110535168e+02 2.509866551100517609e+04 0.000000000000000000e+00 3.197253348223587182e+03 0.000000000000000000e+00 -1.097757161073098359e+03
3.475179778446125245e-01 3.024474767210115169e+04 0.000000000000000000e+00 2.618535106348220779e+03 0.000000000000000000e+00 7.326672983304472382e+02 2.469986186166563130e+04 0.000000000000000000e+00 3.121862580455451280e+03 0.000000000000000000e+00 -5.569296566144998906e+02
3.525052850529177828e-01 2.973443269998403412e+04 0.000000000000000000e+00 2.397427430943637319e+03 0.000000000000000000e+00 -4.991560753632444403e+01 2.470388963755388977e+04 0.000000000000000000e+00 2.963549736547980046e+03 0.000000000000000000e+00 -1.588656298898291652e+03
3.575133254796376558e-01 2.904568022012554502e+04 0.000000000000000000e+00 1.929308428692966345e+03 0.000000000000000000e+00 4.086524055154018811e+02 2.423381968406772648e+04 0.000000000000000000e+00 3.000309708670892633e+03 0.000000000000000000e+00 -9.352884242475339533e+02
3.625250227669692404e-01 2.875340846258093370e+04 0.000000000000000000e+00 2.249177413040204556e+03 0.000000000000000000e+00 5.906425538322541797e+02 2.401709429302815624e+04 0.000000000000000000e+00 2.435173257039602504e+03 0.000000000000000000e+00 -9.311342267730763069e+02
3.675230446100045678e-01 2.819642292354686651e+04 0.000000000000000000e+00 1.481270432823743022e+03 0.000000000000000000e+00 2.519662897593479727e+02 2.387892354686554609e+04 0.000000000000000000e+00 2.523616968848646593e+03 0.000000000000000000e+00 -9.086570872427444101e+02
3.725177060730277545e-01 2.787145291325976359e+04 0.000000000000000000e+00 1.143773343244325133e+03 0.000000000000000000e+00 5.171043513065355910e+02 2.367938887300588976e+04 0.000000000000000000e+00 2.431837383498198960e+03 0.000000000000000000e+00 -9.906938075361656502e+02
3.775163034622419089e-01 2.733569698181642525e+04 0.000000000000000000e+00 1.055592334903220944e+03 0.000000000000000000e+00 5.190160321608594813e+02 2.348188380993097599e+04 0.000000000000000000e+00 2.603538852993704495e+03 0.000000000000000000e+00 -5.984561684169879072e+02
3.825226892977953153e-01 2.715645751351351282e+04 0.000000000000000000e+00 1.186275459459459398e+03 0.000000000000000000e+00 9.352815135135134597e+02 2.335497686486486418e+04 0.000000000000000000e+00 2.285815999999999804e+03 0.000000000000000000e+00 -4.489587837837837583e+02
3.875130067694269043e-01 2.675012855637513348e+04 0.000000000000000000e+00 1.064867017913593372e+03 0.000000000000000000e+00 5.765182824025290529e+02 2.298983688092729426e+04 0.000000000000000000e+00 2.091569652265542572e+03 0.000000000000000000e+00 -7.559342992623815007e+02
3.924957861003909865e-01 2.629287986354713212e+04 0.000000000000000000e+00 6.852088951823126308e+02 0.000000000000000000e+00 1.102634338493225641e+03 2.282421950889840082e+04 0.000000000000000000e+00 2.386617526469925906e+03 0.000000000000000000e+00 9.014287645222540846e+01
3.975064703251052212e-01 2.624738769592962126e+04 0.000000000000000000e+00 7.995712781116411634e+02 0.000000000000000000e+00 1.320635499659252901e+03 2.272821956508270887e+04 0.000000000000000000e+00 2.123574400594759027e+03 0.000000000000000000e+00 4.727022489312930276e+01
