3.798113400606732779e-03 8.188806842105262913e+05 0.000000000000000000e+00 3.605426526315789204e+06 0.000000000000000000e+00 5.521186105263157748e+06 1.173202189473684132e+08 0.000000000000000000e+00 4.485344471578947306e+08 0.000000000000000000e+00 5.900032538947367668e+08
8.299341265228576958e-03 1.153494250000000000e+06 0.000000000000000000e+00 1.057784750000000000e+06 0.000000000000000000e+00 7.156221875000000000e+05 3.539888000000000000e+07 0.000000000000000000e+00 6.143605600000000000e+07 0.000000000000000000e+00 -1.301680000000000000e+05
1.293222767532251419e-02 1.167505834394904552e+06 0.000000000000000000e+00 9.309041528662421042e+05 0.000000000000000000e+00 -6.969858598726114724e+04 1.712961059872611612e+07 0.000000000000000000e+00 3.365002924840764701e+07 0.000000000000000000e+00 -8.032670165605096146e+06
1.764839556552980082e-02 9.982311232876711292e+05 0.000000000000000000e+00 8.626635068493150175e+05 0.000000000000000000e+00 4.993795616438355646e+05 8.216533041095890105e+06 0.000000000000000000e+00 1.756516997260273993e+07 0.000000000000000000e+00 3.296532602739725728e+06
2.256548662787912635e-02 8.897789338374291547e+05 0.000000000000000000e+00 6.746602344045368955e+05 0.000000000000000000e+00 -1.958671909262760018e+05 4.430154041587902233e+06 0.000000000000000000e+00 8.370558306238185614e+06 0.000000000000000000e+00 -2.083931463137996383e+06
2.777643688250242340e-02 8.389326829268293222e+05 0.000000000000000000e+00 7.214867512195121963e+05 0.000000000000000000e+00 -2.528057560975609886e+04 2.586022868292682804e+06 0.000000000000000000e+00 4.841706458536585793e+06 0.000000000000000000e+00 -5.284095999999999767e+05
3.269804980233311648e-02 6.506220799999999581e+05 0.000000000000000000e+00 6.682586240000000689e+05 0.000000000000000000e+00 1.101006640000000043e+05 1.624687743999999948e+06 0.000000000000000000e+00 3.286975743999999948e+06 0.000000000000000000e+00 2.926968960000000079e+05
3.761648458559932462e-02 5.632591665542818373e+05 0.000000000000000000e+00 4.789756115981119219e+05 0.000000000000000000e+00 6.918244639244774589e+04 1.103265834120027022e+06 0.000000000000000000e+00 2.133479832771409303e+06 0.000000000000000000e+00 6.996115441672285669e+04
4.263843696389812976e-02 4.904527857142856810e+05 0.000000000000000000e+00 3.260982142857142608e+05 0.000000000000000000e+00 2.549907142857142753e+04 7.155636428571428405e+05 0.000000000000000000e+00 1.345856142857142724e+06 0.000000000000000000e+00 1.014505892857142753e+05
4.756514582339458480e-02 4.022514156127344468e+05 0.000000000000000000e+00 2.071526349760139710e+05 0.000000000000000000e+00 -1.098207483645878820e+05 5.204103201046664035e+05 0.000000000000000000e+00 8.417800819886612007e+05 0.000000000000000000e+00 -1.940412594853903283e+05
5.262096060748640974e-02 3.874314606741573079e+05 0.000000000000000000e+00 2.594783820224718947e+05 0.000000000000000000e+00 1.622071488764044989e+04 4.007580224719101097e+05 0.000000000000000000e+00 7.015955056179774692e+05 0.000000000000000000e+00 6.703903932584269205e+04
5.756031740041873956e-02 3.505189306930692983e+05 0.000000000000000000e+00 2.276103564356435672e+05 0.000000000000000000e+00 1.005896658415841557e+04 3.224803366336633917e+05 0.000000000000000000e+00 5.187256237623762572e+05 0.000000000000000000e+00 1.902551361386138524e+03
6.254738279606215923e-02 3.293265754231052124e+05 0.000000000000000000e+00 1.742990159430954081e+05 0.000000000000000000e+00 -1.502952563159185593e+04 2.754402707873436157e+05 0.000000000000000000e+00 4.200706323276918847e+05 0.000000000000000000e+00 -1.153438214373313713e+04
6.757793472572401483e-02 3.062252934973638039e+05 0.000000000000000000e+00 2.003622214411247696e+05 0.000000000000000000e+00 3.218367662565904902e+04 2.136529068541300367e+05 0.000000000000000000e+00 3.189667486818980542e+05 0.000000000000000000e+00 7.025700351493848757e+03
7.255917516659465827e-02 2.745113661893249373e+05 0.000000000000000000e+00 1.880376180026036745e+05 0.000000000000000000e+00 1.878555328249953527e+04 1.783646434814952663e+05 0.000000000000000000e+00 2.586898567974707112e+05 0.000000000000000000e+00 1.251612274502510809e+04
7.753384299139773339e-02 2.498899604954804236e+05 0.000000000000000000e+00 1.550614690324740659e+05 0.000000000000000000e+00 1.199174958151991996e+04 1.543941399397388741e+05 0.000000000000000000e+00 2.036408222296618915e+05 0.000000000000000000e+00 8.475249414127887576e+03
8.251793356505521260e-02 2.286253394495412940e+05 0.000000000000000000e+00 1.181895504587156029e+05 0.000000000000000000e+00 5.814541284403670033e+03 1.363568623853211175e+05 0.000000000000000000e+00 1.687332660550458822e+05 0.000000000000000000e+00 1.314857798165137638e+03
8.752751931716111489e-02 2.093812953220163472e+05 0.000000000000000000e+00 1.195283887521057477e+05 0.000000000000000000e+00 5.928872878061422853e+03 1.189786290009070945e+05 0.000000000000000000e+00 1.470342153686665988e+05 0.000000000000000000e+00 2.284577322793831991e+04
9.254701955136974967e-02 1.848808751139471133e+05 0.000000000000000000e+00 1.070012762078395608e+05 0.000000000000000000e+00 2.452986873290792937e+04 1.041666581586144021e+05 0.000000000000000000e+00 1.183493527803099278e+05 0.000000000000000000e+00 1.360727620783956263e+04
9.754963178921903511e-02 1.689871194389197044e+05 0.000000000000000000e+00 8.865329174081439851e+04 0.000000000000000000e+00 1.115526180257510714e+04 9.432132146969538007e+04 0.000000000000000000e+00 1.056370614466659754e+05 0.000000000000000000e+00 1.068890777766146675e+04
1.025319613041059119e-01 1.535482236397748638e+05 0.000000000000000000e+00 8.428245853658537089e+04 0.000000000000000000e+00 2.423308442776735319e+03 8.596476397748592717e+04 0.000000000000000000e+00 8.482403902439023659e+04 0.000000000000000000e+00 7.297257973733583185e+02
1.075116003998943526e-01 1.439395396278428670e+05 0.000000000000000000e+00 7.145770916609234700e+04 0.000000000000000000e+00 -1.263463473466574669e+03 7.755030186078566476e+04 0.000000000000000000e+00 7.527439834596829314e+04 0.000000000000000000e+00 5.156186423156444107e+03
1.125102861506304813e-01 1.355910915977429249e+05 0.000000000000000000e+00 7.001962124140064407e+04 0.000000000000000000e+00 2.284936538610188109e+03 7.253059596506145317e+04 0.000000000000000000e+00 6.204822509082476608e+04 0.000000000000000000e+00 1.952838061374352719e+03
1.175500852175193622e-01 1.295099121035414719e+05 0.000000000000000000e+00 7.052762224434646487e+04 0.000000000000000000e+00 3.857986061726639491e+03 6.767773346607880376e+04 0.000000000000000000e+00 5.710606400227564154e+04 0.000000000000000000e+00 4.649624235528374811e+03
1.225369446564099490e-01 1.207210327706057724e+05 0.000000000000000000e+00 5.610544217146640585e+04 0.000000000000000000e+00 6.981289374379344736e+03 6.383251108904336434e+04 0.000000000000000000e+00 4.978158119827871997e+04 0.000000000000000000e+00 4.884033631247931226e+03
1.275260957852891452e-01 1.171500984719864209e+05 0.000000000000000000e+00 5.258295415959252568e+04 0.000000000000000000e+00 2.847634489449430021e+03 5.977964006791171414e+04 0.000000000000000000e+00 4.179272180451127497e+04 0.000000000000000000e+00 4.968774678632064024e+03
1.325302087090364789e-01 1.116413830873688275e+05 0.000000000000000000e+00 5.065425284776386980e+04 0.000000000000000000e+00 7.694828573031816177e+02 5.763648729027551599e+04 0.000000000000000000e+00 3.750313809550530277e+04 0.000000000000000000e+00 7.148143762976263815e+02
1.375062694904859717e-01 1.037707488912354747e+05 0.000000000000000000e+00 4.790225300950369274e+04 0.000000000000000000e+00 9.344069271383315936e+03 5.342396958817317500e+04 0.000000000000000000e+00 3.578775923970432632e+04 0.000000000000000000e+00 5.618746356916578407e+03
1.425134422753508989e-01 9.868923478594739572e+04 0.000000000000000000e+00 4.159630178537147003e+04 0.000000000000000000e+00 2.001554617009022877e+03 5.116902591668266541e+04 0.000000000000000000e+00 3.094386484929929065e+04 0.000000000000000000e+00 1.305161355346515620e+03
1.475259222195813014e-01 9.163358986741992703e+04 0.000000000000000000e+00 4.125016501890746440e+04 0.000000000000000000e+00 8.552307257733837105e+03 4.915212246571597643e+04 0.000000000000000000e+00 2.680816219417741013e+04 0.000000000000000000e+00 2.008018406305526469e+03
1.525299430011916868e-01 8.607148326006086427e+04 0.000000000000000000e+00 3.764360635779506265e+04 0.000000000000000000e+00 3.532642617095028470e+01 4.664042204937436327e+04 0.000000000000000000e+00 2.631322015556307088e+04 0.000000000000000000e+00 4.490209671964828885e+03
1.574945685492469272e-01 8.132849371132769738e+04 0.000000000000000000e+00 3.274761483398713608e+04 0.000000000000000000e+00 1.750574513689489095e+03 4.503599789703562419e+04 0.000000000000000000e+00 2.233939580215958267e+04 0.000000000000000000e+00 1.886536660330812310e+03
1.625189323163163113e-01 7.923783007299271412e+04 0.000000000000000000e+00 3.477742481751825107e+04 0.000000000000000000e+00 8.373371678832118050e+03 4.370607182481752534e+04 0.000000000000000000e+00 2.151565547445255652e+04 0.000000000000000000e+00 3.976727007299270554e+03
1.675461007718098694e-01 7.506209567198177683e+04 0.000000000000000000e+00 3.042838724373576042e+04 0.000000000000000000e+00 2.722073747152619489e+03 4.211678359908883431e+04 0.000000000000000000e+00 1.943476993166286775e+04 0.000000000000000000e+00 9.115995871298405291e+02
1.725292014006662711e-01 7.116851475096416834e+04 0.000000000000000000e+00 2.965393809539506401e+04 0.000000000000000000e+00 5.447555130698487119e+03 4.040998015624485561e+04 0.000000000000000000e+00 1.811243880410060592e+04 0.000000000000000000e+00 2.136607047499752753e+03
1.775301965061671094e-01 6.878121352852095151e+04 0.000000000000000000e+00 2.442925996971226778e+04 0.000000000000000000e+00 1.844869636547198297e+03 3.926620494699646952e+04 0.000000000000000000e+00 1.656105199394245210e+04 0.000000000000000000e+00 1.085239777889954667e+03
1.825147654490652804e-01 6.571602209814175148e+04 0.000000000000000000e+00 2.356702957251322005e+04 0.000000000000000000e+00 7.455646547903926376e+02 3.784964424355224764e+04 0.000000000000000000e+00 1.496783101421016909e+04 0.000000000000000000e+00 1.719200330881266837e+03
1.875360723572403465e-01 6.377112312849162117e+04 0.000000000000000000e+00 2.325980960893854717e+04 0.000000000000000000e+00 3.646666368715083991e+03 3.678874458100558695e+04 0.000000000000000000e+00 1.210041296089385469e+04 0.000000000000000000e+00 1.264615530726257020e+03
1.925323683450522461e-01 6.191581535825211176e+04 0.000000000000000000e+00 2.179131969583377941e+04 0.000000000000000000e+00 4.881456142229838406e+03 3.620053721752168349e+04 0.000000000000000000e+00 1.251008589482703246e+04 0.000000000000000000e+00 1.714028381707186327e+03
1.975198663583639380e-01 5.904918598710003425e+04 0.000000000000000000e+00 2.072512315669659802e+04 0.000000000000000000e+00 3.681945820159352024e+03 3.501200010117617057e+04 0.000000000000000000e+00 1.242552351081320194e+04 0.000000000000000000e+00 5.787933223725812013e+02
2.025153694923672032e-01 5.691788092251279159e+04 0.000000000000000000e+00 1.764947138859403640e+04 0.000000000000000000e+00 2.966693525041011412e+02 3.435066756730676570e+04 0.000000000000000000e+00 1.099342429798321064e+04 0.000000000000000000e+00 -1.537075291903888967e+02
2.075088499274508613e-01 5.431950207240834425e+04 0.000000000000000000e+00 1.633291900432801413e+04 0.000000000000000000e+00 1.037909180425473551e+03 3.346351581213218014e+04 0.000000000000000000e+00 1.004202926561176173e+04 0.000000000000000000e+00 1.796632164693489813e+02
2.125178062418619784e-01 5.269563833129691193e+04 0.000000000000000000e+00 1.635835503578285898e+04 0.000000000000000000e+00 4.956981323093035826e+03 3.302728434281724913e+04 0.000000000000000000e+00 9.468043986734159262e+03 0.000000000000000000e+00 -6.783667524873450816e+01
2.175004174234404231e-01 5.095139062368487794e+04 0.000000000000000000e+00 1.456742698426058450e+04 0.000000000000000000e+00 9.286260415789917033e+02 3.202194293409645616e+04 0.000000000000000000e+00 8.674255702381955416e+03 0.000000000000000000e+00 7.300071542799427959e+01
2.225093171556767890e-01 4.906354658103662223e+04 0.000000000000000000e+00 1.324631555721912446e+04 0.000000000000000000e+00 1.681552215283386886e+03 3.136469273654971403e+04 0.000000000000000000e+00 7.736085892712909299e+03 0.000000000000000000e+00 5.104271389452532617e+02
2.275289586476768322e-01 4.778259788764733094e+04 0.000000000000000000e+00 1.295222899127506571e+04 0.000000000000000000e+00 3.598519210163784010e+03 3.087740150007653574e+04 0.000000000000000000e+00 7.637158426450328989e+03 0.000000000000000000e+00 -2.468433816776366285e+01
2.325285406108919262e-01 4.686660869881578401e+04 0.000000000000000000e+00 1.194142811925854585e+04 0.000000000000000000e+00 8.354594437269205400e+02 3.000543714186964644e+04 0.000000000000000000e+00 7.401329961981336965e+03 0.000000000000000000e+00 1.151105542720972181e+02
2.375276552426477672e-01 4.463068630690807186e+04 0.000000000000000000e+00 1.118039613288803048e+04 0.000000000000000000e+00 2.683738020741782293e+03 3.000609119353137794e+04 0.000000000000000000e+00 6.763600773422394013e+03 0.000000000000000000e+00 -4.410352961856214051e+02
2.424991024241769377e-01 4.351700491280198912e+04 0.000000000000000000e+00 1.063580747218611214e+04 0.000000000000000000e+00 2.353076832171256001e+02 2.922297935272567702e+04 0.000000000000000000e+00 7.042039943950163433e+03 0.000000000000000000e+00 -3.368566508534094055e+02
2.474998551644826128e-01 4.248922497598463087e+04 0.000000000000000000e+00 9.709127889849503845e+03 0.000000000000000000e+00 2.251981043868075631e+03 2.844485225744476338e+04 0.000000000000000000e+00 5.611879346781940512e+03 0.000000000000000000e+00 4.855489593339737553e+02
2.525200307756395035e-01 4.083537321373337909e+04 0.000000000000000000e+00 8.556740612434272407e+03 0.000000000000000000e+00 7.596244973708629686e+02 2.831327138880297207e+04 0.000000000000000000e+00 5.865884070522734874e+03 0.000000000000000000e+00 6.332118001855862133e+01
2.575182250600202005e-01 3.987161946203710249e+04 0.000000000000000000e+00 7.389436852693539549e+03 0.000000000000000000e+00 2.875587333283659973e+03 2.781371045376648544e+04 0.000000000000000000e+00 5.063479144624096079e+03 0.000000000000000000e+00 -7.109937560539452761e+02
2.625255687975799335e-01 3.866022479602898238e+04 0.000000000000000000e+00 7.591477834198664823e+03 0.000000000000000000e+00 1.616868716836880139e+03 2.733249500770240047e+04 0.000000000000000000e+00 5.065370685228504954e+03 0.000000000000000000e+00 -1.224014805728304935e+02
2.675305520911575030e-01 3.750480065174465562e+04 0.000000000000000000e+00 7.077068585078913202e+03 0.000000000000000000e+00 2.143558636307148220e+02 2.715739313182640399e+04 0.000000000000000000e+00 5.229224893332044303e+03 0.000000000000000000e+00 -2.965523812153933250e+02
2.725404586615198799e-01 3.691842047918760363e+04 0.000000000000000000e+00 6.637367747395144761e+03 0.000000000000000000e+00 1.614082403342677253e+03 2.660578367800285559e+04 0.000000000000000000e+00 4.555148463532024834e+03 0.000000000000000000e+00 3.566970698683027194e+02
2.775333197047151201e-01 3.594951813270607818e+04 0.000000000000000000e+00 5.599625714064155545e+03 0.000000000000000000e+00 1.316351229095044800e+03 2.627016455139969548e+04 0.000000000000000000e+00 4.668162431824644045e+03 0.000000000000000000e+00 -8.175094476180628362e+02
2.825123907298719983e-01 3.506618217748410098e+04 0.000000000000000000e+00 5.274210238992157429e+03 0.000000000000000000e+00 1.304962885197307514e+03 2.586883873278577084e+04 0.000000000000000000e+00 4.148413759031680456e+03 0.000000000000000000e+00 -6.634809115049713455e+02
2.875104651677040102e-01 3.439211492051331152e+04 0.000000000000000000e+00 5.413151503543382205e+03 0.000000000000000000e+00 1.644017621145374505e+03 2.559870829343037622e+04 0.000000000000000000e+00 4.130961884696418565e+03 0.000000000000000000e+00 -4.666233345503735030e+00
2.924971317655564174e-01 3.323029677836987685e+04 0.000000000000000000e+00 4.823998612861088986e+03 0.000000000000000000e+00 1.437600596469731329e+02 2.518369261001745326e+04 0.000000000000000000e+00 3.583925279450692869e+03 0.000000000000000000e+00 -7.521947543030204315e+02
2.975058823671092867e-01 3.267458591599325155e+04 0.000000000000000000e+00 4.325189947606784699e+03 0.000000000000000000e+00 1.799160820531036279e+03 2.475511872835449685e+04 0.000000000000000000e+00 3.778543646212592193e+03 0.000000000000000000e+00 -2.586609315336115742e+02
3.025121359101998753e-01 3.203472673036185006e+04 0.000000000000000000e+00 3.891673684665600376e+03 0.000000000000000000e+00 1.804069171242056200e+03 2.442846604124335136e+04 0.000000000000000000e+00 3.352580000864640624e+03 0.000000000000000000e+00 -7.740894038303574689e+02
3.075010376196579687e-01 3.101851550399749249e+04 0.000000000000000000e+00 3.189805883889847337e+03 0.000000000000000000e+00 9.230076187490202528e+02 2.420186302973298007e+04 0.000000000000000000e+00 3.588916799916392392e+03 0.000000000000000000e+00 -6.761795474734807954e+01
3.125134169243361515e-01 3.057962211944500450e+04 0.000000000000000000e+00 3.349418379247938901e+03 0.000000000000000000e+00 1.495321234667202930e+02 2.388671240699778718e+04 0.000000000000000000e+00 2.885845968228433776e+03 0.000000000000000000e+00 -9.792125477578925938e+02
3.175159688234982513e-01 2.972773624387224845e+04 0.000000000000000000e+00 2.857568154355493334e+03 0.000000000000000000e+00 8.443704453242428372e+02 2.366469774341542870e+04 0.000000000000000000e+00 3.102597597037065952e+03 0.000000000000000000e+00 -8.987601654370229198e+02
3.225221380836135188e-01 2.899534921653766651e+04 0.000000000000000000e+00 2.507307532565603196e+03 0.000000000000000000e+00 4.241059090050972600e+02 2.322496084576175417e+04 0.000000000000000000e+00 2.701133471776477563e+03 0.000000000000000000e+00 -3.583350198225410850e+02
3.275181733526948968e-01 2.861142391706775379e+04 0.000000000000000000e+00 2.297034875971862220e+03 0.000000000000000000e+00 1.172255646057015923e+02 2.311744687152906408e+04 0.000000000000000000e+00 3.022246871529063355e+03 0.000000000000000000e+00 -1.035836727138097103e+03
3.325123842131759710e-01 2.806151866710550894e+04 0.000000000000000000e+00 2.686595514913225088e+03 0.000000000000000000e+00 1.617647153010665761e+03 2.279149210528656840e+04 0.000000000000000000e+00 2.359006769438786250e+03 0.000000000000000000e+00 -8.978257736819165302e+02
3.374959366892091861e-01 2.785289731282626235e+04 0.000000000000000000e+00 1.777389902953438877e+03 0.000000000000000000e+00 3.939302806292261039e+02 2.258610293241775798e+04 0.000000000000000000e+00 2.398658865571243496e+03 0.000000000000000000e+00 -1.058165995165189315e+03
3.424919221947719805e-01 2.709468847977731275e+04 0.000000000000000000e+00 1.776362433223045628e+03 0.000000000000000000e+00 4.012472476643692403e+02 2.239328258423689113e+04 0.000000000000000000e+00 2.129561876505346390e+03 0.000000000000000000e+00 -9.454278642208869314e+02
3.475179778446125245e-01 2.673013415231809631e+04 0.000000000000000000e+00 1.798594700558695649e+03 0.000000000000000000e+00 7.116956905283104788e+02 2.202122547129741361e+04 0.000000000000000000e+00 2.137544091220962400e+03 0.000000000000000000e+00 -5.571306563857940546e+02
3.525052850529177828e-01 2.624232169886635893e+04 0.000000000000000000e+00 1.153980520517324067e+03 0.000000000000000000e+00 -3.492423119910586138e+02 2.201706479323008170e+04 0.000000000000000000e+00 2.151282644100271227e+03 0.000000000000000000e+00 -1.230839406035446245e+03
3.575133254796376558e-01 2.577712466371837581e+04 0.000000000000000000e+00 1.149747116217396979e+03 0.000000000000000000e+00 3.376608135141142384e+02 2.169786941159338312e+04 0.000000000000000000e+00 1.819328923668861307e+03 0.000000000000000000e+00 -5.574561090203953881e+02
3.625250227669692404e-01 2.543009402198463795e+04 0.000000000000000000e+00 1.099453576268634151e+03 0.000000000000000000e+00 3.605559403704261285e+02 2.153979412739045074e+04 0.000000000000000000e+00 1.970801867188676397e+03 0.000000000000000000e+00 -8.957397982231591413e+02
3.675230446100045678e-01 2.490814921738876728e+04 0.000000000000000000e+00 9.565718784856636603e+02 0.000000000000000000e+00 3.663309056711064500e+02 2.120946627882393295e+04 0.000000000000000000e+00 1.956381514773746176e+03 0.000000000000000000e+00 -4.469032507344954297e+02
3.725177060730277545e-01 2.482907793470181423e+04 0.000000000000000000e+00 3.523077362913831507e+02 0.000000000000000000e+00 2.635366516095832026e+02 2.111209377322888758e+04 0.000000000000000000e+00 1.710708216593287261e+03 0.000000000000000000e+00 -3.966484075704728980e+02
3.775163034622419089e-01 2.420621300363395494e+04 0.000000000000000000e+00 5.556726818874508353e+02 0.000000000000000000e+00 8.388026561670378101e+01 2.097279218871749617e+04 0.000000000000000000e+00 1.828767530219761284e+03 0.000000000000000000e+00 -8.452374207873342584e+02
3.825226892977953153e-01 2.403245837837837826e+04 0.000000000000000000e+00 6.451357297297297464e+02 0.000000000000000000e+00 1.103205621621621503e+03 2.079683978378378379e+04 0.000000000000000000e+00 1.692013945945946034e+03 0.000000000000000000e+00 -4.414619189189189115e+02
3.875130067694269043e-01 2.382628619599578815e+04 0.000000000000000000e+00 3.372724710221285704e+02 0.000000000000000000e+00 6.640525816649104627e+02 2.061757302423604051e+04 0.000000000000000000e+00 1.470815279241306825e+03 0.000000000000000000e+00 -5.337139093782930104e+02
3.924957861003909865e-01 2.338577012840730094e+04 0.000000000000000000e+00 6.803367553824864444e+01 0.000000000000000000e+00 8.813696778553728564e+02 2.057625066134586450e+04 0.000000000000000000e+00 1.542514002510218006e+03 0.000000000000000000e+00 -9.757096514659029651e+01
3.975064703251052212e-01 2.321982806517563949e+04 0.000000000000000000e+00 5.826254631063751503e+02 0.000000000000000000e+00 6.693177374388204726e+02 2.033731183941515701e+04 0.000000000000000000e+00 1.379931354934638648e+03 0.000000000000000000e+00 -6.141874233318877714e+02
