3.798113400606732779e-03 1.916558157894736796e+05 0.000000000000000000e+00 1.482756631578947185e+06 0.000000000000000000e+00 -1.699894736842105340e+04 7.163051115789473057e+07 0.000000000000000000e+00 2.087379941052631438e+08 0.000000000000000000e+00 1.405347705263157785e+08
8.299341265228576958e-03 5.423913125000000000e+05 0.000000000000000000e+00 5.638858750000000000e+05 0.000000000000000000e+00 4.151603750000000000e+05 2.913322400000000000e+07 0.000000000000000000e+00 4.879464000000000000e+07 0.000000000000000000e+00 -2.636955800000000000e+07
1.293222767532251419e-02 8.527798216560509754e+05 0.000000000000000000e+00 7.407398726114650490e+05 0.000000000000000000e+00 -3.095435414012739202e+05 1.330622124840764329e+07 0.000000000000000000e+00 2.505666853503184766e+07 0.000000000000000000e+00 -2.238867159235668834e+06
1.764839556552980082e-02 9.972427397260273574e+05 0.000000000000000000e+00 8.336765479452054715e+05 0.000000000000000000e+00 2.152244657534246508e+05 8.601201972602739930e+06 0.000000000000000000e+00 1.728589326027397066e+07 0.000000000000000000e+00 -1.504915726027397206e+06
2.256548662787912635e-02 8.743050283553875051e+05 0.000000000000000000e+00 7.571079621928166598e+05 0.000000000000000000e+00 -1.267815349716446217e+05 4.494386812854442745e+06 0.000000000000000000e+00 8.382973096408317797e+06 0.000000000000000000e+00 -1.336205066162570845e+06
2.777643688250242340e-02 8.120185756097560516e+05 0.000000000000000000e+00 7.466063609756097430e+05 0.000000000000000000e+00 1.145929170731707272e+05 2.546483824390243739e+06 0.000000000000000000e+00 4.819152858536585234e+06 0.000000000000000000e+00 -1.180407804878048773e+05
3.269804980233311648e-02 6.111079039999999804e+05 0.000000000000000000e+00 3.706669440000000177e+05 0.000000000000000000e+00 -1.133103280000000086e+05 1.465885184000000125e+06 0.000000000000000000e+00 2.446563072000000160e+06 0.000000000000000000e+00 -8.023288960000000661e+05
3.761648458559932462e-02 5.384868509777478175e+05 0.000000000000000000e+00 4.247487956844234723e+05 0.000000000000000000e+00 -1.110560485502360098e+04 1.094879028995279921e+06 0.000000000000000000e+00 2.135298589345920365e+06 0.000000000000000000e+00 -1.594908293998651425e+04
4.263843696389812976e-02 4.823152142857142608e+05 0.000000000000000000e+00 3.808039642857142608e+05 0.000000000000000000e+00 4.634248214285713766e+04 7.137802857142856810e+05 0.000000000000000000e+00 1.313229571428571362e+06 0.000000000000000000e+00 -7.343483258928570649e+03
4.756514582339458480e-02 4.110645198430004530e+05 0.000000000000000000e+00 2.961230597470562789e+05 0.000000000000000000e+00 1.552327431312690896e+04 5.187961133885739255e+05 0.000000000000000000e+00 9.382046088094200240e+05 0.000000000000000000e+00 -2.869416833842128472e+04
5.262096060748640974e-02 3.771379325842696708e+05 0.000000000000000000e+00 2.296432808988764009e+05 0.000000000000000000e+00 6.187069662921348208e+04 4.158806292134831310e+05 0.000000000000000000e+00 7.418784269662920851e+05 0.000000000000000000e+00 8.620653370786516462e+04
5.756031740041873956e-02 3.398963960396039765e+05 0.000000000000000000e+00 2.541496831683168421e+05 0.000000000000000000e+00 6.398450495049504752e+03 3.182311881188118714e+05 0.000000000000000000e+00 5.294467326732673682e+05 0.000000000000000000e+00 -1.678399876237623903e+04
6.254738279606215923e-02 3.324035045376502094e+05 0.000000000000000000e+00 2.134325278390973690e+05 0.000000000000000000e+00 2.788176992886926382e+04 2.582342702967868245e+05 0.000000000000000000e+00 3.905935854795192135e+05 0.000000000000000000e+00 -4.185576845719891571e+04
6.757793472572401483e-02 3.009157961335676373e+05 0.000000000000000000e+00 1.700196274165202049e+05 0.000000000000000000e+00 -3.368329701230228238e+04 2.164524850615113974e+05 0.000000000000000000e+00 3.306672196836555377e+05 0.000000000000000000e+00 -1.334485940246045539e+04
7.255917516659465827e-02 2.797780055793193169e+05 0.000000000000000000e+00 1.764294915380323655e+05 0.000000000000000000e+00 -1.376255309652222422e+04 1.809376886739817855e+05 0.000000000000000000e+00 2.597812966338106780e+05 0.000000000000000000e+00 -5.679647015064162588e+03
7.753384299139773339e-02 2.550477348510211159e+05 0.000000000000000000e+00 1.598187345162370475e+05 0.000000000000000000e+00 9.323152996317376164e+03 1.529426233679277066e+05 0.000000000000000000e+00 2.138147867425510776e+05 0.000000000000000000e+00 1.212214395714764032e+04
8.251793356505521260e-02 2.215128256880734116e+05 0.000000000000000000e+00 1.247783211009174411e+05 0.000000000000000000e+00 -2.166649082568807353e+04 1.311255596330275293e+05 0.000000000000000000e+00 1.644260366972477059e+05 0.000000000000000000e+00 -1.183223165137614706e+04
8.752751931716111489e-02 2.044364846442918351e+05 0.000000000000000000e+00 1.207332590384864598e+05 0.000000000000000000e+00 2.604207023454710725e+04 1.157980437994039239e+05 0.000000000000000000e+00 1.446789788778022630e+05 0.000000000000000000e+00 1.642634391602954565e+04
9.254701955136974967e-02 1.770072707383773813e+05 0.000000000000000000e+00 9.683194895168641233e+04 0.000000000000000000e+00 4.872577028258887367e+03 1.002602151321786660e+05 0.000000000000000000e+00 1.171786690975387464e+05 0.000000000000000000e+00 1.952835004557884986e+03
9.754963178921903511e-02 1.612945244425834680e+05 0.000000000000000000e+00 8.197602093583167880e+04 0.000000000000000000e+00 5.838583062912173773e+03 9.021134638333508337e+04 0.000000000000000000e+00 9.640141191248822724e+04 0.000000000000000000e+00 -3.082357793363341443e+03
1.025319613041059119e-01 1.507286934333958779e+05 0.000000000000000000e+00 7.381068367729830788e+04 0.000000000000000000e+00 4.877880675422138665e+03 8.210334859287054860e+04 0.000000000000000000e+00 8.245098386491557176e+04 0.000000000000000000e+00 3.419225140712945631e+03
1.075116003998943526e-01 1.441592611991729937e+05 0.000000000000000000e+00 7.859450310130944126e+04 0.000000000000000000e+00 3.198396278428670030e+03 7.622266023432115617e+04 0.000000000000000000e+00 7.216473053066850116e+04 0.000000000000000000e+00 -8.180146450723639191e+02
1.125102861506304813e-01 1.320337265208317258e+05 0.000000000000000000e+00 6.579912870062611182e+04 0.000000000000000000e+00 3.172380613743526283e+03 6.964980938393755059e+04 0.000000000000000000e+00 6.183811888382159668e+04 0.000000000000000000e+00 3.117765169668393355e+03
1.175500852175193622e-01 1.256334837149765372e+05 0.000000000000000000e+00 6.639544417579291621e+04 0.000000000000000000e+00 8.664843692220169032e+03 6.489767941971270193e+04 0.000000000000000000e+00 5.311055155738870963e+04 0.000000000000000000e+00 5.048608732754943048e+03
1.225369446564099490e-01 1.204412631578947476e+05 0.000000000000000000e+00 5.498977027474346687e+04 0.000000000000000000e+00 -3.186337504137703036e+03 6.133393075140682049e+04 0.000000000000000000e+00 4.799459357828534121e+04 0.000000000000000000e+00 1.600716319099635939e+03
1.275260957852891452e-01 1.132675818578704784e+05 0.000000000000000000e+00 5.380918748484113166e+04 0.000000000000000000e+00 2.525561484356051551e+03 5.791949163230656995e+04 0.000000000000000000e+00 4.253632791656560585e+04 0.000000000000000000e+00 3.013128789716226038e+03
1.325302087090364789e-01 1.086128374389764795e+05 0.000000000000000000e+00 4.731231872509959794e+04 0.000000000000000000e+00 -4.870110543740530375e+03 5.397616205600134708e+04 0.000000000000000000e+00 3.655861646372257383e+04 0.000000000000000000e+00 -7.825283654115930858e+02
1.375062694904859717e-01 1.024713596620908065e+05 0.000000000000000000e+00 3.943101837381203950e+04 0.000000000000000000e+00 6.617364730728616451e+03 5.168165237592397170e+04 0.000000000000000000e+00 3.336002703273494990e+04 0.000000000000000000e+00 4.492642449841605412e+03
1.425134422753508989e-01 9.619843194471107563e+04 0.000000000000000000e+00 3.999669495104626549e+04 0.000000000000000000e+00 -4.810021597235553941e+02 4.950741562679976778e+04 0.000000000000000000e+00 2.855164830101747066e+04 0.000000000000000000e+00 8.799526780572086864e+02
1.475259222195813014e-01 8.942866463164608285e+04 0.000000000000000000e+00 4.166210178140234348e+04 0.000000000000000000e+00 5.628350448767597300e+03 4.715945364253496518e+04 0.000000000000000000e+00 2.658049551232402519e+04 0.000000000000000000e+00 1.219559706592555585e+03
1.525299430011916868e-01 8.693239364220493007e+04 0.000000000000000000e+00 3.596948258369969699e+04 0.000000000000000000e+00 5.579155563070679818e+03 4.457924112275955122e+04 0.000000000000000000e+00 2.285757456881974940e+04 0.000000000000000000e+00 7.842820426107541607e+02
1.574945685492469272e-01 8.100626521616046375e+04 0.000000000000000000e+00 3.167119472641242101e+04 0.000000000000000000e+00 3.594683059004326878e+03 4.327694131920572545e+04 0.000000000000000000e+00 2.244611768512152412e+04 0.000000000000000000e+00 1.078059853601326495e+03
1.625189323163163113e-01 7.683555036496350658e+04 0.000000000000000000e+00 3.208334481751824933e+04 0.000000000000000000e+00 4.854660145985401869e+03 4.154630072992701025e+04 0.000000000000000000e+00 1.981815591240876165e+04 0.000000000000000000e+00 1.291772992700730128e+03
1.675461007718098694e-01 7.279083826879270782e+04 0.000000000000000000e+00 2.604550113895216418e+04 0.000000000000000000e+00 4.884813140660592126e+02 4.008515717539862817e+04 0.000000000000000000e+00 1.761512870159453087e+04 0.000000000000000000e+00 6.030449886104782991e+02
1.725292014006662711e-01 7.099222520354682638e+04 0.000000000000000000e+00 2.844683653624287399e+04 0.000000000000000000e+00 4.462424629989781351e+03 3.870662280383690086e+04 0.000000000000000000e+00 1.609706536572502409e+04 0.000000000000000000e+00 1.897982134027755137e+03
1.775301965061671094e-01 6.691827158001009957e+04 0.000000000000000000e+00 2.499366582534073677e+04 0.000000000000000000e+00 2.603443715295305537e+03 3.764326703685007669e+04 0.000000000000000000e+00 1.399846441191317535e+04 0.000000000000000000e+00 2.738559755174154589e+02
1.825147654490652804e-01 6.492915241218352458e+04 0.000000000000000000e+00 2.359617170374309353e+04 0.000000000000000000e+00 1.637940618629796973e+03 3.653078554757895472e+04 0.000000000000000000e+00 1.400062158409406584e+04 0.000000000000000000e+00 -1.127305385683476686e+02
1.875360723572403465e-01 6.306401966480447300e+04 0.000000000000000000e+00 2.275333363128491692e+04 0.000000000000000000e+00 1.550275418994413485e+03 3.571455284916201344e+04 0.000000000000000000e+00 1.178988067039106136e+04 0.000000000000000000e+00 4.757370949720670410e+02
1.925323683450522461e-01 5.974887694120166998e+04 0.000000000000000000e+00 1.995330577273213930e+04 0.000000000000000000e+00 -9.855828424547498798e+02 3.469936467816215008e+04 0.000000000000000000e+00 1.192778665524258213e+04 0.000000000000000000e+00 -3.136676394987683238e+02
1.975198663583639380e-01 5.766445488807385846e+04 0.000000000000000000e+00 1.997614751486024761e+04 0.000000000000000000e+00 4.450539926647274115e+03 3.412409419501707453e+04 0.000000000000000000e+00 1.071250810674086097e+04 0.000000000000000000e+00 5.326990261793347372e+02
2.025153694923672032e-01 5.563742391199459962e+04 0.000000000000000000e+00 1.574732876580141055e+04 0.000000000000000000e+00 1.487161150246067791e+03 3.290772479011869291e+04 0.000000000000000000e+00 1.014906262665251415e+04 0.000000000000000000e+00 3.612988275595870391e+02
2.075088499274508613e-01 5.366191229476287845e+04 0.000000000000000000e+00 1.675990565389635594e+04 0.000000000000000000e+00 4.493863782087980496e+01 3.243939563534772969e+04 0.000000000000000000e+00 9.445330280061371013e+03 0.000000000000000000e+00 -9.273389360873846954e+02
2.125178062418619784e-01 5.227112585093385132e+04 0.000000000000000000e+00 1.533162506545645010e+04 0.000000000000000000e+00 2.758045034037354071e+03 3.177255367428870886e+04 0.000000000000000000e+00 9.179731890382265192e+03 0.000000000000000000e+00 6.350386193052888757e+02
2.175004174234404231e-01 4.979506506186348270e+04 0.000000000000000000e+00 1.364820604326235298e+04 0.000000000000000000e+00 5.886299133069607024e+02 3.087825199898998471e+04 0.000000000000000000e+00 8.308073057823416093e+03 0.000000000000000000e+00 -5.175409898156721056e+02
2.225093171556767890e-01 4.848750245267035643e+04 0.000000000000000000e+00 1.257384464451054919e+04 0.000000000000000000e+00 2.695613088788637015e+03 3.025168708260278800e+04 0.000000000000000000e+00 7.990513031658162618e+03 0.000000000000000000e+00 4.995816473276728402e+02
2.275289586476768322e-01 4.650932312873106275e+04 0.000000000000000000e+00 1.209537915199755116e+04 0.000000000000000000e+00 4.371753979794887357e+01 2.972739996938619515e+04 0.000000000000000000e+00 7.325828256543701173e+03 0.000000000000000000e+00 -1.688404829328027006e+02
2.325285406108919262e-01 4.501917377621741616e+04 0.000000000000000000e+00 1.173741582231277243e+04 0.000000000000000000e+00 2.395249304203882161e+02 2.911859480108417119e+04 0.000000000000000000e+00 7.262355556364033873e+03 0.000000000000000000e+00 -3.394786895385007597e+02
2.375276552426477672e-01 4.397008120935138140e+04 0.000000000000000000e+00 1.020939609773246593e+04 0.000000000000000000e+00 1.925392863420636331e+03 2.868934941114431422e+04 0.000000000000000000e+00 6.676637159430480096e+03 0.000000000000000000e+00 -1.554487278080506307e+01
2.424991024241769377e-01 4.222288953792649409e+04 0.000000000000000000e+00 9.703598467070720289e+03 0.000000000000000000e+00 1.504478652102713113e+03 2.837328002971316891e+04 0.000000000000000000e+00 6.475987371904175234e+03 0.000000000000000000e+00 -1.098209106410278082e+03
2.474998551644826128e-01 4.148385731668267545e+04 0.000000000000000000e+00 9.423822734550112727e+03 0.000000000000000000e+00 1.651980019212295929e+03 2.780454486071085557e+04 0.000000000000000000e+00 6.147943387768171306e+03 0.000000000000000000e+00 1.450294788664745482e+01
2.525200307756395035e-01 4.015801447571915196e+04 0.000000000000000000e+00 8.929708382307455395e+03 0.000000000000000000e+00 1.786689607175997594e+02 2.733180080420662125e+04 0.000000000000000000e+00 5.540277884317971257e+03 0.000000000000000000e+00 -7.300815341787813395e+02
2.575182250600202005e-01 3.905041281573653396e+04 0.000000000000000000e+00 8.304256791595260438e+03 0.000000000000000000e+00 1.079896997243126407e+03 2.687661807614931604e+04 0.000000000000000000e+00 5.547082810520825660e+03 0.000000000000000000e+00 -7.107571715967513626e+01
2.625255687975799335e-01 3.789407976265190518e+04 0.000000000000000000e+00 7.451711759000399070e+03 0.000000000000000000e+00 1.571979688480629875e+03 2.651731203286358141e+04 0.000000000000000000e+00 5.107885205682660853e+03 0.000000000000000000e+00 -1.177506019284532385e+03
2.675305520911575030e-01 3.702019248560500273e+04 0.000000000000000000e+00 7.410644757736014981e+03 0.000000000000000000e+00 6.202557269300340437e+01 2.597608362215379384e+04 0.000000000000000000e+00 4.740971817566727623e+03 0.000000000000000000e+00 -1.566693307189903408e+03
2.725404586615198799e-01 3.596205595811075182e+04 0.000000000000000000e+00 5.875306288676151780e+03 0.000000000000000000e+00 9.287807690273443768e+02 2.569498619558893552e+04 0.000000000000000000e+00 4.482319564182577778e+03 0.000000000000000000e+00 -1.243737663299307087e+03
2.775333197047151201e-01 3.508238240235738340e+04 0.000000000000000000e+00 5.680472716933336415e+03 0.000000000000000000e+00 9.973724506940314996e+02 2.522413916819603401e+04 0.000000000000000000e+00 4.072089125546048763e+03 0.000000000000000000e+00 -6.557711892883913833e+02
2.825123907298719983e-01 3.425035904403137101e+04 0.000000000000000000e+00 5.382307120360649606e+03 0.000000000000000000e+00 6.486985734576669529e+02 2.503446812820354535e+04 0.000000000000000000e+00 4.253671685296115356e+03 0.000000000000000000e+00 -1.420626690545297492e+02
2.875104651677040102e-01 3.326640260486496845e+04 0.000000000000000000e+00 5.214594139053820982e+03 0.000000000000000000e+00 6.734741428845048858e+02 2.450758858456234520e+04 0.000000000000000000e+00 3.679993104769201182e+03 0.000000000000000000e+00 -1.188923290557364453e+03
2.924971317655564174e-01 3.248505325457466824e+04 0.000000000000000000e+00 4.447374862731045141e+03 0.000000000000000000e+00 6.496627518524083200e+01 2.454512783641008355e+04 0.000000000000000000e+00 3.857532326116357581e+03 0.000000000000000000e+00 -1.031267590655307458e+03
2.975058823671092867e-01 3.192667649409466321e+04 0.000000000000000000e+00 4.539470384512920646e+03 0.000000000000000000e+00 1.393079122635645035e+03 2.408911180179380244e+04 0.000000000000000000e+00 3.758177781724536089e+03 0.000000000000000000e+00 -3.177097504662108349e+02
3.025121359101998753e-01 3.110375651722796101e+04 0.000000000000000000e+00 3.707018978859538947e+03 0.000000000000000000e+00 6.306078422895681115e+02 2.385412061735333555e+04 0.000000000000000000e+00 3.565572781116251008e+03 0.000000000000000000e+00 -8.205756776620120263e+02
3.075010376196579687e-01 3.042204901499712651e+04 0.000000000000000000e+00 3.677369702670220249e+03 0.000000000000000000e+00 6.380189998432356333e+02 2.328020684537806665e+04 0.000000000000000000e+00 3.276093013533991780e+03 0.000000000000000000e+00 -2.328423054815279443e+02
3.125134169243361515e-01 2.972493577317514792e+04 0.000000000000000000e+00 3.184971968630605261e+03 0.000000000000000000e+00 3.956810778202292340e+02 2.294871924391715220e+04 0.000000000000000000e+00 3.001368670822441345e+03 0.000000000000000000e+00 -1.042130625377036040e+03
3.175159688234982513e-01 2.919089098250336610e+04 0.000000000000000000e+00 2.733433957815524082e+03 0.000000000000000000e+00 1.125472782466033408e+02 2.277720458586711902e+04 0.000000000000000000e+00 3.071126995510408506e+03 0.000000000000000000e+00 -9.633592753779803388e+02
3.225221380836135188e-01 2.843432886539550964e+04 0.000000000000000000e+00 2.494462828015858122e+03 0.000000000000000000e+00 1.408680536152539162e+03 2.253473709646970019e+04 0.000000000000000000e+00 2.678415404946196304e+03 0.000000000000000000e+00 -8.352999811213895782e+02
3.275181733526948968e-01 2.781753246945575665e+04 0.000000000000000000e+00 2.086570011106997299e+03 0.000000000000000000e+00 2.192374490929285571e+02 2.239237023324694383e+04 0.000000000000000000e+00 2.496193113661606731e+03 0.000000000000000000e+00 -1.316819400222139848e+03
3.325123842131759710e-01 2.760184726509335815e+04 0.000000000000000000e+00 2.343564549845663805e+03 0.000000000000000000e+00 6.501679995018547515e+02 2.214760372541519610e+04 0.000000000000000000e+00 2.516649688214416074e+03 0.000000000000000000e+00 -1.024867342127970005e+03
3.374959366892091861e-01 2.705282892478015856e+04 0.000000000000000000e+00 1.195594016045965873e+03 0.000000000000000000e+00 9.557536874189818832e+01 2.195747104368847067e+04 0.000000000000000000e+00 2.376096696212731786e+03 0.000000000000000000e+00 -9.929589741793084841e+02
3.424919221947719805e-01 2.641057243580661816e+04 0.000000000000000000e+00 1.498209202510230170e+03 0.000000000000000000e+00 1.504940619556792853e+02 2.161762108193251333e+04 0.000000000000000000e+00 2.156946386752118997e+03 0.000000000000000000e+00 -8.388160248022735459e+02
3.475179778446125245e-01 2.613006645538602243e+04 0.000000000000000000e+00 1.330211389551409638e+03 0.000000000000000000e+00 6.433151893357728568e+02 2.144735622570000123e+04 0.000000000000000000e+00 2.233896559610546319e+03 0.000000000000000000e+00 -6.787348645734635966e+02
3.525052850529177828e-01 2.551419319814785194e+04 0.000000000000000000e+00 1.601474692639310206e+03 0.000000000000000000e+00 3.992183618074405445e+02 2.135316723614880902e+04 0.000000000000000000e+00 2.003268465591569566e+03 0.000000000000000000e+00 -1.014267475650646702e+03
3.575133254796376558e-01 2.537132450889469692e+04 0.000000000000000000e+00 1.131522805834246810e+03 0.000000000000000000e+00 4.883352162549532522e+02 2.101506474235653877e+04 0.000000000000000000e+00 1.955927309517057438e+03 0.000000000000000000e+00 -4.305640947030374832e+02
3.625250227669692404e-01 2.492616991416954988e+04 0.000000000000000000e+00 9.592622797771419982e+02 0.000000000000000000e+00 2.782677006474928589e+02 2.093738075591025336e+04 0.000000000000000000e+00 1.875826893540129504e+03 0.000000000000000000e+00 -1.050041981629272641e+03
3.675230446100045678e-01 2.456607495862767973e+04 0.000000000000000000e+00 2.811823371169870711e+02 0.000000000000000000e+00 7.963812814848836297e+02 2.063428232326546276e+04 0.000000000000000000e+00 1.678407803512455530e+03 0.000000000000000000e+00 -2.555151090989946852e+02
3.725177060730277545e-01 2.408151409457373302e+04 0.000000000000000000e+00 7.096947223969352763e+02 0.000000000000000000e+00 7.368695179827320771e+02 2.042319995425696106e+04 0.000000000000000000e+00 1.678042541025787841e+03 0.000000000000000000e+00 -5.417367488135399753e+02
3.775163034622419089e-01 2.365229686735024734e+04 0.000000000000000000e+00 4.986835285924107666e+02 0.000000000000000000e+00 3.811222374690561878e+02 2.034735118362168214e+04 0.000000000000000000e+00 1.540090993718151140e+03 0.000000000000000000e+00 -9.780052268292178042e+02
3.825226892977953153e-01 2.337980194594594650e+04 0.000000000000000000e+00 5.006431891891891723e+02 0.000000000000000000e+00 6.912201621621621825e+02 2.016570637837837785e+04 0.000000000000000000e+00 1.521686594594594681e+03 0.000000000000000000e+00 -4.035838648648648359e+02
3.875130067694269043e-01 2.307895637513171823e+04 0.000000000000000000e+00 2.294260800842992865e+02 0.000000000000000000e+00 1.116938461538461524e+03 2.003367081138040157e+04 0.000000000000000000e+00 1.597523814541622869e+03 0.000000000000000000e+00 -3.046010010537407879e+02
3.924957861003909865e-01 2.273352665014643208e+04 0.000000000000000000e+00 5.909161007949023769e+02 0.000000000000000000e+00 1.565332732597431914e+03 1.987769930164451580e+04 0.000000000000000000e+00 1.385168911917098512e+03 0.000000000000000000e+00 5.399731599781161151e+01
3.975064703251052212e-01 2.241763181958986752e+04 0.000000000000000000e+00 -1.202682144848522405e+01 0.000000000000000000e+00 9.496949135741280088e+02 1.972441538938107988e+04 0.000000000000000000e+00 1.520461037110464076e+03 0.000000000000000000e+00 -6.205606839724924839e+01
