3.798113400606732779e-03 2.069649078947368253e+05 0.000000000000000000e+00 1.920646736842105165e+06 0.000000000000000000e+00 -3.957517894736842136e+05 6.307906021052630991e+07 0.000000000000000000e+00 1.851853608421052396e+08 0.000000000000000000e+00 1.284790703157894611e+08
8.299341265228576958e-03 4.471342812500000000e+05 0.000000000000000000e+00 6.044266875000000000e+05 0.000000000000000000e+00 5.216302500000000000e+05 2.540340200000000000e+07 0.000000000000000000e+00 4.235798400000000000e+07 0.000000000000000000e+00 -2.264073200000000000e+07
1.293222767532251419e-02 8.204496815286624478e+05 0.000000000000000000e+00 4.933869554140127730e+05 0.000000000000000000e+00 -4.097068280254777055e+05 1.177263042038216628e+07 0.000000000000000000e+00 2.214200907006369531e+07 0.000000000000000000e+00 -2.020738445859872736e+06
1.764839556552980082e-02 9.169664657534245634e+05 0.000000000000000000e+00 6.921162739726026775e+05 0.000000000000000000e+00 1.988043150684931315e+05 7.625412383561643772e+06 0.000000000000000000e+00 1.535086641095890291e+07 0.000000000000000000e+00 -1.454628383561643772e+06
2.256548662787912635e-02 8.296234706994328881e+05 0.000000000000000000e+00 6.577030170132325729e+05 0.000000000000000000e+00 -1.319297844990548328e+05 4.064283584120983258e+06 0.000000000000000000e+00 7.595286260869565420e+06 0.000000000000000000e+00 -1.139806729678638978e+06
2.777643688250242340e-02 7.791167219512194861e+05 0.000000000000000000e+00 6.716853853658536682e+05 0.000000000000000000e+00 1.096637853658536624e+05 2.311488312195121776e+06 0.000000000000000000e+00 4.364715395121951587e+06 0.000000000000000000e+00 -1.448433951219512091e+05
3.269804980233311648e-02 5.889308800000000047e+05 0.000000000000000000e+00 3.440743040000000037e+05 0.000000000000000000e+00 -1.061508960000000079e+05 1.343982208000000101e+06 0.000000000000000000e+00 2.247560703999999911e+06 0.000000000000000000e+00 -6.767442560000000522e+05
3.761648458559932462e-02 5.162670262980444822e+05 0.000000000000000000e+00 3.517335563047875767e+05 0.000000000000000000e+00 7.505289952798381137e+02 1.003726111935266294e+06 0.000000000000000000e+00 1.941398872555630514e+06 0.000000000000000000e+00 2.894856102494942752e+04
4.263843696389812976e-02 4.722418571428571013e+05 0.000000000000000000e+00 3.360520000000000000e+05 0.000000000000000000e+00 3.475213616071428260e+04 6.783527857142856810e+05 0.000000000000000000e+00 1.240619142857142724e+06 0.000000000000000000e+00 1.112322656250000000e+04
4.756514582339458480e-02 4.069034871347579756e+05 0.000000000000000000e+00 2.472812908853031113e+05 0.000000000000000000e+00 1.775352115133013649e+04 4.989894949847361422e+05 0.000000000000000000e+00 9.066055787178368773e+05 0.000000000000000000e+00 -2.867535542956825338e+03
5.262096060748640974e-02 3.823284943820224726e+05 0.000000000000000000e+00 2.031873258426966204e+05 0.000000000000000000e+00 5.310091011235954647e+04 4.067370786516853841e+05 0.000000000000000000e+00 7.163221573033707682e+05 0.000000000000000000e+00 9.343915730337078276e+04
5.756031740041873956e-02 3.502908910891088890e+05 0.000000000000000000e+00 2.308161782178217836e+05 0.000000000000000000e+00 6.417529084158415571e+03 3.209384752475247369e+05 0.000000000000000000e+00 5.254352475247525144e+05 0.000000000000000000e+00 -1.561161386138613852e+04
6.254738279606215923e-02 3.461511189600196085e+05 0.000000000000000000e+00 2.039544527839097136e+05 0.000000000000000000e+00 4.244904390483198222e+04 2.635339475104243029e+05 0.000000000000000000e+00 3.991918763796909479e+05 0.000000000000000000e+00 -2.629099239636987841e+04
6.757793472572401483e-02 3.105225166959578055e+05 0.000000000000000000e+00 1.616586291739894368e+05 0.000000000000000000e+00 -3.971734270650263352e+04 2.260862565905096417e+05 0.000000000000000000e+00 3.380238453427064815e+05 0.000000000000000000e+00 -1.543934446397188003e+04
7.255917516659465827e-02 2.964601167937511927e+05 0.000000000000000000e+00 1.608051954621536133e+05 0.000000000000000000e+00 -1.860048205318951295e+04 1.928034576901617984e+05 0.000000000000000000e+00 2.716810831318579149e+05 0.000000000000000000e+00 -1.931474428119769527e+03
7.753384299139773339e-02 2.703261225309675210e+05 0.000000000000000000e+00 1.446183595580850379e+05 0.000000000000000000e+00 1.799520187479076048e+04 1.648466126548376342e+05 0.000000000000000000e+00 2.250820220957482525e+05 0.000000000000000000e+00 1.720070438567124438e+04
8.251793356505521260e-02 2.364728440366972645e+05 0.000000000000000000e+00 1.134497431192660588e+05 0.000000000000000000e+00 -2.432460091743119483e+04 1.434341559633027646e+05 0.000000000000000000e+00 1.763121651376146765e+05 0.000000000000000000e+00 -1.134705045871559741e+04
8.752751931716111489e-02 2.189193437864455336e+05 0.000000000000000000e+00 1.119961933393805957e+05 0.000000000000000000e+00 2.444609252300116714e+04 1.269139904107813927e+05 0.000000000000000000e+00 1.563043877154334623e+05 0.000000000000000000e+00 2.258732046131916650e+04
9.254701955136974967e-02 1.968560072926162102e+05 0.000000000000000000e+00 9.402412397447583498e+04 0.000000000000000000e+00 1.804922515952597905e+03 1.126986326344576082e+05 0.000000000000000000e+00 1.268927766636280721e+05 0.000000000000000000e+00 3.636390838650866044e+03
9.754963178921903511e-02 1.788056158274887421e+05 0.000000000000000000e+00 7.793114456191772479e+04 0.000000000000000000e+00 4.812125196273422262e+03 1.022023791479116480e+05 0.000000000000000000e+00 1.061055350151784805e+05 0.000000000000000000e+00 -2.866827384067832099e+03
1.025319613041059119e-01 1.663756968105065753e+05 0.000000000000000000e+00 6.976731857410882367e+04 0.000000000000000000e+00 4.055642120075046932e+02 9.383208105065666314e+04 0.000000000000000000e+00 9.335968780487804906e+04 0.000000000000000000e+00 4.763221388367729560e+03
1.075116003998943526e-01 1.603911013094417576e+05 0.000000000000000000e+00 7.760691385251549946e+04 0.000000000000000000e+00 -3.287881116471398855e+03 8.795504341833217768e+04 0.000000000000000000e+00 8.550533976567884383e+04 0.000000000000000000e+00 2.571748277050310207e+03
1.125102861506304813e-01 1.497221451650305535e+05 0.000000000000000000e+00 6.538734606168354367e+04 0.000000000000000000e+00 -4.642433524000927747e+01 8.158082028290949529e+04 0.000000000000000000e+00 7.450807575171987992e+04 0.000000000000000000e+00 5.515551364303934861e+03
1.175500852175193622e-01 1.410572743564215780e+05 0.000000000000000000e+00 6.920065310766604671e+04 0.000000000000000000e+00 4.733565922343906095e+03 7.670281211776418786e+04 0.000000000000000000e+00 6.663933778978808550e+04 0.000000000000000000e+00 7.415212060873275732e+03
1.225369446564099490e-01 1.390941553128103260e+05 0.000000000000000000e+00 6.334486117179741996e+04 0.000000000000000000e+00 1.674265077788811823e+03 7.321625422045680170e+04 0.000000000000000000e+00 6.080506322409798304e+04 0.000000000000000000e+00 3.293272161535915529e+03
1.275260957852891452e-01 1.300712917778316769e+05 0.000000000000000000e+00 5.865763376182391221e+04 0.000000000000000000e+00 3.437779286926994700e+03 6.930478195488722122e+04 0.000000000000000000e+00 5.358825321367935976e+04 0.000000000000000000e+00 2.163770797962648430e+03
1.325302087090364789e-01 1.255168962460019102e+05 0.000000000000000000e+00 5.172650154312328232e+04 0.000000000000000000e+00 -1.878476516469334001e+03 6.502021480276078364e+04 0.000000000000000000e+00 4.768487335166376579e+04 0.000000000000000000e+00 3.278133241681162957e+01
1.375062694904859717e-01 1.209181127771911270e+05 0.000000000000000000e+00 4.946281562829988980e+04 0.000000000000000000e+00 1.048993537486800415e+04 6.209081309398099256e+04 0.000000000000000000e+00 4.243443632523759152e+04 0.000000000000000000e+00 5.184990918690601575e+03
1.425134422753508989e-01 1.147395661355346529e+05 0.000000000000000000e+00 4.684511883278940513e+04 0.000000000000000000e+00 1.234540986753695506e+03 6.009501094259934325e+04 0.000000000000000000e+00 3.930384488385486475e+04 0.000000000000000000e+00 5.999542618544826382e+02
1.475259222195813014e-01 1.065483803362339968e+05 0.000000000000000000e+00 4.586708752107157488e+04 0.000000000000000000e+00 3.812372317645450948e+03 5.725605795252630924e+04 0.000000000000000000e+00 3.731815536015308317e+04 0.000000000000000000e+00 5.149531368171670692e+03
1.525299430011916868e-01 1.021656110923232918e+05 0.000000000000000000e+00 4.484377950625633821e+04 0.000000000000000000e+00 4.003357456881974940e+03 5.486820967196482525e+04 0.000000000000000000e+00 3.253458775786269689e+04 0.000000000000000000e+00 2.346407507609063032e+03
1.574945685492469272e-01 9.595623763497390610e+04 0.000000000000000000e+00 3.844541626562057354e+04 0.000000000000000000e+00 -1.161220042868119890e+03 5.254193715371860162e+04 0.000000000000000000e+00 3.095231997411735938e+04 0.000000000000000000e+00 1.960663889675253586e+03
1.625189323163163113e-01 9.084308554744526919e+04 0.000000000000000000e+00 3.661640408759124693e+04 0.000000000000000000e+00 2.761951824817518627e+03 5.079140437956204551e+04 0.000000000000000000e+00 2.898825810218978222e+04 0.000000000000000000e+00 3.148061021897810406e+03
1.675461007718098694e-01 8.781401366742597020e+04 0.000000000000000000e+00 3.341565603644646762e+04 0.000000000000000000e+00 -3.554488610478359533e+03 4.934593166287015629e+04 0.000000000000000000e+00 2.573487699316628641e+04 0.000000000000000000e+00 8.185249857630979022e+02
1.725292014006662711e-01 8.598332597158585850e+04 0.000000000000000000e+00 3.559781810989880614e+04 0.000000000000000000e+00 2.748432607047499914e+03 4.697636707650723838e+04 0.000000000000000000e+00 2.438310340508290392e+04 0.000000000000000000e+00 3.882749118238455139e+03
1.775301965061671094e-01 8.128831903079252515e+04 0.000000000000000000e+00 3.166343260979303523e+04 0.000000000000000000e+00 1.243858909641595119e+03 4.622459767794043000e+04 0.000000000000000000e+00 2.357841494194851111e+04 0.000000000000000000e+00 2.052526501766784349e+03
1.825147654490652804e-01 7.840357540843157039e+04 0.000000000000000000e+00 3.281457673786522355e+04 0.000000000000000000e+00 1.966770303406304492e+03 4.533922301988241816e+04 0.000000000000000000e+00 2.084617968034506339e+04 0.000000000000000000e+00 -5.955516558834825673e+02
1.875360723572403465e-01 7.728803039106146025e+04 0.000000000000000000e+00 2.931752938547485974e+04 0.000000000000000000e+00 2.223864357541899608e+03 4.405566927374302031e+04 0.000000000000000000e+00 1.970668335195530744e+04 0.000000000000000000e+00 7.389359776536313120e+02
1.925323683450522461e-01 7.442041597943664237e+04 0.000000000000000000e+00 2.560810024633179637e+04 0.000000000000000000e+00 -7.571162043482917170e+02 4.284760586912284634e+04 0.000000000000000000e+00 1.800227910463746230e+04 0.000000000000000000e+00 1.161899432365856228e+03
1.975198663583639380e-01 7.188955285190336872e+04 0.000000000000000000e+00 2.569114759074237736e+04 0.000000000000000000e+00 1.535144757809535804e+03 4.217127790565321629e+04 0.000000000000000000e+00 1.673031551789553487e+04 0.000000000000000000e+00 7.681807006449980690e+02
2.025153694923672032e-01 7.036359355399016931e+04 0.000000000000000000e+00 2.265778789925697492e+04 0.000000000000000000e+00 8.445235935539901675e+02 4.130578095146193664e+04 0.000000000000000000e+00 1.662934517031747600e+04 0.000000000000000000e+00 6.314581684840297839e+02
2.075088499274508613e-01 6.827577274496783502e+04 0.000000000000000000e+00 2.251417966978863842e+04 0.000000000000000000e+00 -1.271670796216995996e+03 3.996702905951590219e+04 0.000000000000000000e+00 1.538205830222812619e+04 0.000000000000000000e+00 4.334223362110421931e+02
2.125178062418619784e-01 6.621172002094607160e+04 0.000000000000000000e+00 2.274759574096701181e+04 0.000000000000000000e+00 2.485629603770291396e+03 3.954777727352068905e+04 0.000000000000000000e+00 1.530416617210682489e+04 0.000000000000000000e+00 2.263037702914994043e+03
2.175004174234404231e-01 6.325158623011531017e+04 0.000000000000000000e+00 2.094462486322700352e+04 0.000000000000000000e+00 1.170269000925848104e+03 3.800305294167157990e+04 0.000000000000000000e+00 1.397504587155963418e+04 0.000000000000000000e+00 -2.930049659119602552e+02
2.225093171556767890e-01 6.093399137132838223e+04 0.000000000000000000e+00 1.909850980083134709e+04 0.000000000000000000e+00 2.314638561100057359e+03 3.733535399223813874e+04 0.000000000000000000e+00 1.334909178306180002e+04 0.000000000000000000e+00 1.751601741494454473e+03
2.275289586476768322e-01 5.972634195622226252e+04 0.000000000000000000e+00 1.926326159497933622e+04 0.000000000000000000e+00 -3.702317465176794826e+02 3.647121506199295982e+04 0.000000000000000000e+00 1.262487555487524878e+04 0.000000000000000000e+00 5.905143119546916068e+02
2.325285406108919262e-01 5.782946537391083257e+04 0.000000000000000000e+00 2.061020268131628472e+04 0.000000000000000000e+00 1.290842559074454812e+03 3.635223749840831442e+04 0.000000000000000000e+00 1.219263274698488385e+04 0.000000000000000000e+00 7.247279209793899781e+02
2.375276552426477672e-01 5.623714761821058346e+04 0.000000000000000000e+00 1.834317510986113484e+04 0.000000000000000000e+00 2.190114114958692426e+03 3.571134076287572680e+04 0.000000000000000000e+00 1.265869038495341920e+04 0.000000000000000000e+00 6.273364738969942209e+02
2.424991024241769377e-01 5.507136413823375915e+04 0.000000000000000000e+00 1.841836867962115866e+04 0.000000000000000000e+00 2.332124592710144498e+03 3.481280178278999665e+04 0.000000000000000000e+00 1.088070015025408065e+04 0.000000000000000000e+00 1.740117164418483071e+02
2.474998551644826128e-01 5.368940531540185475e+04 0.000000000000000000e+00 1.740746922830611584e+04 0.000000000000000000e+00 2.910494012167787332e+03 3.463995184117835743e+04 0.000000000000000000e+00 1.123082779378802479e+04 0.000000000000000000e+00 1.344755555555555475e+03
2.525200307756395035e-01 5.224459560779462481e+04 0.000000000000000000e+00 1.642384014846891660e+04 0.000000000000000000e+00 2.060584720074234610e+03 3.406824324157129740e+04 0.000000000000000000e+00 1.042236931642437412e+04 0.000000000000000000e+00 1.162859140117537891e+03
2.575182250600202005e-01 5.080780365099471237e+04 0.000000000000000000e+00 1.438200217569480628e+04 0.000000000000000000e+00 1.286761344162134037e+03 3.364853241934281687e+04 0.000000000000000000e+00 1.006680181804634594e+04 0.000000000000000000e+00 1.807247299009015649e+02
2.625255687975799335e-01 4.969455582815084927e+04 0.000000000000000000e+00 1.400801871398413823e+04 0.000000000000000000e+00 5.756377588862897028e+02 3.310684908997546881e+04 0.000000000000000000e+00 9.440077594568379936e+03 0.000000000000000000e+00 1.049443829520168947e+03
2.675305520911575030e-01 4.870778497949489247e+04 0.000000000000000000e+00 1.362171878322585872e+04 0.000000000000000000e+00 -5.697709780312339944e+02 3.252243498432774868e+04 0.000000000000000000e+00 9.051833694646580625e+03 0.000000000000000000e+00 1.850248546692257605e+02
2.725404586615198799e-01 4.709066991061511362e+04 0.000000000000000000e+00 1.290514962712222950e+04 0.000000000000000000e+00 2.012878404823610254e+03 3.227479346273866759e+04 0.000000000000000000e+00 8.601563442111386394e+03 0.000000000000000000e+00 7.640662188607393546e+01
2.775333197047151201e-01 4.671383276035877498e+04 0.000000000000000000e+00 1.261468090056091205e+04 0.000000000000000000e+00 1.461337917129785183e+03 3.187960317419288185e+04 0.000000000000000000e+00 8.418737870602528346e+03 0.000000000000000000e+00 -5.561567451598727985e+02
2.825123907298719983e-01 4.587807729265732632e+04 0.000000000000000000e+00 1.162559901191872996e+04 0.000000000000000000e+00 9.230188847032668491e+02 3.133684727968875450e+04 0.000000000000000000e+00 8.350707984931761530e+03 0.000000000000000000e+00 1.425574631013400904e+02
2.875104651677040102e-01 4.481668032943880098e+04 0.000000000000000000e+00 1.210192683393985862e+04 0.000000000000000000e+00 2.006745451063014798e+03 3.080657345336142316e+04 0.000000000000000000e+00 8.260740854242481873e+03 0.000000000000000000e+00 3.681319670561194926e+02
2.924971317655564174e-01 4.325118357627529622e+04 0.000000000000000000e+00 1.092471026136008913e+04 0.000000000000000000e+00 -4.982133188454380388e+02 3.054955428914910590e+04 0.000000000000000000e+00 7.913384087204799471e+03 0.000000000000000000e+00 -4.003404501265763997e+02
2.975058823671092867e-01 4.251511020335671492e+04 0.000000000000000000e+00 1.062908800284166500e+04 0.000000000000000000e+00 1.833151229908533878e+03 3.011081218364265806e+04 0.000000000000000000e+00 7.197675517272000434e+03 0.000000000000000000e+00 2.562751975845839638e+02
3.025121359101998753e-01 4.171313925035666034e+04 0.000000000000000000e+00 9.193209459167350360e+03 0.000000000000000000e+00 2.342096320954562998e+02 2.975802170247719550e+04 0.000000000000000000e+00 7.231786952574467250e+03 0.000000000000000000e+00 -1.027817042064761608e+03
3.075010376196579687e-01 4.076502423577363516e+04 0.000000000000000000e+00 8.978602372367666248e+03 0.000000000000000000e+00 4.272650885718765039e+02 2.927543602445524448e+04 0.000000000000000000e+00 6.803536771698803932e+03 0.000000000000000000e+00 3.229597742592883378e+02
3.125134169243361515e-01 4.003063197265232156e+04 0.000000000000000000e+00 8.704274763724110016e+03 0.000000000000000000e+00 3.790944701387492728e+02 2.919762364769756823e+04 0.000000000000000000e+00 6.203786527247134472e+03 0.000000000000000000e+00 -9.877379449024733731e+02
3.175159688234982513e-01 3.918801402874517225e+04 0.000000000000000000e+00 8.121869163285555260e+03 0.000000000000000000e+00 -3.428217032940044078e+02 2.873356363529192095e+04 0.000000000000000000e+00 6.193741450619406351e+03 0.000000000000000000e+00 -9.863977758347987219e+02
3.225221380836135188e-01 3.842662216348876973e+04 0.000000000000000000e+00 7.382314215593733024e+03 0.000000000000000000e+00 6.745912780819331829e+02 2.843948317915801454e+04 0.000000000000000000e+00 6.136916141212007460e+03 0.000000000000000000e+00 -2.631588068718142495e+02
3.275181733526948968e-01 3.816569033691225195e+04 0.000000000000000000e+00 8.019987856349500362e+03 0.000000000000000000e+00 8.940844872269530015e+02 2.810783087745279408e+04 0.000000000000000000e+00 5.736216808589410903e+03 0.000000000000000000e+00 -8.379378748611625269e+02
3.325123842131759710e-01 3.729057178184794611e+04 0.000000000000000000e+00 6.637921595488227467e+03 0.000000000000000000e+00 6.896851543805652227e+02 2.794952877233870458e+04 0.000000000000000000e+00 5.694608039709296463e+03 0.000000000000000000e+00 -1.155524520312764167e+02
3.374959366892091861e-01 3.653306912377816479e+04 0.000000000000000000e+00 6.719669831482325208e+03 0.000000000000000000e+00 -3.071525768139298975e+02 2.763406004974950338e+04 0.000000000000000000e+00 5.857019093998528660e+03 0.000000000000000000e+00 -6.033963493676208145e+02
3.424919221947719805e-01 3.612714312145279837e+04 0.000000000000000000e+00 6.409421663652501593e+03 0.000000000000000000e+00 2.115051713073698636e+02 2.743998733217211702e+04 0.000000000000000000e+00 5.437805665519339527e+03 0.000000000000000000e+00 -6.838318179166424216e+02
3.475179778446125245e-01 3.551546456692913489e+04 0.000000000000000000e+00 6.473141438233084045e+03 0.000000000000000000e+00 2.081931257555461059e+02 2.720718685268075933e+04 0.000000000000000000e+00 5.320198385990132920e+03 0.000000000000000000e+00 -7.914927140850132048e+01
3.525052850529177828e-01 3.497420252275267558e+04 0.000000000000000000e+00 5.799782085262653709e+03 0.000000000000000000e+00 -2.931381765926872163e+02 2.673404157751876119e+04 0.000000000000000000e+00 5.040921730799936086e+03 0.000000000000000000e+00 -1.079845569216030754e+03
3.575133254796376558e-01 3.437220335553494806e+04 0.000000000000000000e+00 5.333964973059147269e+03 0.000000000000000000e+00 2.058722934598493168e+02 2.660907806332441760e+04 0.000000000000000000e+00 4.701147810624583144e+03 0.000000000000000000e+00 -5.913864690237677451e+02
3.625250227669692404e-01 3.386161457611805236e+04 0.000000000000000000e+00 5.652496672187922741e+03 0.000000000000000000e+00 8.483457912964914840e+02 2.633052708929378059e+04 0.000000000000000000e+00 5.028398855594036831e+03 0.000000000000000000e+00 -4.863007378406866223e+02
3.675230446100045678e-01 3.312777995028031000e+04 0.000000000000000000e+00 5.138327173049304292e+03 0.000000000000000000e+00 9.203694129139965980e+02 2.617588755476820734e+04 0.000000000000000000e+00 4.649020113874125855e+03 0.000000000000000000e+00 -3.597246608198645390e+02
3.725177060730277545e-01 3.278792200811939256e+04 0.000000000000000000e+00 4.601272571330550818e+03 0.000000000000000000e+00 9.797794041969237924e+02 2.609286660186402878e+04 0.000000000000000000e+00 4.271168391560409873e+03 0.000000000000000000e+00 -6.824810452284293660e+02
3.775163034622419089e-01 3.230333019355817305e+04 0.000000000000000000e+00 4.676335482447369941e+03 0.000000000000000000e+00 -3.325611118389750231e+01 2.573552266223512561e+04 0.000000000000000000e+00 4.486248584687735274e+03 0.000000000000000000e+00 -5.684388329966004676e+02
3.825226892977953153e-01 3.210912172972972985e+04 0.000000000000000000e+00 4.392536216216216417e+03 0.000000000000000000e+00 7.469382702702702090e+02 2.565739762162162151e+04 0.000000000000000000e+00 4.620039351351350888e+03 0.000000000000000000e+00 -5.790449999999999875e+01
3.875130067694269043e-01 3.147764130663856849e+04 0.000000000000000000e+00 4.237979346680716844e+03 0.000000000000000000e+00 8.874753424657534424e+02 2.546903603793467119e+04 0.000000000000000000e+00 4.220916332982086715e+03 0.000000000000000000e+00 -3.481021865121180667e+02
3.924957861003909865e-01 3.098562770250700123e+04 0.000000000000000000e+00 3.800332893508834331e+03 0.000000000000000000e+00 1.441569156502429905e+03 2.524466807839603644e+04 0.000000000000000000e+00 4.345896797863097163e+03 0.000000000000000000e+00 3.534237698323303221e+02
3.975064703251052212e-01 3.093394500960287769e+04 0.000000000000000000e+00 3.870965119881048395e+03 0.000000000000000000e+00 1.495833665819961652e+03 2.513526983458274117e+04 0.000000000000000000e+00 4.041846428350164388e+03 0.000000000000000000e+00 1.071786754228362639e+02
