3.798113400606732779e-03 7.880144736842104976e+03 0.000000000000000000e+00 1.043618585526315655e+04 0.000000000000000000e+00 4.184056743421052488e+03
8.299341265228576958e-03 3.138463476562500000e+04 0.000000000000000000e+00 1.707453906250000000e+04 0.000000000000000000e+00 2.026100585937500000e+03
1.293222767532251419e-02 3.695875477707006212e+04 0.000000000000000000e+00 2.594397770700637193e+04 0.000000000000000000e+00 -2.007402070063694282e+03
1.764839556552980082e-02 3.717733219178082072e+04 0.000000000000000000e+00 3.609572602739725698e+04 0.000000000000000000e+00 2.828380993150684662e+04
2.256548662787912635e-02 3.644242722117202356e+04 0.000000000000000000e+00 1.756377315689980969e+04 0.000000000000000000e+00 -9.231625708884688720e+03
2.777643688250242340e-02 3.062158536585365800e+04 0.000000000000000000e+00 1.153504146341463456e+04 0.000000000000000000e+00 9.888883384146340916e+01
3.269804980233311648e-02 2.793139600000000064e+04 0.000000000000000000e+00 1.301567599999999948e+04 0.000000000000000000e+00 -4.628078500000000531e+03
3.761648458559932462e-02 2.644861496965610058e+04 0.000000000000000000e+00 1.706928523263654643e+04 0.000000000000000000e+00 7.718259608900876628e+03
4.263843696389812976e-02 2.187277678571428623e+04 0.000000000000000000e+00 1.332957812500000000e+04 0.000000000000000000e+00 -4.406840471540178328e+02
4.756514582339458480e-02 2.005445791539467973e+04 0.000000000000000000e+00 1.034276842564326216e+04 0.000000000000000000e+00 -3.488680331443523755e+03
5.262096060748640974e-02 1.877398314606741405e+04 0.000000000000000000e+00 1.127464747191011156e+04 0.000000000000000000e+00 9.903140800561797050e+02
5.756031740041873956e-02 1.731595668316831870e+04 0.000000000000000000e+00 9.387759900990098686e+03 0.000000000000000000e+00 1.109474938118811906e+03
6.254738279606215923e-02 1.626535491783173711e+04 0.000000000000000000e+00 9.423209222467499785e+03 0.000000000000000000e+00 1.445162742212410876e+03
6.757793472572401483e-02 1.541328998242530724e+04 0.000000000000000000e+00 8.599888400702986473e+03 0.000000000000000000e+00 8.826773945518452820e+02
7.255917516659465827e-02 1.460945062302399128e+04 0.000000000000000000e+00 7.276034963734424309e+03 0.000000000000000000e+00 4.851029849358378669e+02
7.753384299139773339e-02 1.297743019752259897e+04 0.000000000000000000e+00 6.012374958151992359e+03 0.000000000000000000e+00 9.860522263140275072e+02
8.251793356505521260e-02 1.217097247706422058e+04 0.000000000000000000e+00 5.320124426605504595e+03 0.000000000000000000e+00 4.440207497133027914e+02
8.752751931716111489e-02 1.092432499676040061e+04 0.000000000000000000e+00 5.180671763638720222e+03 0.000000000000000000e+00 7.555453544123364509e+02
9.254701955136974967e-02 1.011336098450318968e+04 0.000000000000000000e+00 5.240928441203281182e+03 0.000000000000000000e+00 5.069858135824977126e+02
9.754963178921903511e-02 9.430387940960954438e+03 0.000000000000000000e+00 4.222793677378834218e+03 0.000000000000000000e+00 2.861067989113367389e+02
1.025319613041059119e-01 8.879061913696059491e+03 0.000000000000000000e+00 4.343694183864915431e+03 0.000000000000000000e+00 4.496721388367729588e+01
1.075116003998943526e-01 8.189503101309441263e+03 0.000000000000000000e+00 3.398361819434872359e+03 0.000000000000000000e+00 -2.374987939352170940e+02
1.125102861506304813e-01 7.822754579887146065e+03 0.000000000000000000e+00 3.341758058282445745e+03 0.000000000000000000e+00 6.545252473525546577e+01
1.175500852175193622e-01 7.526481581567344620e+03 0.000000000000000000e+00 3.141653534347888126e+03 0.000000000000000000e+00 2.224396778552126364e+02
1.225369446564099490e-01 7.308604038397881595e+03 0.000000000000000000e+00 3.432029394240318197e+03 0.000000000000000000e+00 4.303688348229063365e+01
1.275260957852891452e-01 7.025144312393887958e+03 0.000000000000000000e+00 2.990766189667717754e+03 0.000000000000000000e+00 3.353290080038806309e+02
1.325302087090364789e-01 6.685222153638965210e+03 0.000000000000000000e+00 2.941414286515908316e+03 0.000000000000000000e+00 1.309800796812749013e+02
1.375062694904859717e-01 6.481660823653643092e+03 0.000000000000000000e+00 2.926958817317845842e+03 0.000000000000000000e+00 4.937310982048574601e+02
1.425134422753508989e-01 6.046704933768477531e+03 0.000000000000000000e+00 2.250561912075254440e+03 0.000000000000000000e+00 4.584603090804376961e+02
1.475259222195813014e-01 5.725950521663857216e+03 0.000000000000000000e+00 2.135280149437332057e+03 0.000000000000000000e+00 -5.789062713563260587e+01
1.525299430011916868e-01 5.504526885356780440e+03 0.000000000000000000e+00 2.247603990530943520e+03 0.000000000000000000e+00 3.498735415962123625e+02
1.574945685492469272e-01 5.211131799247785239e+03 0.000000000000000000e+00 2.091604966231244816e+03 0.000000000000000000e+00 -1.648339062563189827e+02
1.625189323163163113e-01 5.041222189781022280e+03 0.000000000000000000e+00 1.912348467153284901e+03 0.000000000000000000e+00 1.061727554744525577e+02
1.675461007718098694e-01 4.823588268792710551e+03 0.000000000000000000e+00 1.769595387243735786e+03 0.000000000000000000e+00 -8.828826167425967242e+01
1.725292014006662711e-01 4.649272373669116860e+03 0.000000000000000000e+00 1.916857962224346693e+03 0.000000000000000000e+00 2.931137884431552720e+02
1.775301965061671094e-01 4.519302372539121279e+03 0.000000000000000000e+00 1.638071554770318016e+03 0.000000000000000000e+00 2.509451981322564222e+02
1.825147654490652804e-01 4.385395373570859192e+03 0.000000000000000000e+00 1.569421371384679105e+03 0.000000000000000000e+00 1.561451593843245007e+02
1.875360723572403465e-01 4.248566256983240237e+03 0.000000000000000000e+00 1.540386927374301649e+03 0.000000000000000000e+00 1.119857681564245837e+02
1.925323683450522461e-01 4.098434186569561462e+03 0.000000000000000000e+00 1.492934775623861924e+03 0.000000000000000000e+00 9.244082012423690742e+01
1.975198663583639380e-01 4.020303224990514536e+03 0.000000000000000000e+00 1.369876210952320662e+03 0.000000000000000000e+00 1.434978879473883921e+02
2.025153694923672032e-01 3.863063205635433860e+03 0.000000000000000000e+00 1.256243462317861713e+03 0.000000000000000000e+00 1.071214778539033148e+02
2.075088499274508613e-01 3.768867068171929986e+03 0.000000000000000000e+00 1.235343332799010795e+03 0.000000000000000000e+00 8.421854748219561770e+01
2.125178062418619784e-01 3.630890556816198568e+03 0.000000000000000000e+00 1.241083784255542014e+03 0.000000000000000000e+00 1.115009054808867148e+02
2.175004174234404231e-01 3.515827623937379030e+03 0.000000000000000000e+00 1.134414527396683752e+03 0.000000000000000000e+00 -1.871820948362932313e+01
2.225093171556767890e-01 3.451138630050629672e+03 0.000000000000000000e+00 1.096408581391225653e+03 0.000000000000000000e+00 5.606377435432714407e+01
2.275289586476768322e-01 3.344915352824123602e+03 0.000000000000000000e+00 1.090079748966784109e+03 0.000000000000000000e+00 1.331020683453237439e+02
2.325285406108919262e-01 3.279186800793116618e+03 0.000000000000000000e+00 9.836858821603333354e+02 0.000000000000000000e+00 1.263101545304058426e+01
2.375276552426477672e-01 3.188872842327298258e+03 0.000000000000000000e+00 9.966188785375286443e+02 0.000000000000000000e+00 9.599529794339954947e+01
2.424991024241769377e-01 3.110562287913831824e+03 0.000000000000000000e+00 8.998557560819137962e+02 0.000000000000000000e+00 4.889967163574358722e+01
2.474998551644826128e-01 3.032825872558437368e+03 0.000000000000000000e+00 8.516114633365353939e+02 0.000000000000000000e+00 1.590606147934678063e+02
2.525200307756395035e-01 2.975452149706155524e+03 0.000000000000000000e+00 8.253543458088463467e+02 0.000000000000000000e+00 2.483755219610269194e+01
2.575182250600202005e-01 2.911497146263318427e+03 0.000000000000000000e+00 8.074935697787050231e+02 0.000000000000000000e+00 3.265684747783324582e+01
2.625255687975799335e-01 2.854843840931134764e+03 0.000000000000000000e+00 7.474121640896902363e+02 0.000000000000000000e+00 1.171017572887544986e+02
2.675305520911575030e-01 2.798148824236063774e+03 0.000000000000000000e+00 7.414621173416550164e+02 0.000000000000000000e+00 8.607331609615994639e-01
2.725404586615198799e-01 2.719580895964457341e+03 0.000000000000000000e+00 6.655531284709365991e+02 0.000000000000000000e+00 7.233745438197492206e+01
2.775333197047151201e-01 2.689897691731072428e+03 0.000000000000000000e+00 6.736473750872386290e+02 0.000000000000000000e+00 9.628672503037195574e-01
2.825123907298719983e-01 2.623491533378620261e+03 0.000000000000000000e+00 6.501642438090533460e+02 0.000000000000000000e+00 1.122421787191996572e+02
2.875104651677040102e-01 2.567930090021068736e+03 0.000000000000000000e+00 6.227392262018770452e+02 0.000000000000000000e+00 9.246779831449913445e+01
2.924971317655564174e-01 2.533885722872764745e+03 0.000000000000000000e+00 6.068809488030146895e+02 0.000000000000000000e+00 5.174648735969667790e+00
2.975058823671092867e-01 2.481387088180445517e+03 0.000000000000000000e+00 5.904381937660953099e+02 0.000000000000000000e+00 9.300146523399342868e+01
3.025121359101998753e-01 2.447309325148069547e+03 0.000000000000000000e+00 5.440518784315420362e+02 0.000000000000000000e+00 -1.160351638493796145e+01
3.075010376196579687e-01 2.413022730835554285e+03 0.000000000000000000e+00 5.166349166536029998e+02 0.000000000000000000e+00 6.120116005643518520e+01
3.125134169243361515e-01 2.367251638849788833e+03 0.000000000000000000e+00 4.987260004021717350e+02 0.000000000000000000e+00 3.981664236879147722e+01
3.175159688234982513e-01 2.324155809452702215e+03 0.000000000000000000e+00 4.692429782593745813e+02 0.000000000000000000e+00 1.397323805640970207e+01
3.225221380836135188e-01 2.285744081555597859e+03 0.000000000000000000e+00 4.628037757221068773e+02 0.000000000000000000e+00 7.152153931470643933e+00
3.275181733526948968e-01 2.251179415031469944e+03 0.000000000000000000e+00 4.519589781562384587e+02 0.000000000000000000e+00 -3.262312800814513025e+01
3.325123842131759710e-01 2.197582216212850653e+03 0.000000000000000000e+00 4.186331248832472056e+02 0.000000000000000000e+00 4.189277422453899646e+01
3.374959366892091861e-01 2.173531023368251681e+03 0.000000000000000000e+00 3.954302631117962505e+02 0.000000000000000000e+00 -2.726512849034789809e+01
3.424919221947719805e-01 2.139279033911442184e+03 0.000000000000000000e+00 3.600124344731600559e+02 0.000000000000000000e+00 -1.551364291726741662e+01
3.475179778446125245e-01 2.108283987323161455e+03 0.000000000000000000e+00 3.366316202175972876e+02 0.000000000000000000e+00 -1.662986867791681478e+00
3.525052850529177828e-01 2.093217307999361310e+03 0.000000000000000000e+00 3.624080153281175285e+02 0.000000000000000000e+00 -1.987039158550215490e+01
3.575133254796376558e-01 2.050888733894888446e+03 0.000000000000000000e+00 3.578014118079880177e+02 0.000000000000000000e+00 4.789126319258686237e+01
3.625250227669692404e-01 2.040449088992621455e+03 0.000000000000000000e+00 3.212398132811323421e+02 0.000000000000000000e+00 1.497538774280981677e+01
3.675230446100045678e-01 2.009944754281215182e+03 0.000000000000000000e+00 2.852604597248649725e+02 0.000000000000000000e+00 6.646730493041430599e+00
3.725177060730277545e-01 1.985446852307164590e+03 0.000000000000000000e+00 2.932119332151638105e+02 0.000000000000000000e+00 -1.336961179169763980e+01
3.775163034622419089e-01 1.961466877210886651e+03 0.000000000000000000e+00 2.835592914129677524e+02 0.000000000000000000e+00 -1.023194140848566747e+01
3.825226892977953153e-01 1.931121513513513491e+03 0.000000000000000000e+00 2.499954324324324375e+02 0.000000000000000000e+00 1.165090033783783774e+01
3.875130067694269043e-01 1.918362065331928534e+03 0.000000000000000000e+00 2.797818756585879783e+02 0.000000000000000000e+00 -1.699402002107481735e+01
3.924957861003909865e-01 1.891167560261320205e+03 0.000000000000000000e+00 2.620966626975187523e+02 0.000000000000000000e+00 4.266194123515592906e+01
3.975064703251052212e-01 1.870404857195960631e+03 0.000000000000000000e+00 2.583889474010284744e+02 0.000000000000000000e+00 3.346819589864320932e+01
