3.798113400606732779e-03 8.450286842105262913e+05 0.000000000000000000e+00 -1.259960421052631456e+06 0.000000000000000000e+00 -2.806198684210526408e+05 1.064357658947368413e+08 0.000000000000000000e+00 2.733652075789473653e+08 0.000000000000000000e+00 8.450481852631577849e+07
8.299341265228576958e-03 7.899593750000000000e+05 0.000000000000000000e+00 5.953201250000000000e+05 0.000000000000000000e+00 2.718858437500000000e+05 3.418057200000000000e+07 0.000000000000000000e+00 7.310107200000000000e+07 0.000000000000000000e+00 2.013205400000000000e+07
1.293222767532251419e-02 8.984871337579617975e+05 0.000000000000000000e+00 3.385619363057325245e+05 0.000000000000000000e+00 -3.512828025477706979e+04 1.357827098089172132e+07 0.000000000000000000e+00 2.463661166878981143e+07 0.000000000000000000e+00 -8.270206369426752208e+05
1.764839556552980082e-02 1.076909479452054715e+06 0.000000000000000000e+00 5.140263013698629802e+05 0.000000000000000000e+00 5.623306849315068393e+04 8.360888109589040279e+06 0.000000000000000000e+00 1.635527539726027288e+07 0.000000000000000000e+00 -6.708295890410958091e+05
2.256548662787912635e-02 9.955222381852552062e+05 0.000000000000000000e+00 8.552894669187145773e+05 0.000000000000000000e+00 1.759375425330812868e+04 4.669217875236295164e+06 0.000000000000000000e+00 8.491404824196597561e+06 0.000000000000000000e+00 -1.384945844990548212e+06
2.777643688250242340e-02 7.759945365853658877e+05 0.000000000000000000e+00 6.721344000000000233e+05 0.000000000000000000e+00 3.953976585365853680e+04 2.705237853658536449e+06 0.000000000000000000e+00 5.321173541463414207e+06 0.000000000000000000e+00 -8.765761951219511684e+04
3.269804980233311648e-02 7.287470080000000307e+05 0.000000000000000000e+00 5.905681280000000261e+05 0.000000000000000000e+00 -9.457759200000000419e+04 1.841821184000000125e+06 0.000000000000000000e+00 3.384761344000000041e+06 0.000000000000000000e+00 -5.198586880000000237e+05
3.761648458559932462e-02 6.111895994605529122e+05 0.000000000000000000e+00 4.796982980445043650e+05 0.000000000000000000e+00 -1.684486850977747736e+03 1.166405049224544782e+06 0.000000000000000000e+00 2.248719536075522657e+06 0.000000000000000000e+00 5.449048685097774433e+04
4.263843696389812976e-02 4.965641428571428405e+05 0.000000000000000000e+00 3.820115000000000000e+05 0.000000000000000000e+00 -4.242820089285713766e+04 7.854007142857142026e+05 0.000000000000000000e+00 1.367823142857142724e+06 0.000000000000000000e+00 -3.021389285714285797e+05
4.756514582339458480e-02 4.667077051897078054e+05 0.000000000000000000e+00 3.734398046227649320e+05 0.000000000000000000e+00 -5.782415612734409478e+03 5.862923610989969457e+05 0.000000000000000000e+00 1.000389833406018326e+06 0.000000000000000000e+00 -1.214049018752725678e+05
5.262096060748640974e-02 4.258473707865168690e+05 0.000000000000000000e+00 2.908934831460674177e+05 0.000000000000000000e+00 3.827320505617977324e+04 4.406124943820224726e+05 0.000000000000000000e+00 7.744356853932584636e+05 0.000000000000000000e+00 2.841783988764044989e+04
5.756031740041873956e-02 3.903607920792079531e+05 0.000000000000000000e+00 3.072377623762376024e+05 0.000000000000000000e+00 2.612581188118811770e+04 3.618551683168316958e+05 0.000000000000000000e+00 6.286552475247525144e+05 0.000000000000000000e+00 2.830469059405940789e+04
6.254738279606215923e-02 3.552629482462594751e+05 0.000000000000000000e+00 2.425438626441010274e+05 0.000000000000000000e+00 4.422547951925435336e+04 2.858754260485650739e+05 0.000000000000000000e+00 4.549032720137355500e+05 0.000000000000000000e+00 1.789896884964434503e+04
6.757793472572401483e-02 3.365989736379613169e+05 0.000000000000000000e+00 2.319123936731106951e+05 0.000000000000000000e+00 5.721601405975395028e+04 2.411985940246045648e+05 0.000000000000000000e+00 3.693108752196836285e+05 0.000000000000000000e+00 -4.298333479789103876e+03
7.255917516659465827e-02 3.125515283615398803e+05 0.000000000000000000e+00 2.216852877068997768e+05 0.000000000000000000e+00 1.670343314115678004e+04 2.007781528733494633e+05 0.000000000000000000e+00 2.935905553282499895e+05 0.000000000000000000e+00 -1.936635893620978459e+04
7.753384299139773339e-02 2.825544077669903054e+05 0.000000000000000000e+00 1.660949768998995714e+05 0.000000000000000000e+00 6.661510545698025453e+03 1.702390251088048390e+05 0.000000000000000000e+00 2.351724887847338687e+05 0.000000000000000000e+00 1.557042785403414928e+04
8.251793356505521260e-02 2.560683119266055292e+05 0.000000000000000000e+00 1.644667339449541469e+05 0.000000000000000000e+00 -1.100546100917431249e+04 1.492540825688073528e+05 0.000000000000000000e+00 1.960185504587156174e+05 0.000000000000000000e+00 8.231967889908257348e+03
8.752751931716111489e-02 2.284930703641311557e+05 0.000000000000000000e+00 1.382740774912530906e+05 0.000000000000000000e+00 1.527354878838927107e+04 1.313876542697939731e+05 0.000000000000000000e+00 1.626900899313204573e+05 0.000000000000000000e+00 9.446633665932356962e+03
9.254701955136974967e-02 2.052396426618049154e+05 0.000000000000000000e+00 1.221075004557885113e+05 0.000000000000000000e+00 1.911353350045578736e+03 1.136246563354603422e+05 0.000000000000000000e+00 1.316749972652689030e+05 0.000000000000000000e+00 5.288915793072014822e+02
9.754963178921903511e-02 1.880732017167382000e+05 0.000000000000000000e+00 1.059429992672458902e+05 0.000000000000000000e+00 3.856843399979064202e+02 9.970314330576782231e+04 0.000000000000000000e+00 1.128269687009316403e+05 0.000000000000000000e+00 1.946279702711190112e+03
1.025319613041059119e-01 1.704152495309568476e+05 0.000000000000000000e+00 9.353874971857410856e+04 0.000000000000000000e+00 9.998054033771106333e+03 9.334912120075046550e+04 0.000000000000000000e+00 9.875555422138837457e+04 0.000000000000000000e+00 1.072131181988742901e+04
1.075116003998943526e-01 1.579277849758786906e+05 0.000000000000000000e+00 8.461182081323224702e+04 0.000000000000000000e+00 1.090334114403859348e+04 8.474003583735354187e+04 0.000000000000000000e+00 8.377588973121985327e+04 0.000000000000000000e+00 2.547607856650585745e+03
1.125102861506304813e-01 1.501530432093994168e+05 0.000000000000000000e+00 7.840215691427688580e+04 0.000000000000000000e+00 1.715358305635000579e+04 7.912905681378990994e+04 0.000000000000000000e+00 7.317026451263816853e+04 0.000000000000000000e+00 6.351978356651465219e+03
1.175500852175193622e-01 1.416242537334660883e+05 0.000000000000000000e+00 7.763970075380458729e+04 0.000000000000000000e+00 1.110078111221732433e+04 7.372672109230550996e+04 0.000000000000000000e+00 6.128668126866733655e+04 0.000000000000000000e+00 4.393669748257715582e+03
1.225369446564099490e-01 1.364474322409798042e+05 0.000000000000000000e+00 7.511365402184707636e+04 0.000000000000000000e+00 -1.693965441906653496e+03 6.927582019198940543e+04 0.000000000000000000e+00 5.259791168487256073e+04 0.000000000000000000e+00 7.235460443561735246e+02
1.275260957852891452e-01 1.281562435120058217e+05 0.000000000000000000e+00 6.260689788988600048e+04 0.000000000000000000e+00 8.330673781227262225e+03 6.480395828280378191e+04 0.000000000000000000e+00 4.914791753577491909e+04 0.000000000000000000e+00 3.386519524617996467e+03
1.325302087090364789e-01 1.218730657089949964e+05 0.000000000000000000e+00 5.848145895292070782e+04 0.000000000000000000e+00 1.857908647101733777e+03 6.214707053476235888e+04 0.000000000000000000e+00 4.490186633746703592e+04 0.000000000000000000e+00 1.835882385949161062e+03
1.375062694904859717e-01 1.157981938753959839e+05 0.000000000000000000e+00 5.988782090813093964e+04 0.000000000000000000e+00 9.537552692713832585e+03 5.854311129883843387e+04 0.000000000000000000e+00 3.884041393875396170e+04 0.000000000000000000e+00 3.666815628299894342e+03
1.425134422753508989e-01 1.094190147821078863e+05 0.000000000000000000e+00 5.704619543098482973e+04 0.000000000000000000e+00 -2.498160107506239001e+03 5.563479823382606992e+04 0.000000000000000000e+00 3.601468842388174380e+04 0.000000000000000000e+00 3.225332693415242829e+03
1.475259222195813014e-01 1.035893986969793623e+05 0.000000000000000000e+00 5.035896377967105218e+04 0.000000000000000000e+00 7.333093261652011279e+03 5.288641122602396354e+04 0.000000000000000000e+00 3.176145428037723832e+04 0.000000000000000000e+00 7.110539432320379092e+02
1.525299430011916868e-01 9.943733243151842908e+04 0.000000000000000000e+00 4.831990260399052931e+04 0.000000000000000000e+00 9.923670612106865519e+03 5.186929996618194127e+04 0.000000000000000000e+00 3.151958606695975686e+04 0.000000000000000000e+00 3.836549205275617169e+03
1.574945685492469272e-01 9.197036308488696523e+04 0.000000000000000000e+00 4.484222493630443932e+04 0.000000000000000000e+00 -1.271509887976705500e+02 4.842408185384397075e+04 0.000000000000000000e+00 2.421309435030533132e+04 0.000000000000000000e+00 -1.378675455979293702e+03
1.625189323163163113e-01 8.861871649635037465e+04 0.000000000000000000e+00 4.115097693430657091e+04 0.000000000000000000e+00 8.417688759124088392e+03 4.769935883211679175e+04 0.000000000000000000e+00 2.605635270072993080e+04 0.000000000000000000e+00 4.339787737226277386e+03
1.675461007718098694e-01 8.389673804100227426e+04 0.000000000000000000e+00 3.745528473804100213e+04 0.000000000000000000e+00 -4.285103929384965795e+02 4.530281093394077470e+04 0.000000000000000000e+00 2.123980865603644634e+04 0.000000000000000000e+00 -2.157179100227790514e+03
1.725292014006662711e-01 8.039058206150904880e+04 0.000000000000000000e+00 3.566491294458911580e+04 0.000000000000000000e+00 4.171881728582259711e+03 4.404897834327718738e+04 0.000000000000000000e+00 2.027955302106338786e+04 0.000000000000000000e+00 1.154639021656722889e+03
1.775301965061671094e-01 7.730893084300858027e+04 0.000000000000000000e+00 3.054279858657243676e+04 0.000000000000000000e+00 2.449008329126703757e+03 4.309571327612316963e+04 0.000000000000000000e+00 1.906700858152448200e+04 0.000000000000000000e+00 5.164709742554265404e+02
1.825147654490652804e-01 7.296577056929303217e+04 0.000000000000000000e+00 2.861211427220892801e+04 0.000000000000000000e+00 1.954703536293538946e+03 4.172584454489054042e+04 0.000000000000000000e+00 1.669084416083192991e+04 0.000000000000000000e+00 -2.537998759195249647e+02
1.875360723572403465e-01 7.122191731843574962e+04 0.000000000000000000e+00 2.847531798882681687e+04 0.000000000000000000e+00 3.090990167597765321e+03 4.051706994413407665e+04 0.000000000000000000e+00 1.611156916201117383e+04 0.000000000000000000e+00 1.966349944134078214e+03
1.925323683450522461e-01 6.912425661347327696e+04 0.000000000000000000e+00 2.782093434722073289e+04 0.000000000000000000e+00 2.141434507871907499e+03 3.965900481953517738e+04 0.000000000000000000e+00 1.521082660383420807e+04 0.000000000000000000e+00 1.202488807968298033e+03
1.975198663583639380e-01 6.521403637283419084e+04 0.000000000000000000e+00 2.307782693815606399e+04 0.000000000000000000e+00 3.383005235866953171e+03 3.871012034905779728e+04 0.000000000000000000e+00 1.405778333122549520e+04 0.000000000000000000e+00 4.764883267990388163e+02
2.025153694923672032e-01 6.330430647495899029e+04 0.000000000000000000e+00 2.424186200907073362e+04 0.000000000000000000e+00 5.214346810769082367e+03 3.775998147254656214e+04 0.000000000000000000e+00 1.388821460966901577e+04 0.000000000000000000e+00 3.199251905818778710e+02
2.075088499274508613e-01 6.119287549520254834e+04 0.000000000000000000e+00 1.931794765165220088e+04 0.000000000000000000e+00 1.038326501637317051e+03 3.724929556435915583e+04 0.000000000000000000e+00 1.260296576518812071e+04 0.000000000000000000e+00 3.101944628912958706e+02
2.125178062418619784e-01 5.938066678303368826e+04 0.000000000000000000e+00 2.076708535521033264e+04 0.000000000000000000e+00 3.568758945714784659e+03 3.623439483330424264e+04 0.000000000000000000e+00 1.223082143480537707e+04 0.000000000000000000e+00 7.004584133356606799e+02
2.175004174234404231e-01 5.723879673428162641e+04 0.000000000000000000e+00 1.907602659708778810e+04 0.000000000000000000e+00 1.343041999831664043e+03 3.510801043683191529e+04 0.000000000000000000e+00 1.060837303257301573e+04 0.000000000000000000e+00 -4.199308139045534745e+02
2.225093171556767890e-01 5.496177931876834919e+04 0.000000000000000000e+00 1.810517775457536482e+04 0.000000000000000000e+00 1.970841078780953922e+03 3.462031717263253086e+04 0.000000000000000000e+00 1.002679316798329455e+04 0.000000000000000000e+00 -7.180838044955772830e+02
2.275289586476768322e-01 5.279033583346089290e+04 0.000000000000000000e+00 1.659368620848002683e+04 0.000000000000000000e+00 3.580790754630338597e+03 3.397827399357109971e+04 0.000000000000000000e+00 9.615050359712231511e+03 0.000000000000000000e+00 2.292848614725241134e+02
2.325285406108919262e-01 5.174079784621542058e+04 0.000000000000000000e+00 1.510371244065268547e+04 0.000000000000000000e+00 2.550696523748021718e+03 3.342676237425645377e+04 0.000000000000000000e+00 9.248040747275936155e+03 0.000000000000000000e+00 6.677149873574300045e+02
2.375276552426477672e-01 5.020933084900685935e+04 0.000000000000000000e+00 1.318000070311126728e+04 0.000000000000000000e+00 2.004894638776586362e+03 3.282760133591140766e+04 0.000000000000000000e+00 8.540471506415889962e+03 0.000000000000000000e+00 -9.939245913165758850e+01
2.424991024241769377e-01 4.891312774973409978e+04 0.000000000000000000e+00 1.286175584555906426e+04 0.000000000000000000e+00 2.288319551601303374e+03 3.221382459102189750e+04 0.000000000000000000e+00 8.330383401144632444e+03 0.000000000000000000e+00 -1.378265578309388388e+02
2.474998551644826128e-01 4.724326711495356722e+04 0.000000000000000000e+00 1.129331745116874845e+04 0.000000000000000000e+00 2.436753890489913374e+03 3.182786602625680462e+04 0.000000000000000000e+00 7.400224911943643747e+03 0.000000000000000000e+00 -2.700897854626961134e+02
2.525200307756395035e-01 4.609218632848747802e+04 0.000000000000000000e+00 1.072584571605320161e+04 0.000000000000000000e+00 2.279382616764615250e+03 3.114251679554593284e+04 0.000000000000000000e+00 7.295823321991958437e+03 0.000000000000000000e+00 -7.761184039591711326e+02
2.575182250600202005e-01 4.474906322926756548e+04 0.000000000000000000e+00 1.012816380299530647e+04 0.000000000000000000e+00 1.494708769838313174e+03 3.078154414723195077e+04 0.000000000000000000e+00 6.777892794873705498e+03 0.000000000000000000e+00 -6.217031219730273506e+02
2.625255687975799335e-01 4.371175534889028495e+04 0.000000000000000000e+00 1.089043875164032579e+04 0.000000000000000000e+00 1.370629314771495501e+03 3.012820539738688967e+04 0.000000000000000000e+00 6.127368745364295137e+03 0.000000000000000000e+00 -4.431533063273806192e+02
2.675305520911575030e-01 4.222808036343049753e+04 0.000000000000000000e+00 9.534638185056819566e+03 0.000000000000000000e+00 5.677576393587495431e+02 2.969379069606881967e+04 0.000000000000000000e+00 6.142102649783902052e+03 0.000000000000000000e+00 -9.948395078775492948e+02
2.725404586615198799e-01 4.117384333844607318e+04 0.000000000000000000e+00 7.672162902628655502e+03 0.000000000000000000e+00 1.349088697307875236e+03 2.911018352990955464e+04 0.000000000000000000e+00 5.915850848891944224e+03 0.000000000000000000e+00 -2.776504204791875736e+02
2.775333197047151201e-01 4.003912259932277084e+04 0.000000000000000000e+00 7.648030604595858676e+03 0.000000000000000000e+00 1.216919585390441171e+03 2.887050306304443438e+04 0.000000000000000000e+00 5.671884405614288880e+03 0.000000000000000000e+00 -5.964822291725902232e+02
2.825123907298719983e-01 3.902871374050515442e+04 0.000000000000000000e+00 7.513081454949669933e+03 0.000000000000000000e+00 3.056157351942197238e+02 2.838092232446118942e+04 0.000000000000000000e+00 5.491450577409992547e+03 0.000000000000000000e+00 -7.853332180571852632e+02
2.875104651677040102e-01 3.790285385941390268e+04 0.000000000000000000e+00 7.370607929515418618e+03 0.000000000000000000e+00 7.322801187511970511e+02 2.794073472514843888e+04 0.000000000000000000e+00 5.555180616740088226e+03 0.000000000000000000e+00 -3.055197040796782062e+02
2.924971317655564174e-01 3.729368014888624020e+04 0.000000000000000000e+00 6.019704215746338377e+03 0.000000000000000000e+00 4.552873342657989042e+02 2.771683168225271220e+04 0.000000000000000000e+00 5.153194788981492820e+03 0.000000000000000000e+00 -1.244839357754684443e+03
2.975058823671092867e-01 3.663094645235769713e+04 0.000000000000000000e+00 5.845737678714145659e+03 0.000000000000000000e+00 1.624968297664505826e+03 2.722593588491252740e+04 0.000000000000000000e+00 4.787231684575081999e+03 0.000000000000000000e+00 -5.441983949027617484e+01
3.025121359101998753e-01 3.551278958972806868e+04 0.000000000000000000e+00 4.891220613030132881e+03 0.000000000000000000e+00 7.161450866802126711e+02 2.694727318317409663e+04 0.000000000000000000e+00 4.368062599974060504e+03 0.000000000000000000e+00 -8.476043404954390326e+02
3.075010376196579687e-01 3.479469007681454968e+04 0.000000000000000000e+00 5.067804065423002612e+03 0.000000000000000000e+00 1.098400041803835620e+03 2.676221083764435753e+04 0.000000000000000000e+00 4.504389360923864842e+03 0.000000000000000000e+00 -6.560949783142604019e+02
3.125134169243361515e-01 3.398624701387492678e+04 0.000000000000000000e+00 4.294865553991554407e+03 0.000000000000000000e+00 3.388508747235069336e+02 2.642861789664186654e+04 0.000000000000000000e+00 4.272956525236276320e+03 0.000000000000000000e+00 -1.014006676050673718e+03
3.175159688234982513e-01 3.331595634191628051e+04 0.000000000000000000e+00 3.860049866884105541e+03 0.000000000000000000e+00 5.669336581819610501e+02 2.612434592449234333e+04 0.000000000000000000e+00 4.264810209154051336e+03 0.000000000000000000e+00 -6.583514849053452735e+02
3.225221380836135188e-01 3.263639705493675865e+04 0.000000000000000000e+00 4.306603133849349433e+03 0.000000000000000000e+00 -3.503378516141212344e+02 2.564870621106286853e+04 0.000000000000000000e+00 3.671319161789692316e+03 0.000000000000000000e+00 -6.945387955446479964e+02
3.275181733526948968e-01 3.223140703443169332e+04 0.000000000000000000e+00 3.443678637541651369e+03 0.000000000000000000e+00 -1.035674564975934800e+03 2.545162473158089779e+04 0.000000000000000000e+00 3.880307441688263680e+03 0.000000000000000000e+00 -1.340277230655312906e+03
3.325123842131759710e-01 3.131551306297090559e+04 0.000000000000000000e+00 2.809894161915012774e+03 0.000000000000000000e+00 9.696720602755810887e+02 2.521834896857236890e+04 0.000000000000000000e+00 3.388623428840833640e+03 0.000000000000000000e+00 -7.980508286113310987e+02
3.374959366892091861e-01 3.097269719370773964e+04 0.000000000000000000e+00 3.250528115474897731e+03 0.000000000000000000e+00 7.691533475808429330e+02 2.491674063693375138e+04 0.000000000000000000e+00 3.408353151385628735e+03 0.000000000000000000e+00 -5.165038713519952580e+02
3.424919221947719805e-01 3.037481209110835334e+04 0.000000000000000000e+00 3.080972022435390045e+03 0.000000000000000000e+00 8.398119827650868956e+02 2.483340599554959408e+04 0.000000000000000000e+00 3.095825117302419585e+03 0.000000000000000000e+00 -9.237907474851862162e+02
3.475179778446125245e-01 2.987357401901525736e+04 0.000000000000000000e+00 2.622370568824125257e+03 0.000000000000000000e+00 9.007109484758387907e+02 2.439537308458849293e+04 0.000000000000000000e+00 2.926812036462246851e+03 0.000000000000000000e+00 -1.338219100205835275e+03
3.525052850529177828e-01 2.934536420245888439e+04 0.000000000000000000e+00 2.481563723455213221e+03 0.000000000000000000e+00 -6.900908829634360018e+02 2.419905910905317069e+04 0.000000000000000000e+00 2.877210793549417303e+03 0.000000000000000000e+00 -1.247288903081590206e+03
3.575133254796376558e-01 2.877305908592714331e+04 0.000000000000000000e+00 2.131430156893102776e+03 0.000000000000000000e+00 8.599786312667182528e+02 2.390187183358754191e+04 0.000000000000000000e+00 2.735273647017344956e+03 0.000000000000000000e+00 -7.514672839174988894e+02
3.625250227669692404e-01 2.842781701550971047e+04 0.000000000000000000e+00 1.688494985694925390e+03 0.000000000000000000e+00 9.963475380213823200e+02 2.378869302815841002e+04 0.000000000000000000e+00 2.696177563619936791e+03 0.000000000000000000e+00 -1.387993374491793247e+03
3.675230446100045678e-01 2.782865329629872576e+04 0.000000000000000000e+00 1.832324913063447411e+03 0.000000000000000000e+00 3.330183642076562478e+02 2.365449219575851748e+04 0.000000000000000000e+00 2.654929903987052512e+03 0.000000000000000000e+00 -8.021284692605472628e+02
3.725177060730277545e-01 2.773106752816055814e+04 0.000000000000000000e+00 1.158093773228886903e+03 0.000000000000000000e+00 2.864173194579449842e+02 2.333654845903139358e+04 0.000000000000000000e+00 2.308523300360226585e+03 0.000000000000000000e+00 -9.692439819314998886e+02
3.775163034622419089e-01 2.720056973817585094e+04 0.000000000000000000e+00 1.360760276097944370e+03 0.000000000000000000e+00 8.931480544197047493e+02 2.321058781831596934e+04 0.000000000000000000e+00 2.602487639721143751e+03 0.000000000000000000e+00 -5.901469718178746007e+02
3.825226892977953153e-01 2.666158356756756621e+04 0.000000000000000000e+00 1.039831675675675569e+03 0.000000000000000000e+00 9.848825945945945932e+02 2.292679264864864672e+04 0.000000000000000000e+00 2.381121513513513491e+03 0.000000000000000000e+00 -2.950221351351351586e+02
3.875130067694269043e-01 2.637314225500527027e+04 0.000000000000000000e+00 1.172226870389884198e+03 0.000000000000000000e+00 5.336070600632244805e+02 2.277294499473129690e+04 0.000000000000000000e+00 2.356369863013698705e+03 0.000000000000000000e+00 -5.814006322444679427e+02
3.924957861003909865e-01 2.608939310655553345e+04 0.000000000000000000e+00 7.592032182280437382e+02 0.000000000000000000e+00 1.232276098220319909e+03 2.258007824156019706e+04 0.000000000000000000e+00 1.975081234512277661e+03 0.000000000000000000e+00 6.582830753387185041e+01
3.975064703251052212e-01 2.569316141503004837e+04 0.000000000000000000e+00 6.401721826404808553e+02 0.000000000000000000e+00 9.884619788117217922e+02 2.240719420110278224e+04 0.000000000000000000e+00 2.061915172541973789e+03 0.000000000000000000e+00 -3.468125147140821696e+02
