3.798113400606732779e-03 3.462334210526315292e+04 0.000000000000000000e+00 3.051101052631578641e+05 0.000000000000000000e+00 2.883292368421052233e+05 2.972465178947368264e+07 0.000000000000000000e+00 8.946172631578947604e+07 0.000000000000000000e+00 6.793796715789473057e+07
8.299341265228576958e-03 6.874885625000000000e+05 0.000000000000000000e+00 1.006732062500000000e+06 0.000000000000000000e+00 9.939303750000000000e+05 2.954667600000000000e+07 0.000000000000000000e+00 6.434679200000000000e+07 0.000000000000000000e+00 7.772264000000000000e+06
1.293222767532251419e-02 9.065213757961783558e+05 0.000000000000000000e+00 7.764947261146496749e+05 0.000000000000000000e+00 -5.825132738853503251e+05 1.378538150318471342e+07 0.000000000000000000e+00 2.791206807643312216e+07 0.000000000000000000e+00 1.625686420382165583e+06
1.764839556552980082e-02 8.578538630136986030e+05 0.000000000000000000e+00 9.696533698630136205e+05 0.000000000000000000e+00 8.142163287671232829e+05 7.614860273972602561e+06 0.000000000000000000e+00 1.812688306849315017e+07 0.000000000000000000e+00 8.844811397260272875e+06
2.256548662787912635e-02 8.601269111531191738e+05 0.000000000000000000e+00 5.522079697542532813e+05 0.000000000000000000e+00 -1.892435491493383779e+03 3.940334094517958350e+06 0.000000000000000000e+00 7.216310926275992766e+06 0.000000000000000000e+00 -1.813600907372400863e+06
2.777643688250242340e-02 7.046139317073171260e+05 0.000000000000000000e+00 2.766409170731707127e+05 0.000000000000000000e+00 9.032813658536584990e+04 2.091764917073170654e+06 0.000000000000000000e+00 3.774631024390243925e+06 0.000000000000000000e+00 -4.496815999999999767e+05
3.269804980233311648e-02 6.405808640000000596e+05 0.000000000000000000e+00 3.502734720000000088e+05 0.000000000000000000e+00 -8.128169599999999627e+04 1.420579968000000110e+06 0.000000000000000000e+00 2.508966143999999855e+06 0.000000000000000000e+00 -5.164729600000000210e+05
3.761648458559932462e-02 5.595580418071476743e+05 0.000000000000000000e+00 3.942505300067430944e+05 0.000000000000000000e+00 9.745687390424814657e+04 1.053918511126095662e+06 0.000000000000000000e+00 2.134016690492245369e+06 0.000000000000000000e+00 3.311361294672960066e+05
4.263843696389812976e-02 4.721944642857142608e+05 0.000000000000000000e+00 3.650867857142856810e+05 0.000000000000000000e+00 3.049982142857142753e+04 6.760015714285713620e+05 0.000000000000000000e+00 1.203008857142857043e+06 0.000000000000000000e+00 -7.570189285714285506e+04
4.756514582339458480e-02 4.297966471870911773e+05 0.000000000000000000e+00 2.834619729611861985e+05 0.000000000000000000e+00 -4.133405320540776302e+04 5.045551783689489821e+05 0.000000000000000000e+00 8.407328600087221712e+05 0.000000000000000000e+00 -1.240253013519406959e+05
5.262096060748640974e-02 3.925300674157303292e+05 0.000000000000000000e+00 2.365287191011235991e+05 0.000000000000000000e+00 -3.684903651685392833e+04 4.152184719101123628e+05 0.000000000000000000e+00 7.316365842696628533e+05 0.000000000000000000e+00 4.419726123595505487e+04
5.756031740041873956e-02 3.641544950495049707e+05 0.000000000000000000e+00 2.099358415841584210e+05 0.000000000000000000e+00 -7.922907178217821638e+03 3.266033663366336841e+05 0.000000000000000000e+00 5.503034851485148538e+05 0.000000000000000000e+00 3.128911386138614034e+04
6.254738279606215923e-02 3.359890743193524540e+05 0.000000000000000000e+00 2.045911091488839593e+05 0.000000000000000000e+00 3.554336620063771988e+04 2.637044885945547721e+05 0.000000000000000000e+00 4.141273760117733036e+05 0.000000000000000000e+00 8.693383370125091460e+03
6.757793472572401483e-02 3.160613848857645062e+05 0.000000000000000000e+00 1.839515360281195026e+05 0.000000000000000000e+00 1.318436731107205560e+04 2.277810333919156401e+05 0.000000000000000000e+00 3.447997188049209071e+05 0.000000000000000000e+00 3.967707381370825715e+03
7.255917516659465827e-02 2.971660331039613229e+05 0.000000000000000000e+00 1.601631720290124649e+05 0.000000000000000000e+00 3.765533568904593722e+03 1.957229979542495857e+05 0.000000000000000000e+00 2.790070775525385980e+05 0.000000000000000000e+00 4.667676027524642450e+03
7.753384299139773339e-02 2.623671108135252725e+05 0.000000000000000000e+00 1.361328851690659649e+05 0.000000000000000000e+00 2.137084164713759674e+04 1.625404807499163144e+05 0.000000000000000000e+00 2.186621171744225139e+05 0.000000000000000000e+00 1.808493203883495153e+04
8.251793356505521260e-02 2.442717431192660588e+05 0.000000000000000000e+00 1.222569357798165147e+05 0.000000000000000000e+00 3.303585550458715443e+04 1.440155688073394704e+05 0.000000000000000000e+00 1.730062752293577942e+05 0.000000000000000000e+00 -5.557255733944954045e+03
8.752751931716111489e-02 2.118467508099002298e+05 0.000000000000000000e+00 1.009613725541013409e+05 0.000000000000000000e+00 2.323066269275625382e+04 1.280653767007904680e+05 0.000000000000000000e+00 1.598877242451730126e+05 0.000000000000000000e+00 1.388878061422832798e+04
9.254701955136974967e-02 2.015852397447584372e+05 0.000000000000000000e+00 1.103358322698268021e+05 0.000000000000000000e+00 2.452744576116681856e+04 1.139845542388331814e+05 0.000000000000000000e+00 1.291896007292616268e+05 0.000000000000000000e+00 7.314565177757520360e+03
9.754963178921903511e-02 1.825358383753794478e+05 0.000000000000000000e+00 8.439082340625982033e+04 0.000000000000000000e+00 3.563382811682194188e+03 1.004779767612268333e+05 0.000000000000000000e+00 1.067389025437035452e+05 0.000000000000000000e+00 9.770858159740395422e+03
1.025319613041059119e-01 1.710465440900562971e+05 0.000000000000000000e+00 8.996250656660413370e+04 0.000000000000000000e+00 5.752575984990618963e+03 9.605095984990619763e+04 0.000000000000000000e+00 9.920136285178236722e+04 0.000000000000000000e+00 4.769752345215760215e+03
1.075116003998943526e-01 1.559287112336319697e+05 0.000000000000000000e+00 6.201616540317022736e+04 0.000000000000000000e+00 -6.348963473466575124e+03 8.871469055823569943e+04 0.000000000000000000e+00 8.416859545141282433e+04 0.000000000000000000e+00 2.222759993108201343e+03
1.125102861506304813e-01 1.497351559094071272e+05 0.000000000000000000e+00 6.261396985390740156e+04 0.000000000000000000e+00 4.364405348998995578e+03 8.204216247970936820e+04 0.000000000000000000e+00 7.325243997835666232e+04 0.000000000000000000e+00 6.113936152121821578e+03
1.175500852175193622e-01 1.438721092305504135e+05 0.000000000000000000e+00 5.948205148627507151e+04 0.000000000000000000e+00 -3.203418859337220965e+03 7.755496515431659645e+04 0.000000000000000000e+00 6.812834589674300514e+04 0.000000000000000000e+00 8.637942255724648930e+03
1.225369446564099490e-01 1.390684536246276111e+05 0.000000000000000000e+00 6.725362356835485843e+04 0.000000000000000000e+00 -2.174350877192982523e+02 7.402176021185038553e+04 0.000000000000000000e+00 5.901428771929824870e+04 0.000000000000000000e+00 5.573128765309500068e+02
1.275260957852891452e-01 1.335232791656560730e+05 0.000000000000000000e+00 5.962900024254183518e+04 0.000000000000000000e+00 2.466764188697550431e+00 6.906909337860780943e+04 0.000000000000000000e+00 5.092620713073005027e+04 0.000000000000000000e+00 1.959561726897889912e+03
1.325302087090364789e-01 1.266933096908142033e+05 0.000000000000000000e+00 5.247356085517086467e+04 0.000000000000000000e+00 1.353323270299085380e+03 6.634934335895853292e+04 0.000000000000000000e+00 4.938924998597160447e+04 0.000000000000000000e+00 3.130712754615341510e+03
1.375062694904859717e-01 1.224160912354804605e+05 0.000000000000000000e+00 5.437787370644139446e+04 0.000000000000000000e+00 9.806505596620907454e+03 6.319382977824709815e+04 0.000000000000000000e+00 4.462059049630411755e+04 0.000000000000000000e+00 5.239593241816261980e+03
1.425134422753508989e-01 1.141038786715300375e+05 0.000000000000000000e+00 4.345032981378383556e+04 0.000000000000000000e+00 3.243536571318871211e+03 5.983623421002111718e+04 0.000000000000000000e+00 3.920782031100019231e+04 0.000000000000000000e+00 1.937777692455365695e+03
1.475259222195813014e-01 1.082638917490546301e+05 0.000000000000000000e+00 4.537868549820037151e+04 0.000000000000000000e+00 6.480567132898992895e+03 5.750801658389903605e+04 0.000000000000000000e+00 3.626310155360153294e+04 0.000000000000000000e+00 3.147696933801084469e+03
1.525299430011916868e-01 1.022183239770037180e+05 0.000000000000000000e+00 4.319289820764288015e+04 0.000000000000000000e+00 6.484993574568819895e+03 5.567469732837334595e+04 0.000000000000000000e+00 3.590804193439296796e+04 0.000000000000000000e+00 5.734670950287453707e+03
1.574945685492469272e-01 9.595344231002546439e+04 0.000000000000000000e+00 3.982461924212399026e+04 0.000000000000000000e+00 -2.503196020544344265e+03 5.375045448295384995e+04 0.000000000000000000e+00 3.172541626562057354e+04 0.000000000000000000e+00 2.037157439236462096e+03
1.625189323163163113e-01 9.271686540145985782e+04 0.000000000000000000e+00 3.773700905109489395e+04 0.000000000000000000e+00 6.577181897810219198e+03 5.132832233576642466e+04 0.000000000000000000e+00 2.905682686131387163e+04 0.000000000000000000e+00 2.299053722627737443e+03
1.675461007718098694e-01 8.763366742596810218e+04 0.000000000000000000e+00 3.490197722095671634e+04 0.000000000000000000e+00 1.325426822323462375e+03 4.983381776765375980e+04 0.000000000000000000e+00 2.526311845102505686e+04 0.000000000000000000e+00 -1.132646462129840472e+02
1.725292014006662711e-01 8.559176925866105012e+04 0.000000000000000000e+00 3.662140040214919281e+04 0.000000000000000000e+00 5.030819395457692735e+03 4.824995378580611577e+04 0.000000000000000000e+00 2.597841368625770701e+04 0.000000000000000000e+00 4.090169232290602395e+03
1.775301965061671094e-01 8.310766683493184973e+04 0.000000000000000000e+00 3.266842604745078279e+04 0.000000000000000000e+00 2.874352094901564669e+03 4.689198586572438217e+04 0.000000000000000000e+00 2.276109237758707604e+04 0.000000000000000000e+00 2.663875567895002405e+03
1.825147654490652804e-01 7.979321622499926889e+04 0.000000000000000000e+00 2.898402103459481805e+04 0.000000000000000000e+00 2.022431386451593880e+03 4.556878277053975035e+04 0.000000000000000000e+00 2.163592708794942155e+04 0.000000000000000000e+00 1.619682708499512501e+03
1.875360723572403465e-01 7.638750391061452683e+04 0.000000000000000000e+00 2.818781139664804505e+04 0.000000000000000000e+00 1.750232737430167617e+03 4.425930368715083750e+04 0.000000000000000000e+00 2.090282905027933157e+04 0.000000000000000000e+00 2.014895418994413376e+03
1.925323683450522461e-01 7.537679682981685619e+04 0.000000000000000000e+00 2.847604498232837068e+04 0.000000000000000000e+00 2.146888052907786175e+02 4.325203555745956692e+04 0.000000000000000000e+00 1.916669422726785706e+04 0.000000000000000000e+00 1.588107207882617558e+03
1.975198663583639380e-01 7.322588126976096828e+04 0.000000000000000000e+00 2.355641128114328967e+04 0.000000000000000000e+00 3.620404805868217863e+03 4.251287780447704426e+04 0.000000000000000000e+00 1.883489161502466231e+04 0.000000000000000000e+00 3.583190995320601814e+03
2.025153694923672032e-01 7.055274032616039040e+04 0.000000000000000000e+00 2.595574254559490510e+04 0.000000000000000000e+00 3.428495995368136846e+03 4.114291845990543516e+04 0.000000000000000000e+00 1.553881617292289957e+04 0.000000000000000000e+00 1.051412235839042751e+03
2.075088499274508613e-01 6.836426975657789444e+04 0.000000000000000000e+00 2.252949048524124737e+04 0.000000000000000000e+00 1.256263985893883500e+03 4.057639277290526661e+04 0.000000000000000000e+00 1.540151961345577001e+04 0.000000000000000000e+00 8.470196249055394446e+02
2.125178062418619784e-01 6.616762157444580225e+04 0.000000000000000000e+00 2.268091324838540822e+04 0.000000000000000000e+00 3.713276313492756344e+03 3.964089509513004305e+04 0.000000000000000000e+00 1.491264653517193256e+04 0.000000000000000000e+00 1.596629952871356409e+03
2.175004174234404231e-01 6.425297264540022297e+04 0.000000000000000000e+00 2.150403366719973201e+04 0.000000000000000000e+00 1.043692113458463155e+03 3.882537025502903998e+04 0.000000000000000000e+00 1.358536419493308676e+04 0.000000000000000000e+00 -3.084785055971719814e+01
2.225093171556767890e-01 6.162343783613404230e+04 0.000000000000000000e+00 1.974810835089931425e+04 0.000000000000000000e+00 1.665165304072023901e+03 3.828022048423001979e+04 0.000000000000000000e+00 1.327235885817852250e+04 0.000000000000000000e+00 1.640947183861626172e+03
2.275289586476768322e-01 6.045328026940150448e+04 0.000000000000000000e+00 2.015134486453390491e+04 0.000000000000000000e+00 1.449575845706413702e+03 3.763719699984693580e+04 0.000000000000000000e+00 1.262542905250267904e+04 0.000000000000000000e+00 1.088058701974590576e+03
2.325285406108919262e-01 5.846422876684918447e+04 0.000000000000000000e+00 1.901790624488385220e+04 0.000000000000000000e+00 5.805783566478089597e+02 3.683306932494133798e+04 0.000000000000000000e+00 1.212329368962945591e+04 0.000000000000000000e+00 3.676506648718461747e+02
2.375276552426477672e-01 5.667027765863948298e+04 0.000000000000000000e+00 1.930249224819827941e+04 0.000000000000000000e+00 3.018700791000175741e+03 3.608999486728775082e+04 0.000000000000000000e+00 1.196462506591668171e+04 0.000000000000000000e+00 8.667965547547900087e+02
2.424991024241769377e-01 5.523812523424442770e+04 0.000000000000000000e+00 1.708579474279540227e+04 0.000000000000000000e+00 -5.945933010315196299e+01 3.551167491094491561e+04 0.000000000000000000e+00 1.142927327672074716e+04 0.000000000000000000e+00 2.841249978896898938e+02
2.474998551644826128e-01 5.403723496637848439e+04 0.000000000000000000e+00 1.624554851104707086e+04 0.000000000000000000e+00 3.915634454050592467e+03 3.459941235991034046e+04 0.000000000000000000e+00 1.047065001601024596e+04 0.000000000000000000e+00 1.627855267371117407e+03
2.525200307756395035e-01 5.247821045468605007e+04 0.000000000000000000e+00 1.549956275904732502e+04 0.000000000000000000e+00 9.163209403031240754e+02 3.426778942158985592e+04 0.000000000000000000e+00 9.661130590782555373e+03 0.000000000000000000e+00 4.044242189916486723e+02
2.575182250600202005e-01 5.130058791446241230e+04 0.000000000000000000e+00 1.534919520154981001e+04 0.000000000000000000e+00 2.042660785336413028e+03 3.371585807316891442e+04 0.000000000000000000e+00 9.615859563370837350e+03 0.000000000000000000e+00 3.541259518664779193e+02
2.625255687975799335e-01 5.026113493467221997e+04 0.000000000000000000e+00 1.340545215952530452e+04 0.000000000000000000e+00 3.400034917555771244e+03 3.312227306441490509e+04 0.000000000000000000e+00 9.430797284190106438e+03 0.000000000000000000e+00 3.819903006789524511e+02
2.675305520911575030e-01 4.896518479446569108e+04 0.000000000000000000e+00 1.366889537565070896e+04 0.000000000000000000e+00 1.595970436751770727e+01 3.271066060949171879e+04 0.000000000000000000e+00 8.592020104665773033e+03 0.000000000000000000e+00 -8.946060949172200480e+02
2.725404586615198799e-01 4.751506299254244368e+04 0.000000000000000000e+00 1.253905029883112002e+04 0.000000000000000000e+00 1.550407362352567816e+03 3.247316062833870819e+04 0.000000000000000000e+00 8.488402390648965593e+03 0.000000000000000000e+00 9.466446289733960384e+02
2.775333197047151201e-01 4.682908470545661112e+04 0.000000000000000000e+00 1.216744436115491044e+04 0.000000000000000000e+00 1.012146612557189769e+03 3.187911680926409463e+04 0.000000000000000000e+00 8.006193708480885107e+03 0.000000000000000000e+00 -1.593301367384392506e+02
2.825123907298719983e-01 4.594289226208855689e+04 0.000000000000000000e+00 1.141177822515901971e+04 0.000000000000000000e+00 2.062102883962205851e+03 3.119684011609954905e+04 0.000000000000000000e+00 7.973506774532205782e+03 0.000000000000000000e+00 3.722227382202186163e+02
2.875104651677040102e-01 4.477104615973951149e+04 0.000000000000000000e+00 1.058869335376364688e+04 0.000000000000000000e+00 1.559518387282129879e+03 3.125266117601991937e+04 0.000000000000000000e+00 7.878131392453552508e+03 0.000000000000000000e+00 5.487565121624210178e+02
2.924971317655564174e-01 4.338844152631518227e+04 0.000000000000000000e+00 1.083665616294258325e+04 0.000000000000000000e+00 -1.368864857991653992e+02 3.048200987180524316e+04 0.000000000000000000e+00 7.181198164352841559e+03 0.000000000000000000e+00 -2.959546636766116876e+02
2.975058823671092867e-01 4.255042642749311926e+04 0.000000000000000000e+00 9.780232661397743868e+03 0.000000000000000000e+00 1.049924962259124413e+03 3.034001527395435551e+04 0.000000000000000000e+00 7.190289317112156823e+03 0.000000000000000000e+00 6.867482017582807430e+02
3.025121359101998753e-01 4.181822143443863024e+04 0.000000000000000000e+00 9.933782369979680880e+03 0.000000000000000000e+00 1.077716916691885274e+02 3.002208706930093831e+04 0.000000000000000000e+00 7.016929315637024047e+03 0.000000000000000000e+00 -3.673276555272145742e+02
3.075010376196579687e-01 4.130720326069917064e+04 0.000000000000000000e+00 8.933723781156921177e+03 0.000000000000000000e+00 1.964576767518419956e+03 2.950744798035220083e+04 0.000000000000000000e+00 6.434026984375816937e+03 0.000000000000000000e+00 6.259182525996760660e+02
3.125134169243361515e-01 4.029498427508546592e+04 0.000000000000000000e+00 8.973776151216568906e+03 0.000000000000000000e+00 1.110221274884375589e+03 2.921058580333802456e+04 0.000000000000000000e+00 6.504834265031168798e+03 0.000000000000000000e+00 -5.889062537703599673e+02
3.175159688234982513e-01 3.986721340786513611e+04 0.000000000000000000e+00 8.182776394769674880e+03 0.000000000000000000e+00 8.844632629603795522e+02 2.909904223359629032e+04 0.000000000000000000e+00 6.367274120501812831e+03 0.000000000000000000e+00 -6.766007996777710787e+02
3.225221380836135188e-01 3.905944285444591515e+04 0.000000000000000000e+00 8.001139966018501582e+03 0.000000000000000000e+00 7.884110251085520531e+02 2.872717508023409755e+04 0.000000000000000000e+00 5.732167188974892269e+03 0.000000000000000000e+00 -1.776918821974702780e+02
3.275181733526948968e-01 3.807956164383561554e+04 0.000000000000000000e+00 7.345735061088485963e+03 0.000000000000000000e+00 -1.126443835616438264e+03 2.838994031840059324e+04 0.000000000000000000e+00 6.118035690485005944e+03 0.000000000000000000e+00 -5.236370233246946100e+02
3.325123842131759710e-01 3.731513632279815647e+04 0.000000000000000000e+00 7.191382655648167201e+03 0.000000000000000000e+00 1.373558661056601750e+03 2.814192102617931596e+04 0.000000000000000000e+00 5.736240461851855798e+03 0.000000000000000000e+00 -2.396081553501694827e+01
3.374959366892091861e-01 3.663006131100445054e+04 0.000000000000000000e+00 6.712910065515187853e+03 0.000000000000000000e+00 -7.446432575412535471e+01 2.778367067231895999e+04 0.000000000000000000e+00 5.482175804925901502e+03 0.000000000000000000e+00 -1.166150159408611671e+03
3.424919221947719805e-01 3.608279558959571295e+04 0.000000000000000000e+00 6.972366600271691823e+03 0.000000000000000000e+00 2.161359957996149888e+02 2.758744404903782925e+04 0.000000000000000000e+00 5.389655651768079224e+03 0.000000000000000000e+00 -2.055530756986057099e+02
3.475179778446125245e-01 3.572726448198124126e+04 0.000000000000000000e+00 6.190741725749011493e+03 0.000000000000000000e+00 -2.434529846113634051e+02 2.733821674780278772e+04 0.000000000000000000e+00 5.231974384944620397e+03 0.000000000000000000e+00 -7.798904825693468865e+02
3.525052850529177828e-01 3.478316512853265158e+04 0.000000000000000000e+00 5.523822321571132306e+03 0.000000000000000000e+00 -2.721658949385278561e+02 2.720935219543349740e+04 0.000000000000000000e+00 4.937325115759221262e+03 0.000000000000000000e+00 -7.165741657352706397e+02
3.575133254796376558e-01 3.453385472633765312e+04 0.000000000000000000e+00 5.271213373086739921e+03 0.000000000000000000e+00 1.642372941113351033e+02 2.676381295460294132e+04 0.000000000000000000e+00 4.789797947436595678e+03 0.000000000000000000e+00 -5.605713453564393376e+02
3.625250227669692404e-01 3.374945026351453271e+04 0.000000000000000000e+00 5.153537599759071782e+03 0.000000000000000000e+00 4.798155398283390838e+01 2.651733269085981010e+04 0.000000000000000000e+00 4.642883903026652661e+03 0.000000000000000000e+00 -7.518539376599909474e+02
3.675230446100045678e-01 3.334215935087374237e+04 0.000000000000000000e+00 4.714090909753661435e+03 0.000000000000000000e+00 5.959398406345457033e+02 2.632449442658326734e+04 0.000000000000000000e+00 4.448828875328973481e+03 0.000000000000000000e+00 -3.188961062630769447e+02
3.725177060730277545e-01 3.301972942992738535e+04 0.000000000000000000e+00 4.952689347589914178e+03 0.000000000000000000e+00 1.038844845331351223e+02 2.612300028589399153e+04 0.000000000000000000e+00 4.619781119560867410e+03 0.000000000000000000e+00 -2.385686288524215399e+02
3.775163034622419089e-01 3.248283611339047275e+04 0.000000000000000000e+00 4.785001896277090964e+03 0.000000000000000000e+00 1.823201191551568456e+02 2.597016299708318184e+04 0.000000000000000000e+00 4.359875714551685633e+03 0.000000000000000000e+00 -5.015710000620599658e+02
3.825226892977953153e-01 3.207769599999999991e+04 0.000000000000000000e+00 3.932764108108107848e+03 0.000000000000000000e+00 6.811944864864864257e+02 2.577904778378378251e+04 0.000000000000000000e+00 4.300553081081081473e+03 0.000000000000000000e+00 -9.709608783783784247e+01
3.875130067694269043e-01 3.167435194942044473e+04 0.000000000000000000e+00 4.302029504741833989e+03 0.000000000000000000e+00 9.648997892518441404e+02 2.566398482613277156e+04 0.000000000000000000e+00 4.446515068493151375e+03 0.000000000000000000e+00 -7.712749736564805971e+02
3.924957861003909865e-01 3.133254794837962254e+04 0.000000000000000000e+00 3.752191085508319247e+03 0.000000000000000000e+00 1.479576275222862478e+03 2.550506422939529511e+04 0.000000000000000000e+00 4.215546307083320244e+03 0.000000000000000000e+00 -4.331512889003315081e+01
3.975064703251052212e-01 3.077897151353695881e+04 0.000000000000000000e+00 3.891288024285980100e+03 0.000000000000000000e+00 1.324308332817049859e+03 2.527398024905520288e+04 0.000000000000000000e+00 4.056857741156062275e+03 0.000000000000000000e+00 -3.240640109039093204e+02
