3.798113400606732779e-03 -6.907894736842104533e-02 2.950775915789473653e+08 1.726973684210526272e-01 7.631108311578947306e+08 -2.726151315789473450e-01 2.749441886315789223e+08 0.000000000000000000e+00 3.858841600000000000e+07 0.000000000000000000e+00 7.157629035789473057e+08
8.299341265228576958e-03 3.662109375000000000e-03 8.237851200000000000e+07 -1.110839843750000000e-02 5.185858800000000000e+07 1.187133789062500000e-02 2.433279360000000000e+08 0.000000000000000000e+00 1.624761440000000000e+08 0.000000000000000000e+00 1.084581360000000000e+08
1.293222767532251419e-02 4.665107484076433169e-04 3.741206175796178728e+07 1.122735867834394980e-03 7.675087082802548073e+06 3.241472183519108347e-03 1.590016456560509503e+08 0.000000000000000000e+00 1.555261113885350525e+08 0.000000000000000000e+00 -2.886099648407643288e+07
1.764839556552980082e-02 -1.337756849315068419e-03 3.074966794520547614e+07 1.150470890410958732e-03 1.528306147945205308e+07 -1.986568921232876629e-03 1.212492168767123222e+08 0.000000000000000000e+00 1.135893882739726007e+08 0.000000000000000000e+00 5.045966202739726007e+07
2.256548662787912635e-02 -5.575082703213610691e-04 2.317800190548204258e+07 -3.095832348771266826e-03 -1.607160075614366797e+05 2.312643992202268340e-03 9.738414989792060852e+07 0.000000000000000000e+00 7.792194782608695328e+07 0.000000000000000000e+00 -1.673744453686200455e+07
2.777643688250242340e-02 1.524390243902439023e-04 1.441075200000000000e+07 -1.143292682926829200e-04 5.064005619512194768e+06 1.229039634146341471e-03 7.061301697560974956e+07 0.000000000000000000e+00 7.085301759999999404e+07 0.000000000000000000e+00 3.411475980487804860e+07
3.269804980233311648e-02 4.296874999999999751e-05 9.557954560000000522e+06 -1.708984375000000163e-04 5.903793919999999925e+05 4.445800781249999883e-04 5.172434943999999762e+07 0.000000000000000000e+00 4.207440281599999964e+07 0.000000000000000000e+00 -7.499178880000000354e+05
3.761648458559932462e-02 1.580411328388401748e-04 6.940222489548212849e+06 -1.087849797707349936e-03 1.454180293998651439e+06 3.381421738031018150e-03 4.221917337289278209e+07 0.000000000000000000e+00 3.859285724612272531e+07 0.000000000000000000e+00 1.658758335266351886e+07
4.263843696389812976e-02 1.630783081054687500e-04 4.522254857142857276e+06 -6.169591631208147476e-04 7.450019285714285215e+05 4.980734416416712860e-04 3.278010057142857090e+07 0.000000000000000000e+00 2.501337600000000000e+07 0.000000000000000000e+00 3.973169142857142724e+06
4.756514582339458480e-02 -4.003352594853903500e-04 3.221920209332752042e+06 5.034002943741823499e-04 3.831945486262538452e+03 -2.119434488116005415e-03 2.645668027562145889e+07 0.000000000000000000e+00 1.918736456345399097e+07 0.000000000000000000e+00 8.733577880505888024e+05
5.262096060748640974e-02 3.950140449438202138e-04 2.580819775280898903e+06 -9.107268258426965768e-04 3.298590337078651646e+05 7.817986306179775403e-04 2.232556152808988839e+07 0.000000000000000000e+00 1.801840179775280878e+07 0.000000000000000000e+00 4.046389213483145926e+06
5.756031740041873956e-02 3.115210202660890874e-04 2.009748910891089123e+06 -5.363237739789603981e-05 4.679671782178217836e+04 2.416100832495358855e-04 1.933355976237623766e+07 0.000000000000000000e+00 1.308088649504950456e+07 0.000000000000000000e+00 1.148309306930693099e+06
6.254738279606215923e-02 2.776148975962717527e-04 1.673054752023546491e+06 -4.564238027348540292e-04 2.345827147412312916e+05 8.507195950607063283e-04 1.699663782585234195e+07 0.000000000000000000e+00 1.214894195535933226e+07 0.000000000000000000e+00 3.220205225410840940e+06
6.757793472572401483e-02 -9.954415641476274158e-05 1.327638158172231866e+06 3.724324472759226400e-04 1.788687240773286321e+05 -3.376778064586994483e-04 1.493878776801405847e+07 0.000000000000000000e+00 9.729453216168716550e+06 0.000000000000000000e+00 2.702622144112478127e+05
7.255917516659465827e-02 -1.511065649990701257e-04 1.067389167193602305e+06 -1.162358192300539364e-05 1.217242745025106997e+05 -3.516133531709131647e-04 1.343219859401153028e+07 0.000000000000000000e+00 8.970908827970987186e+06 0.000000000000000000e+00 2.110501469220755098e+05
7.753384299139773339e-02 -5.754101104787412625e-05 7.377210364914630773e+05 2.170865416806160128e-04 3.663971342484097840e+04 -2.543574238366253870e-04 1.182711292400401831e+07 0.000000000000000000e+00 7.361279914295280352e+06 0.000000000000000000e+00 1.047500919986608671e+06
8.251793356505521260e-02 4.073676713016055357e-05 7.164634862385321176e+05 -5.928529511897936321e-05 1.131318256880733970e+05 -4.673879080956135464e-05 1.083456587155963294e+07 0.000000000000000000e+00 6.415082862385321409e+06 0.000000000000000000e+00 -4.397362201834862353e+05
8.752751931716111489e-02 1.113612802902682460e-05 5.251946321109239943e+05 -1.209788454062459641e-04 1.044000311001684604e+05 1.834930186601010723e-05 9.264690224698716775e+06 0.000000000000000000e+00 5.208589203058183193e+06 0.000000000000000000e+00 1.293103006867954042e+06
9.254701955136974967e-02 -1.424339106654512273e-05 4.179566381039197440e+05 3.738890154968094675e-05 6.184671649954420718e+04 -2.114253361440291724e-04 8.425550410209663212e+06 0.000000000000000000e+00 4.286938661804922856e+06 0.000000000000000000e+00 4.805872597994530224e+05
9.754963178921903511e-02 -9.731890505600334642e-05 3.390615086360305431e+05 7.646485397257405693e-05 4.370639589657699253e+04 -2.131406691615199325e-04 7.662162912592902780e+06 0.000000000000000000e+00 3.806376397780801635e+06 0.000000000000000000e+00 -2.199715440175861004e+05
1.025319613041059119e-01 -2.230703271575985148e-05 2.742258551594746532e+05 5.356894201454033994e-05 5.998951144465291145e+04 -9.342501355827861225e-05 6.819113786116322502e+06 0.000000000000000000e+00 3.333400879549718462e+06 0.000000000000000000e+00 7.174168015009381343e+05
1.075116003998943526e-01 4.576585113714679178e-05 2.470733452791178424e+05 -1.399896623018607924e-04 6.755061061337009596e+04 7.134088559614058778e-05 6.321243037904893048e+06 0.000000000000000000e+00 2.903532769124741666e+06 0.000000000000000000e+00 -3.340172019297036604e+04
1.125102861506304813e-01 2.090962452655175294e-05 2.061745876169127296e+05 -1.362522464636314446e-05 6.597921620159233862e+04 6.573887819336012711e-05 5.865054073123599403e+06 0.000000000000000000e+00 2.634712661049702670e+06 0.000000000000000000e+00 6.945249724047306227e+05
1.175500852175193622e-01 -1.941041237021760900e-05 1.538399977243635512e+05 3.741452473865737675e-05 2.137979348599061268e+04 1.060367563068909234e-05 5.588467402076518163e+06 0.000000000000000000e+00 2.422762008249182254e+06 0.000000000000000000e+00 2.531857840989902033e+05
1.225369446564099490e-01 -1.073216650115855781e-04 1.311000489904005371e+05 1.321478814961933341e-04 2.691359311486262959e+04 -1.852268495531281278e-04 5.152401922542205080e+06 0.000000000000000000e+00 1.907605362992386799e+06 0.000000000000000000e+00 3.485040789142668364e+05
1.275260957852891452e-01 -5.838531560756730649e-05 9.470910308028134750e+04 1.435947163776376385e-04 1.042338976473441653e+04 -1.455339852276861545e-04 4.993823728353140876e+06 0.000000000000000000e+00 1.904770266310938634e+06 0.000000000000000000e+00 2.711984399708949495e+05
1.325302087090364789e-01 -4.427711688457437625e-05 8.715085528309298388e+04 1.190221508332865751e-04 2.493501913472868910e+04 -1.504216409011839865e-04 4.582751254811738618e+06 0.000000000000000000e+00 1.580062051736715017e+06 0.000000000000000000e+00 -9.044406486729139942e+03
1.375062694904859717e-01 1.919352643215416961e-05 7.558503400211193366e+04 -2.694698925884371542e-05 3.089620612460401026e+04 9.401798751814941142e-06 4.343887584371699952e+06 0.000000000000000000e+00 1.472637215628299862e+06 0.000000000000000000e+00 2.051315835269271338e+05
1.425134422753508989e-01 3.299577654060280128e-05 6.739450028796313563e+04 3.599539258974850803e-05 2.401330005759262713e+04 -1.657287867153004314e-04 4.102222633134958800e+06 0.000000000000000000e+00 1.327347467844116036e+06 0.000000000000000000e+00 2.210200191975427151e+04
1.475259222195813014e-01 -2.700685395690008515e-05 4.804072859811381204e+04 2.818590112305799692e-05 2.457757747505581210e+04 -3.833571752984190326e-05 3.874293852840675972e+06 0.000000000000000000e+00 1.192763914893616922e+06 0.000000000000000000e+00 1.517678662353637919e+05
1.525299430011916868e-01 -3.137417568481569158e-06 4.534185187690226303e+04 1.329274285593506925e-05 2.985431180250253601e+04 1.671913309519783601e-06 3.673557578626986593e+06 0.000000000000000000e+00 1.107081306729793781e+06 0.000000000000000000e+00 2.533998079134257569e+05
1.574945685492469272e-01 -9.794455453552796645e-06 3.433949286205362296e+04 3.443856917539531680e-05 1.597594855825615559e+04 -6.240015974440894309e-06 3.477757277146439068e+06 0.000000000000000000e+00 1.119291260888906894e+06 0.000000000000000000e+00 6.099079645731385972e+04
1.625189323163163113e-01 -9.979470802919708886e-07 2.673480408759124475e+04 1.033588047445255500e-05 2.465943357664233918e+04 -1.324061929744525719e-05 3.291687913576642517e+06 0.000000000000000000e+00 9.190334972262774827e+05 0.000000000000000000e+00 2.591431754744525824e+05
1.675461007718098694e-01 -3.573128737186787973e-05 2.374684510250569292e+04 9.266499234766514695e-05 2.441530296127562542e+04 -9.556729049508825885e-05 3.141484464692482725e+06 0.000000000000000000e+00 8.712014578587699216e+05 0.000000000000000000e+00 2.244185876993166312e+04
1.725292014006662711e-01 -2.291961960642120247e-05 2.070896713584072495e+04 5.549638230543561205e-05 2.767622269835514453e+04 -9.299828798167254567e-05 3.022186958499522414e+06 0.000000000000000000e+00 7.810775773477931507e+05 0.000000000000000000e+00 2.196384644493522937e+05
1.775301965061671094e-01 3.641774593008581361e-05 1.671030085815244820e+04 -5.601308130363452718e-05 2.282604745078243286e+04 8.554473060480817178e-05 2.861770112064613961e+06 0.000000000000000000e+00 6.426789540636042366e+05 0.000000000000000000e+00 2.800691771832407903e+04
1.825147654490652804e-01 -2.654251233419007889e-06 1.051955591007119801e+04 1.125171718514579403e-05 2.474778031847321836e+04 -3.440428908534964370e-05 2.789068034624360967e+06 0.000000000000000000e+00 5.684061879523767857e+05 0.000000000000000000e+00 1.056459641348341102e+05
1.875360723572403465e-01 1.276623603351955350e-05 6.949087374301676391e+03 -3.104268505586592157e-05 2.118938100558659426e+04 2.497326728351955248e-05 2.676761170949720778e+06 0.000000000000000000e+00 5.138362207821229240e+05 0.000000000000000000e+00 1.198673805586592207e+05
1.925323683450522461e-01 -4.392805504980185847e-06 4.947249866124022446e+03 -5.543302184855949049e-06 1.640509285637785069e+04 -3.767876626593124148e-05 2.572885488700867631e+06 0.000000000000000000e+00 4.608250598693370121e+05 0.000000000000000000e+00 1.235916152939916356e+05
1.975198663583639380e-01 -6.570522954344251201e-06 -1.353199241178702323e+03 1.435140540027823300e-05 1.334876984950044243e+04 6.947216469583912833e-06 2.481052306664980017e+06 0.000000000000000000e+00 4.147870061464525061e+05 0.000000000000000000e+00 1.531833160490704468e+05
2.025153694923672032e-01 1.135537790697674572e-05 -1.859004535366206937e+03 2.438343596207662005e-05 1.829266891826691062e+04 7.074141288417929883e-05 2.394731162790697999e+06 0.000000000000000000e+00 3.566933498021808336e+05 0.000000000000000000e+00 6.422843732509891561e+04
2.075088499274508613e-01 -2.938476092880533267e-05 -3.699994412512308827e+03 8.327918546337218539e-05 1.495143850328608460e+04 -8.122180494172067311e-05 2.309450093384323176e+06 0.000000000000000000e+00 3.037235259795277962e+05 0.000000000000000000e+00 7.129005271474043548e+04
2.125178062418619784e-01 -5.880852897538837907e-06 -1.560596635538488499e+02 2.816843308168964956e-05 1.956776540408448273e+04 7.542833064234596464e-06 2.245812348402862903e+06 0.000000000000000000e+00 2.820641871181707247e+05 0.000000000000000000e+00 1.691610375283644826e+05
2.175004174234404231e-01 1.274027333557781301e-05 -4.628886457368908850e+03 -9.493558517801532260e-06 1.187086474202508180e+04 1.077786026533961779e-05 2.159678141570575070e+06 0.000000000000000000e+00 2.758785152764918748e+05 0.000000000000000000e+00 6.962570827371433552e+04
2.225093171556767890e-01 8.041668308346959347e-06 -4.439702921534249072e+03 -1.279356321782470821e-05 1.233803274167175550e+04 1.188454688392663649e-05 2.083555097180906683e+06 0.000000000000000000e+00 2.351440565788696113e+05 0.000000000000000000e+00 1.354665901774984668e+05
2.275289586476768322e-01 1.038896276595744656e-05 -7.309061686820756222e+03 -2.373018473519057271e-05 1.694011449563753195e+04 1.768552744240777747e-05 2.030943573855809169e+06 0.000000000000000000e+00 1.997149732129190234e+05 0.000000000000000000e+00 8.339538956069188134e+04
2.325285406108919262e-01 1.012570943917923464e-06 -6.930003892820112014e+03 -7.993981136194132331e-08 1.566819958888909241e+04 -7.374447598139087195e-06 1.979598670183544746e+06 0.000000000000000000e+00 1.871882729339857760e+05 0.000000000000000000e+00 8.820826864096921054e+04
2.375276552426477672e-01 -4.806424679205484794e-06 -6.677266022148005504e+03 -3.618551151344700297e-05 1.508556835999296891e+04 4.863071827210406001e-05 1.897295999437510967e+06 0.000000000000000000e+00 1.501407555633679149e+05 0.000000000000000000e+00 9.750685856916857301e+04
2.424991024241769377e-01 -4.517382624550504300e-06 -6.176333867945233578e+03 1.061749784748366673e-05 1.038183228943325594e+04 -1.373350265054952530e-05 1.857835733459389303e+06 0.000000000000000000e+00 1.410136322657977871e+05 0.000000000000000000e+00 9.583601357351476327e+04
2.474998551644826128e-01 8.208378362151776565e-06 -7.900867114953570308e+03 -3.753965037624079230e-05 1.236964764649375684e+04 1.620177538624719969e-05 1.810404194940762129e+06 0.000000000000000000e+00 1.100720322766570607e+05 0.000000000000000000e+00 7.465528069164264889e+04
2.525200307756395035e-01 1.464994780389731027e-05 -5.315891865140736627e+03 4.938693744200433410e-06 1.397804540674296368e+04 4.908110090279925875e-05 1.769604648066811031e+06 0.000000000000000000e+00 1.052968304361274495e+05 0.000000000000000000e+00 8.370792205381998792e+04
2.575182250600202005e-01 -6.115794510468668149e-06 -9.861175888532896352e+03 2.483609234129349370e-05 9.910664898293718579e+03 -2.017511837209410485e-05 1.719824976380299544e+06 0.000000000000000000e+00 7.334501286044258450e+04 0.000000000000000000e+00 4.251776791595260875e+04
2.625255687975799335e-01 -6.574677640212243709e-06 -8.371362127004051217e+03 3.036609588064129709e-05 1.326256039253722884e+04 -3.430811658441261963e-05 1.689145109602327924e+06 0.000000000000000000e+00 4.068085308381354116e+04 0.000000000000000000e+00 1.004114684772065957e+05
2.675305520911575030e-01 -8.953721986716558804e-06 -8.317803068170833285e+03 -5.016241835931566587e-06 1.229808503058505084e+04 9.533556392482842528e-06 1.638488683227240574e+06 0.000000000000000000e+00 3.207680954419297996e+04 0.000000000000000000e+00 6.712936413471230480e+04
2.725404586615198799e-01 -3.609102696752525171e-06 -6.107484846882106467e+03 -5.026272718107049699e-06 9.528641878669275684e+03 -2.581654431270494982e-05 1.603547712910562055e+06 0.000000000000000000e+00 2.224586280213677310e+04 0.000000000000000000e+00 9.982017750039667590e+04
2.775333197047151201e-01 -8.733957789438312258e-06 -7.407372605784888947e+03 1.315142198929873076e-05 1.161761046346317926e+04 -1.741111961059270435e-05 1.588151978287279839e+06 0.000000000000000000e+00 2.253197198025176476e+04 0.000000000000000000e+00 8.295333026598082506e+04
2.825123907298719983e-01 1.447384672389304166e-06 -7.693749348483913309e+03 2.880295498054715188e-05 9.960845698758723302e+03 2.061317004261100448e-05 1.549116154387698509e+06 0.000000000000000000e+00 1.050588160316186077e+04 0.000000000000000000e+00 7.895574354350645444e+04
2.875104651677040102e-01 -2.168554201182723713e-06 -6.269452212219881403e+03 1.820767206653418838e-06 1.058939436889484750e+04 -5.857580536011419861e-06 1.514532480367745506e+06 0.000000000000000000e+00 7.434954223328863918e+03 0.000000000000000000e+00 9.698827963991572324e+04
2.924971317655564174e-01 3.871977915592596936e-06 -6.846130506652486474e+03 -1.363094266203516306e-05 7.680678403403113407e+03 -2.691052872750234032e-05 1.492597096718260553e+06 0.000000000000000000e+00 -4.668796263972534689e+03 0.000000000000000000e+00 5.279309537735957565e+04
2.975058823671092867e-01 1.301895438349169628e-05 -5.611925406269425366e+03 -2.352842671887487794e-05 8.822084006748957108e+03 1.445391199091443844e-05 1.455196388242607238e+06 0.000000000000000000e+00 -1.516464257170766359e+04 0.000000000000000000e+00 7.974808063227066305e+04
3.025121359101998753e-01 4.221877566901560629e-08 -6.611399766547057880e+03 -2.406470213133889658e-06 1.018087726427737653e+04 1.121963963404089698e-05 1.438973089274134254e+06 0.000000000000000000e+00 -3.777943158531840163e+04 0.000000000000000000e+00 5.374420682201374439e+04
3.075010376196579687e-01 -9.807979960286357371e-06 -5.480235021163191959e+03 4.730487733187019936e-06 1.029451420807859176e+04 -1.402433971168417252e-05 1.409096686502586817e+06 0.000000000000000000e+00 -2.016812064586926135e+04 0.000000000000000000e+00 9.670144026754455990e+04
3.125134169243361515e-01 -7.894191132113412808e-06 -5.046294470138749602e+03 3.952986753468731059e-05 9.040056625779208844e+03 -2.405077260959179761e-05 1.386155751136135077e+06 0.000000000000000000e+00 -3.442837080233259621e+04 0.000000000000000000e+00 4.689510235270460544e+04
3.175159688234982513e-01 -6.418252227603619026e-06 -4.386926466976451593e+03 1.525893896562564514e-05 8.845392775392716430e+03 -1.713812454870764518e-05 1.360247352319949772e+06 0.000000000000000000e+00 -3.963315137880558905e+04 0.000000000000000000e+00 6.855840001571847824e+04
3.225221380836135188e-01 2.304517887483481222e-06 -4.698407098357561154e+03 3.751755120823107713e-06 8.377011591466869504e+03 -1.156176624150462648e-05 1.336518072569378885e+06 0.000000000000000000e+00 -3.511333116858599533e+04 0.000000000000000000e+00 5.226869005097225454e+04
3.275181733526948968e-01 -8.898794717234357536e-06 -3.845075157349129768e+03 2.166849734473343380e-05 9.081168159940762052e+03 -2.005448918658598540e-05 1.317198989411329152e+06 0.000000000000000000e+00 -5.984385753424657742e+04 0.000000000000000000e+00 3.843203554239170626e+04
3.325123842131759710e-01 6.819267214923010057e-06 -3.712456585747707322e+03 -1.372974755819849366e-05 6.369609151640765958e+03 2.691981744031151998e-05 1.302662447992741363e+06 0.000000000000000000e+00 -5.050971977547879942e+04 0.000000000000000000e+00 6.360030415328642994e+04
3.374959366892091861e-01 -4.109924335651473475e-06 -3.444451949689941557e+03 8.187773299276531274e-06 6.538720106505973490e+03 7.640888206226132990e-06 1.277682645272045862e+06 0.000000000000000000e+00 -5.473937511824265675e+04 0.000000000000000000e+00 3.612008604561538959e+04
3.424919221947719805e-01 6.592401178441357120e-06 -1.432853878272175052e+03 -1.726232456725199966e-05 7.767384543583161758e+03 3.032301072910850354e-05 1.265475122952937381e+06 0.000000000000000000e+00 -5.966842427222495462e+04 0.000000000000000000e+00 5.071765605180474813e+04
3.475179778446125245e-01 4.135881140343711842e-06 -2.378874375142941062e+03 -1.716769563028882172e-05 4.956094488188976356e+03 1.544225148531177465e-05 1.240111206978795584e+06 0.000000000000000000e+00 -7.125939451759401709e+04 0.000000000000000000e+00 5.297323932433757000e+04
3.525052850529177828e-01 -6.954285087019000924e-06 -2.194822672840491578e+03 1.663726947948267735e-05 7.352369152163500075e+03 1.227914687450103723e-06 1.223805535238703480e+06 0.000000000000000000e+00 -6.712400114960881183e+04 0.000000000000000000e+00 1.884276902442918799e+04
3.575133254796376558e-01 -1.452070766683784160e-06 -2.460858397651585619e+03 6.324741226019575807e-06 5.564012968399108104e+03 -4.422640795176705983e-05 1.213368869158663554e+06 0.000000000000000000e+00 -7.005594389557832619e+04 0.000000000000000000e+00 5.558858376190877607e+04
3.625250227669692404e-01 -8.264239195904230954e-06 -3.315906158711037278e+03 1.377863367715705322e-05 4.975405390754403925e+03 -9.436967088917330398e-06 1.198784664960096357e+06 0.000000000000000000e+00 -6.405000499924709584e+04 0.000000000000000000e+00 4.835546646589368902e+04
3.675230446100045678e-01 2.482894618135293122e-07 -1.816730719040016311e+03 2.981698357728422547e-06 5.098980206898059805e+03 7.519544242925241976e-06 1.185429562422996387e+06 0.000000000000000000e+00 -5.678170292121397506e+04 0.000000000000000000e+00 4.169757726600033493e+04
3.725177060730277545e-01 8.019828981788552791e-06 -1.161858768368688970e+03 -2.418163403603693749e-05 5.318804734404483497e+03 3.848593083286280331e-05 1.167279667905540671e+06 0.000000000000000000e+00 -6.523834821888044098e+04 0.000000000000000000e+00 4.673109909085711115e+04
3.775163034622419089e-01 6.801277918370442815e-07 -8.458851062949503330e+02 -3.855179810165424033e-06 5.551438315830121610e+03 7.312215504564856173e-06 1.159247111963094911e+06 0.000000000000000000e+00 -7.777206600423387135e+04 0.000000000000000000e+00 5.358023635197660769e+04
3.825226892977953153e-01 9.330543311866554043e-07 -2.121778810810810683e+03 -7.057086841480152240e-06 3.216554810810810977e+03 -1.157296670449746679e-08 1.148638844540540595e+06 0.000000000000000000e+00 -7.663957102702702105e+04 0.000000000000000000e+00 6.440942702702702809e+04
3.875130067694269043e-01 -5.281084581220364098e-06 -1.497968809272918861e+03 1.475914009504248054e-05 4.626789041095890752e+03 -5.356152517401129479e-06 1.137488657534246566e+06 0.000000000000000000e+00 -7.625500864067439397e+04 0.000000000000000000e+00 4.023146891464699729e+04
3.924957861003909865e-01 9.862108985292698874e-06 -1.526634287001576922e+03 -4.373835906574840063e-05 3.290573398126991378e+03 1.961343424154410699e-05 1.126207254812860163e+06 0.000000000000000000e+00 -6.937728687928426370e+04 0.000000000000000000e+00 8.603233891803173174e+04
3.975064703251052212e-01 6.715720060714950287e-06 -1.417019912025277335e+03 -8.585231320859922763e-06 5.126957090638746195e+03 9.179663299206988940e-06 1.117758482968837256e+06 0.000000000000000000e+00 -5.895161211820829340e+04 0.000000000000000000e+00 6.159866575800756254e+04
