3.798113400606732779e-03 1.757251315789473665e+04 0.000000000000000000e+00 1.752317598684210316e+04 0.000000000000000000e+00 1.004271875000000000e+04
8.299341265228576958e-03 3.586876953125000000e+04 0.000000000000000000e+00 1.222008886718750000e+04 0.000000000000000000e+00 -3.270463378906250000e+03
1.293222767532251419e-02 4.783468152866242599e+04 0.000000000000000000e+00 1.556230891719745341e+04 0.000000000000000000e+00 -1.409623248407643405e+04
1.764839556552980082e-02 4.845122602739725698e+04 0.000000000000000000e+00 3.353121917808218859e+04 0.000000000000000000e+00 6.897031250000000000e+03
2.256548662787912635e-02 4.356134971644612233e+04 0.000000000000000000e+00 1.809954253308128682e+04 0.000000000000000000e+00 -1.782380340264650295e+04
2.777643688250242340e-02 4.112081463414634345e+04 0.000000000000000000e+00 2.205256341463414719e+04 0.000000000000000000e+00 3.463392987804877976e+03
3.269804980233311648e-02 3.581532800000000134e+04 0.000000000000000000e+00 2.013495999999999913e+04 0.000000000000000000e+00 -1.411497875000000022e+03
3.761648458559932462e-02 3.073557383681726060e+04 0.000000000000000000e+00 1.378931355360755151e+04 0.000000000000000000e+00 5.817557653405259771e+03
4.263843696389812976e-02 2.709145758928571377e+04 0.000000000000000000e+00 1.008018526785714312e+04 0.000000000000000000e+00 1.042573730468750000e+03
4.756514582339458480e-02 2.581687919755778421e+04 0.000000000000000000e+00 1.299698386393371220e+04 0.000000000000000000e+00 -2.682456607064980290e+03
5.262096060748640974e-02 2.343270646067415510e+04 0.000000000000000000e+00 1.072520646067415692e+04 0.000000000000000000e+00 2.402402914325842630e+03
5.756031740041873956e-02 2.259849257425742690e+04 0.000000000000000000e+00 1.086035024752475329e+04 0.000000000000000000e+00 2.137920946782178362e+03
6.254738279606215923e-02 2.120621829776796585e+04 0.000000000000000000e+00 9.255563404464066480e+03 0.000000000000000000e+00 1.177023010179053131e+02
6.757793472572401483e-02 1.960740597539542796e+04 0.000000000000000000e+00 8.407287346221441112e+03 0.000000000000000000e+00 -2.496763098637961065e+01
7.255917516659465827e-02 1.843336284173330932e+04 0.000000000000000000e+00 7.460273758601450936e+03 0.000000000000000000e+00 -8.057530221312999856e+02
7.753384299139773339e-02 1.732633277535989328e+04 0.000000000000000000e+00 6.907098091730834312e+03 0.000000000000000000e+00 6.492892534315367357e+02
8.251793356505521260e-02 1.613759747706422058e+04 0.000000000000000000e+00 6.569774082568807898e+03 0.000000000000000000e+00 -6.888464019495413027e+01
8.752751931716111489e-02 1.492699961124789479e+04 0.000000000000000000e+00 6.359378514966956573e+03 0.000000000000000000e+00 2.789822469871712087e+02
9.254701955136974967e-02 1.333538377392889743e+04 0.000000000000000000e+00 5.636153144940747552e+03 0.000000000000000000e+00 1.271988234958978978e+02
9.754963178921903511e-02 1.226794598555427547e+04 0.000000000000000000e+00 5.051599706898356089e+03 0.000000000000000000e+00 2.223368051920862456e+02
1.025319613041059119e-01 1.150897786116322641e+04 0.000000000000000000e+00 4.200770731707317282e+03 0.000000000000000000e+00 6.204290806754221421e+02
1.075116003998943526e-01 1.080957546519641619e+04 0.000000000000000000e+00 4.555370434183321777e+03 0.000000000000000000e+00 -6.706510057718814721e+01
1.125102861506304813e-01 1.050300997139986066e+04 0.000000000000000000e+00 4.954219061606246214e+03 0.000000000000000000e+00 2.650347646285846963e+02
1.175500852175193622e-01 1.028901493386431503e+04 0.000000000000000000e+00 4.174118902005404379e+03 0.000000000000000000e+00 5.476909401223155101e+02
1.225369446564099490e-01 9.927085335981464596e+03 0.000000000000000000e+00 4.222744786494538857e+03 0.000000000000000000e+00 6.675477656405164453e+02
1.275260957852891452e-01 9.582071307300509943e+03 0.000000000000000000e+00 3.869981081736599663e+03 0.000000000000000000e+00 1.985195852534562277e+02
1.325302087090364789e-01 9.053358621850626150e+03 0.000000000000000000e+00 3.495541215420009848e+03 0.000000000000000000e+00 -3.612011110487626979e+02
1.375062694904859717e-01 8.742988806758183273e+03 0.000000000000000000e+00 3.461896726504751769e+03 0.000000000000000000e+00 6.268823653643083844e+02
1.425134422753508989e-01 8.391768093684007908e+03 0.000000000000000000e+00 3.447683240545210083e+03 0.000000000000000000e+00 1.724134550777500579e+02
1.475259222195813014e-01 7.865004874937354543e+03 0.000000000000000000e+00 2.990896168390359435e+03 0.000000000000000000e+00 4.246874117271857472e+02
1.525299430011916868e-01 7.615754480892796892e+03 0.000000000000000000e+00 3.132723030098072286e+03 0.000000000000000000e+00 3.695327189719309899e+02
1.574945685492469272e-01 7.228270958870869435e+03 0.000000000000000000e+00 2.907083916366724225e+03 0.000000000000000000e+00 5.630822178185787834e+02
1.625189323163163113e-01 6.932020437956204660e+03 0.000000000000000000e+00 2.695603795620438177e+03 0.000000000000000000e+00 2.912943065693430640e+02
1.675461007718098694e-01 6.720550113895215873e+03 0.000000000000000000e+00 2.516833712984054728e+03 0.000000000000000000e+00 1.021970031321184393e+02
1.725292014006662711e-01 6.479798002439266384e+03 0.000000000000000000e+00 2.539192669018031211e+03 0.000000000000000000e+00 4.007705112568810932e+02
1.775301965061671094e-01 6.199720848056536852e+03 0.000000000000000000e+00 2.430035083291266801e+03 0.000000000000000000e+00 3.780877397778899649e+02
1.825147654490652804e-01 6.131258707790480912e+03 0.000000000000000000e+00 2.347091376406984182e+03 0.000000000000000000e+00 2.670150669148276279e+02
1.875360723572403465e-01 5.974455865921787336e+03 0.000000000000000000e+00 2.220494972067039271e+03 0.000000000000000000e+00 2.817907821229050569e+02
1.925323683450522461e-01 5.830853593231230661e+03 0.000000000000000000e+00 2.073489771875334554e+03 0.000000000000000000e+00 2.320038288529506190e+02
1.975198663583639380e-01 5.588104919691412761e+03 0.000000000000000000e+00 1.969175060073352597e+03 0.000000000000000000e+00 2.744924750221322824e+02
2.025153694923672032e-01 5.498214030686094702e+03 0.000000000000000000e+00 1.871234005596835004e+03 0.000000000000000000e+00 -6.144971292096883531e+01
2.075088499274508613e-01 5.316808903341043333e+03 0.000000000000000000e+00 1.897593441571824542e+03 0.000000000000000000e+00 2.147972932744052059e+02
2.125178062418619784e-01 5.181362541455751852e+03 0.000000000000000000e+00 1.660292023040670301e+03 0.000000000000000000e+00 2.661426077849537819e+02
2.175004174234404231e-01 5.044383806076929432e+03 0.000000000000000000e+00 1.713539096035687180e+03 0.000000000000000000e+00 -6.809937478958000057e+00
2.225093171556767890e-01 4.863733968991942675e+03 0.000000000000000000e+00 1.595680936151770084e+03 0.000000000000000000e+00 3.079170623116172010e+02
2.275289586476768322e-01 4.752542476656972212e+03 0.000000000000000000e+00 1.678134700750038292e+03 0.000000000000000000e+00 1.819918873411908748e+02
2.325285406108919262e-01 4.634633583759300564e+03 0.000000000000000000e+00 1.525369763338366283e+03 0.000000000000000000e+00 1.762998562930893343e+02
2.375276552426477672e-01 4.579310810335735368e+03 0.000000000000000000e+00 1.456388258041835115e+03 0.000000000000000000e+00 2.352172789593953439e+02
2.424991024241769377e-01 4.440529029426164925e+03 0.000000000000000000e+00 1.370905812638225370e+03 0.000000000000000000e+00 2.106839726166157334e+01
2.474998551644826128e-01 4.383327313480627708e+03 0.000000000000000000e+00 1.403478706372078022e+03 0.000000000000000000e+00 1.476967979506884490e+02
2.525200307756395035e-01 4.277962016702753317e+03 0.000000000000000000e+00 1.236770429941231214e+03 0.000000000000000000e+00 1.172996133622022938e+02
2.575182250600202005e-01 4.201471008121600789e+03 0.000000000000000000e+00 1.199127933835034582e+03 0.000000000000000000e+00 9.564858803367856410e+01
2.625255687975799335e-01 4.129336908769327238e+03 0.000000000000000000e+00 1.240503451817196265e+03 0.000000000000000000e+00 7.302086067210589704e+01
2.675305520911575030e-01 4.021083829276038614e+03 0.000000000000000000e+00 1.154383618011350336e+03 0.000000000000000000e+00 -3.047179685450352693e+01
2.725404586615198799e-01 3.962462156873115418e+03 0.000000000000000000e+00 1.199074099539852796e+03 0.000000000000000000e+00 4.334630031205373513e+01
2.775333197047151201e-01 3.873221288805024869e+03 0.000000000000000000e+00 1.126233308346472995e+03 0.000000000000000000e+00 5.797024840385659417e+01
2.825123907298719983e-01 3.814871512381893353e+03 0.000000000000000000e+00 1.055629963564503214e+03 0.000000000000000000e+00 9.908948310998580666e+01
2.875104651677040102e-01 3.740478835472131777e+03 0.000000000000000000e+00 9.712579007852901896e+02 0.000000000000000000e+00 -1.051934046399157197e+01
2.924971317655564174e-01 3.692776474124079414e+03 0.000000000000000000e+00 1.026554462541469547e+03 0.000000000000000000e+00 -2.706671849171762290e+01
2.975058823671092867e-01 3.601414439214989670e+03 0.000000000000000000e+00 9.639118195542135936e+02 0.000000000000000000e+00 5.984895879584406231e+01
3.025121359101998753e-01 3.536849076996238637e+03 0.000000000000000000e+00 8.830025506895508443e+02 0.000000000000000000e+00 -1.566127167005317489e+01
3.075010376196579687e-01 3.483022668129801332e+03 0.000000000000000000e+00 8.872271306892407665e+02 0.000000000000000000e+00 8.176264827297904958e+01
3.125134169243361515e-01 3.429837603056505031e+03 0.000000000000000000e+00 8.929647295395134279e+02 0.000000000000000000e+00 -1.041236175346873161e+01
3.175159688234982513e-01 3.396483539802143696e+03 0.000000000000000000e+00 8.029350335491350279e+02 0.000000000000000000e+00 -3.714223261388531228e+01
3.225221380836135188e-01 3.319787351330942329e+03 0.000000000000000000e+00 8.442723050783463350e+02 0.000000000000000000e+00 1.084755616386634074e+02
3.275181733526948968e-01 3.288356904850055344e+03 0.000000000000000000e+00 7.789501666049611686e+02 0.000000000000000000e+00 1.966513097001110566e+01
3.325123842131759710e-01 3.248581976035653042e+03 0.000000000000000000e+00 7.574911267868739060e+02 0.000000000000000000e+00 8.562265493653094950e+01
3.374959366892091861e-01 3.188687103668150030e+03 0.000000000000000000e+00 7.165289563115300098e+02 0.000000000000000000e+00 -1.435249995620642594e+01
3.424919221947719805e-01 3.149658051988099032e+03 0.000000000000000000e+00 7.179993499404112072e+02 0.000000000000000000e+00 2.519654145379993437e+00
3.475179778446125245e-01 3.109379945764040713e+03 0.000000000000000000e+00 7.046501780638416221e+02 0.000000000000000000e+00 3.809866615480118668e+01
3.525052850529177828e-01 3.064166310075043839e+03 0.000000000000000000e+00 6.930530416733195125e+02 0.000000000000000000e+00 -2.079047780616318164e+01
3.575133254796376558e-01 3.019414889132451208e+03 0.000000000000000000e+00 6.507475224379363681e+02 0.000000000000000000e+00 6.560315319113060184e+01
3.625250227669692404e-01 2.979576328866134645e+03 0.000000000000000000e+00 6.258081614214726187e+02 0.000000000000000000e+00 9.424092757114891583e+00
3.675230446100045678e-01 2.942297924458150192e+03 0.000000000000000000e+00 6.115940482178917819e+02 0.000000000000000000e+00 7.322326473182715745e+01
3.725177060730277545e-01 2.913242380925153157e+03 0.000000000000000000e+00 5.903032191663331787e+02 0.000000000000000000e+00 7.004888072502716057e+01
3.775163034622419089e-01 2.879661069776101613e+03 0.000000000000000000e+00 5.904852952331041251e+02 0.000000000000000000e+00 -6.610547782734914612e+00
3.825226892977953153e-01 2.855436756756756949e+03 0.000000000000000000e+00 5.457349729729729688e+02 0.000000000000000000e+00 6.610784459459459583e+01
3.875130067694269043e-01 2.821208219178082345e+03 0.000000000000000000e+00 5.519317702845100939e+02 0.000000000000000000e+00 5.781135158719704847e+00
3.924957861003909865e-01 2.777045743893412237e+03 0.000000000000000000e+00 5.671454445982042216e+02 0.000000000000000000e+00 1.328235445563672670e+02
3.975064703251052212e-01 2.763064295892448172e+03 0.000000000000000000e+00 5.258120314726472770e+02 0.000000000000000000e+00 1.213789728021807832e+02
