3.798113400606732779e-03 0.000000000000000000e+00 -4.109927578947368078e+06 -5.139802631578947083e-05 1.013633684210526262e+05 -1.284950657894736771e-05
8.299341265228576958e-03 2.098083496093750000e-05 -1.639253000000000000e+06 4.768371582031250000e-06 3.505847500000000000e+05 -1.406669616699218750e-05
1.293222767532251419e-02 -2.643560907643312193e-05 -1.330900789808917325e+06 5.986887937898089198e-05 5.807732484076433320e+04 -6.589464321257962353e-05
1.764839556552980082e-02 4.807563677226027130e-06 -9.887349041095889406e+05 -2.957696784032534209e-05 -1.887135342465753201e+05 8.491620625535101951e-06
2.256548662787912635e-02 -3.772872607514177803e-05 -7.782923251417769352e+05 1.007830037511814813e-04 -1.138303591682419756e+04 -1.395645574270439569e-04
2.777643688250242340e-02 1.935261051829268317e-05 -5.516062829268292990e+05 -4.599966653963414654e-05 -1.043886536585365830e+05 5.400122665777439077e-05
3.269804980233311648e-02 2.120971679687500190e-05 -4.119932480000000214e+05 -6.620788574218750629e-05 -5.678985199999999895e+04 1.110115051269531215e-04
3.761648458559932462e-02 -1.284084204315576522e-05 -3.015792420768712182e+05 5.317425615306810630e-05 -3.663524477410654072e+04 -7.758008734406607462e-05
4.263843696389812976e-02 -1.035417829241071308e-05 -2.337746607142857101e+05 2.861022949218750000e-05 -3.027481696428571377e+04 -4.080363682338169546e-05
4.756514582339458480e-02 1.537633472480890527e-05 -1.983485739206279977e+05 -3.439489535977629359e-05 -2.593860968163977304e+04 4.779595217224400395e-05
5.262096060748640974e-02 1.062971822331460560e-05 -1.547125617977528018e+05 -2.494554841116572859e-05 -3.375399157303370885e+04 3.842557414194171120e-05
5.756031740041873956e-02 1.661848313737623756e-06 -1.244387326732673246e+05 1.888463992883663350e-06 -1.687447772277227705e+04 4.702275342280321723e-06
6.254738279606215923e-02 -6.946360681873926336e-06 -1.042481746382143610e+05 1.676707750797154487e-05 -8.415271032622025814e+03 -1.964143365219523876e-05
6.757793472572401483e-02 -1.984447083699472838e-06 -8.969953602811950259e+04 3.673908790092266881e-06 -1.525215114235500732e+04 -2.621347330157073532e-06
7.255917516659465827e-02 5.108019399758229708e-08 -7.633467584154733049e+04 -6.725558876348336091e-07 -7.182802306118654087e+03 -3.051332144216686740e-06
7.753384299139773339e-02 -3.116123645170740052e-06 -6.402754871108135558e+04 -1.527411426075493851e-06 -9.073989956478071690e+03 8.404594142978950809e-06
8.251793356505521260e-02 3.607721503721464933e-06 -5.382997706422018382e+04 -6.359514840152285825e-06 -6.674297591743119483e+03 8.361362809434943989e-06
8.752751931716111489e-02 -9.016467296229105408e-07 -4.521172891019826784e+04 -8.621008204289231714e-07 -6.591549565893482395e+03 -5.641223946522288694e-06
9.254701955136974967e-02 -4.798798748005924805e-06 -4.024844120328167628e+04 1.277593231896649897e-05 -7.372476298997265076e+03 -1.555610594145254204e-05
9.754963178921903511e-02 3.833465272689207743e-08 -3.411529948707212316e+04 1.872008874829896449e-06 -5.329480163299486776e+03 3.402200429511671831e-07
1.025319613041059119e-01 -3.149093427532833018e-08 -2.915055609756097692e+04 -9.404338099495778901e-07 -6.180583864915572121e+03 1.585640111067952618e-06
1.075116003998943526e-01 6.401645652513352414e-07 -2.592619710544452028e+04 -1.169253348646946123e-06 -4.008598208132322270e+03 2.426085679141674926e-06
1.125102861506304813e-01 -1.802348257576266709e-06 -2.323205441756203436e+04 4.185055105175883056e-06 -3.963019556311355245e+03 -6.012157235768844811e-06
1.175500852175193622e-01 1.659944002870102033e-06 -1.962226710283032298e+04 -2.656751363312362442e-06 -3.386376333380742381e+03 2.746306685088386483e-06
1.225369446564099490e-01 7.839007158225753718e-07 -1.698161191658391544e+04 -4.258924507613373046e-06 -2.155843230718305222e+03 1.937527800190334364e-06
1.275260957852891452e-01 1.600636980240419577e-06 -1.478699393645403870e+04 6.939177660001819319e-08 -3.060149405772495811e+03 -1.929322695402505559e-06
1.325302087090364789e-01 -2.876916629257617457e-07 -1.362153953201279364e+04 7.192291573144043643e-07 -1.461911116098984394e+03 -2.132000716324841512e-06
1.375062694904859717e-01 1.907751451953537536e-06 -1.183598141499471967e+04 -3.892844178986272648e-06 -1.734362302006335767e+03 5.678138612064414092e-06
1.425134422753508989e-01 8.143488883422921277e-07 -1.113958763678249124e+04 -8.787937643981569343e-09 -2.051193703205989550e+03 4.063688832204477869e-06
1.475259222195813014e-01 0.000000000000000000e+00 -9.437110392272996251e+03 4.449234589275137697e-07 -1.372011298920224135e+03 -1.757447662763679393e-06
1.525299430011916868e-01 -1.248774755875887781e-06 -8.451551572539736298e+03 3.586357253445214416e-06 -1.512451301995265339e+03 -5.460809443825033740e-06
1.574945685492469272e-01 -1.777219739555950850e-07 -7.727205403000767546e+03 -3.258236189185909628e-07 -1.579905366603308039e+03 1.160129552210134649e-07
1.625189323163163113e-01 -8.152871236313869710e-07 -6.730012262773722796e+03 3.027254647582117174e-06 -1.160679708029197172e+03 -1.586579928432938035e-06
1.675461007718098694e-01 -3.997177089265375566e-07 -5.914574601366742172e+03 -3.562701318693052008e-07 -9.663171981776764596e+02 7.798840081773205769e-07
1.725292014006662711e-01 8.771904975772159867e-07 -5.181720539275472220e+03 -1.613547658387447872e-06 -9.974978409203283718e+02 1.688994088798332144e-06
1.775301965061671094e-01 -4.043848691475265164e-07 -4.863309944472488496e+03 2.484078481906234027e-07 -9.293256562342251073e+02 -6.311292422052467412e-07
1.825147654490652804e-01 1.388433050090106199e-07 -4.177944636473751416e+03 7.636381775495583432e-07 -7.501123814588319192e+02 1.062737310255657448e-06
1.875360723572403465e-01 -3.716665939245810053e-07 -3.681881117318435827e+03 9.973621901187150907e-07 -6.344527932960893395e+02 -1.728334906380935731e-06
1.925323683450522461e-01 4.155025296284271873e-07 -3.401238727642711638e+03 2.022357445094114673e-08 -6.300463746385348713e+02 6.734552431428305592e-07
1.975198663583639380e-01 6.113550493233843445e-07 -2.801583609459972195e+03 -2.133567369103326053e-06 -5.879921588465915647e+02 2.554259921983685231e-06
2.025153694923672032e-01 -3.460209813458940526e-08 -2.696791855640258746e+03 9.817425077122335731e-07 -7.022752098813085695e+02 -3.591716191741728783e-06
2.075088499274508613e-01 3.270564144473196150e-07 -2.232484004671506227e+03 -1.091585725142549769e-06 -4.891329318280702978e+02 9.346964835967734358e-07
2.125178062418619784e-01 1.544789257505672855e-07 -2.260513876767324291e+03 3.142847110097748350e-07 -4.979744719846395924e+02 5.167053723381043907e-07
2.175004174234404231e-01 -3.364870578549785223e-07 -1.753706422018348576e+03 9.336873704601885338e-07 -3.727305361501557286e+02 -6.090801037699373335e-07
2.225093171556767890e-01 5.771532278717913062e-07 -1.590162368747660594e+03 -1.774746175705758468e-06 -2.414805460885325488e+02 2.422841154503457656e-06
2.275289586476768322e-01 5.488773044064748487e-08 -1.357973825195163045e+03 1.710862236075501466e-07 -3.638628501454156208e+02 8.135354301748096108e-07
2.325285406108919262e-01 3.874860300738544795e-07 -1.153126734942608209e+03 -5.512516158500537296e-07 -2.313419314936423348e+02 8.170237317495634644e-07
2.375276552426477672e-01 7.721928934951221446e-07 -1.001954579012128647e+03 -1.306076170501735767e-06 -1.691580242573387238e+02 2.075620434325699719e-06
2.424991024241769377e-01 -1.164380101674742128e-07 -8.439774450053180317e+02 1.344704453704016434e-07 -2.107225870713960205e+02 4.186101029251008642e-08
2.474998551644826128e-01 -4.177478273595101087e-07 -8.361367275056036306e+02 1.261305282255643644e-06 -2.549890169708613428e+02 9.057310350499319772e-08
2.525200307756395035e-01 3.520895960601608742e-07 -6.347975255180947443e+02 -1.582515302399087742e-06 -9.922735849056604707e+01 1.828293663187732063e-06
2.575182250600202005e-01 -4.320348590827807369e-08 -5.019898368228895151e+02 -4.195285868461739015e-07 -1.085355040608002355e+02 -5.212841654985656846e-08
2.625255687975799335e-01 -2.254821913155417279e-07 -3.254930678381924736e+02 -3.643409153110201511e-07 -1.343525703200776036e+02 -7.840729673882617136e-07
2.675305520911575030e-01 -1.011339079824912546e-07 -3.155202220350450375e+02 3.067728542135568219e-07 -9.303309123044419948e+01 -1.963683379993372070e-07
2.725404586615198799e-01 -4.289441152334452710e-07 -2.201226000952028130e+02 1.188574686190134557e-06 -1.394431559739778947e+02 -1.276592969478276725e-06
2.775333197047151201e-01 -1.183249339248326274e-09 -2.466182955514772459e+02 5.975409163204048004e-08 -1.022093209605293680e+02 -4.378515575776827201e-07
2.825123907298719983e-01 1.417230825047860135e-07 -1.079282652998209073e+02 -1.929846229852405431e-07 -1.800536157598962461e+02 2.909846268449330214e-07
2.875104651677040102e-01 -1.306027841851118067e-08 -1.589806939523079876e+01 -5.867992226498904463e-08 -8.530313876651982241e+01 6.337774094437483578e-07
2.924971317655564174e-01 -4.021551406501057232e-07 4.069438728918377990e+01 5.404400662069841625e-07 -6.412770925568437974e+01 -1.267494228382307011e-06
2.975058823671092867e-01 7.327121016124078376e-08 2.680074205221561101e+01 -1.222024896769231071e-07 -3.703588713258147180e+01 2.293364265525905237e-07
3.025121359101998753e-01 -6.200882676386667359e-08 2.967608404305909886e+01 2.724430367391163156e-07 -1.653160153041372951e+02 6.802830063855053932e-07
3.075010376196579687e-01 0.000000000000000000e+00 5.152881329361969165e+01 -1.428842033756597137e-07 -1.262837330825103237e+02 5.536762880806814235e-07
3.125134169243361515e-01 -1.142951724468379317e-07 1.823355318721093852e+02 -1.250343161666750551e-08 -1.159396038608485782e+02 -1.448825550060168603e-07
3.175159688234982513e-01 -9.593800041261015204e-08 1.838208682496487825e+02 -2.542357010934168831e-07 -1.266451356210273929e+02 7.758985783369846294e-07
3.225221380836135188e-01 -9.678975127430621205e-08 1.948158202756277149e+02 2.558014855106664109e-07 -1.353499150462526188e+02 -4.568706711936001661e-07
3.275181733526948968e-01 4.256755852866993805e-07 2.302281192151055222e+02 -1.066731153175328538e-06 -9.377653646797482168e+01 1.354951939729353799e-06
3.325123842131759710e-01 -2.859911628551509260e-07 2.574329149505857686e+02 -1.993251175381058906e-07 -1.893099130914363570e+01 -1.195967671956379610e-06
3.374959366892091861e-01 -2.266659623200084327e-07 2.777844655432155037e+02 6.409728509945520632e-07 -1.207741215008934006e+02 -1.055413387052539181e-06
3.424919221947719805e-01 1.749834880697397390e-07 3.181254281642484329e+02 -2.996083560263857508e-07 -1.082378634708181693e+02 6.799685397593737863e-07
3.475179778446125245e-01 -4.790961639187931019e-07 2.434048910379978281e+02 1.145643064188747559e-06 -1.480279184500277552e+02 -1.274390810632065242e-06
3.525052850529177828e-01 -6.237026983873543073e-08 3.244920964394060547e+02 -9.745354662302411052e-10 -8.325079035605939737e+01 -9.357976814475889983e-07
3.575133254796376558e-01 -2.603342080088678730e-07 3.134666860834975068e+02 6.377369435185788953e-07 -1.127216316269515914e+02 -3.944484277007678272e-07
3.625250227669692404e-01 2.025103931630919599e-07 2.780854088239722728e+02 4.332533372380147494e-08 -1.722654720674597115e+02 6.627935976207372887e-07
3.675230446100045678e-01 8.832519385302073278e-08 3.536444823538846549e+02 2.534065385354927260e-07 -1.754885579103150235e+02 1.221423965373007023e-07
3.725177060730277545e-01 -1.113365278473589667e-07 2.914324718394419733e+02 2.102879405301133507e-07 -1.913967922694264985e+02 3.125077421624703545e-08
3.775163034622419089e-01 1.635084450053785371e-07 2.578353479840850468e+02 -2.623079494198254174e-07 -1.550531164452044948e+02 2.433424428482556109e-07
3.825226892977953153e-01 2.040347537478884994e-07 2.896534864864864858e+02 -2.626470617345861659e-07 -2.476083513513513594e+02 5.228326127335831833e-07
3.875130067694269043e-01 -9.546792419240649251e-08 3.348688883034773767e+02 3.351426601912375232e-07 -2.398107481559536609e+02 -3.109490783498460534e-07
3.924957861003909865e-01 -1.619524549548643698e-07 3.199668651240627355e+02 -2.023178030363981627e-08 -1.580263122324847984e+02 2.053132850716458137e-07
3.975064703251052212e-01 3.611212082197509671e-08 2.684011895173780999e+02 -2.958925083057121736e-08 -2.371444644074097141e+02 1.606847575056339665e-07
