3.798113400606732779e-03 -1.969970394736842136e+05 0.000000000000000000e+00 -1.198324631578947417e+06 0.000000000000000000e+00 -4.503322947368420660e+06 1.064805591578947306e+08 0.000000000000000000e+00 3.269166349473683834e+08 0.000000000000000000e+00 2.649368252631578743e+08
8.299341265228576958e-03 6.061904375000000000e+05 0.000000000000000000e+00 -1.472077031250000000e+05 0.000000000000000000e+00 5.057360937500000000e+05 3.064906600000000000e+07 0.000000000000000000e+00 4.828456400000000000e+07 0.000000000000000000e+00 -8.750110000000000000e+06
1.293222767532251419e-02 7.527892484076434048e+05 0.000000000000000000e+00 4.245755923566879355e+05 0.000000000000000000e+00 -1.382903566878981073e+05 1.018082160509554110e+07 0.000000000000000000e+00 1.645128886624203995e+07 0.000000000000000000e+00 -5.729799337579618208e+06
1.764839556552980082e-02 8.608739726027396973e+05 0.000000000000000000e+00 5.282688767123287544e+05 0.000000000000000000e+00 9.947563013698629220e+04 7.429450520547945052e+06 0.000000000000000000e+00 1.417875024657534249e+07 0.000000000000000000e+00 -1.749154958904109430e+06
2.256548662787912635e-02 8.940926427221172489e+05 0.000000000000000000e+00 7.960193572778828675e+05 0.000000000000000000e+00 -1.893141172022684477e+05 4.346816120982986875e+06 0.000000000000000000e+00 7.521415017013233155e+06 0.000000000000000000e+00 -2.722028158790170215e+06
2.777643688250242340e-02 7.993375219512195326e+05 0.000000000000000000e+00 5.394321170731707243e+05 0.000000000000000000e+00 -6.943980975609755842e+04 2.594003824390243739e+06 0.000000000000000000e+00 5.005418458536585793e+06 0.000000000000000000e+00 1.473163121951219509e+05
3.269804980233311648e-02 6.445985920000000624e+05 0.000000000000000000e+00 4.555152960000000312e+05 0.000000000000000000e+00 3.736592000000000098e+03 1.619067135999999940e+06 0.000000000000000000e+00 2.934199808000000194e+06 0.000000000000000000e+00 -4.235505920000000042e+05
3.761648458559932462e-02 5.433016534052595962e+05 0.000000000000000000e+00 4.103992447741065407e+05 0.000000000000000000e+00 1.240653162508428795e+05 1.028843371544167167e+06 0.000000000000000000e+00 1.941511422791638644e+06 0.000000000000000000e+00 8.363456237356709607e+04
4.263843696389812976e-02 4.693365714285714203e+05 0.000000000000000000e+00 3.563042857142856810e+05 0.000000000000000000e+00 -1.484861495535714130e+04 7.085653571428571595e+05 0.000000000000000000e+00 1.340396142857142724e+06 0.000000000000000000e+00 1.146839107142857101e+05
4.756514582339458480e-02 4.057478028783253394e+05 0.000000000000000000e+00 2.434540183166157803e+05 0.000000000000000000e+00 -3.034726210204971721e+04 4.999360697775839362e+05 0.000000000000000000e+00 8.349230667248147074e+05 0.000000000000000000e+00 -1.210261491495857044e+05
5.262096060748640974e-02 3.815752808988763718e+05 0.000000000000000000e+00 2.590744494382022531e+05 0.000000000000000000e+00 1.265939662921348208e+05 4.034969438202247256e+05 0.000000000000000000e+00 6.957347415730337380e+05 0.000000000000000000e+00 3.672259550561797369e+04
5.756031740041873956e-02 3.614046336633663159e+05 0.000000000000000000e+00 2.779126138613861403e+05 0.000000000000000000e+00 -2.949846534653465278e+04 3.162694851485148538e+05 0.000000000000000000e+00 5.103628118811881286e+05 0.000000000000000000e+00 -4.504029702970296785e+04
6.254738279606215923e-02 3.157602393917095615e+05 0.000000000000000000e+00 2.054682874662741960e+05 0.000000000000000000e+00 2.653918273240127382e+04 2.486270493009565689e+05 0.000000000000000000e+00 4.043170566593082622e+05 0.000000000000000000e+00 8.398030905077261195e+03
6.757793472572401483e-02 2.864345588752196636e+05 0.000000000000000000e+00 1.883104956063268764e+05 0.000000000000000000e+00 2.670725175746924378e+03 2.093286045694200147e+05 0.000000000000000000e+00 3.175547275922670960e+05 0.000000000000000000e+00 -6.962357644991212510e+03
7.255917516659465827e-02 2.733896700762506807e+05 0.000000000000000000e+00 1.626316652408406080e+05 0.000000000000000000e+00 -9.689551794681048705e+03 1.801937080156221054e+05 0.000000000000000000e+00 2.552276674725683406e+05 0.000000000000000000e+00 -1.682248540078110454e+04
7.753384299139773339e-02 2.445649333779712324e+05 0.000000000000000000e+00 1.634380020087043813e+05 0.000000000000000000e+00 3.598898158687646355e+04 1.467335949112822418e+05 0.000000000000000000e+00 2.051305202544358908e+05 0.000000000000000000e+00 1.966291262135922443e+04
8.251793356505521260e-02 2.255542752293578233e+05 0.000000000000000000e+00 1.284597339449541323e+05 0.000000000000000000e+00 -1.079134862385321139e+04 1.323482201834862353e+05 0.000000000000000000e+00 1.664152660550458822e+05 0.000000000000000000e+00 -8.473303899082569842e+03
8.752751931716111489e-02 2.018042327329273103e+05 0.000000000000000000e+00 1.271557009200466564e+05 0.000000000000000000e+00 7.442182713489698472e+03 1.134532735518984118e+05 0.000000000000000000e+00 1.413392686277050816e+05 0.000000000000000000e+00 9.134052092782168984e+03
9.254701955136974967e-02 1.864639270738377236e+05 0.000000000000000000e+00 1.024315916134913423e+05 0.000000000000000000e+00 1.405702461257976211e+04 1.020146800364630762e+05 0.000000000000000000e+00 1.175832780309936206e+05 0.000000000000000000e+00 5.646860072926162502e+03
9.754963178921903511e-02 1.622678228828640131e+05 0.000000000000000000e+00 8.161682235946823494e+04 0.000000000000000000e+00 -5.825823092222338346e+03 8.926883868941693800e+04 0.000000000000000000e+00 9.756291175546948216e+04 0.000000000000000000e+00 1.736553307861404676e+02
1.025319613041059119e-01 1.548200705440900638e+05 0.000000000000000000e+00 8.378674071294559690e+04 0.000000000000000000e+00 -3.674037148217636059e+03 8.274080300187617831e+04 0.000000000000000000e+00 8.430910919324577844e+04 0.000000000000000000e+00 2.585751219512194893e+03
1.075116003998943526e-01 1.413501419710544578e+05 0.000000000000000000e+00 7.093625361819434329e+04 0.000000000000000000e+00 -3.551250861474844669e+02 7.527571605789111345e+04 0.000000000000000000e+00 7.190988835286009999e+04 0.000000000000000000e+00 6.777520675396278875e+02
1.125102861506304813e-01 1.304860415861482616e+05 0.000000000000000000e+00 6.150529612738656579e+04 0.000000000000000000e+00 9.372645899358429233e+03 6.942288320321559149e+04 0.000000000000000000e+00 6.018085676741130737e+04 0.000000000000000000e+00 5.574823838602458636e+03
1.175500852175193622e-01 1.247501544588252145e+05 0.000000000000000000e+00 6.459897027449864981e+04 0.000000000000000000e+00 6.455569904707723254e+03 6.479158469634476205e+04 0.000000000000000000e+00 5.408342710851941956e+04 0.000000000000000000e+00 2.455198975963589874e+03
1.225369446564099490e-01 1.206893738497186423e+05 0.000000000000000000e+00 6.122364991724595166e+04 0.000000000000000000e+00 -2.089652035749752031e+03 5.984560556107249431e+04 0.000000000000000000e+00 4.734386971201589040e+04 0.000000000000000000e+00 2.374132803707381754e+03
1.275260957852891452e-01 1.126299102595197619e+05 0.000000000000000000e+00 5.209348532621876802e+04 0.000000000000000000e+00 2.625942517584282996e+03 5.691444870240116143e+04 0.000000000000000000e+00 4.175265389279650844e+04 0.000000000000000000e+00 2.386894979383943792e+03
1.325302087090364789e-01 1.088902844958195346e+05 0.000000000000000000e+00 4.640401503843779938e+04 0.000000000000000000e+00 -6.175910667190392815e+03 5.347694697267268930e+04 0.000000000000000000e+00 3.476192267549520329e+04 0.000000000000000000e+00 1.349528309298019167e+03
1.375062694904859717e-01 1.023227877507919766e+05 0.000000000000000000e+00 4.803603125659978832e+04 0.000000000000000000e+00 7.455305596620907636e+03 5.098009208025343105e+04 0.000000000000000000e+00 3.275921098204857481e+04 0.000000000000000000e+00 3.583168321013727564e+03
1.425134422753508989e-01 9.500543213668650424e+04 0.000000000000000000e+00 4.128198425801497069e+04 0.000000000000000000e+00 -1.280376391821846767e+02 4.837268112881550769e+04 0.000000000000000000e+00 2.884694029564215816e+04 0.000000000000000000e+00 -8.865360913803033327e+02
1.475259222195813014e-01 9.143406988928880310e+04 0.000000000000000000e+00 3.728492341336735262e+04 0.000000000000000000e+00 3.274780263337737324e+03 4.691492168208118528e+04 0.000000000000000000e+00 2.626177265479064954e+04 0.000000000000000000e+00 1.147918538429996715e+03
1.525299430011916868e-01 8.459279540074399847e+04 0.000000000000000000e+00 3.811838755495434452e+04 0.000000000000000000e+00 6.465722691917483644e+03 4.425594859655055916e+04 0.000000000000000000e+00 2.426411092323300545e+04 0.000000000000000000e+00 2.520862022319918651e+03
1.574945685492469272e-01 7.972444825494398538e+04 0.000000000000000000e+00 3.222455000606624162e+04 0.000000000000000000e+00 2.236963804747846098e+03 4.261697545193512633e+04 0.000000000000000000e+00 2.121305973227645882e+04 0.000000000000000000e+00 8.215583774821045608e+02
1.625189323163163113e-01 7.645319941605839995e+04 0.000000000000000000e+00 2.927795153284671687e+04 0.000000000000000000e+00 3.634065985401460239e+03 4.082967824817518704e+04 0.000000000000000000e+00 1.932801401459854242e+04 0.000000000000000000e+00 1.780173540145985669e+02
1.675461007718098694e-01 7.379855580865603406e+04 0.000000000000000000e+00 2.913996127562642141e+04 0.000000000000000000e+00 1.515757687927107099e+03 3.943206378132117970e+04 0.000000000000000000e+00 1.725393280182232411e+04 0.000000000000000000e+00 -4.752288937927106645e+02
1.725292014006662711e-01 6.983260520156905113e+04 0.000000000000000000e+00 2.694870237663579246e+04 0.000000000000000000e+00 6.217931634637571733e+03 3.817200329630484339e+04 0.000000000000000000e+00 1.640849602795266765e+04 0.000000000000000000e+00 2.495647954642845434e+03
1.775301965061671094e-01 6.696507218576475861e+04 0.000000000000000000e+00 2.275447955577990797e+04 0.000000000000000000e+00 1.143410398788490738e+03 3.656403028773346887e+04 0.000000000000000000e+00 1.431273195355880853e+04 0.000000000000000000e+00 1.942331776880363350e+03
1.825147654490652804e-01 6.372047906880558003e+04 0.000000000000000000e+00 2.337474785074891406e+04 0.000000000000000000e+00 2.967097875860439217e+03 3.606608455198085721e+04 0.000000000000000000e+00 1.355691642293716177e+04 0.000000000000000000e+00 5.470597063428757565e+02
1.875360723572403465e-01 6.161205631284916308e+04 0.000000000000000000e+00 2.015058949720670353e+04 0.000000000000000000e+00 2.648858324022346551e+03 3.499271150837988534e+04 0.000000000000000000e+00 1.252678435754189923e+04 0.000000000000000000e+00 6.259478212290503052e+02
1.925323683450522461e-01 6.000222426903716405e+04 0.000000000000000000e+00 1.891918346363928504e+04 0.000000000000000000e+00 3.133297204669594066e+03 3.422813837421013159e+04 0.000000000000000000e+00 1.229276384277605212e+04 0.000000000000000000e+00 1.231808932205205025e+02
1.975198663583639380e-01 5.791282053876311693e+04 0.000000000000000000e+00 1.899403768812444468e+04 0.000000000000000000e+00 1.960145896041482047e+03 3.370628030858732382e+04 0.000000000000000000e+00 1.106433408372328267e+04 0.000000000000000000e+00 4.006958138358416477e+02
2.025153694923672032e-01 5.477076522242594365e+04 0.000000000000000000e+00 1.651564064460098598e+04 0.000000000000000000e+00 -8.709919907362733511e+02 3.267991739843674804e+04 0.000000000000000000e+00 1.024282312071793967e+04 0.000000000000000000e+00 -2.937662115217601126e+02
2.075088499274508613e-01 5.327778039341409749e+04 0.000000000000000000e+00 1.485250662941675000e+04 0.000000000000000000e+00 2.101041196271954959e+03 3.200348219560787038e+04 0.000000000000000000e+00 8.985051730060225964e+03 0.000000000000000000e+00 -2.825704504339462915e+02
2.125178062418619784e-01 5.144550462558911386e+04 0.000000000000000000e+00 1.517258858439518372e+04 0.000000000000000000e+00 6.398134054808867859e+02 3.117692023040670392e+04 0.000000000000000000e+00 8.972316983766801059e+03 0.000000000000000000e+00 -8.284269506021993266e+02
2.175004174234404231e-01 4.899325241982997977e+04 0.000000000000000000e+00 1.372422523356619786e+04 0.000000000000000000e+00 1.432566450635468527e+03 3.072062755660297989e+04 0.000000000000000000e+00 8.274444238700445567e+03 0.000000000000000000e+00 -1.231952697584378484e+03
2.225093171556767890e-01 4.838717219912925066e+04 0.000000000000000000e+00 1.385477890506491167e+04 0.000000000000000000e+00 2.033399814818463028e+03 2.986166293020232115e+04 0.000000000000000000e+00 7.533605405724867524e+03 0.000000000000000000e+00 9.916817044581470952e+01
2.275289586476768322e-01 4.647566753405785857e+04 0.000000000000000000e+00 1.323058686667687107e+04 0.000000000000000000e+00 1.845261748048370009e+03 2.916575906934027444e+04 0.000000000000000000e+00 7.010826878922393917e+03 0.000000000000000000e+00 -3.648583346089086490e+02
2.325285406108919262e-01 4.495354970621941902e+04 0.000000000000000000e+00 1.132774620268131730e+04 0.000000000000000000e+00 1.249054190238844512e+03 2.883034857111673045e+04 0.000000000000000000e+00 6.698279373510632468e+03 0.000000000000000000e+00 2.842769404980627002e+01
2.375276552426477672e-01 4.322798720337493432e+04 0.000000000000000000e+00 1.077778449639655446e+04 0.000000000000000000e+00 1.290105396378977048e+03 2.801072666549481437e+04 0.000000000000000000e+00 6.083813675514150418e+03 0.000000000000000000e+00 1.445167516259448064e+02
2.424991024241769377e-01 4.210022926409265347e+04 0.000000000000000000e+00 1.006251839346310408e+04 0.000000000000000000e+00 9.806867117991660052e+02 2.783112602772103492e+04 0.000000000000000000e+00 5.571807607245960753e+03 0.000000000000000000e+00 -3.854810325325410076e+02
2.474998551644826128e-01 4.108170861351264466e+04 0.000000000000000000e+00 8.705248030739672686e+03 0.000000000000000000e+00 2.120221709894332434e+03 2.728680678834454011e+04 0.000000000000000000e+00 5.878784758245276862e+03 0.000000000000000000e+00 -4.151733269292346904e+02
2.525200307756395035e-01 3.990943000309310446e+04 0.000000000000000000e+00 8.753139251469223382e+03 0.000000000000000000e+00 1.597973399319517512e+03 2.695421070213424173e+04 0.000000000000000000e+00 5.504026724404578090e+03 0.000000000000000000e+00 -6.790029075162387926e+02
2.575182250600202005e-01 3.847218585798375716e+04 0.000000000000000000e+00 7.679739631920125248e+03 0.000000000000000000e+00 1.379131331495417498e+03 2.639334058564935549e+04 0.000000000000000000e+00 4.868100558825721237e+03 0.000000000000000000e+00 -8.927711496907830906e+02
2.625255687975799335e-01 3.764323569350145408e+04 0.000000000000000000e+00 6.976934786329662529e+03 0.000000000000000000e+00 3.687114166714212047e+02 2.610407987676156699e+04 0.000000000000000000e+00 5.146290865521766136e+03 0.000000000000000000e+00 -1.522364780053631534e+02
2.675305520911575030e-01 3.663526457795390888e+04 0.000000000000000000e+00 6.035327874511536720e+03 0.000000000000000000e+00 4.384312285110672178e+02 2.571138780188066812e+04 0.000000000000000000e+00 4.856883832037668071e+03 0.000000000000000000e+00 -7.008547244583752445e+01
2.725404586615198799e-01 3.562021261966467137e+04 0.000000000000000000e+00 5.583152906330988117e+03 0.000000000000000000e+00 1.215708785106045298e+03 2.527125826413497634e+04 0.000000000000000000e+00 4.231976305072194918e+03 0.000000000000000000e+00 -5.340674882318717209e+02
2.775333197047151201e-01 3.487339767880683212e+04 0.000000000000000000e+00 5.286271874273011235e+03 0.000000000000000000e+00 -2.079462868663892152e+02 2.496683061493525020e+04 0.000000000000000000e+00 4.037684183317393490e+03 0.000000000000000000e+00 -1.037725334091555169e+03
2.825123907298719983e-01 3.371310210584820743e+04 0.000000000000000000e+00 5.589314098684617420e+03 0.000000000000000000e+00 8.170677206200210776e+02 2.464078018897054426e+04 0.000000000000000000e+00 3.729343197678009346e+03 0.000000000000000000e+00 -7.930681158525288765e+02
2.875104651677040102e-01 3.295302815552576067e+04 0.000000000000000000e+00 4.988216050565025398e+03 0.000000000000000000e+00 1.864320628232139370e+03 2.435008006129094065e+04 0.000000000000000000e+00 3.570998276192300182e+03 0.000000000000000000e+00 -6.511088871863627219e+02
2.924971317655564174e-01 3.243384082581002804e+04 0.000000000000000000e+00 3.971013235617103419e+03 0.000000000000000000e+00 -6.146287669491034933e+01 2.395246811314429578e+04 0.000000000000000000e+00 3.227932908714699806e+03 0.000000000000000000e+00 -7.229400409205977667e+02
2.975058823671092867e-01 3.142110434242074189e+04 0.000000000000000000e+00 3.845803392238699871e+03 0.000000000000000000e+00 4.608965011988278206e+02 2.358822271556700071e+04 0.000000000000000000e+00 3.332943433087647463e+03 0.000000000000000000e+00 -5.870031968741674291e+02
3.025121359101998753e-01 3.077495516838874028e+04 0.000000000000000000e+00 3.772073840300894972e+03 0.000000000000000000e+00 5.086809476460161363e+02 2.329896052916000190e+04 0.000000000000000000e+00 3.080567550041070263e+03 0.000000000000000000e+00 -1.233394232847693502e+03
3.075010376196579687e-01 3.025418889063071765e+04 0.000000000000000000e+00 3.350457354862308875e+03 0.000000000000000000e+00 2.611916810367351331e+02 2.307876185400010581e+04 0.000000000000000000e+00 2.592770361080629300e+03 0.000000000000000000e+00 -8.751138004911950929e+02
3.125134169243361515e-01 2.922883474763724007e+04 0.000000000000000000e+00 2.310128131912326808e+03 0.000000000000000000e+00 6.000161270862658967e+02 2.286339963804544459e+04 0.000000000000000000e+00 3.089482565855620578e+03 0.000000000000000000e+00 -9.645204906495073374e+02
3.175159688234982513e-01 2.879579121926299922e+04 0.000000000000000000e+00 2.373076126573076181e+03 0.000000000000000000e+00 3.427997367154267181e+02 2.266607114577909670e+04 0.000000000000000000e+00 2.803926633985322951e+03 0.000000000000000000e+00 -1.109038952363175440e+03
3.225221380836135188e-01 2.840539414763073728e+04 0.000000000000000000e+00 2.415792335284123055e+03 0.000000000000000000e+00 6.468720407777988157e+02 2.235496197847838630e+04 0.000000000000000000e+00 2.613370889182556311e+03 0.000000000000000000e+00 -7.372852558051728238e+02
3.275181733526948968e-01 2.778286205109218645e+04 0.000000000000000000e+00 2.011714328026656858e+03 0.000000000000000000e+00 2.388058867086264456e+02 2.202505620140688552e+04 0.000000000000000000e+00 2.331376675305442404e+03 0.000000000000000000e+00 -1.048854720473898624e+03
3.325123842131759710e-01 2.730363414786020076e+04 0.000000000000000000e+00 1.489601892952133539e+03 0.000000000000000000e+00 -1.463784303085832335e+02 2.188934926212227947e+04 0.000000000000000000e+00 2.390872270208242753e+03 0.000000000000000000e+00 -8.356373146410240906e+02
3.374959366892091861e-01 2.675645307080545172e+04 0.000000000000000000e+00 1.361818729635987893e+03 0.000000000000000000e+00 1.431711014959885233e+02 2.166373653785516581e+04 0.000000000000000000e+00 2.102345093367900972e+03 0.000000000000000000e+00 -1.145060925620992975e+03
3.424919221947719805e-01 2.628776011134354121e+04 0.000000000000000000e+00 1.357717524106376459e+03 0.000000000000000000e+00 6.750422122027853220e+02 2.142146870129762101e+04 0.000000000000000000e+00 2.008412237788464154e+03 0.000000000000000000e+00 -1.001243047279333950e+03
3.475179778446125245e-01 2.574149756591629193e+04 0.000000000000000000e+00 1.216619074068023565e+03 0.000000000000000000e+00 5.906178978665011527e+02 2.121323880158133761e+04 0.000000000000000000e+00 1.764392459241350025e+03 0.000000000000000000e+00 -7.468066782108667212e+02
3.525052850529177828e-01 2.540276391505668289e+04 0.000000000000000000e+00 1.140328660386396223e+03 0.000000000000000000e+00 3.547568896694874638e+02 2.094386153600510806e+04 0.000000000000000000e+00 1.920032827718345743e+03 0.000000000000000000e+00 -1.036400766405875856e+03
3.575133254796376558e-01 2.497362595519311071e+04 0.000000000000000000e+00 1.034141594683876065e+03 0.000000000000000000e+00 8.792028879980991860e+02 2.074057566815614337e+04 0.000000000000000000e+00 1.985942500632324482e+03 0.000000000000000000e+00 -6.161916134619954164e+02
3.625250227669692404e-01 2.432014070170154810e+04 0.000000000000000000e+00 8.398859810269536865e+02 0.000000000000000000e+00 -6.468592832404758042e+01 2.052034862219545175e+04 0.000000000000000000e+00 1.593949706369522573e+03 0.000000000000000000e+00 -7.624907092305375045e+02
3.675230446100045678e-01 2.421149828313977559e+04 0.000000000000000000e+00 7.012309195226326892e+02 0.000000000000000000e+00 9.604282308684906866e+01 2.037742008762912883e+04 0.000000000000000000e+00 1.844653529587588991e+03 0.000000000000000000e+00 -6.466615051505806377e+02
3.725177060730277545e-01 2.374712516438904640e+04 0.000000000000000000e+00 3.728209160043456336e+02 0.000000000000000000e+00 2.442309737549316822e+02 2.022059488821545165e+04 0.000000000000000000e+00 1.700728915318200052e+03 0.000000000000000000e+00 -5.974550860540912254e+02
3.775163034622419089e-01 2.349001813530454092e+04 0.000000000000000000e+00 1.274221940270719386e+02 0.000000000000000000e+00 7.359953110239206353e+02 2.009621624454389530e+04 0.000000000000000000e+00 1.465922204370401460e+03 0.000000000000000000e+00 -9.016125388736803643e+02
3.825226892977953153e-01 2.321261837837837811e+04 0.000000000000000000e+00 3.853266216216215980e+02 0.000000000000000000e+00 1.190193513513513608e+03 1.990879827027026840e+04 0.000000000000000000e+00 1.285390054054053962e+03 0.000000000000000000e+00 -4.910728648648648687e+02
3.875130067694269043e-01 2.287450031612223393e+04 0.000000000000000000e+00 5.270480505795574118e+02 0.000000000000000000e+00 9.082706006322445091e+02 1.965403751317175920e+04 0.000000000000000000e+00 1.405102318229715593e+03 0.000000000000000000e+00 -7.440100105374078794e+02
3.924957861003909865e-01 2.258135358671515496e+04 0.000000000000000000e+00 3.587656486338622219e+00 0.000000000000000000e+00 8.451997296688443839e+02 1.963124296978084021e+04 0.000000000000000000e+00 1.252897679657580511e+03 0.000000000000000000e+00 -3.166028642229588854e+02
3.975064703251052212e-01 2.247855255560374280e+04 0.000000000000000000e+00 -9.848101108977139972e+00 0.000000000000000000e+00 9.176721144910477506e+02 1.938460992503562375e+04 0.000000000000000000e+00 1.181665869524812706e+03 0.000000000000000000e+00 -2.086953968155628729e+02
