3.798113400606732779e-03 2.031332730263157646e+04 0.000000000000000000e+00 1.627608717105262986e+04 0.000000000000000000e+00 -1.466297697368421041e+03
8.299341265228576958e-03 4.080582421875000000e+04 0.000000000000000000e+00 3.161067578125000000e+04 0.000000000000000000e+00 3.620432421875000000e+04
1.293222767532251419e-02 4.512599363057324808e+04 0.000000000000000000e+00 2.679975159235668980e+04 0.000000000000000000e+00 5.759624203821656010e+03
1.764839556552980082e-02 4.952343493150684662e+04 0.000000000000000000e+00 2.927488013698629948e+04 0.000000000000000000e+00 9.756593321917807771e+03
2.256548662787912635e-02 4.260685444234404713e+04 0.000000000000000000e+00 1.947539319470699411e+04 0.000000000000000000e+00 -1.110246880907372361e+04
2.777643688250242340e-02 4.139493658536585281e+04 0.000000000000000000e+00 2.639956341463414719e+04 0.000000000000000000e+00 1.334879512195121970e+04
3.269804980233311648e-02 3.507706799999999930e+04 0.000000000000000000e+00 1.923981200000000172e+04 0.000000000000000000e+00 -9.398327500000000327e+02
3.761648458559932462e-02 3.163077545515846214e+04 0.000000000000000000e+00 1.407949831422791613e+04 0.000000000000000000e+00 1.218336480107889429e+03
4.263843696389812976e-02 2.702341517857142753e+04 0.000000000000000000e+00 1.294250446428571377e+04 0.000000000000000000e+00 -1.659702148437500000e+02
4.756514582339458480e-02 2.514907806367204466e+04 0.000000000000000000e+00 1.301275185346707440e+04 0.000000000000000000e+00 -2.521719145224596559e+03
5.262096060748640974e-02 2.445019101123595465e+04 0.000000000000000000e+00 1.161020505617977506e+04 0.000000000000000000e+00 2.047475948033707709e+03
5.756031740041873956e-02 2.230145792079207968e+04 0.000000000000000000e+00 1.019712438118811951e+04 0.000000000000000000e+00 -1.808174504950495134e+02
6.254738279606215923e-02 2.105895707628157834e+04 0.000000000000000000e+00 1.021849300956585648e+04 0.000000000000000000e+00 -4.339017353446160996e+02
6.757793472572401483e-02 2.027736203866432334e+04 0.000000000000000000e+00 9.712224956063268110e+03 0.000000000000000000e+00 -2.643042893233743484e+02
7.255917516659465827e-02 1.880752836153989119e+04 0.000000000000000000e+00 7.993456574297935731e+03 0.000000000000000000e+00 -1.363766621722149921e+02
7.753384299139773339e-02 1.738051556745899143e+04 0.000000000000000000e+00 7.519089387345163232e+03 0.000000000000000000e+00 2.020992132574489460e+03
8.251793356505521260e-02 1.590960435779816544e+04 0.000000000000000000e+00 7.167743692660550550e+03 0.000000000000000000e+00 2.346454988532110235e+02
8.752751931716111489e-02 1.497347259297654637e+04 0.000000000000000000e+00 6.753076065828689934e+03 0.000000000000000000e+00 3.861424776467539459e+02
9.254701955136974967e-02 1.355311212397447525e+04 0.000000000000000000e+00 5.606787146763901546e+03 0.000000000000000000e+00 2.179517576344576071e+02
9.754963178921903511e-02 1.255438500994452079e+04 0.000000000000000000e+00 5.503471579608500178e+03 0.000000000000000000e+00 -2.912245629645137797e+02
1.025319613041059119e-01 1.158808405253283308e+04 0.000000000000000000e+00 5.337011257035646850e+03 0.000000000000000000e+00 8.417487804878048792e+02
1.075116003998943526e-01 1.091247208821502318e+04 0.000000000000000000e+00 4.523788766368022152e+03 0.000000000000000000e+00 -9.439639042039972310e+02
1.125102861506304813e-01 1.029524000927572160e+04 0.000000000000000000e+00 4.215844786271933117e+03 0.000000000000000000e+00 3.106161977274484229e+02
1.175500852175193622e-01 1.007119442469065689e+04 0.000000000000000000e+00 4.187634760347034899e+03 0.000000000000000000e+00 5.622163988052908508e+02
1.225369446564099490e-01 9.772893214167494079e+03 0.000000000000000000e+00 3.978852565375703762e+03 0.000000000000000000e+00 1.979399867593512283e+02
1.275260957852891452e-01 9.449089497938393833e+03 0.000000000000000000e+00 4.047657045840407136e+03 0.000000000000000000e+00 4.746911836041717265e+02
1.325302087090364789e-01 9.100879187475449726e+03 0.000000000000000000e+00 3.486789966892991288e+03 0.000000000000000000e+00 -1.790045311710902922e+02
1.375062694904859717e-01 8.763640126715945371e+03 0.000000000000000000e+00 3.596778035902851116e+03 0.000000000000000000e+00 6.040314149947201940e+02
1.425134422753508989e-01 8.329965828373968179e+03 0.000000000000000000e+00 3.306722979458629197e+03 0.000000000000000000e+00 1.905568487233634016e+02
1.475259222195813014e-01 7.907388218142056758e+03 0.000000000000000000e+00 2.931814661260194043e+03 0.000000000000000000e+00 -4.367132329491092690e+01
1.525299430011916868e-01 7.613972269191747728e+03 0.000000000000000000e+00 3.171299289820763988e+03 0.000000000000000000e+00 4.700837842407845528e+02
1.574945685492469272e-01 7.160598212480284019e+03 0.000000000000000000e+00 2.695524406519189142e+03 0.000000000000000000e+00 3.855213936183119472e+01
1.625189323163163113e-01 6.911396204379562732e+03 0.000000000000000000e+00 2.792431240875912863e+03 0.000000000000000000e+00 2.095564233576642437e+02
1.675461007718098694e-01 6.681727220956719066e+03 0.000000000000000000e+00 2.396814350797266343e+03 0.000000000000000000e+00 5.886115906178815038e+01
1.725292014006662711e-01 6.440801925042028415e+03 0.000000000000000000e+00 2.373777499423146764e+03 0.000000000000000000e+00 1.000838579951874010e+02
1.775301965061671094e-01 6.280189298334174964e+03 0.000000000000000000e+00 2.298427309439676719e+03 0.000000000000000000e+00 2.271597993437657692e+02
1.825147654490652804e-01 6.144137079381961485e+03 0.000000000000000000e+00 2.329699547992555381e+03 0.000000000000000000e+00 1.388661408017962060e+02
1.875360723572403465e-01 5.939089162011173357e+03 0.000000000000000000e+00 2.168037988826815763e+03 0.000000000000000000e+00 8.587620810055865661e+01
1.925323683450522461e-01 5.812469101424439941e+03 0.000000000000000000e+00 2.166950412338009755e+03 0.000000000000000000e+00 2.319080004284031133e+02
1.975198663583639380e-01 5.656706007335272261e+03 0.000000000000000000e+00 2.004793727077273161e+03 0.000000000000000000e+00 2.876263563930693863e+02
2.025153694923672032e-01 5.509552832191450761e+03 0.000000000000000000e+00 1.978031458071987117e+03 0.000000000000000000e+00 2.357414600019299655e+02
2.075088499274508613e-01 5.402791362293618477e+03 0.000000000000000000e+00 1.938373308296503410e+03 0.000000000000000000e+00 1.706265657560282989e+02
2.125178062418619784e-01 5.193860359574096947e+03 0.000000000000000000e+00 1.858673241403386328e+03 0.000000000000000000e+00 2.570052146971548268e+02
2.175004174234404231e-01 5.027123642791010752e+03 0.000000000000000000e+00 1.682455685548354495e+03 0.000000000000000000e+00 1.869019653227842923e+02
2.225093171556767890e-01 4.892724729615256365e+03 0.000000000000000000e+00 1.755891491499379526e+03 0.000000000000000000e+00 1.463345087764228367e+02
2.275289586476768322e-01 4.787274452778203340e+03 0.000000000000000000e+00 1.546795652839430659e+03 0.000000000000000000e+00 1.425928459360171452e+01
2.325285406108919262e-01 4.652139777709057853e+03 0.000000000000000000e+00 1.492692048823968207e+03 0.000000000000000000e+00 3.700797579038800911e-01
2.375276552426477672e-01 4.546694603621022907e+03 0.000000000000000000e+00 1.558399437510986218e+03 0.000000000000000000e+00 1.652519247670944083e+02
2.424991024241769377e-01 4.475633785221076323e+03 0.000000000000000000e+00 1.442323569631793134e+03 0.000000000000000000e+00 1.546477301504229160e+02
2.474998551644826128e-01 4.396930643611911364e+03 0.000000000000000000e+00 1.393322446365674068e+03 0.000000000000000000e+00 7.567176593019532049e+01
2.525200307756395035e-01 4.312941787813177143e+03 0.000000000000000000e+00 1.333366656356325393e+03 0.000000000000000000e+00 5.794264614908753686e+01
2.575182250600202005e-01 4.192824975784218623e+03 0.000000000000000000e+00 1.215872796363907355e+03 0.000000000000000000e+00 -3.466608672975188199e+01
2.625255687975799335e-01 4.122593027899812114e+03 0.000000000000000000e+00 1.220188737376618974e+03 0.000000000000000000e+00 6.557066953842642931e+01
2.675305520911575030e-01 4.033552698802833220e+03 0.000000000000000000e+00 1.182880877093660501e+03 0.000000000000000000e+00 5.824133193410750664e+01
2.725404586615198799e-01 3.978548474110117695e+03 0.000000000000000000e+00 1.148765325011900359e+03 0.000000000000000000e+00 7.652297429523456174e+01
2.775333197047151201e-01 3.908645694936283235e+03 0.000000000000000000e+00 1.111589939773050446e+03 0.000000000000000000e+00 6.917382454054333607e+01
2.825123907298719983e-01 3.795700364354968315e+03 0.000000000000000000e+00 1.117614080158092975e+03 0.000000000000000000e+00 5.819720249490520558e+01
2.875104651677040102e-01 3.723803102853859400e+03 0.000000000000000000e+00 1.033375502777245629e+03 0.000000000000000000e+00 8.756573213943688927e+01
2.924971317655564174e-01 3.677030413020610467e+03 0.000000000000000000e+00 9.901241258134990630e+02 0.000000000000000000e+00 -2.676926389161821263e+01
2.975058823671092867e-01 3.597533789183908993e+03 0.000000000000000000e+00 9.500614510256638141e+02 0.000000000000000000e+00 6.999536009235414724e+01
3.025121359101998753e-01 3.552036660758289599e+03 0.000000000000000000e+00 9.306711339760494184e+02 0.000000000000000000e+00 -1.318642595434697995e+01
3.075010376196579687e-01 3.491338955949208412e+03 0.000000000000000000e+00 8.956500182891780923e+02 0.000000000000000000e+00 6.607673616554319551e+01
3.125134169243361515e-01 3.420266237683490999e+03 0.000000000000000000e+00 8.515114417856425462e+02 0.000000000000000000e+00 -1.775591820832495671e+01
3.175159688234982513e-01 3.378535548329420180e+03 0.000000000000000000e+00 8.548733778035385740e+02 0.000000000000000000e+00 -1.470751589040288465e+01
3.225221380836135188e-01 3.335314932980933008e+03 0.000000000000000000e+00 8.233334340192562877e+02 0.000000000000000000e+00 8.878295261468755939e+01
3.275181733526948968e-01 3.286239763050722104e+03 0.000000000000000000e+00 7.995232136245834909e+02 0.000000000000000000e+00 -6.043554701962236209e+01
3.325123842131759710e-01 3.229622281327557175e+03 0.000000000000000000e+00 7.976237757634521586e+02 0.000000000000000000e+00 4.072854639422862988e+01
3.374959366892091861e-01 3.207154959184388645e+03 0.000000000000000000e+00 7.959819220124023786e+02 0.000000000000000000e+00 1.290442490277826515e+01
3.424919221947719805e-01 3.167548491945095066e+03 0.000000000000000000e+00 7.286860628890982525e+02 0.000000000000000000e+00 -6.948304844610755993e+01
3.475179778446125245e-01 3.091523638383376237e+03 0.000000000000000000e+00 6.728505897343744664e+02 0.000000000000000000e+00 6.947975289557943857e-01
3.525052850529177828e-01 3.068892735110969170e+03 0.000000000000000000e+00 6.589244132205013784e+02 0.000000000000000000e+00 -2.421131446591090608e+01
3.575133254796376558e-01 3.020956871641973976e+03 0.000000000000000000e+00 6.868019406611431350e+02 0.000000000000000000e+00 4.750364448804715067e+01
3.625250227669692404e-01 2.988763379009184973e+03 0.000000000000000000e+00 6.263104954073181716e+02 0.000000000000000000e+00 3.124302815840987790e+01
3.675230446100045678e-01 2.942779899248372658e+03 0.000000000000000000e+00 6.004347921177525222e+02 0.000000000000000000e+00 2.657438998607557323e+01
3.725177060730277545e-01 2.917419406484075807e+03 0.000000000000000000e+00 6.030683286637315632e+02 0.000000000000000000e+00 4.519525844816742222e+01
3.775163034622419089e-01 2.880719564752690985e+03 0.000000000000000000e+00 6.352585073885851443e+02 0.000000000000000000e+00 6.799987588004495365e+01
3.825226892977953153e-01 2.844842810810810988e+03 0.000000000000000000e+00 5.784868648648648559e+02 0.000000000000000000e+00 8.398600675675675120e+01
3.875130067694269043e-01 2.811787355110643148e+03 0.000000000000000000e+00 5.624682297154899970e+02 0.000000000000000000e+00 6.357473656480506463e+01
3.924957861003909865e-01 2.794225211598493843e+03 0.000000000000000000e+00 5.268971003765327623e+02 0.000000000000000000e+00 9.449343159656294233e+01
3.975064703251052212e-01 2.762059946719534310e+03 0.000000000000000000e+00 5.169654916052289764e+02 0.000000000000000000e+00 9.680960907007001026e+01
