3.798113400606732779e-03 1.027960526315789373e-02 2.533038888421052396e+08 -5.201480263157894773e-02 5.573180362105262280e+08 5.443050986842105227e-02 2.399806517894736826e+08 0.000000000000000000e+00 2.411115789473684132e+08 0.000000000000000000e+00 1.128486157473684072e+09
8.299341265228576958e-03 5.615234375000000000e-03 8.756727200000000000e+07 -1.721191406250000000e-02 3.753114000000000000e+07 1.376342773437500000e-02 2.326826240000000000e+08 0.000000000000000000e+00 2.191003200000000000e+07 0.000000000000000000e+00 6.567872800000000000e+07
1.293222767532251419e-02 -3.134952229299363229e-03 5.295642741401274502e+07 9.031648089171975119e-03 1.355635036942675151e+07 -1.386469944267515984e-02 1.513317160764331222e+08 0.000000000000000000e+00 9.868031021656051278e+07 0.000000000000000000e+00 -2.474588290445860103e+07
1.764839556552980082e-02 8.561643835616437881e-04 3.145464284931506589e+07 -2.996575342465753258e-03 1.083476164383561537e+07 1.038099315068493136e-02 1.196524642191780806e+08 0.000000000000000000e+00 9.553381347945204377e+07 0.000000000000000000e+00 9.585029961643834412e+07
2.256548662787912635e-02 6.793478260869565029e-04 2.098611538752362877e+07 -7.827268431001890283e-04 2.668093459357277956e+06 2.473712192816635469e-04 8.244175606805293262e+07 0.000000000000000000e+00 6.075802374291115254e+07 0.000000000000000000e+00 -7.082833784499054775e+06
2.777643688250242340e-02 -5.930830792682926676e-04 1.547008499512195028e+07 1.482707698170731723e-03 2.912103024390243925e+06 -2.763850514481707224e-03 6.853066552195121348e+07 0.000000000000000000e+00 6.562659652682926506e+07 0.000000000000000000e+00 1.971966376585365832e+07
3.269804980233311648e-02 9.140625000000000529e-04 9.986022400000000373e+06 -2.253906249999999833e-03 3.856904703999999911e+06 2.467773437500000132e-03 4.872474624000000209e+07 0.000000000000000000e+00 4.820489830399999768e+07 0.000000000000000000e+00 5.271066623999999836e+06
3.761648458559932462e-02 1.685772083614295324e-04 7.246970217127444223e+06 -5.268037761294672855e-04 1.980118052596088964e+06 5.847521915037087389e-04 3.800389774241402745e+07 0.000000000000000000e+00 3.224852611193526536e+07 0.000000000000000000e+00 1.196525149561699294e+07
4.263843696389812976e-02 2.817426409040178184e-04 4.680420285714285448e+06 -4.907335553850446274e-04 6.122422142857142026e+05 6.816727774483816345e-04 3.212732800000000000e+07 0.000000000000000000e+00 2.480485714285714179e+07 0.000000000000000000e+00 4.585065428571428172e+06
4.756514582339458480e-02 -4.769952027911034044e-05 3.029246771914522629e+06 1.465056694286960234e-04 -1.019175787178368919e+05 -1.541716637592673424e-04 2.458906504317488149e+07 0.000000000000000000e+00 1.543610914609681629e+07 0.000000000000000000e+00 -3.257214269515918102e+06
5.262096060748640974e-02 5.081691099016853470e-04 2.671520719101123512e+06 -9.302717916081459882e-04 3.228346741573033505e+05 1.075916075974367968e-03 2.271404871910112351e+07 0.000000000000000000e+00 1.761080952808988839e+07 0.000000000000000000e+00 3.644057528089887463e+06
5.756031740041873956e-02 1.474512685643564311e-04 2.064048000000000000e+06 -3.396213644801980504e-04 2.932108910891088890e+05 4.082103767017326835e-04 1.889195849504950643e+07 0.000000000000000000e+00 1.327578613861386105e+07 0.000000000000000000e+00 2.554406336633663625e+06
6.254738279606215923e-02 9.281775049055677410e-06 1.586117478538140655e+06 -2.454879794426048363e-04 -3.957193524650478139e+03 3.053479432065550440e-04 1.661036905175373890e+07 0.000000000000000000e+00 1.044772456610252522e+07 0.000000000000000000e+00 1.464111784155015834e+06
6.757793472572401483e-02 -1.885761066564147436e-04 1.348684372583479621e+06 3.684635531085236893e-04 2.126014200351493782e+05 -6.175652958177723370e-04 1.501588560984182730e+07 0.000000000000000000e+00 1.076856666432337277e+07 0.000000000000000000e+00 2.633180456942003220e+06
7.255917516659465827e-02 -1.685419378835781984e-04 1.075446811233029701e+06 3.312720848056537330e-04 2.368541089827041142e+05 -4.460549562953319662e-04 1.302940113818114251e+07 0.000000000000000000e+00 8.811184633810674772e+06 0.000000000000000000e+00 1.281477725125534693e+06
7.753384299139773339e-02 1.749115960830264439e-05 8.442225215935722226e+05 -8.557590705557415779e-05 8.838778707733511692e+04 -4.035635540467023683e-05 1.135469616337462328e+07 0.000000000000000000e+00 7.440092603950452060e+06 0.000000000000000000e+00 1.849150821560093900e+06
8.251793356505521260e-02 -3.475224206206995500e-05 6.768332477064220002e+05 2.638265627239822571e-04 2.761822477064220220e+04 -4.269442427048989407e-04 1.022670091743119247e+07 0.000000000000000000e+00 5.343127486238532700e+06 0.000000000000000000e+00 6.087862752293578815e+05
8.752751931716111489e-02 6.681676817416095098e-05 5.427651491512246430e+05 -1.799497051963198176e-04 8.070125489179733268e+04 2.597375315861085842e-04 9.119775581184398383e+06 0.000000000000000000e+00 4.926508717895555310e+06 0.000000000000000000e+00 6.442730802125178743e+05
9.254701955136974967e-02 -8.011907474931631156e-05 4.031850355515041156e+05 1.931759913400182328e-04 5.424681859617137525e+04 -3.255950176618049364e-04 8.110107070191430859e+06 0.000000000000000000e+00 4.415422191431175917e+06 0.000000000000000000e+00 1.079861206927985419e+06
9.754963178921903511e-02 1.635611849680728693e-05 3.290402328064482426e+05 3.761907254265675724e-05 6.484665173244007019e+04 -6.951350361143096778e-06 7.329218525698733516e+06 0.000000000000000000e+00 3.397541959175128024e+06 0.000000000000000000e+00 6.219272521720925579e+05
1.025319613041059119e-01 -5.423311444652908402e-05 2.918278003752345103e+05 9.160999061913695544e-05 2.422815759849906317e+04 -2.028245192307692420e-04 6.635569951219512150e+06 0.000000000000000000e+00 3.246662123827392235e+06 0.000000000000000000e+00 4.659987212007504422e+05
1.075116003998943526e-01 -2.019081667815299916e-05 2.384890530668504362e+05 1.682568056512749648e-05 2.787560027567194993e+04 -2.944494098897312053e-05 6.146093871812542900e+06 0.000000000000000000e+00 2.543148636802205350e+06 0.000000000000000000e+00 5.208908063404548739e+04
1.125102861506304813e-01 -1.147387338641107036e-05 1.971791667310814082e+05 1.096056852438741675e-04 1.864411594651000996e+04 1.532365985158846817e-05 5.716318963592796586e+06 0.000000000000000000e+00 2.427359666074051522e+06 0.000000000000000000e+00 6.023893910489294212e+05
1.175500852175193622e-01 1.500053335229697109e-05 1.751751454985066084e+05 -2.086185286587967662e-04 4.690590584554117959e+04 -1.659781236666192650e-05 5.363511307068696246e+06 0.000000000000000000e+00 2.241416574598208070e+06 0.000000000000000000e+00 4.226849825060446747e+05
1.225369446564099490e-01 7.111676597153260602e-07 1.362147781529295025e+05 -2.553738414432307418e-06 2.841639404170804482e+04 4.823817910046342448e-05 5.017100778814962134e+06 0.000000000000000000e+00 1.821500419728566892e+06 0.000000000000000000e+00 3.172015073154584970e+05
1.275260957852891452e-01 4.119836037927479663e-05 1.057685840407470241e+05 -1.565256426411290288e-04 1.196277952946883306e+04 2.384060885817744914e-04 4.739392388066940941e+06 0.000000000000000000e+00 1.730498654377880041e+06 0.000000000000000000e+00 2.684009119573126081e+05
1.325302087090364789e-01 -7.452584030076875336e-06 9.726269726726894442e+04 -1.994662196285281437e-05 3.096632512204702289e+04 -3.304344242747320610e-05 4.497433282531844452e+06 0.000000000000000000e+00 1.458508695134953130e+06 0.000000000000000000e+00 5.584310465181527252e+04
1.375062694904859717e-01 6.424481916578669307e-05 7.243972798310454527e+04 -8.533320683738119779e-05 2.659759915522703159e+04 1.279869200435586091e-04 4.194506421119323932e+06 0.000000000000000000e+00 1.337777929461457301e+06 0.000000000000000000e+00 3.748582048574445653e+05
1.425134422753508989e-01 -1.659162627183720292e-05 6.245716260318679269e+04 3.810449762430408806e-05 1.616680207333461294e+04 -3.246850028196390797e-05 3.966018641581877600e+06 0.000000000000000000e+00 1.180585306968708057e+06 0.000000000000000000e+00 1.454799124592052249e+05
1.475259222195813014e-01 1.672912205567451914e-05 5.089717144289033604e+04 -8.097606952480750661e-05 3.318410642853888567e+04 7.852899050070618540e-05 3.710649424757392146e+06 0.000000000000000000e+00 1.185225998450954445e+06 0.000000000000000000e+00 3.465451554057132453e+05
1.525299430011916868e-01 -2.249858651082177911e-05 4.405070003381805873e+04 3.570876574653364711e-06 2.390987081501521607e+04 -4.220549061284663360e-05 3.489930518769022543e+06 0.000000000000000000e+00 1.042418061548867030e+06 0.000000000000000000e+00 1.887081230977341766e+05
1.574945685492469272e-01 6.634953694342216508e-06 3.579230088567153143e+04 -1.974688599506612183e-05 1.625699906984268091e+04 1.382282019654628545e-06 3.294523105593075976e+06 0.000000000000000000e+00 8.689784012617785484e+05 0.000000000000000000e+00 1.181121721195454302e+04
1.625189323163163113e-01 9.667612340328468222e-06 2.724409226277372363e+04 -5.318077811359489461e-05 1.936975065693430952e+04 3.553293047160128245e-05 3.214854727007299662e+06 0.000000000000000000e+00 8.110083737226277590e+05 0.000000000000000000e+00 3.712313553284672089e+05
1.675461007718098694e-01 1.223483769931662833e-05 2.461415717539863181e+04 -1.223483769931662833e-05 1.787296241457858559e+04 7.035900628648205854e-05 3.031483189066058956e+06 0.000000000000000000e+00 7.304260956719816895e+05 0.000000000000000000e+00 1.103142687927107036e+05
1.725292014006662711e-01 1.570895276395161243e-05 1.505745617562712323e+04 -6.940266835876982867e-05 1.804268793882058526e+04 3.054876264956983209e-05 2.904162967201767024e+06 0.000000000000000000e+00 7.399471863401128212e+05 0.000000000000000000e+00 2.880168348880904960e+05
1.775301965061671094e-01 -1.725375441696113136e-05 1.165260878344270532e+04 2.834545368500757199e-05 1.581390307925290290e+04 -4.960454394876325098e-05 2.768235129732458387e+06 0.000000000000000000e+00 5.512503826350327581e+05 0.000000000000000000e+00 9.974616456335183466e+04
1.825147654490652804e-01 -2.769653460958964710e-05 7.235628349434252414e+03 6.266340955419657957e-05 1.930777842772312215e+04 -1.025060286123666915e-04 2.674779119028626941e+06 0.000000000000000000e+00 5.679116282312623225e+05 0.000000000000000000e+00 9.102202558421224239e+04
1.875360723572403465e-01 -1.756721368715083911e-05 5.202038882681564246e+03 1.511216829608938580e-05 1.651876469273742987e+04 -4.554109200418994150e-05 2.574817451620111708e+06 0.000000000000000000e+00 4.892401984357542242e+05 0.000000000000000000e+00 1.119642315083798894e+05
1.925323683450522461e-01 3.033127610581556955e-06 3.300889793295491017e+03 1.621154412552211534e-06 2.250450808610902823e+04 2.362440341517617917e-05 2.498199401092427783e+06 0.000000000000000000e+00 4.647773905965513550e+05 0.000000000000000000e+00 1.586388570204562566e+05
1.975198663583639380e-01 9.880485645630453412e-07 -1.097144302516757307e+03 -2.366376312128493751e-05 1.296973881370937124e+04 2.733189341722524061e-05 2.409271862198051997e+06 0.000000000000000000e+00 4.072683829518147977e+05 0.000000000000000000e+00 1.790715305425572151e+05
2.025153694923672032e-01 -8.622548369198109619e-06 -1.543575412525330648e+03 1.298094030444851938e-05 1.700957174563350418e+04 -3.840685649968638522e-05 2.325630777188072912e+06 0.000000000000000000e+00 3.913920092637267662e+05 0.000000000000000000e+00 6.203326141078838555e+04
2.075088499274508613e-01 -5.545982275756257381e-06 -3.962589846344088528e+03 -4.928768119260802850e-05 1.051709029288511374e+04 -2.144595565504133343e-05 2.228001889853213914e+06 0.000000000000000000e+00 2.757590799880922423e+05 0.000000000000000000e+00 1.042717211752043804e+05
2.125178062418619784e-01 5.539933888985861858e-06 -7.019370221679176211e+03 -4.717466780851806493e-05 1.625120195496596352e+04 4.156015788641124266e-05 2.153845029848141130e+06 0.000000000000000000e+00 2.639083400244371151e+05 0.000000000000000000e+00 2.065846493279804708e+05
2.175004174234404231e-01 1.378826356156889193e-05 -3.961406615604747003e+03 -4.551565393274977285e-06 1.467556872317145098e+04 1.998630379518769390e-05 2.092466646241898881e+06 0.000000000000000000e+00 2.370706519653227879e+05 0.000000000000000000e+00 8.257793249726454087e+04
2.225093171556767890e-01 1.485808841002442947e-05 -6.689833218415713418e+03 -4.561013503384734306e-05 1.102365800516144373e+04 3.664066285163253175e-05 2.025938681428655982e+06 0.000000000000000000e+00 1.876912861448750191e+05 0.000000000000000000e+00 1.710247839089064510e+05
2.275289586476768322e-01 -7.175110975049747755e-06 -4.232357569263737787e+03 9.753666481708250154e-06 2.031655166079902119e+04 -2.820528650218123406e-05 1.963674469921934884e+06 0.000000000000000000e+00 2.004349119853053708e+05 0.000000000000000000e+00 1.394772190417878446e+05
2.325285406108919262e-01 -4.014754970621941568e-06 -7.378939915958743768e+03 -2.185021510559729257e-06 1.132994306295818024e+04 -1.624998720963018143e-05 1.924935514961890411e+06 0.000000000000000000e+00 1.479222978553108114e+05 0.000000000000000000e+00 1.005617902606734278e+05
2.375276552426477672e-01 1.244520675865705831e-06 -6.399000457022323644e+03 4.441651377658639569e-06 1.487431211109157994e+04 -3.524353810533485948e-06 1.848704148497099755e+06 0.000000000000000000e+00 1.204212840217964549e+05 0.000000000000000000e+00 1.534788623659694276e+05
2.424991024241769377e-01 1.022181469788800178e-05 -7.177393682575591811e+03 -3.808450314858271733e-05 1.101511279185589046e+04 1.514312387098407980e-05 1.815149871726908954e+06 0.000000000000000000e+00 1.177447436395252735e+05 0.000000000000000000e+00 6.859551830905070528e+04
2.474998551644826128e-01 1.639721296629843017e-06 -5.969109702209413626e+03 -1.060346590567963518e-05 1.090166839577329483e+04 4.658499017496197498e-06 1.770252640153698390e+06 0.000000000000000000e+00 9.438574908741594118e+04 0.000000000000000000e+00 1.270095677233429451e+05
2.525200307756395035e-01 -6.592476511753789878e-06 -7.422022394061244086e+03 2.907335002319826844e-07 1.168127386328487592e+04 1.466221902306294563e-05 1.720317339437055402e+06 0.000000000000000000e+00 7.335981292916796519e+04 0.000000000000000000e+00 9.165887188369935029e+04
2.575182250600202005e-01 1.390151744467625329e-05 -6.607893420758512548e+03 -1.694122375847552313e-05 1.151372636912301641e+04 3.926287321990723511e-05 1.690612601028239354e+06 0.000000000000000000e+00 3.982163260561806237e+04 0.000000000000000000e+00 1.251316250055882556e+05
2.625255687975799335e-01 -8.180041195370001003e-06 -7.031104923831801898e+03 7.105736083078963931e-06 1.119128019626861351e+04 -2.503766440594332911e-05 1.632105616249215556e+06 0.000000000000000000e+00 4.625896046100302192e+04 0.000000000000000000e+00 1.041543529411764757e+05
2.675305520911575030e-01 -3.674531990030515984e-06 -9.009788873393075846e+03 1.428347893739384899e-05 1.046041606716283968e+04 -3.860871215488255752e-05 1.591878973446928198e+06 0.000000000000000000e+00 4.575490711257784278e+04 0.000000000000000000e+00 6.263117891219397279e+04
2.725404586615198799e-01 5.165084360289839473e-08 -6.621321626910667874e+03 5.939847014333315030e-07 1.083992679959803172e+04 -6.876018554635849072e-06 1.573588225313375937e+06 0.000000000000000000e+00 2.375913936637224106e+04 0.000000000000000000e+00 8.248999841328608454e+04
2.775333197047151201e-01 -3.407758097035179550e-06 -7.975589112621810273e+03 6.197071206089900984e-06 1.036327531212034955e+04 -1.692835388017938631e-05 1.545540110941659892e+06 0.000000000000000000e+00 6.592850311474138834e+03 0.000000000000000000e+00 9.205044547263938875e+04
2.825123907298719983e-01 5.041723275489409059e-06 -5.563533477428518381e+03 -1.206153893657753394e-08 1.078040694127091956e+04 8.295323403631199097e-06 1.503782467189526418e+06 0.000000000000000000e+00 -2.140801778546285732e+03 0.000000000000000000e+00 1.052852162786389235e+05
2.875104651677040102e-01 -1.803231727937655508e-05 -6.760005362957287616e+03 5.656068659769440351e-05 1.025069603524229024e+04 -5.747472342575356562e-05 1.483365890059375670e+06 0.000000000000000000e+00 -5.469275617697759117e+03 0.000000000000000000e+00 7.884563416969928949e+04
2.924971317655564174e-01 -2.748765663110196346e-06 -5.955138263070894027e+03 2.342377310453247460e-07 1.128724031025673503e+04 5.194856667731102569e-06 1.446949298130830284e+06 0.000000000000000000e+00 -4.774550624790484108e+03 0.000000000000000000e+00 4.808508229201585345e+04
2.975058823671092867e-01 1.018968952579699749e-06 -6.115334694964923074e+03 -2.926825714856584700e-07 9.323895213568954205e+03 1.414903431228354378e-05 1.419698752153449925e+06 0.000000000000000000e+00 -9.500727111268981389e+03 0.000000000000000000e+00 1.053139920078145806e+05
3.025121359101998753e-01 5.646761245730837607e-06 -5.574068047209372708e+03 -1.073412371384721866e-05 1.017584090614327033e+04 2.812562061600233437e-05 1.387964068306601606e+06 0.000000000000000000e+00 -3.976977043794042402e+04 0.000000000000000000e+00 5.830664234144654620e+04
3.075010376196579687e-01 2.796447980352197578e-06 -5.742875811255683402e+03 -1.671745179495218772e-05 1.079637627632335352e+04 1.869231560589434092e-05 1.363463689230286982e+06 0.000000000000000000e+00 -3.241850120708575196e+04 0.000000000000000000e+00 8.871553518315305701e+04
3.125134169243361515e-01 4.148377802634224927e-06 -4.043776231650915179e+03 -7.702727541222601762e-06 8.550215322742811622e+03 1.482860964835109691e-05 1.347767508707017871e+06 0.000000000000000000e+00 -3.951926772571888432e+04 0.000000000000000000e+00 4.191696794691333344e+04
3.175159688234982513e-01 2.060868171363381674e-06 -5.210410822174848363e+03 1.549368726038525128e-05 8.322563998781817645e+03 1.310985280482035559e-05 1.318916265367272077e+06 0.000000000000000000e+00 -3.880862268766394118e+04 0.000000000000000000e+00 4.795067540352290234e+04
3.225221380836135188e-01 -2.341390173683217168e-06 -3.848989541249764443e+03 2.466755946762318541e-05 7.328615593732301932e+03 -1.261953995185954428e-05 1.296914925731546246e+06 0.000000000000000000e+00 -5.685924319426090369e+04 0.000000000000000000e+00 4.719017104021144041e+04
3.275181733526948968e-01 -5.314871806738245262e-06 -3.075996445760829374e+03 7.791529757497223706e-06 8.332587930396150114e+03 -1.685302463208071021e-05 1.278507788226582808e+06 0.000000000000000000e+00 -4.433289714920400002e+04 0.000000000000000000e+00 3.506638904109589203e+04
3.325123842131759710e-01 -4.882074108008575269e-06 -3.222588469715434712e+03 1.491551822678064802e-05 1.076955065515002207e+04 -1.392303252065968679e-05 1.260500286184473895e+06 0.000000000000000000e+00 -4.586954243575259898e+04 0.000000000000000000e+00 8.009771048862716998e+04
3.374959366892091861e-01 7.881988085958028953e-06 -4.410737483796378001e+03 -1.222927017460498266e-05 7.945531724065445815e+03 2.764095184376423467e-05 1.242457447079844540e+06 0.000000000000000000e+00 -6.503374025155029813e+04 0.000000000000000000e+00 4.376405787758820225e+04
3.424919221947719805e-01 -8.220154555834286039e-06 -4.049963246630941285e+03 2.855893300635891914e-05 5.489574144296560917e+03 1.228343392415138069e-05 1.223329836701697670e+06 0.000000000000000000e+00 -5.298686886297910678e+04 0.000000000000000000e+00 5.134576269491370476e+04
3.475179778446125245e-01 1.411862992942790861e-06 -1.661245989479530863e+03 -7.262718955222661438e-06 8.957532590583852652e+03 1.161696026184777883e-05 1.215694057960597100e+06 0.000000000000000000e+00 -7.270947848531381169e+04 0.000000000000000000e+00 6.899658352664423001e+04
3.525052850529177828e-01 -2.559130134320613012e-06 -3.338727893980520548e+03 -3.020085409847517035e-06 6.606025227526744857e+03 -1.049257973103444924e-05 1.192174840683378512e+06 0.000000000000000000e+00 -7.608984627175475180e+04 0.000000000000000000e+00 1.890157790196391579e+04
3.575133254796376558e-01 -4.191544481149067753e-07 -1.701893846142054599e+03 1.047886120287266991e-06 7.565039771290172212e+03 -3.450539296088786066e-06 1.177075454192885896e+06 0.000000000000000000e+00 -4.797910242122770433e+04 0.000000000000000000e+00 5.326480753577423457e+04
3.625250227669692404e-01 5.646739948802890819e-06 -1.945974401445565263e+03 -1.667552891130853789e-05 5.888392230085830306e+03 3.047622016639060268e-05 1.169375249269688269e+06 0.000000000000000000e+00 -8.163728595091099851e+04 0.000000000000000000e+00 3.405220177684083319e+04
3.675230446100045678e-01 -2.616383576099556211e-06 -2.523553280989144696e+03 -9.605865415108370473e-06 5.310559674562036889e+03 7.409082130209814408e-06 1.143783178065014770e+06 0.000000000000000000e+00 -7.136137593771186948e+04 0.000000000000000000e+00 4.421785843740203563e+04
3.725177060730277545e-01 1.263349909228658166e-06 -1.259000057178798215e+03 -2.791933501057807862e-07 6.057918463033907756e+03 2.519719984704671546e-06 1.137736427697409876e+06 0.000000000000000000e+00 -8.502631825719024346e+04 0.000000000000000000e+00 5.094368528789524862e+04
3.775163034622419089e-01 -5.961219086373697998e-06 -1.880813399438701936e+03 1.121284939982830057e-05 5.906235593465773491e+03 -1.450974361848887418e-05 1.121380132698022993e+06 0.000000000000000000e+00 -8.104231194102922746e+04 0.000000000000000000e+00 3.762339081926066137e+04
3.825226892977953153e-01 -4.559491131756756434e-06 -1.611823135135135090e+03 7.307722761824324222e-06 4.795098810810810392e+03 -1.538168417440878490e-05 1.113329885405405425e+06 0.000000000000000000e+00 -7.048450075675675180e+04 0.000000000000000000e+00 6.651680518918919552e+04
3.875130067694269043e-01 -2.620041810046759768e-06 -1.805036880927292032e+03 6.447200152092663283e-06 4.738006322444678517e+03 -7.221897233776097184e-06 1.102393080716543831e+06 0.000000000000000000e+00 -7.214022676501581736e+04 0.000000000000000000e+00 5.791710010537408380e+04
3.924957861003909865e-01 -2.017678128922215629e-06 -1.377745180703504673e+02 -6.445884489749943851e-06 3.557247822868728690e+03 1.352425764530299706e-05 1.090668111041740514e+06 0.000000000000000000e+00 -8.212808228365462855e+04 0.000000000000000000e+00 6.102517339169053594e+04
3.975064703251052212e-01 -6.340607769035375938e-06 -6.831243665200421447e+02 1.815059475868905300e-06 4.476146360200731579e+03 -2.461825669103525263e-05 1.085653821299795527e+06 0.000000000000000000e+00 -6.923768291927390965e+04 0.000000000000000000e+00 6.985606066538629238e+04
