3.798113400606732779e-03 -1.151315789473684147e-02 7.806802863157893717e+07 3.536184210526315680e-02 -4.853180631578946859e+07 -4.050164473684210453e-02 1.232566703157894611e+08 0.000000000000000000e+00 3.232542989473684132e+07 0.000000000000000000e+00 1.537296303157894611e+08
8.299341265228576958e-03 1.220703125000000000e-04 4.486958800000000000e+07 -2.014160156250000000e-03 4.813285600000000000e+07 9.613037109375000000e-04 7.728365600000000000e+07 0.000000000000000000e+00 3.703681200000000000e+07 0.000000000000000000e+00 7.185221600000000000e+07
1.293222767532251419e-02 -1.741640127388535079e-03 1.906727622929936275e+07 4.155055732484076378e-03 2.712011617834395263e+06 -5.330662818471337480e-03 6.681669788535032421e+07 0.000000000000000000e+00 3.335767072611465305e+07 0.000000000000000000e+00 1.287549228025477752e+07
1.764839556552980082e-02 -2.889554794520547785e-03 2.041802520547945052e+07 5.939640410958903563e-03 3.811611616438355763e+06 -6.434610445205478715e-03 6.103090498630136997e+07 0.000000000000000000e+00 3.307287145205479115e+07 0.000000000000000000e+00 9.377307178082190454e+06
2.256548662787912635e-02 -9.451795841209830124e-04 1.346834099054820463e+07 1.949432892249527375e-03 3.059556657844990492e+06 -2.466327977315690111e-03 4.509506685822306573e+07 0.000000000000000000e+00 3.117986504347826168e+07 0.000000000000000000e+00 7.154125671077504754e+06
2.777643688250242340e-02 -3.167873475609756201e-04 8.918212058536585420e+06 5.585461128048780028e-04 2.719665951219512150e+06 -8.988543254573170584e-04 3.325738708292682841e+07 0.000000000000000000e+00 2.700124659512194991e+07 0.000000000000000000e+00 1.221841045853658579e+07
3.269804980233311648e-02 -4.199218750000000342e-05 6.039085567999999970e+06 3.627929687499999970e-04 7.418661119999999646e+05 -4.602050781250000022e-05 2.800112230400000140e+07 0.000000000000000000e+00 2.216805580800000206e+07 0.000000000000000000e+00 6.622535168000000529e+06
3.761648458559932462e-02 -7.480613621038434977e-04 3.933921445718138944e+06 1.880689480782198183e-03 2.928254619015508797e+05 -2.069021830748482907e-03 2.123817981928523257e+07 0.000000000000000000e+00 1.704441164126770198e+07 0.000000000000000000e+00 2.394754330411328468e+06
4.263843696389812976e-02 4.054478236607142547e-04 3.267992571428571362e+06 -1.222882952008928509e-03 4.566160000000000000e+05 2.013615199497767547e-03 1.802512685714285448e+07 0.000000000000000000e+00 1.412990971428571269e+07 0.000000000000000000e+00 2.371483142857142724e+06
4.756514582339458480e-02 -2.589402529437418365e-04 2.360806545137374662e+06 7.904491931966855719e-04 2.352870266027038742e+05 -1.689925861317051860e-03 1.516330447099869139e+07 0.000000000000000000e+00 1.087599465503706969e+07 0.000000000000000000e+00 4.644021700828609173e+05
5.262096060748640974e-02 -2.554561314957864971e-05 1.697665438202247256e+06 -2.035933933900983155e-04 1.204121011235955084e+05 2.693647748968574195e-04 1.276654022471910156e+07 0.000000000000000000e+00 9.370465078651685268e+06 0.000000000000000000e+00 2.413640449438202195e+06
5.756031740041873956e-02 3.529161509900989981e-04 1.360694336633663392e+06 -6.115601794554455456e-04 4.336035643564356724e+04 -3.656066290222772272e-04 1.159331738613861427e+07 0.000000000000000000e+00 8.213626297029702924e+06 0.000000000000000000e+00 1.169406574257425731e+06
6.254738279606215923e-02 2.682732401275447518e-05 1.116079752759381896e+06 -1.264716703458425176e-04 -9.444190336031395418e+03 3.133048197203825900e-04 1.020771524159921519e+07 0.000000000000000000e+00 6.525675467255334370e+06 0.000000000000000000e+00 2.944777355898945243e+05
6.757793472572401483e-02 -9.117729844024603824e-05 9.018160702987697441e+05 2.139984828097539482e-04 6.738792970123022678e+04 -3.118531775181239093e-04 9.042463493848856539e+06 0.000000000000000000e+00 5.409075739894551225e+06 0.000000000000000000e+00 3.060076485061511048e+05
7.255917516659465827e-02 4.431490608145806207e-05 7.613955142272643279e+05 1.816184675469592597e-05 9.107645155291054107e+04 3.605126580807141694e-04 7.937811853449879214e+06 0.000000000000000000e+00 4.969454289008741267e+06 0.000000000000000000e+00 6.566634718244373798e+05
7.753384299139773339e-02 2.134902284901238931e-04 6.046339042517576599e+05 -5.128015672079008856e-04 6.637639772346836253e+03 6.917590156302310658e-04 7.355445822564446367e+06 0.000000000000000000e+00 4.672354988952126354e+06 0.000000000000000000e+00 5.704567043856712990e+05
8.251793356505521260e-02 -1.139509568520642214e-04 4.879354128440367058e+05 1.124110790567660621e-04 9.067112385321101101e+03 -3.425878122312213457e-04 6.457580623853211291e+06 0.000000000000000000e+00 3.762922275229358114e+06 0.000000000000000000e+00 1.052931376146789116e+05
8.752751931716111489e-02 -1.062994039134378729e-04 4.032634609304133919e+05 1.999441168847997943e-04 1.951926655436050396e+03 -4.096323457949981018e-04 5.856665361150706187e+06 0.000000000000000000e+00 3.203936899831540883e+06 0.000000000000000000e+00 3.474095487883893074e+05
9.254701955136974967e-02 6.248175065519598879e-05 2.992544029170465074e+05 -2.452255708038969984e-04 2.149288422971741238e+04 3.809063893181688777e-04 5.175632043755697086e+06 0.000000000000000000e+00 2.753747427529626060e+06 0.000000000000000000e+00 3.207157265268915216e+05
9.754963178921903511e-02 4.784164660316131157e-05 2.359175999162566732e+05 -1.408670705537527594e-04 1.375928566942321777e+04 1.430649239767612161e-04 4.647717865382602438e+06 0.000000000000000000e+00 2.478195981157751288e+06 0.000000000000000000e+00 4.753568679995812709e+05
1.025319613041059119e-01 4.044581085834896754e-05 2.133482866791744891e+05 -1.802655590408067663e-04 2.048338461538461706e+04 1.108538142735694199e-04 4.349829427392120473e+06 0.000000000000000000e+00 2.110685514446529094e+06 0.000000000000000000e+00 1.813487189493433398e+05
1.075116003998943526e-01 -3.634347002067539646e-05 1.763357684355616802e+05 2.759411612680909694e-05 5.072135423845623336e+03 9.035390463473466931e-05 4.030203589248793665e+06 0.000000000000000000e+00 1.896823972432804992e+06 0.000000000000000000e+00 7.661386629910406191e+04
1.125102861506304813e-01 8.227974994202674871e-05 1.539876212414006295e+05 -1.912060611038107847e-04 2.075171925485043175e+04 2.112664680277498766e-04 3.724934124449254479e+06 0.000000000000000000e+00 1.530875013372497633e+06 0.000000000000000000e+00 7.859810466104969964e+04
1.175500852175193622e-01 -9.792014827193855467e-06 1.176865606599345774e+05 2.670233830536196816e-05 3.173016925046224060e+03 -3.804822782587825186e-05 3.564249077513867524e+06 0.000000000000000000e+00 1.592329612288437085e+06 0.000000000000000000e+00 2.014535946522543090e+05
1.225369446564099490e-01 -8.404708705726581578e-07 1.098825300231711444e+05 7.347654956967892149e-05 1.382610049652433008e+04 -1.602551669563058662e-05 3.389769062959285453e+06 0.000000000000000000e+00 1.504083740218470804e+06 0.000000000000000000e+00 8.015065951671631774e+04
1.275260957852891452e-01 1.835643796992481101e-05 9.462437254426388245e+04 -2.125793945549357190e-05 1.995311957312636514e+04 4.632039871604413928e-05 3.190665530924084131e+06 0.000000000000000000e+00 1.312109217560029123e+06 0.000000000000000000e+00 1.908693747271404136e+05
1.325302087090364789e-01 3.287904719151563002e-05 7.535000370349588047e+04 -5.764792940912406258e-05 1.784762022333202367e+03 1.480105107738061859e-04 3.095917504966051318e+06 0.000000000000000000e+00 1.081473630436002510e+06 0.000000000000000000e+00 -4.841897895740979584e+04
1.375062694904859717e-01 7.734127507919745783e-06 6.158961267159450654e+04 6.439950171594509330e-05 1.203110369588173126e+04 -9.061819396779303190e-06 2.943395331784582697e+06 0.000000000000000000e+00 1.131196255966209108e+06 0.000000000000000000e+00 1.825290677930306119e+05
1.425134422753508989e-01 1.941548356810328082e-05 5.715521290074870194e+04 -3.916490876667786254e-05 1.684614628527548484e+04 4.724834674286691445e-05 2.793461974275292829e+06 0.000000000000000000e+00 1.090509674793626415e+06 0.000000000000000000e+00 4.591115991553081403e+04
1.475259222195813014e-01 7.741668185338740365e-06 5.155846298236821895e+04 -1.250234919586313798e-05 1.325570221877989934e+04 3.202336595630780717e-05 2.611180312178231310e+06 0.000000000000000000e+00 9.214234627545673866e+05 0.000000000000000000e+00 1.001543753246161505e+05
1.525299430011916868e-01 2.295268642204937497e-05 4.376054108894149249e+04 -3.492441135441325302e-05 1.502320054108894146e+04 5.665928437817044046e-05 2.492224844098748639e+06 0.000000000000000000e+00 8.510784497801825637e+05 0.000000000000000000e+00 9.568370104835982784e+04
1.574945685492469272e-01 -1.326990738868443302e-05 4.069377635782747529e+04 -3.759807093460589439e-05 9.146127876410400859e+03 -5.529128078618513757e-07 2.389144272738302127e+06 0.000000000000000000e+00 8.475553621547295479e+05 0.000000000000000000e+00 4.743941828770170105e+04
1.625189323163163113e-01 -3.523109603102190195e-05 2.956071941605839675e+04 7.895365248631388156e-05 1.216732613138686247e+04 -1.177644381557938120e-04 2.285596552408759482e+06 0.000000000000000000e+00 6.849612239416058874e+05 0.000000000000000000e+00 2.086106394160584023e+04
1.675461007718098694e-01 3.128225548120728768e-06 2.850493166287015629e+04 5.213709246867881633e-07 7.739841116173120099e+03 -1.905610729730210454e-05 2.183162314350797329e+06 0.000000000000000000e+00 6.514571662870158907e+05 0.000000000000000000e+00 -4.618777220956719248e+04
1.725292014006662711e-01 -6.124238244552856693e-06 2.649416883673402481e+04 8.892619264429575294e-07 1.002211055806441072e+04 1.615660158438952446e-05 2.112768295348913874e+06 0.000000000000000000e+00 6.888605328147147084e+05 0.000000000000000000e+00 1.833232396083989879e+05
1.775301965061671094e-01 1.404948573952549157e-05 1.910088440181726401e+04 -4.473652038112064746e-05 1.084832710752145431e+04 2.135152109098939854e-05 2.032643359919232782e+06 0.000000000000000000e+00 5.949742392730943393e+05 0.000000000000000000e+00 7.903879656739020720e+04
1.825147654490652804e-01 2.069306192575851713e-05 1.536380324381813443e+04 -4.827058798819758398e-05 1.200247688262577867e+04 1.187696284763767085e-04 1.989864849655824481e+06 0.000000000000000000e+00 5.173354850069425884e+05 0.000000000000000000e+00 1.778207687080859159e+03
1.875360723572403465e-01 -5.412181662447625792e-06 1.607725229050279268e+04 1.879516260583973474e-05 9.088470167597764885e+03 7.054952269825855190e-06 1.933740134972067084e+06 0.000000000000000000e+00 5.339968357541899895e+05 0.000000000000000000e+00 1.261836013407821301e+05
1.925323683450522461e-01 -1.610695351826068144e-05 1.163033522544714469e+04 1.642072534004498019e-05 8.291870193852415468e+03 1.498260449020027788e-05 1.862677605226518121e+06 0.000000000000000000e+00 4.894086100460533053e+05 0.000000000000000000e+00 3.091249009317767923e+04
1.975198663583639380e-01 1.531475275072720173e-06 4.543480359175413469e+03 -1.259761919817882757e-06 8.198159605412924066e+03 -1.558029080245352179e-05 1.805712197900594212e+06 0.000000000000000000e+00 4.680983084355634055e+05 0.000000000000000000e+00 1.162712954091311403e+05
2.025153694923672032e-01 1.931827776705587167e-06 6.442422850525909780e+03 -1.741000886567596240e-05 8.762369970085883324e+03 2.658030108619608494e-05 1.750154041879764758e+06 0.000000000000000000e+00 4.171861769757792354e+05 0.000000000000000000e+00 5.877271986876387382e+04
2.075088499274508613e-01 1.431221232453227739e-05 6.103608509468959710e+03 -2.102106185165678257e-05 1.341935304220385297e+04 3.982820335936247685e-05 1.684224850030914415e+06 0.000000000000000000e+00 4.230492946483775740e+05 0.000000000000000000e+00 6.420866207149236288e+04
2.125178062418619784e-01 7.367046700449468229e-06 1.344635538488392513e+03 -5.292234921834090138e-06 8.250922674114155598e+03 1.655388178053816280e-05 1.639852081689649262e+06 0.000000000000000000e+00 3.480473492756152991e+05 0.000000000000000000e+00 5.583173887240356271e+04
2.175004174234404231e-01 -3.801533172712734596e-06 2.734438178604494624e+03 -6.935229436705664580e-06 8.620246780574025252e+03 1.199280971851064702e-05 1.587368066661055433e+06 0.000000000000000000e+00 3.452551832337345695e+05 0.000000000000000000e+00 5.289336857166905247e+04
2.225093171556767890e-01 -2.400957427946652037e-05 1.839337916904710255e+03 8.434132503299777452e-05 9.222549910364255993e+03 -8.191728147593624993e-05 1.567553829435984371e+06 0.000000000000000000e+00 3.400544209924942697e+05 0.000000000000000000e+00 8.592978073718011728e+04
2.275289586476768322e-01 -2.300613382299479607e-06 -3.156776748813715017e+02 4.394405125002391675e-05 6.066217664166539180e+03 -3.439095854923441994e-05 1.523348356956987642e+06 0.000000000000000000e+00 3.171054327261595172e+05 0.000000000000000000e+00 8.289768253482321597e+03
2.325285406108919262e-01 -4.796388681716479187e-06 -1.967768322631109868e+03 1.795981095264948316e-05 8.730844305386281121e+03 -1.007685733223582482e-05 1.481135446128099225e+06 0.000000000000000000e+00 2.914319497935350519e+05 0.000000000000000000e+00 3.243007469121205213e+04
2.375276552426477672e-01 -2.014406914659870032e-05 -2.224352118122692900e+03 4.720166522016171505e-05 9.544676955528213512e+03 -7.056110373363069831e-05 1.451778060959746828e+06 0.000000000000000000e+00 2.757899114782914403e+05 0.000000000000000000e+00 3.850849738091052859e+04
2.424991024241769377e-01 -7.180000485371330599e-06 7.326384954332888810e+02 2.467661475655462440e-05 9.305040095892492900e+03 -3.033261686106140056e-05 1.420159881147333421e+06 0.000000000000000000e+00 2.719162304796312819e+05 0.000000000000000000e+00 3.494731490891901194e+04
2.474998551644826128e-01 2.829936159141850686e-06 -2.018142939481268058e+03 -2.030205581572206287e-05 5.116250784502080933e+03 2.339583270793307610e-05 1.378164056612231769e+06 0.000000000000000000e+00 2.600306843419788638e+05 0.000000000000000000e+00 6.494284316362471873e+04
2.525200307756395035e-01 -6.985155525054129615e-07 -3.023940364986081022e+03 -3.328332213694710833e-06 6.460721806371790990e+03 2.331767626454724749e-05 1.345922668481286848e+06 0.000000000000000000e+00 2.185161838540055905e+05 0.000000000000000000e+00 2.873580995978967258e+04
2.575182250600202005e-01 -4.140258270620668913e-06 -3.580765904180016150e+03 5.038890777512853089e-06 9.572903598837641766e+03 -1.867754911845242400e-05 1.320276824677743716e+06 0.000000000000000000e+00 2.080077194843901379e+05 0.000000000000000000e+00 1.918228352581774743e+04
2.625255687975799335e-01 -2.785880356022137395e-06 -4.593794260284133088e+03 8.636229103668624738e-06 8.080682832201745441e+03 -1.183999151309408435e-06 1.302849566497403895e+06 0.000000000000000000e+00 1.735149654818280251e+05 0.000000000000000000e+00 4.120043361670565355e+04
2.675305520911575030e-01 6.661353405780090808e-06 -5.164634125460846917e+03 -2.021329707543391863e-05 5.446212120793692520e+03 4.212901493523977452e-05 1.275915453031579265e+06 0.000000000000000000e+00 1.898471623424144927e+05 0.000000000000000000e+00 5.412573259137542664e+03
2.725404586615198799e-01 -2.588998535595282038e-06 -4.963107420532077413e+03 9.881452016779499611e-06 8.009761464008039184e+03 -6.284454986496403351e-06 1.244024654572380474e+06 0.000000000000000000e+00 1.679661534881260886e+05 0.000000000000000000e+00 2.115072555138308599e+04
2.775333197047151201e-01 -1.388345891384702836e-05 -4.810121022565719613e+03 2.804458700597099637e-05 6.278197844237081881e+03 -5.660033772649727425e-05 1.220522135084136855e+06 0.000000000000000000e+00 1.653690519295887498e+05 0.000000000000000000e+00 2.028834409491560291e+04
2.825123907298719983e-01 -1.163938507379732086e-06 -3.881163070462545875e+03 -1.098504658648798931e-05 5.906718606805409763e+03 9.393677293043291066e-06 1.192435877428518608e+06 0.000000000000000000e+00 1.622470801951460599e+05 0.000000000000000000e+00 3.026326931390106984e+04
2.875104651677040102e-01 -6.616720635414671014e-06 -4.765948285769009999e+03 -1.655349190768052190e-05 3.515390155142692947e+03 -5.412617763598927490e-06 1.180088412181574386e+06 0.000000000000000000e+00 1.402556628998276137e+05 0.000000000000000000e+00 3.416861137713081553e+04
2.924971317655564174e-01 -2.709255684379659770e-07 -3.640465801246112733e+03 1.490090626408812847e-06 6.075436128032921260e+03 -6.219999508721635721e-06 1.159021932423216058e+06 0.000000000000000000e+00 1.359379205400594219e+05 0.000000000000000000e+00 6.239177704053912748e+03
2.975058823671092867e-01 9.349582144680756829e-08 -3.827820264630139263e+03 -9.339419555393060340e-06 4.705187816357339216e+03 -6.034037389569781438e-06 1.132304936328922864e+06 0.000000000000000000e+00 1.325811633069887175e+05 0.000000000000000000e+00 3.178454488944143304e+04
3.025121359101998753e-01 6.636263800473390483e-07 -5.986380182439151213e+03 6.811075918477908684e-06 5.959388872076434382e+03 -1.323212291329479321e-05 1.114305192512213020e+06 0.000000000000000000e+00 1.159350080843889154e+05 0.000000000000000000e+00 3.513662876659028825e+03
3.075010376196579687e-01 -3.010774285415687175e-06 -4.873301186183833124e+03 -1.419146319956106066e-05 5.275811590113393322e+03 -8.340865372054135791e-06 1.101208561927156989e+06 0.000000000000000000e+00 1.151196456706902973e+05 0.000000000000000000e+00 4.028589475884412968e+04
3.125134169243361515e-01 1.048631359340438322e-05 -5.144432736778604522e+03 -1.851796576513171087e-05 6.308356324150412547e+03 2.663307642519606054e-05 1.074182218540116679e+06 0.000000000000000000e+00 1.114990111401568429e+05 0.000000000000000000e+00 5.123052644279107335e+04
3.175159688234982513e-01 2.309707359933589341e-06 -3.314787987150140907e+03 -8.709971212459844666e-06 6.368527197885864553e+03 4.941106827500711982e-06 1.068057059032724006e+06 0.000000000000000000e+00 1.062292938275486085e+05 0.000000000000000000e+00 2.348278838011218977e+04
3.225221380836135188e-01 5.577509417181896225e-06 -5.109800113271663577e+03 1.387636639474584776e-05 5.135150009439305904e+03 2.819433602968071816e-07 1.048018009892391972e+06 0.000000000000000000e+00 9.779244462903530803e+04 0.000000000000000000e+00 2.937945312441004717e+04
3.275181733526948968e-01 -4.126256768326546104e-06 -3.388337356534616902e+03 1.595591404225286887e-05 5.322854054054054359e+03 -2.207920225581960232e-05 1.033346492706404999e+06 0.000000000000000000e+00 8.934091965938541398e+04 0.000000000000000000e+00 3.955874713069233621e+03
3.325123842131759710e-01 -5.277330997535960479e-07 -4.164975759893966824e+03 1.071862845199124723e-05 4.390695357463729124e+03 -1.656196948707157508e-05 1.017695154291610699e+06 0.000000000000000000e+00 8.205546819431225595e+04 0.000000000000000000e+00 3.008416392538495347e+04
3.374959366892091861e-01 3.707913006253722856e-06 -3.577767158322531031e+03 -1.768636013536593909e-05 5.256078758364573332e+03 2.950132342129637775e-05 1.002322756262481213e+06 0.000000000000000000e+00 8.748210517464877921e+04 0.000000000000000000e+00 -8.851675577199313921e+03
3.424919221947719805e-01 -2.929956079307270020e-06 -4.533084866112727468e+03 1.513810640975422759e-05 4.984081940844577730e+03 -1.945979162673245260e-05 9.885533117869138950e+05 0.000000000000000000e+00 7.174224783938527980e+04 0.000000000000000000e+00 3.025869904741267965e+04
3.475179778446125245e-01 -9.198048100209918755e-06 -3.796790538112196373e+03 1.020061041617317831e-05 4.564389061325839975e+03 -1.008881300227225356e-05 9.792361412748717703e+05 0.000000000000000000e+00 6.087273421112816868e+04 0.000000000000000000e+00 2.990444382004116414e+04
3.525052850529177828e-01 3.913734432380648001e-06 -4.124465336100910463e+03 -1.277810903321092195e-05 4.067627399010058980e+03 8.460916917810953601e-06 9.666956323806482833e+05 0.000000000000000000e+00 5.994808366597477288e+04 0.000000000000000000e+00 7.648317802969822878e+03
3.575133254796376558e-01 -7.043291708502272712e-06 -3.373886426868806211e+03 1.461426892757777688e-05 4.438267139824175501e+03 1.383303240039932368e-05 9.556856354592208518e+05 0.000000000000000000e+00 5.823681645729702723e+04 0.000000000000000000e+00 1.682865801595757148e+04
3.625250227669692404e-01 -5.120115275843245801e-06 -3.583132660743863653e+03 1.338849026760841632e-05 5.986372172865531866e+03 -8.192666950866303900e-06 9.426558207498870324e+05 0.000000000000000000e+00 5.944533558199065737e+04 0.000000000000000000e+00 2.953566173769010493e+04
3.675230446100045678e-01 2.730294153562394092e-06 -2.723066815388316627e+03 -1.457699420969752613e-06 5.300849725521072287e+03 7.879853188630448057e-06 9.298924821789179696e+05 0.000000000000000000e+00 3.710555661993598915e+04 0.000000000000000000e+00 2.135923212970860914e+04
3.725177060730277545e-01 5.793262014694951288e-06 -2.932193493052776375e+03 -9.457674734833324703e-06 3.905228658013608765e+03 2.381868268089942296e-06 9.257934875636114739e+05 0.000000000000000000e+00 4.776420012579335889e+04 0.000000000000000000e+00 3.253959220081194144e+04
3.775163034622419089e-01 -3.858546779431944406e-06 -2.646879555374738629e+03 9.639633010046820693e-06 4.458224174429909908e+03 -9.603438090431730290e-06 9.152250896628764458e+05 0.000000000000000000e+00 4.171871295881285914e+04 0.000000000000000000e+00 2.589501404624158022e+04
3.825226892977953153e-01 -5.494813661317567686e-06 -3.115462054054054079e+03 1.336752401815878311e-05 4.682915891891891988e+03 -1.738367853937922117e-05 9.051469768648648169e+05 0.000000000000000000e+00 4.668723199999999633e+04 0.000000000000000000e+00 5.286528345945946057e+04
3.875130067694269043e-01 2.894185491306638691e-08 -2.601131085353003527e+03 4.969959640904900524e-06 3.563379135932560985e+03 -8.443384200679991897e-06 8.936778183350895997e+05 0.000000000000000000e+00 4.455432834562697826e+04 0.000000000000000000e+00 3.086919957850368883e+04
3.924957861003909865e-01 3.532508126025810467e-06 -2.642182113088533697e+03 -1.109408690824831931e-05 3.823528027548032242e+03 2.166489747932288530e-05 8.865898970810672035e+05 0.000000000000000000e+00 3.212574013452193321e+04 0.000000000000000000e+00 4.914897805812120350e+04
3.975064703251052212e-01 4.879484890960907705e-06 -2.447524986060343508e+03 -2.978210089988228883e-06 3.044590744067902051e+03 6.019569124241063196e-06 8.776283830741590355e+05 0.000000000000000000e+00 3.198884074097020130e+04 0.000000000000000000e+00 5.104679967783904431e+04
