3.798113400606732779e-03 1.742028289473683981e+04 0.000000000000000000e+00 1.729209539473683981e+04 0.000000000000000000e+00 7.185800986842104976e+03
8.299341265228576958e-03 3.309293750000000000e+04 0.000000000000000000e+00 3.492928125000000000e+04 0.000000000000000000e+00 3.669416406250000000e+04
1.293222767532251419e-02 3.647802866242038726e+04 0.000000000000000000e+00 2.671029777070063938e+04 0.000000000000000000e+00 3.215998805732484016e+03
1.764839556552980082e-02 4.161401369863013679e+04 0.000000000000000000e+00 2.795771404109588912e+04 0.000000000000000000e+00 8.117533390410958418e+03
2.256548662787912635e-02 3.496648015122873767e+04 0.000000000000000000e+00 2.100376181474480109e+04 0.000000000000000000e+00 -1.024794423440453647e+04
2.777643688250242340e-02 3.380274390243902599e+04 0.000000000000000000e+00 2.510879999999999927e+04 0.000000000000000000e+00 1.278500609756097583e+04
3.269804980233311648e-02 2.841818400000000111e+04 0.000000000000000000e+00 1.765118600000000151e+04 0.000000000000000000e+00 -2.282322999999999865e+03
3.761648458559932462e-02 2.548904383007417346e+04 0.000000000000000000e+00 1.334111935266351975e+04 0.000000000000000000e+00 3.301283293998651658e+01
4.263843696389812976e-02 2.184683258928571377e+04 0.000000000000000000e+00 1.195299330357142753e+04 0.000000000000000000e+00 -3.593100934709821104e+02
4.756514582339458480e-02 2.054129088530309673e+04 0.000000000000000000e+00 1.192591888355865740e+04 0.000000000000000000e+00 -1.536191888355865785e+03
5.262096060748640974e-02 1.934464747191011338e+04 0.000000000000000000e+00 1.089370997191011156e+04 0.000000000000000000e+00 1.456997278792134694e+03
5.756031740041873956e-02 1.809842698019801901e+04 0.000000000000000000e+00 9.611299504950495248e+03 0.000000000000000000e+00 -2.245092821782178305e+02
6.254738279606215923e-02 1.658180426784400333e+04 0.000000000000000000e+00 9.742988471915623450e+03 0.000000000000000000e+00 -9.556476882511650217e+01
6.757793472572401483e-02 1.597802811950790783e+04 0.000000000000000000e+00 9.098916520210896124e+03 0.000000000000000000e+00 5.686109402460456295e+02
7.255917516659465827e-02 1.500829905151571620e+04 0.000000000000000000e+00 7.367465129254231215e+03 0.000000000000000000e+00 -8.055733680490980078e+02
7.753384299139773339e-02 1.385286642115835457e+04 0.000000000000000000e+00 7.187986608637429526e+03 0.000000000000000000e+00 1.281092735185805168e+03
8.251793356505521260e-02 1.265712729357798162e+04 0.000000000000000000e+00 6.409831422018349258e+03 0.000000000000000000e+00 2.023317221545298139e+01
8.752751931716111489e-02 1.168234184268498211e+04 0.000000000000000000e+00 6.599863159258779888e+03 0.000000000000000000e+00 8.030071271219386517e+02
9.254701955136974967e-02 1.072562534184138531e+04 0.000000000000000000e+00 5.205990884229717267e+03 0.000000000000000000e+00 5.464088992707384023e+02
9.754963178921903511e-02 9.835765937401863994e+03 0.000000000000000000e+00 4.972993614571339094e+03 0.000000000000000000e+00 1.433838453888830600e+02
1.025319613041059119e-01 9.108169606003752051e+03 0.000000000000000000e+00 4.600948592870544417e+03 0.000000000000000000e+00 3.071153611632270213e+02
1.075116003998943526e-01 8.522381116471398855e+03 0.000000000000000000e+00 4.008511716057891135e+03 0.000000000000000000e+00 -6.184869486560992300e+02
1.125102861506304813e-01 8.056008038958028010e+03 0.000000000000000000e+00 3.837524000927572160e+03 0.000000000000000000e+00 1.366618709901831892e+02
1.175500852175193622e-01 7.910540748115488896e+03 0.000000000000000000e+00 3.636677570758071397e+03 0.000000000000000000e+00 4.848676930735315409e+02
1.225369446564099490e-01 7.567464548162860410e+03 0.000000000000000000e+00 3.488477457795432201e+03 0.000000000000000000e+00 4.230731876861966612e+02
1.275260957852891452e-01 7.250343924326945853e+03 0.000000000000000000e+00 3.350239873878243998e+03 0.000000000000000000e+00 3.193492905651224874e+02
1.325302087090364789e-01 6.969322933617641866e+03 0.000000000000000000e+00 2.980104371247404742e+03 0.000000000000000000e+00 -2.201693227091633531e+01
1.375062694904859717e-01 6.691451742344244849e+03 0.000000000000000000e+00 2.975015839493136355e+03 0.000000000000000000e+00 3.906867212249208023e+02
1.425134422753508989e-01 6.328369360721827434e+03 0.000000000000000000e+00 2.861561720099827198e+03 0.000000000000000000e+00 2.434316567479362448e+02
1.475259222195813014e-01 5.971710055127796295e+03 0.000000000000000000e+00 2.541318511093899360e+03 0.000000000000000000e+00 1.544898628639117817e+02
1.525299430011916868e-01 5.798340886033141942e+03 0.000000000000000000e+00 2.557408860331416690e+03 0.000000000000000000e+00 5.918628677713899151e+02
1.574945685492469272e-01 5.437429206939781579e+03 0.000000000000000000e+00 2.257009422898046523e+03 0.000000000000000000e+00 1.024954503174667337e+02
1.625189323163163113e-01 5.218999708029197791e+03 0.000000000000000000e+00 2.157597226277372556e+03 0.000000000000000000e+00 1.686513868613138811e+02
1.675461007718098694e-01 5.050226651480637884e+03 0.000000000000000000e+00 2.006915148063781317e+03 0.000000000000000000e+00 1.137894740354498779e+01
1.725292014006662711e-01 4.819475096416917040e+03 0.000000000000000000e+00 1.929082374658008575e+03 0.000000000000000000e+00 2.570038731581896627e+02
1.775301965061671094e-01 4.697897526501767061e+03 0.000000000000000000e+00 1.829337077233720265e+03 0.000000000000000000e+00 2.237758392226148487e+02
1.825147654490652804e-01 4.585109633962598309e+03 0.000000000000000000e+00 1.774253301426925418e+03 0.000000000000000000e+00 1.652231380542999943e+02
1.875360723572403465e-01 4.423996424581006067e+03 0.000000000000000000e+00 1.671074748603351964e+03 0.000000000000000000e+00 8.790673882681564066e+01
1.925323683450522461e-01 4.340446396058690880e+03 0.000000000000000000e+00 1.666263146620970247e+03 0.000000000000000000e+00 1.260458123594302151e+02
1.975198663583639380e-01 4.189393297078538126e+03 0.000000000000000000e+00 1.512188288857973930e+03 0.000000000000000000e+00 1.981502213228784512e+02
2.025153694923672032e-01 4.101468686673743832e+03 0.000000000000000000e+00 1.541290745922995484e+03 0.000000000000000000e+00 1.557722667181318172e+02
2.075088499274508613e-01 3.948866610181135457e+03 0.000000000000000000e+00 1.374218507408001187e+03 0.000000000000000000e+00 2.388127304266184225e+01
2.125178062418619784e-01 3.817849886542154309e+03 0.000000000000000000e+00 1.330165299354163153e+03 0.000000000000000000e+00 1.517789862977832058e+02
2.175004174234404231e-01 3.701007322615941575e+03 0.000000000000000000e+00 1.195547007827623929e+03 0.000000000000000000e+00 1.151517443817860453e+02
2.225093171556767890e-01 3.595630346131873011e+03 0.000000000000000000e+00 1.243117275073383098e+03 0.000000000000000000e+00 1.892813971355962224e+02
2.275289586476768322e-01 3.522664319608143614e+03 0.000000000000000000e+00 1.165679090769937375e+03 0.000000000000000000e+00 7.619801392928211214e+01
2.325285406108919262e-01 3.414171757044367496e+03 0.000000000000000000e+00 1.125702071926218423e+03 0.000000000000000000e+00 3.854140214287014032e+01
2.375276552426477672e-01 3.339591773598172040e+03 0.000000000000000000e+00 1.134450624011249829e+03 0.000000000000000000e+00 2.654679732817718332e+02
2.424991024241769377e-01 3.272335353603565636e+03 0.000000000000000000e+00 1.041123495348876531e+03 0.000000000000000000e+00 8.466835210102476594e+01
2.474998551644826128e-01 3.188854819084213887e+03 0.000000000000000000e+00 9.927920589177073225e+02 0.000000000000000000e+00 1.257633045148895263e+02
2.525200307756395035e-01 3.128037612124961470e+03 0.000000000000000000e+00 9.096989792762141178e+02 0.000000000000000000e+00 2.248360075781008405e+01
2.575182250600202005e-01 3.040350257059831620e+03 0.000000000000000000e+00 8.977705983160718688e+02 0.000000000000000000e+00 4.323281797183518194e+01
2.625255687975799335e-01 2.984598619273121585e+03 0.000000000000000000e+00 8.542438523421006948e+02 0.000000000000000000e+00 6.025705340332059023e+01
2.675305520911575030e-01 2.919805249858466141e+03 0.000000000000000000e+00 8.544302895568964686e+02 0.000000000000000000e+00 5.512823973709282654e+01
2.725404586615198799e-01 2.852488707885967870e+03 0.000000000000000000e+00 7.552008779816998185e+02 0.000000000000000000e+00 3.888468887184640721e+01
2.775333197047151201e-01 2.807814718122366685e+03 0.000000000000000000e+00 7.596459792695220585e+02 0.000000000000000000e+00 2.362726335720009274e+01
2.825123907298719983e-01 2.733494225900080437e+03 0.000000000000000000e+00 7.440739578830358596e+02 0.000000000000000000e+00 7.695136169949978466e+01
2.875104651677040102e-01 2.689467726489178403e+03 0.000000000000000000e+00 6.630478835472131323e+02 0.000000000000000000e+00 7.291373180425205192e+01
2.924971317655564174e-01 2.644370042423331597e+03 0.000000000000000000e+00 6.609444104081655951e+02 0.000000000000000000e+00 -1.951655608087019900e+01
2.975058823671092867e-01 2.577853298996536523e+03 0.000000000000000000e+00 6.395015984370837714e+02 0.000000000000000000e+00 5.417944676316490416e+01
3.025121359101998753e-01 2.543366218494660643e+03 0.000000000000000000e+00 6.255069387402187431e+02 0.000000000000000000e+00 1.485001459080887187e+01
3.075010376196579687e-01 2.498875100590479178e+03 0.000000000000000000e+00 5.667802476877253639e+02 0.000000000000000000e+00 2.940197261848774701e+01
3.125134169243361515e-01 2.455862135531872354e+03 0.000000000000000000e+00 5.487738588377237647e+02 0.000000000000000000e+00 -1.295818670822441199e+01
3.175159688234982513e-01 2.420266781935534709e+03 0.000000000000000000e+00 5.292833354618777548e+02 0.000000000000000000e+00 -2.372137271468007924e+01
3.225221380836135188e-01 2.366578214083443527e+03 0.000000000000000000e+00 5.287957711912403056e+02 0.000000000000000000e+00 1.443617377760996945e+01
3.275181733526948968e-01 2.337031025546094043e+03 0.000000000000000000e+00 5.057334690855238932e+02 0.000000000000000000e+00 -8.184005923731950816e+01
3.325123842131759710e-01 2.296094291788608643e+03 0.000000000000000000e+00 4.853996459610201555e+02 0.000000000000000000e+00 2.532369214620564790e+01
3.374959366892091861e-01 2.259252916652068961e+03 0.000000000000000000e+00 4.512853939669971624e+02 0.000000000000000000e+00 -6.355539011316260201e+01
3.424919221947719805e-01 2.226803590329113831e+03 0.000000000000000000e+00 4.275809282517564043e+02 0.000000000000000000e+00 -8.782631116185651621e+00
3.475179778446125245e-01 2.192739438690495717e+03 0.000000000000000000e+00 4.244617571143855912e+02 0.000000000000000000e+00 -6.317803627438167702e+00
3.525052850529177828e-01 2.167087721539198355e+03 0.000000000000000000e+00 4.035954654319016299e+02 0.000000000000000000e+00 -4.559990419926553074e+01
3.575133254796376558e-01 2.146962068199063651e+03 0.000000000000000000e+00 3.724522690866169796e+02 0.000000000000000000e+00 3.141584528362624695e+01
3.625250227669692404e-01 2.106289534708628253e+03 0.000000000000000000e+00 3.624345429905134779e+02 0.000000000000000000e+00 -2.767103975304923935e+01
3.675230446100045678e-01 2.087468742937544448e+03 0.000000000000000000e+00 3.478678710204200684e+02 0.000000000000000000e+00 -2.860690097616808458e+01
3.725177060730277545e-01 2.056165818514494731e+03 0.000000000000000000e+00 3.387024415346789397e+02 0.000000000000000000e+00 4.595835954028246562e+01
3.775163034622419089e-01 2.036634363299108372e+03 0.000000000000000000e+00 3.399724453699809033e+02 0.000000000000000000e+00 1.114724591610870164e+01
3.825226892977953153e-01 2.002459891891891857e+03 0.000000000000000000e+00 3.126422432432432288e+02 0.000000000000000000e+00 2.942588471283783758e+00
3.875130067694269043e-01 1.984525816649104399e+03 0.000000000000000000e+00 3.053097734457323895e+02 0.000000000000000000e+00 1.569239989462592355e+01
3.924957861003909865e-01 1.967055128246387767e+03 0.000000000000000000e+00 2.983302803076626333e+02 0.000000000000000000e+00 7.469811090013838850e+01
3.975064703251052212e-01 1.946975280341986490e+03 0.000000000000000000e+00 2.862201598413977308e+02 0.000000000000000000e+00 4.364505606839725260e+01
