3.798113400606732779e-03 1.572779605263157840e-02 1.198838433684210479e+08 -3.603001644736841813e-02 2.549988715789473429e+07 6.048262746710526133e-02 3.436722661052631140e+08 0.000000000000000000e+00 -7.559003621052631736e+07 0.000000000000000000e+00 -2.003950484210526198e+07
8.299341265228576958e-03 -1.861572265625000000e-02 8.781768800000000000e+07 4.214477539062500000e-02 6.836162400000000000e+07 -5.123138427734375000e-02 2.034920160000000000e+08 0.000000000000000000e+00 1.582459680000000000e+08 0.000000000000000000e+00 1.990176960000000000e+08
1.293222767532251419e-02 2.786624203821656300e-03 3.854071847133757919e+07 -6.170382165605095906e-03 7.324719286624204367e+06 1.119625796178344047e-02 1.431109658089171946e+08 0.000000000000000000e+00 1.118999545477707088e+08 0.000000000000000000e+00 6.261762608917197585e+07
1.764839556552980082e-02 -4.615261130136986316e-04 3.466164252054794133e+07 5.755698844178081669e-03 1.426779879452054761e+07 7.726381902825342311e-03 1.120144832876712233e+08 0.000000000000000000e+00 8.963991495890410244e+07 0.000000000000000000e+00 2.809941391780821607e+07
2.256548662787912635e-02 7.679584120982987450e-04 1.789037175047259033e+07 -1.417769376181474573e-03 1.660873557655954733e+06 2.318643667296786410e-03 6.895598191304348409e+07 0.000000000000000000e+00 3.611020049905481935e+07 0.000000000000000000e+00 -1.758216904347826168e+07
2.777643688250242340e-02 -3.810975609756097558e-05 1.314185740487804823e+07 9.527439024390244233e-05 3.693091590243902523e+06 7.860137195121951696e-04 5.932725322926829010e+07 0.000000000000000000e+00 5.600598165853658319e+07 0.000000000000000000e+00 1.356777521951219440e+07
3.269804980233311648e-02 8.789062500000000217e-04 9.406137344000000507e+06 -2.025390624999999847e-03 1.945784320000000065e+06 3.290527343749999941e-03 4.899618406400000304e+07 0.000000000000000000e+00 4.567099392000000179e+07 0.000000000000000000e+00 3.035780608000000007e+06
3.761648458559932462e-02 -8.428860418071476622e-05 6.740300126770060509e+06 7.796695886716115435e-04 1.136370708024275023e+06 -1.000927174645987891e-04 3.821091007956843823e+07 0.000000000000000000e+00 3.402360490896830708e+07 0.000000000000000000e+00 7.213867328388402238e+06
4.263843696389812976e-02 -3.967285156250000000e-04 5.051331428571428172e+06 9.395054408482142547e-04 1.043582142857142841e+06 -1.299721854073660745e-03 3.136327771428571269e+07 0.000000000000000000e+00 2.604196114285714179e+07 0.000000000000000000e+00 3.690507714285714086e+06
4.756514582339458480e-02 8.006705189707807001e-05 3.651484190143916290e+06 3.236753161796772956e-05 5.069190196249454748e+05 -2.768275730484081955e-05 2.634046498386393487e+07 0.000000000000000000e+00 2.180837763628434390e+07 0.000000000000000000e+00 5.339921639773222851e+05
5.262096060748640974e-02 -2.374541893433988635e-05 2.572715146067415830e+06 2.239527327291081281e-04 2.757937752808988444e+05 -8.070763577236217704e-04 2.133745761797752604e+07 0.000000000000000000e+00 1.719280323595505580e+07 0.000000000000000000e+00 3.201313438202247024e+06
5.756031740041873956e-02 -4.254331683168316816e-04 2.054037544554455439e+06 9.282178217821781749e-04 1.976674455445544445e+05 -6.768254950495050095e-04 1.871056601980198175e+07 0.000000000000000000e+00 1.325688522772277333e+07 0.000000000000000000e+00 8.886012673267326318e+05
6.254738279606215923e-02 -2.491108658327201146e-05 1.726993079224920133e+06 9.293751532989943465e-05 3.533976080451312009e+05 -2.852798473142015940e-04 1.609701376502330042e+07 0.000000000000000000e+00 1.069095784547461197e+07 0.000000000000000000e+00 1.876652801569781499e+06
6.757793472572401483e-02 5.534998352372582839e-05 1.357632787346221274e+06 -1.692679728690685260e-04 1.398014903339191515e+05 2.683294259391475985e-04 1.417034955360281095e+07 0.000000000000000000e+00 9.840699388400701806e+06 0.000000000000000000e+00 8.423853216168716317e+05
7.255917516659465827e-02 -1.343976659847498623e-05 1.022543985121815116e+06 -1.305836781662637121e-04 4.925293063046308816e+04 4.000146747721778262e-05 1.281746798884136230e+07 0.000000000000000000e+00 8.017952374930258840e+06 0.000000000000000000e+00 7.949504630835038552e+04
7.753384299139773339e-02 6.538751255440241427e-07 8.429096109809173504e+05 -5.394469785738199293e-05 8.450560964178106224e+04 -2.514967201623703090e-04 1.128906074589889497e+07 0.000000000000000000e+00 7.312405597589555196e+06 0.000000000000000000e+00 1.845690750585872214e+06
8.251793356505521260e-02 1.063915567660550586e-04 7.006627522935779998e+05 -1.920647577408256886e-04 9.680162385321101465e+04 2.476403472620413142e-04 1.009823119266055152e+07 0.000000000000000000e+00 5.482787816513761878e+06 0.000000000000000000e+00 5.193748256880734116e+05
8.752751931716111489e-02 -1.721037968122327607e-05 5.455455539717506617e+05 1.685604833484514857e-04 6.546949539976675442e+04 -7.934491220681612420e-05 8.983693053777374327e+06 0.000000000000000000e+00 4.938868372683685273e+06 0.000000000000000000e+00 8.360122700531295268e+05
9.254701955136974967e-02 2.270040451230629031e-05 4.361685177757520578e+05 -2.303423399042844042e-04 7.209993072014585778e+04 -5.157665436987237734e-05 7.949718986326344311e+06 0.000000000000000000e+00 4.085226063810391817e+06 0.000000000000000000e+00 5.663927657247036695e+05
9.754963178921903511e-02 8.178059248403642832e-07 3.248468225688265520e+05 -2.903211033183293295e-05 4.881428661153564462e+04 1.017657247723228315e-04 7.109727721972155385e+06 0.000000000000000000e+00 3.427832550193656236e+06 0.000000000000000000e+00 3.181569768659059773e+05
1.025319613041059119e-01 -2.015419793621013047e-05 3.031085148217636161e+05 2.693333724202626766e-05 4.830310844277673459e+04 6.733334310506566916e-06 6.463166006754221395e+06 0.000000000000000000e+00 2.639989385365853552e+06 0.000000000000000000e+00 -3.045301313320825575e+05
1.075116003998943526e-01 6.730272226050999439e-06 2.336730199862163863e+05 3.297833390764989716e-05 4.699751895244658954e+04 4.862621683321847262e-05 5.984618740179186687e+06 0.000000000000000000e+00 2.458826541695382446e+06 0.000000000000000000e+00 4.892187346657477319e+05
1.125102861506304813e-01 -6.899421233670866493e-05 1.930838988946432946e+05 1.469712597588312790e-04 2.637422833732704748e+04 -6.727690562920306976e-05 5.593457960268996656e+06 0.000000000000000000e+00 2.109942620391126256e+06 0.000000000000000000e+00 3.276934361907706480e+05
1.175500852175193622e-01 -4.055699758213625767e-05 1.587614711989759817e+05 7.916948158156734928e-05 1.979528601905845790e+04 -1.535471261200398391e-04 5.303696657658939250e+06 0.000000000000000000e+00 2.133418436068837997e+06 0.000000000000000000e+00 3.149862813255582587e+05
1.225369446564099490e-01 -2.327457795431976274e-06 1.280692242303872918e+05 1.086146971201588984e-05 1.354030903674280125e+04 -5.314361966236345685e-05 4.927447595895399339e+06 0.000000000000000000e+00 1.792909634690499865e+06 0.000000000000000000e+00 2.421788642171466490e+05
1.275260957852891452e-01 -4.233823596289109773e-06 1.040910637885035103e+05 -1.310116742208343339e-05 1.323939946640795461e+04 -8.842547830955917708e-05 4.693437314576764591e+06 0.000000000000000000e+00 1.495930380790686235e+06 0.000000000000000000e+00 3.646457666747513576e+05
1.325302087090364789e-01 -3.824929156612984758e-05 9.800619044946972281e+04 5.594917863756242724e-05 3.035487929970259574e+04 -1.534766523693956652e-04 4.392394935413276777e+06 0.000000000000000000e+00 1.486796860333314631e+06 0.000000000000000000e+00 8.738615521014532715e+04
1.375062694904859717e-01 2.433672122492080124e-05 8.291530475184794341e+04 -6.579164466737064121e-05 3.520540992608236411e+04 9.533601174762406966e-05 4.187256025343189016e+06 0.000000000000000000e+00 1.347702511510031763e+06 0.000000000000000000e+00 5.737625545934529509e+05
1.425134422753508989e-01 -2.589512292426569495e-05 6.821272720291803125e+04 5.386419913251103603e-05 2.100467498560184322e+04 -4.811981722589508742e-05 3.949354707621424459e+06 0.000000000000000000e+00 1.192728720291802660e+06 0.000000000000000000e+00 -4.760500979074678617e+04
1.475259222195813014e-01 -8.033649205259921506e-06 4.797039537108752120e+04 2.364351068456991265e-05 2.810522866645405156e+04 2.343530040964992669e-05 3.705943008975352161e+06 0.000000000000000000e+00 1.088864561301198322e+06 0.000000000000000000e+00 1.302948209030024154e+05
1.525299430011916868e-01 -5.614326175177544408e-06 5.139877984443692549e+04 -1.601734232330064275e-05 3.341174163003043213e+04 -7.017907718971930511e-07 3.497887036861684173e+06 0.000000000000000000e+00 1.005435021981738159e+06 0.000000000000000000e+00 2.453260250253635459e+05
1.574945685492469272e-01 8.214704573947506153e-06 4.133933077203056746e+04 -5.086797832329032572e-05 2.794690306143082125e+04 2.993627916852023983e-05 3.288068762405467685e+06 0.000000000000000000e+00 8.988988140898612328e+05 0.000000000000000000e+00 9.574179479920733138e+04
1.625189323163163113e-01 6.914347627737227083e-06 2.735478423357664360e+04 -6.632783987226277783e-05 1.936322802919708192e+04 2.019951813412409057e-05 3.133604138978102244e+06 0.000000000000000000e+00 7.837951626277372707e+05 0.000000000000000000e+00 1.809769202919708041e+05
1.675461007718098694e-01 3.729540014592824094e-05 2.359181776765375616e+04 -6.835172822643792911e-05 2.096390888382687990e+04 4.561561115238824154e-05 3.002983216400911100e+06 0.000000000000000000e+00 7.188625785876993323e+05 0.000000000000000000e+00 7.945753075170842931e+04
1.725292014006662711e-01 -6.566857302963378940e-06 2.319073975673270616e+04 3.547390562679236629e-05 2.516418525233213586e+04 -3.619819135873686140e-05 2.884394639944622293e+06 0.000000000000000000e+00 6.057920812209513970e+05 0.000000000000000000e+00 1.879026835876982077e+05
1.775301965061671094e-01 2.418606645949015506e-05 1.750488844018172676e+04 -5.159180673428823990e-05 2.463466935890964305e+04 8.014908106503975294e-05 2.769552734982332215e+06 0.000000000000000000e+00 5.632027783947500866e+05 0.000000000000000000e+00 1.774603533568904677e+05
1.825147654490652804e-01 3.162021034594818459e-05 7.421820910514343268e+03 -3.554388608230671869e-05 1.617794038228603495e+04 -1.327125616709503902e-05 2.651521380247570109e+06 0.000000000000000000e+00 4.749399972820467665e+05 0.000000000000000000e+00 1.609516296493249538e+05
1.875360723572403465e-01 -1.112953910614525186e-05 5.667322011173184364e+03 2.280464385474860369e-05 2.219056625698324206e+04 -1.786727479050279478e-05 2.536052816089385655e+06 0.000000000000000000e+00 4.391269255865921732e+05 0.000000000000000000e+00 1.632428621229050332e+05
1.925323683450522461e-01 4.830778672887436534e-06 3.564069829709756505e+03 -1.270449032578719052e-05 1.862521323765663328e+04 3.816331493863459956e-05 2.462717258219984826e+06 0.000000000000000000e+00 4.032914657813002123e+05 0.000000000000000000e+00 1.056420657598800462e+05
1.975198663583639380e-01 -2.766535980776526955e-06 -5.133530289616794562e+02 3.616257746300746245e-05 2.393971842671050763e+04 -4.446218540533704035e-07 2.360850480435057543e+06 0.000000000000000000e+00 3.380690608321740292e+05 0.000000000000000000e+00 1.858245042620462773e+05
2.025153694923672032e-01 -1.550173996429605398e-05 -1.331217311589308110e+03 -1.062505277188072963e-05 1.820697944610633931e+04 -4.751236181306089110e-05 2.308552318826594856e+06 0.000000000000000000e+00 3.144979886133359396e+05 0.000000000000000000e+00 3.016213528900897654e+04
2.075088499274508613e-01 -9.772557477844695189e-06 -3.649007946140282911e+03 2.362633175135679732e-05 1.630808784263436428e+04 -3.537520448573358876e-05 2.211263526620714925e+06 0.000000000000000000e+00 2.470482247818819014e+05 0.000000000000000000e+00 1.466591282603219734e+05
2.125178062418619784e-01 -1.747209918834002570e-06 -5.465832431488915972e+03 -1.029149257069296570e-05 1.884195636236690552e+04 2.043915993465264443e-05 2.127831604817594867e+06 0.000000000000000000e+00 2.415627215919008595e+05 0.000000000000000000e+00 8.271312969104555668e+04
2.175004174234404231e-01 7.808554625031563962e-06 -5.193292147125663178e+03 -2.050773030468815836e-05 1.611824055214207692e+04 5.339612945564346558e-05 2.052506427405100549e+06 0.000000000000000000e+00 2.241718804814409523e+05 0.000000000000000000e+00 7.501618786297450424e+04
2.225093171556767890e-01 9.215213205019601853e-06 -5.820705502255668762e+03 1.240879439924351499e-06 1.378709607769744616e+04 4.619630628090463466e-06 2.025615107030988438e+06 0.000000000000000000e+00 1.828530419810484455e+05 0.000000000000000000e+00 1.741343459742715931e+05
2.275289586476768322e-01 -1.719037004439002093e-06 -9.157562528700444091e+03 8.408333173886423773e-06 1.330034226236032555e+04 -1.919902741370733151e-05 1.947392352671054658e+06 0.000000000000000000e+00 1.429252839430583117e+05 0.000000000000000000e+00 8.467926894229298341e+04
2.325285406108919262e-01 1.350094591890564562e-05 -8.047960707983919747e+03 -3.872639750422934959e-05 1.570866046968511910e+04 4.318526253797318713e-05 1.897920229348953348e+06 0.000000000000000000e+00 1.159976593600494816e+05 0.000000000000000000e+00 1.510068433594673988e+05
2.375276552426477672e-01 -2.291768731666923239e-06 -3.867839550008789047e+03 -2.036259785794817867e-05 1.256618344172965408e+04 2.529228439773610563e-05 1.846506031429073773e+06 0.000000000000000000e+00 1.005300975215327926e+05 0.000000000000000000e+00 1.206598873615749762e+05
2.424991024241769377e-01 -3.453984160012155365e-06 -9.600736886532844437e+03 1.595509866755018291e-05 1.042148153900697253e+04 -5.606541710807320150e-06 1.790623521888136631e+06 0.000000000000000000e+00 5.762871912616278132e+04 0.000000000000000000e+00 5.595242111660730006e+04
2.474998551644826128e-01 -9.352176799401617515e-06 -7.424426769132244772e+03 2.463124251083193374e-05 1.176265590778097976e+04 -2.279229703103736538e-06 1.744907804034582106e+06 0.000000000000000000e+00 5.484363906500160374e+04 0.000000000000000000e+00 1.106509873839257198e+05
2.525200307756395035e-01 -1.464994780389730943e-06 -7.008202907516239065e+03 8.253810798793690266e-06 1.262814228270955937e+04 -3.279436125019331795e-05 1.709891480111351702e+06 0.000000000000000000e+00 7.076361026909991051e+04 0.000000000000000000e+00 7.669489984534488758e+04
2.575182250600202005e-01 2.037385440727218321e-06 -9.183714358095521675e+03 3.201605692571343499e-07 1.328329942627226046e+04 -1.578973716563594326e-06 1.658024176797555992e+06 0.000000000000000000e+00 3.808972899187840085e+04 0.000000000000000000e+00 8.135448434542880568e+04
2.625255687975799335e-01 1.465373067267644165e-05 -7.928120956238945837e+03 -2.326210097278484648e-05 1.310148958749358098e+04 5.045925794845096223e-05 1.614984069835111499e+06 0.000000000000000000e+00 3.387124139898442081e+04 0.000000000000000000e+00 7.282838500599075633e+04
2.675305520911575030e-01 -7.119827121967384915e-06 -7.895991273249471305e+03 1.634323952997058816e-05 1.326919164330787862e+04 -1.792092849449745148e-05 1.587518903301528422e+06 0.000000000000000000e+00 1.444641305698623182e+04 0.000000000000000000e+00 7.251344134988469887e+04
2.725404586615198799e-01 1.393281506188184275e-05 -8.071342042629713433e+03 -3.565845115235098152e-05 1.029672142592690398e+04 3.034002835011503530e-05 1.547192671497328905e+06 0.000000000000000000e+00 7.278239805363092273e+03 0.000000000000000000e+00 8.365433331570317387e+04
2.775333197047151201e-01 4.442706852431048838e-06 -7.403963915527179779e+03 -3.352224261379791619e-05 1.134976896631943600e+04 1.060191407966500304e-05 1.514392956807196140e+06 0.000000000000000000e+00 5.206810349729883455e+03 0.000000000000000000e+00 4.381103812650244072e+04
2.825123907298719983e-01 -5.729230994874328283e-06 -9.525024393256346229e+03 -2.080615466559624526e-06 1.085011726054468090e+04 1.323000052105848260e-05 1.491315227666275576e+06 0.000000000000000000e+00 9.586054616192182948e+03 0.000000000000000000e+00 7.233759733218057954e+04
2.875104651677040102e-01 1.823415794584445634e-06 -7.092999808465810929e+03 -5.026152252214801052e-06 8.535768626699866218e+03 7.112634476517562127e-06 1.458687117410457693e+06 0.000000000000000000e+00 -2.329733767477494621e+04 0.000000000000000000e+00 6.103679754836238135e+04
2.924971317655564174e-01 1.851324717659434150e-06 -5.775245581384595425e+03 -1.222551627576321475e-05 8.108913708400281394e+03 1.186710432585048945e-05 1.430461890809048666e+06 0.000000000000000000e+00 -1.213314351107977200e+04 0.000000000000000000e+00 1.010197679316602880e+05
2.975058823671092867e-01 1.072085419256726727e-05 -5.632152739543556891e+03 -3.105145281558031791e-05 1.083427546399076346e+04 4.201485413914727662e-05 1.396316979309119983e+06 0.000000000000000000e+00 -2.260025219785099034e+04 0.000000000000000000e+00 9.570188651096705871e+04
3.025121359101998753e-01 -1.313795525350179463e-05 -5.781893043966970254e+03 2.537216484033872284e-05 1.094116743763780141e+04 -5.146501737471493725e-05 1.374600051532575395e+06 0.000000000000000000e+00 -4.448196999697375577e+04 0.000000000000000000e+00 2.277065548398253304e+04
3.075010376196579687e-01 -1.837082614829910801e-06 -5.574949135183153885e+03 2.582121675288707812e-05 1.151173421121387946e+04 -2.644888664628729938e-05 1.348776392538015498e+06 0.000000000000000000e+00 -4.619820118095835642e+04 0.000000000000000000e+00 7.317265778335163486e+04
3.125134169243361515e-01 1.478688040418258674e-05 -5.030716267846370101e+03 -1.582274752413030517e-05 7.616196259802935856e+03 9.648046717901668850e-06 1.331162029841142241e+06 0.000000000000000000e+00 -4.392407126483008324e+04 0.000000000000000000e+00 1.679181242710637525e+04
3.175159688234982513e-01 -2.551950810975429965e-06 -4.600655067736833189e+03 1.482242106374826850e-05 9.002068945191618695e+03 -2.791555967005923856e-05 1.310372412806633161e+06 0.000000000000000000e+00 -4.040636236995412037e+04 0.000000000000000000e+00 6.322545356662179984e+04
3.225221380836135188e-01 9.494613696431943852e-06 -5.063990636209175136e+03 -8.213301750991128063e-06 8.874766547102133700e+03 1.918511141329998278e-05 1.281306513422692195e+06 0.000000000000000000e+00 -3.248941816122333694e+04 0.000000000000000000e+00 6.045633558618085954e+04
3.275181733526948968e-01 6.101255900592373383e-06 -3.745016512402813987e+03 -8.844561331451313984e-06 9.947249166975194385e+03 1.172683981337930432e-05 1.263475498556090286e+06 0.000000000000000000e+00 -5.487714002221399278e+04 0.000000000000000000e+00 3.879755823768974369e+04
3.325123842131759710e-01 -5.116622152343506752e-06 -3.989604419260432223e+03 2.540937146961758436e-06 8.175598779544019635e+03 -1.830234855215403297e-05 1.247516472277324647e+06 0.000000000000000000e+00 -6.438510787514343974e+04 0.000000000000000000e+00 3.177314406184118343e+04
3.374959366892091861e-01 3.068543923860491153e-06 -2.948312651087832364e+03 -1.855132600101163265e-05 8.814502750236486463e+03 3.240708483212280893e-05 1.224257275829450460e+06 0.000000000000000000e+00 -6.687137862172862515e+04 0.000000000000000000e+00 1.156767767929089496e+04
3.424919221947719805e-01 8.887533440565386234e-06 -5.018120261023927014e+03 -2.490462667411179432e-05 5.258773254214969711e+03 2.981230310695147300e-05 1.210076150313778780e+06 0.000000000000000000e+00 -7.023863907524857495e+04 0.000000000000000000e+00 2.350956837710123727e+04
3.475179778446125245e-01 3.214580712745450422e-06 -2.672696834057568594e+03 5.507860997892638999e-06 7.233879831411114537e+03 2.320101693699561936e-05 1.193954491456202697e+06 0.000000000000000000e+00 -6.622822962067500339e+04 0.000000000000000000e+00 5.328782566079654498e+04
3.525052850529177828e-01 3.430364841130448637e-06 -2.420831933578157532e+03 -7.952209404438766968e-06 5.935402203416892917e+03 1.273522947269679114e-05 1.179320476959923282e+06 0.000000000000000000e+00 -7.717452109212837240e+04 0.000000000000000000e+00 2.397079891425834285e+04
3.575133254796376558e-01 4.356212300051352267e-06 -2.296757562983344997e+03 -7.058261510220662425e-06 7.979832330556216220e+03 1.452257889205264031e-05 1.165115740723992232e+06 0.000000000000000000e+00 -7.285104925998880935e+04 0.000000000000000000e+00 5.822606795379816322e+04
3.625250227669692404e-01 -4.227702435627164268e-08 -1.726798253275109118e+03 3.997935998908296735e-07 6.157252943833759673e+03 8.131434195480725117e-07 1.151078878000301076e+06 0.000000000000000000e+00 -6.966483553681673948e+04 0.000000000000000000e+00 3.812150314711639658e+04
3.675230446100045678e-01 -6.101335305353250844e-06 -1.544570216302517338e+03 2.051814276549366025e-05 6.060096727394673508e+03 -4.404779642266109678e-05 1.136240534814717714e+06 0.000000000000000000e+00 -8.808932957155042095e+04 0.000000000000000000e+00 4.300547301503983908e+04
3.725177060730277545e-01 -4.704407949282406021e-06 -9.445098633426725883e+02 1.654918582752015725e-05 4.403917891245926512e+03 -2.143681441280948194e-05 1.124319679798730649e+06 0.000000000000000000e+00 -8.722982263136829715e+04 0.000000000000000000e+00 4.245169878209160379e+04
3.775163034622419089e-01 7.003296074361644406e-06 -1.138129567441956624e+03 -2.348124366471062905e-05 5.254695195868184783e+03 1.960417855431282217e-05 1.111858565918039531e+06 0.000000000000000000e+00 -7.991618096689444792e+04 0.000000000000000000e+00 5.783383184504313249e+04
3.825226892977953153e-01 -3.107844172297297402e-06 -1.098616540540540427e+03 -1.152409733952702655e-05 3.405488648648648450e+03 7.227717219172296826e-06 1.098295019243243150e+06 0.000000000000000000e+00 -8.060669924324324529e+04 0.000000000000000000e+00 6.142496518918919173e+04
3.875130067694269043e-01 3.473022589567966641e-06 -2.024439409905163529e+03 -1.269582702186512233e-05 5.195562908324552154e+03 4.524255075243677801e-05 1.087454981664910447e+06 0.000000000000000000e+00 -7.599099683877766074e+04 0.000000000000000000e+00 5.128352708113803965e+04
3.924957861003909865e-01 5.081908932191935336e-06 -1.220612621890387118e+03 -5.074051930132269439e-06 4.279748978212596739e+03 1.876998507043896902e-05 1.079622132449393393e+06 0.000000000000000000e+00 -8.350175094776815968e+04 0.000000000000000000e+00 6.460562417532906693e+04
3.975064703251052212e-01 6.534214113128059418e-06 -6.657460628213865448e+02 -1.609352735270429377e-05 3.629353522086611974e+03 2.489656581066848693e-05 1.068679871432996821e+06 0.000000000000000000e+00 -7.894963236478532781e+04 0.000000000000000000e+00 6.917800403940277465e+04
