3.798113400606732779e-03 -3.469366776315789417e-04 -3.640892631578946952e+06 8.673416940789472999e-04 -7.631298526315788738e+06 -1.169305098684210367e-03
8.299341265228576958e-03 7.629394531250000000e-05 -2.179738750000000000e+06 -1.449584960937500000e-04 -7.456312500000000000e+05 1.697540283203125000e-04
1.293222767532251419e-02 -6.220143312101910802e-05 -1.524671184713375987e+06 1.897143710191082923e-04 -2.759715923566879355e+05 -2.791289311305732677e-04
1.764839556552980082e-02 1.630391160102739466e-05 -1.051924054794520605e+06 -2.738221050941780585e-05 -2.243810000000000000e+05 9.181401500963184189e-05
2.256548662787912635e-02 -2.630626772211720272e-05 -8.129583667296787025e+05 -1.269162039224952831e-05 -4.863708128544423380e+04 8.826445090973534543e-06
2.777643688250242340e-02 -5.842999714176829376e-06 -5.357425951219511917e+05 3.889130383003048847e-06 -4.029677560975609958e+04 -3.311808516339557904e-05
3.269804980233311648e-02 3.979492187500000146e-05 -3.832371199999999953e+05 -7.214355468749999631e-05 1.260314800000000105e+04 8.255004882812500217e-05
3.761648458559932462e-02 -7.243551921780174904e-06 -3.095103223196223844e+05 1.991976778489548268e-05 -5.918388132164531271e+04 -2.827454642194875210e-05
4.263843696389812976e-02 -6.335122244698660230e-06 -2.318311428571428405e+05 -1.600810459681919461e-06 -6.237597656250000000e+03 -1.048190253121512301e-05
4.756514582339458480e-02 -3.194164304404710177e-06 -2.014162477104230202e+05 1.937793011338857538e-05 -2.689368512865242155e+04 -2.422241264173571838e-05
5.262096060748640974e-02 -6.086370918188201867e-06 -1.615168314606741478e+05 1.761618624912218915e-05 -2.060250000000000000e+04 -2.611353156271945187e-05
5.756031740041873956e-02 5.816469098081683252e-06 -1.291280891089108918e+05 1.083978331915222719e-05 -1.364398267326732639e+04 1.781765777285736359e-05
6.254738279606215923e-02 -4.551063895020848377e-06 -1.101553809173411719e+05 2.862379660289428174e-05 -1.290426686288937890e+04 -1.547960548503801853e-05
6.757793472572401483e-02 4.800216594354130141e-06 -9.641734973637960502e+04 -7.924379908556677948e-06 -1.012305008787346196e+04 1.292907500308929980e-05
7.255917516659465827e-02 -2.361040078110470715e-06 -8.234990812720848771e+04 8.172831039613167533e-07 -8.835527617630648820e+03 -1.577810436814208590e-05
7.753384299139773339e-02 -2.349863732423836955e-06 -6.981391362571141508e+04 6.569401651950117178e-06 -7.009152996317375255e+03 -6.490221460966271099e-06
8.251793356505521260e-02 -2.834775032253440313e-06 -6.064682110091743380e+04 4.077176435278096874e-06 -6.446223623853211393e+03 4.943357695133314230e-07
8.752751931716111489e-02 6.090070015874044305e-07 -4.960546118958144507e+04 -1.111240048351043122e-06 -6.242099261370999557e+03 -3.441482747606745147e-06
9.254701955136974967e-02 2.169891607793983607e-06 -4.372241020966271753e+04 -4.923984802301732114e-06 -4.105690975387419712e+03 7.379022422658386230e-06
9.754963178921903511e-02 1.277821757563069193e-08 -3.788269067308698868e+04 -2.280911837250078538e-06 -5.788551031089709795e+03 -7.061562487732910768e-06
1.025319613041059119e-01 1.159438943773452243e-06 -3.309251782363977691e+04 -1.684764983730065615e-06 -4.322305065666041628e+03 6.186179327472736953e-06
1.075116003998943526e-01 -2.040113768521709329e-06 -2.903596140592694792e+04 6.951109283468297555e-06 -2.506644038594073209e+03 -6.338549350394124472e-06
1.125102861506304813e-01 -1.037932625415475084e-06 -2.526282878565355350e+04 -1.981507739429543289e-07 -4.429979129628198280e+03 -3.297795023479168498e-06
1.175500852175193622e-01 -1.449704322820366946e-06 -2.391486616413028241e+04 1.836002780098848112e-06 -4.236886644858484033e+03 -2.802834031321113548e-06
1.225369446564099490e-01 6.182309769116186714e-07 -2.026160556107249431e+04 -2.240582200637206372e-06 -3.013247798742138457e+03 8.588056617996938779e-06
1.275260957852891452e-01 2.870043880176752465e-06 -1.881284501576521870e+04 -4.569679795033197900e-06 -2.938874363327674018e+03 2.388233644650625835e-06
1.325302087090364789e-01 7.295038595617529754e-07 -1.614448033219235731e+04 -3.796502480395320108e-06 -2.212116716233656916e+03 6.051371511094705785e-06
1.375062694904859717e-01 7.540774320221753112e-07 -1.483604308342132936e+04 -3.071093131269799352e-06 -2.255841393875396079e+03 3.228192596274419296e-06
1.425134422753508989e-01 -1.918699718935976044e-06 -1.301258590900364652e+04 9.061828367218996438e-06 -1.737413515070071071e+03 -5.526514285858909606e-06
1.475259222195813014e-01 -1.573916735956080091e-06 -1.219213267119231023e+04 3.423129862123559240e-06 -2.457963460749920159e+03 -3.860406199100755905e-06
1.525299430011916868e-01 2.580113131974974484e-07 -1.075484206966520105e+04 1.047525931581839710e-06 -2.242557321609739574e+03 1.293926735685449668e-06
1.574945685492469272e-01 1.392155462652161579e-06 -9.880547094269420995e+03 3.312540125672341526e-06 -1.636365915800541870e+03 -3.792636291427386936e-06
1.625189323163163113e-01 -9.088446624087591492e-07 -8.505058102189781494e+03 4.120986827098540195e-06 -1.252397518248175402e+03 -3.153111812842153618e-06
1.675461007718098694e-01 -9.938633251841898272e-07 -8.448408883826878082e+03 1.198610032066397240e-06 -1.367309367881548951e+03 -3.241325022147836600e-06
1.725292014006662711e-01 -3.138571505092791062e-07 -7.242029732669678197e+03 9.254762130401820783e-08 -1.413995319247124144e+03 -9.566607376100143531e-07
1.775301965061671094e-01 5.358099516204726104e-07 -6.641656739020696477e+03 -8.311553292657196710e-07 -1.146041140837960711e+03 1.011142701828257130e-06
1.825147654490652804e-01 5.986490553635262555e-07 -5.854543177051020393e+03 -2.239524478197287920e-06 -1.079255162634051203e+03 2.902185706649384119e-06
1.875360723572403465e-01 -7.433331878491620107e-07 -5.589946815642458205e+03 9.990670827513966955e-07 -9.252473184357542095e+02 -2.314391748865223352e-06
1.925323683450522461e-01 2.745503440612616154e-07 -4.933393166970118727e+03 -2.941610829227803401e-07 -1.270267859055370991e+03 1.586835619544553806e-06
1.975198663583639380e-01 6.530383481408877504e-07 -4.455788137093713885e+03 -3.012776208976223542e-06 -1.216859896294422697e+03 3.050792921323668784e-06
2.025153694923672032e-01 6.294637001079562562e-08 -3.972400656180642727e+03 -1.464883505602112240e-06 -5.099867798899932723e+02 1.499347563451590153e-06
2.075088499274508613e-01 2.236283175708168342e-07 -3.548849756119901940e+03 -4.472566351416336683e-07 -6.213976505072248528e+02 9.280575179188898287e-07
2.125178062418619784e-01 -8.882538230657619711e-07 -3.406766625938209472e+03 2.348479185871770787e-06 -8.937249956362367129e+02 -4.239014918360125055e-06
2.175004174234404231e-01 1.397320301321437570e-06 -3.090925342984597137e+03 -2.322017559548859796e-06 -5.296314704149482395e+02 3.806670379702887135e-06
2.225093171556767890e-01 2.116228502196568193e-07 -2.852275723488505264e+03 -2.260516809164516073e-07 -6.729548275250684810e+02 6.937862760042159061e-07
2.275289586476768322e-01 3.737036966171743623e-08 -2.498748966784019558e+03 6.072685070029083883e-07 -5.658480407163631298e+02 -4.834791574984693585e-07
2.325285406108919262e-01 -3.552880504975169852e-08 -2.341694868389936801e+03 -5.773430820584651422e-07 -6.799230167536791214e+02 1.152465613801320766e-06
2.375276552426477672e-01 -9.682585430765512096e-08 -2.130988504130778892e+03 5.939635854966822142e-07 -6.725292318509403913e+02 -3.074757305593854485e-07
2.424991024241769377e-01 -9.018793663635557554e-07 -1.947582057299140615e+03 3.793251548044375593e-07 -6.959484746678372176e+02 -2.094821557368649064e-06
2.474998551644826128e-01 4.714931618735991170e-08 -1.739031828370156973e+03 -5.947409857934077316e-07 -3.522715978226064522e+02 -3.822331546095751038e-07
2.525200307756395035e-01 -8.495459422363130774e-09 -1.338694587070832085e+03 2.440084734089854568e-07 -5.541363439529849302e+02 -9.018166161822418034e-07
2.575182250600202005e-01 1.473466256240220552e-07 -1.364931018553013928e+03 7.731150109902392273e-08 -4.105746218612621874e+02 6.341816957799343714e-07
2.625255687975799335e-01 -1.950116249215495975e-07 -1.219364979745535493e+03 1.370304900118388758e-06 -3.805077879842528432e+02 -2.028904428034246956e-06
2.675305520911575030e-01 -1.112472987807403893e-07 -9.655718645144363563e+02 1.296199587308929708e-06 -2.041677690172739972e+02 -1.321061673021292005e-06
2.725404586615198799e-01 1.694793305720103600e-07 -8.128207542180144856e+02 -4.107856155293012698e-07 -3.471502882530279521e+02 4.557783425740135718e-07
2.775333197047151201e-01 -2.804732327006801006e-07 -7.498592291984386975e+02 1.021449236241580532e-06 -2.819206968749192015e+02 -5.541527961807671015e-07
2.825123907298719983e-01 -4.477846330204409445e-07 -6.851516087198172045e+02 8.978308045914901397e-07 -3.805626628790217865e+02 -1.662419296242975497e-06
2.875104651677040102e-01 -3.711676328169890531e-07 -5.895214997126987555e+02 1.205564161708724388e-06 -3.427728643937942934e+02 -1.220451052493460965e-06
2.924971317655564174e-01 1.686229449392548729e-07 -4.869946941936676694e+02 -1.548650059170144080e-07 -2.977902877157289936e+02 1.404897234771093173e-07
2.975058823671092867e-01 -2.563513147821435444e-07 -3.754453867329721675e+02 8.360000012791312625e-07 -2.329304679868572805e+02 -7.405245921273244021e-07
3.025121359101998753e-01 -7.981987274923262557e-08 -2.753395011024166479e+02 3.133424756684752158e-08 -1.572884656953871456e+02 8.039708257283245556e-08
3.075010376196579687e-01 -1.668045499229241833e-07 -3.113142707843445010e+02 4.138219952676751894e-07 -2.069953284213826805e+02 -6.237230362199208593e-07
3.125134169243361515e-01 6.661337433076111009e-07 -2.609367182787050297e+02 -7.816562464652875466e-07 -2.109290166901267014e+02 2.788226896432139683e-06
3.175159688234982513e-01 -3.117985013409830007e-07 -1.388703323476535161e+02 1.378509143428692098e-06 -2.233300193533809477e+02 -2.293218016112671945e-06
3.225221380836135188e-01 3.376118705163300269e-07 -4.846467811969039730e+01 -5.006565110557863648e-07 -1.397389937700585278e+02 1.190139456517250437e-06
3.275181733526948968e-01 3.903673914175305246e-07 -2.402483339503887549e+01 -3.364164711854405535e-07 -3.230326175490558853e+02 1.057056708055176242e-06
3.325123842131759710e-01 -4.137166893130042785e-07 4.947124545220029290e+01 8.795551662559933250e-08 -2.526330003469226426e+02 -6.645527922823060442e-07
3.374959366892091861e-01 1.604938015925944147e-07 5.453845075850471602e+01 7.348100200947501840e-08 -2.672781067161826059e+02 6.160517904630904044e-08
3.424919221947719805e-01 3.706556579820272817e-08 1.438542033019693633e+02 -5.240185595046326538e-07 -2.330936835876622126e+02 2.364956563342627046e-07
3.475179778446125245e-01 2.272092369469197996e-07 1.409120952723233131e+02 -5.221574866643557845e-07 -2.316603064658411313e+02 9.817015666302973585e-07
3.525052850529177828e-01 2.221940863004949753e-07 1.626320293788919003e+02 -5.398926482915535276e-07 -2.404748203736228618e+02 7.499050412641704986e-07
3.575133254796376558e-01 -2.339031518498363702e-09 2.069292639743698032e+02 -1.045547088768768546e-07 -2.713861317840746210e+02 -4.696190531265089748e-07
3.625250227669692404e-01 1.050032615805225118e-07 1.851537419063394054e+02 7.938430388636876554e-08 -2.837407920493901088e+02 2.211214745373202312e-07
3.675230446100045678e-01 2.302684524883537814e-07 1.436342468050361276e+02 -4.212689031755535115e-07 -2.629199600492822810e+02 -6.793197450402195056e-07
3.725177060730277545e-01 -2.634887241623305978e-07 2.272848790668420236e+02 2.521464943142832954e-07 -2.538174566870604565e+02 -3.871626534670007323e-07
3.775163034622419089e-01 -4.048780542990325328e-07 2.475401217754670142e+02 1.153607844941422202e-06 -2.884390536542983341e+02 -1.340369421443704705e-06
3.825226892977953153e-01 2.309438344594594696e-08 2.982927567567567735e+02 -3.257957664695946021e-07 -2.542860270270270178e+02 3.243523675042229634e-07
3.875130067694269043e-01 -1.173753004807692373e-07 2.559614067439410121e+02 1.849062952779241423e-08 -2.220901475237091915e+02 -3.860923839444481421e-07
3.924957861003909865e-01 1.319976346023879260e-07 2.584503330866025408e+02 -4.274209120458275774e-07 -3.239449811733659885e+02 4.557061194606249864e-07
3.975064703251052212e-01 1.975295195222957071e-07 2.658282882101481164e+02 -2.140021296092830587e-07 -2.852380397744873335e+02 3.486485827198835939e-07
