3.798113400606732779e-03 -5.975020559210525916e-04 -3.341447368421052583e+06 1.596551192434210367e-03 -2.770319157894736622e+06 -2.299258583470394600e-03
8.299341265228576958e-03 7.629394531250000000e-06 -1.656958375000000000e+06 3.814697265625000000e-06 2.309654375000000000e+05 9.536743164062500000e-07
1.293222767532251419e-02 -1.368431528662420349e-04 -9.315452738853503251e+05 3.623233479299363337e-04 1.100527515923566971e+05 -5.018878134952229134e-04
1.764839556552980082e-02 1.797610766267123018e-05 -9.244807671232876601e+05 -3.177172517123287495e-05 -5.392473287671232538e+04 5.392832298801369733e-05
2.256548662787912635e-02 4.615134688090737259e-06 -7.364285217391304905e+05 -5.215102197542533408e-05 1.029385822306238151e+04 4.788202238894140203e-05
2.777643688250242340e-02 -1.548208841463414654e-05 -5.277417756097561214e+05 4.346894054878048576e-05 -7.652659512195122079e+04 -5.820669778963414383e-05
3.269804980233311648e-02 -1.074218749999999938e-05 -3.814691520000000019e+05 5.078125000000000445e-05 -1.894654000000000087e+04 -5.859374999999999783e-05
3.761648458559932462e-02 8.395935182063385472e-06 -2.804689952798381564e+05 -9.136752992245449046e-06 -4.366108428860417916e+04 3.986011384229602424e-05
4.263843696389812976e-02 -7.016318184988838923e-06 -2.188100892857142608e+05 1.972062247140066819e-05 -4.307685714285713766e+04 -2.095529011317661734e-05
4.756514582339458480e-02 6.887416781372656490e-06 -1.622436144788486708e+05 -1.546175158600904913e-05 -8.189715656345399111e+03 1.814767776802019892e-05
5.262096060748640974e-02 8.872385775105337574e-06 -1.412141348314606585e+05 -6.750728307145365140e-06 -2.370984269662921361e+04 1.014216562335410761e-05
5.756031740041873956e-02 1.114193755801361317e-06 -1.190810000000000000e+05 1.232222755356590340e-05 -1.218246039603960344e+04 -1.059192242008624721e-05
6.254738279606215923e-02 1.140760094738778354e-05 -9.602672553348049405e+04 -1.680450402026612629e-05 -1.465927299484915238e+04 1.987160670280690349e-05
6.757793472572401483e-02 7.190268571850285581e-07 -8.185357469244288222e+04 1.021638276916396503e-05 -1.038029173989455194e+04 5.430203121031105490e-06
7.255917516659465827e-02 5.630172493955737728e-06 -7.247764329551794799e+04 2.088612376790031656e-06 -7.170332899386275130e+03 2.086342145945694720e-05
7.753384299139773339e-02 -9.399454929695347183e-07 -5.816957750251088146e+04 7.356095162370271340e-07 -9.413251422832274329e+03 -1.655121411533311105e-06
8.251793356505521260e-02 1.119911123853211071e-06 -5.092759174311927200e+04 -8.399333428899083035e-06 -5.816044151376147056e+03 -2.519800028669724911e-06
8.752751931716111489e-02 -5.061876376830374817e-07 -4.249459012569651532e+04 -7.007535109174550217e-06 -7.610292600751587997e+03 1.321228826171115721e-05
9.254701955136974967e-02 5.424729019484959019e-07 -3.724834275296262786e+04 -7.587665846484730897e-06 -5.001067000911576542e+03 1.562913113979176022e-05
9.754963178921903511e-02 -1.047813841201716735e-06 -3.015203935936354901e+04 -1.367269280592484058e-06 -3.793432010886632270e+03 -1.619639077711190147e-06
1.025319613041059119e-01 -8.015874179174483516e-07 -2.705878273921200889e+04 2.095578535412757945e-06 -4.252399249530956695e+03 1.485799535354127678e-06
1.075116003998943526e-01 1.188313689912129460e-06 -2.329739490006891720e+04 -2.676334814890592864e-06 -3.758313921433494215e+03 4.799262479943788563e-06
1.125102861506304813e-01 4.340445524464713669e-07 -2.034599304320940064e+04 -1.198340394797866730e-06 -3.044515420885831645e+03 3.059542307190616231e-06
1.175500852175193622e-01 4.140772227456976358e-06 -1.859779377044517241e+04 -1.160631544677144168e-05 -3.388394538472479326e+03 4.459793987119542135e-06
1.225369446564099490e-01 -1.444559308796756133e-06 -1.612024097980801162e+04 3.215407188741310935e-06 -2.904690102615028536e+03 -5.685553097717022539e-06
1.275260957852891452e-01 -2.368572641280620835e-07 -1.388644967256851851e+04 1.361929268736356987e-06 -2.238343439243269586e+03 -3.700894752000970303e-07
1.325302087090364789e-01 -1.986442434487402379e-06 -1.198100757533247270e+04 4.418121966359912297e-06 -1.478929689691936346e+03 -4.375310706995959909e-06
1.375062694904859717e-01 1.226181465318109794e-06 -1.107229567053854225e+04 -5.849739566146383212e-06 -1.967427455121435969e+03 6.948428773326128350e-06
1.425134422753508989e-01 1.221523332513438350e-06 -9.572717988097523630e+03 -3.024515205803657241e-06 -1.387128047609905934e+03 3.327332890452521825e-06
1.475259222195813014e-01 -2.224617294637568915e-08 -8.820203198323386459e+03 1.234662598523850776e-06 -1.302710647409904823e+03 -1.137335591883457203e-06
1.525299430011916868e-01 9.917309851028808601e-07 -7.613324315184308034e+03 -1.322146723066426006e-06 -1.479131214068312374e+03 3.512541829310118081e-06
1.574945685492469272e-01 -6.615206808347150652e-07 -6.753466251466008544e+03 2.552285014862296228e-06 -7.613708092368665348e+02 -2.886747896403728437e-06
1.625189323163163113e-01 4.260209355041058512e-08 -6.290495766423357964e+03 -2.173681328766537784e-06 -1.019797153284671595e+03 -8.788422076371465595e-08
1.675461007718098694e-01 -2.976159028420415391e-07 -5.633440774487471572e+03 1.010156166580651967e-07 -7.542391087699315904e+02 1.903546969819991988e-07
1.725292014006662711e-01 -1.931428618518640756e-07 -4.885741899330850174e+03 -1.231285744305633551e-06 -8.892716484820516598e+02 1.462654797565678905e-06
1.775301965061671094e-01 0.000000000000000000e+00 -4.292077233720343429e+03 1.771590855312973355e-07 -1.009987884906612862e+03 1.338321352654909057e-06
1.825147654490652804e-01 5.048847454873112488e-07 -3.817489674731897594e+03 -6.924133652397412622e-07 -8.088062867440692116e+02 3.653201765561759417e-06
1.875360723572403465e-01 -6.137613477653631694e-08 -3.457612290502793257e+03 -2.420947538407821111e-07 -7.819522346368714807e+02 -7.970373057786312913e-07
1.925323683450522461e-01 -2.492198063651333400e-07 -3.241296990468030344e+03 1.523917832363848059e-07 -7.275574060190639329e+02 -6.188618060517798230e-07
1.975198663583639380e-01 4.183768140571645083e-07 -2.671836499304413792e+03 5.326199293347666458e-08 -4.697035032249904702e+02 3.282559781878398504e-07
2.025153694923672032e-01 4.211148964464923639e-07 -2.199899063977612968e+03 -1.438563824574206322e-06 -3.384283026150728801e+02 2.588163318981894755e-06
2.075088499274508613e-01 -5.409009931244132399e-07 -2.093300419061577031e+03 2.956086822889234890e-07 -3.733322952208660581e+02 -1.189597823702884300e-06
2.125178062418619784e-01 6.445500005454704091e-07 -1.883436899982545128e+03 -1.345032025931663458e-06 -3.286184979926688925e+02 2.380440342923612477e-06
2.175004174234404231e-01 -2.139967786835335879e-07 -1.665929803888561537e+03 -1.503435733211772108e-07 -3.367322615941419031e+02 -5.358949713750716908e-07
2.225093171556767890e-01 -2.404805116132463952e-07 -1.497416362955812474e+03 4.328649209038435061e-08 -3.682374263706389002e+02 -6.240469276363744266e-07
2.275289586476768322e-01 -8.435704050103501497e-08 -1.355241389866830104e+03 1.257262951780675732e-06 -2.624427330476044631e+02 -1.013427220094483101e-06
2.325285406108919262e-01 2.056784729833281871e-07 -1.087473486984519695e+03 -9.916145003143589558e-07 -1.900888799956342439e+02 1.320915172899508658e-06
2.375276552426477672e-01 -3.810590213286811771e-07 -1.074538231675162706e+03 1.716035429508117537e-07 -2.362865354192300913e+02 -8.140146302766175429e-07
2.424991024241769377e-01 -3.106730979247210355e-07 -9.026537234311954307e+02 -1.174941956579313903e-06 -1.973666368409501501e+02 5.862473487580297033e-07
2.474998551644826128e-01 -1.035819174271533790e-07 -7.067972462375920486e+02 -1.201941117315081649e-07 -1.786089177073326937e+02 -3.349311528128002087e-07
2.525200307756395035e-01 -5.503169825819672523e-07 -7.157653572533250781e+02 1.398447014914553226e-06 -3.323654809774203613e+02 -1.109719387046183902e-06
2.575182250600202005e-01 -8.913561303181581212e-08 -5.044847328813054332e+02 4.856981363162208808e-07 -1.885852320989494046e+02 -9.018159216433201848e-07
2.625255687975799335e-01 9.376228573237005645e-07 -3.770047070234495550e+02 -1.187916795560064464e-06 -1.721737319564101085e+02 3.230641801923015135e-06
2.675305520911575030e-01 2.533615090603036188e-07 -3.290043495671145024e+02 -5.996924699899286245e-07 -1.697316248049598642e+02 6.679973633109158999e-07
2.725404586615198799e-01 2.049892855490030134e-07 -2.373954619982017107e+02 4.462955705062939233e-07 -1.722605252023060132e+02 -8.794766690040394718e-07
2.775333197047151201e-01 -6.480262214616666420e-07 -2.146672396412231478e+02 1.881958074074462984e-06 -2.466724481091839607e+02 -1.788727886552855293e-06
2.825123907298719983e-01 -7.236923361946520034e-08 -1.168336441672327624e+02 4.342154017167912285e-07 -5.213642314580374659e+01 -5.065846353362564156e-07
2.875104651677040102e-01 -2.235773536259815952e-07 -7.464227398965715565e+01 2.491499267531363545e-07 -1.866070436697950470e+02 -4.462414010688505478e-07
2.924971317655564174e-01 2.765698511137569316e-07 -5.655570518674357317e+01 -7.478674545423019008e-07 -5.734503924447167122e+01 1.449875112343802217e-06
2.975058823671092867e-01 4.742541667591688294e-09 -2.973574796310274326e+00 -5.267608780789338839e-07 -9.566866841310718428e+01 4.618049948817406282e-07
3.025121359101998753e-01 -3.986046124687918507e-07 5.768126378020837386e+00 7.972916834838122806e-07 -9.943523842462495566e+01 -4.741984847238115217e-07
3.075010376196579687e-01 -2.200671882348330570e-07 9.252211945445995411e+01 8.410393846018185051e-07 -1.429368344045566346e+02 -8.664746864304096880e-07
3.125134169243361515e-01 -1.341625883285366007e-07 8.680510758093706158e+01 4.667308568810640106e-07 -1.175294289161471966e+02 -7.636202381286682432e-07
3.175159688234982513e-01 -2.797192324530164998e-07 1.016842451690228017e+02 2.806186512068846848e-07 -1.607458419703117158e+02 -5.879200587785265487e-07
3.225221380836135188e-01 1.448965621755238909e-07 1.496055125542760038e+02 -3.910478790323532505e-07 -8.413426467811969189e+01 4.852810557752324299e-07
3.275181733526948968e-01 2.467336587577517781e-07 1.668782673084043040e+02 -3.840825329088185036e-07 -5.283947149203998350e+01 2.197758527386413583e-07
3.325123842131759710e-01 1.753680979633863363e-07 2.750989263189730991e+02 -4.036723864884759470e-07 -1.801678038019160795e+02 8.893958683475919902e-07
3.374959366892091861e-01 -5.238977430981326759e-08 2.085118067477139903e+02 -8.072301959981431506e-08 -1.198796815331254635e+02 9.078666757310243188e-07
3.424919221947719805e-01 1.697695905327780188e-07 2.221518972572486064e+02 -7.176739207278896890e-07 -1.297300669228012566e+02 5.001049707632705085e-07
3.475179778446125245e-01 -1.779161742960658471e-07 2.100636455712745487e+02 2.812695806253215854e-07 -1.209417535204364924e+02 -3.661536678102703350e-07
3.525052850529177828e-01 1.169442559476289260e-07 2.511451860130927685e+02 -1.310750202079674406e-07 -1.229228404917771087e+02 -2.510646994875658479e-07
3.575133254796376558e-01 2.151908997018494771e-08 2.511546780510611541e+02 -2.558900481237209799e-07 -9.520536364402818208e+01 2.503933240552498365e-07
3.625250227669692404e-01 3.578612251896363300e-08 2.259652160819153721e+02 -1.482855140974391952e-07 -1.142192215027857145e+02 9.424229412081729238e-07
3.675230446100045678e-01 7.875848519891521420e-08 2.504403764699021053e+02 -3.926800180115405117e-07 -1.096826469537577822e+02 3.432334831656114241e-07
3.725177060730277545e-01 -8.877476054144748330e-08 2.597427525873406466e+02 1.477761677317706985e-07 -2.041833009320144185e+02 -1.078875084344311102e-07
3.775163034622419089e-01 2.255869408568414178e-07 2.630416008715978933e+02 -5.437655365429833880e-07 -1.871210928072486013e+02 -1.447796784603609245e-07
3.825226892977953153e-01 -2.021789550781249943e-07 2.302937837837837947e+02 4.990036423141891745e-07 -1.527883648648648602e+02 -6.212801546663851633e-07
3.875130067694269043e-01 1.140087999960896338e-07 2.385768967334036006e+02 -3.304446333954532769e-07 -1.011432231296101207e+02 2.182635416848893253e-07
3.924957861003909865e-01 3.064230803269720183e-08 2.585894892672095011e+02 7.660577008174299796e-08 -1.571850545489653541e+02 -8.063248363732179925e-08
3.975064703251052212e-01 1.391545598166160928e-07 2.278232823245152190e+02 -1.815059475868905512e-07 -2.085768168019329778e+02 5.203170497490862184e-07
