3.798113400606732779e-03 6.848510526315788738e+05 0.000000000000000000e+00 2.331193894736841787e+06 0.000000000000000000e+00 4.421230315789473243e+06 1.013558164210526198e+08 0.000000000000000000e+00 3.886448640000000000e+08 0.000000000000000000e+00 5.136767191578947306e+08
8.299341265228576958e-03 1.100316500000000000e+06 0.000000000000000000e+00 8.940736875000000000e+05 0.000000000000000000e+00 6.718715000000000000e+05 3.085908600000000000e+07 0.000000000000000000e+00 5.412603600000000000e+07 0.000000000000000000e+00 1.123244000000000000e+06
1.293222767532251419e-02 1.086949503184713423e+06 0.000000000000000000e+00 7.365026242038216442e+05 0.000000000000000000e+00 -1.679589426751592546e+05 1.507983327388535067e+07 0.000000000000000000e+00 2.969442812738853693e+07 0.000000000000000000e+00 -6.921132840764331631e+06
1.764839556552980082e-02 9.448693698630136205e+05 0.000000000000000000e+00 7.038356164383561118e+05 0.000000000000000000e+00 5.757318356164383003e+05 7.195669479452054016e+06 0.000000000000000000e+00 1.551991934246575274e+07 0.000000000000000000e+00 3.030335123287671246e+06
2.256548662787912635e-02 8.402301701323251473e+05 0.000000000000000000e+00 5.208517202268431429e+05 0.000000000000000000e+00 -2.589633270321361197e+05 3.937266691871455871e+06 0.000000000000000000e+00 7.385527410207939334e+06 0.000000000000000000e+00 -1.949886185255198507e+06
2.777643688250242340e-02 7.925870829268292291e+05 0.000000000000000000e+00 5.702894439024389721e+05 0.000000000000000000e+00 -2.846642926829268254e+04 2.335401990243902430e+06 0.000000000000000000e+00 4.353332760975609533e+06 0.000000000000000000e+00 -5.130995121951219626e+05
3.269804980233311648e-02 6.190005760000000009e+05 0.000000000000000000e+00 5.662405119999999879e+05 0.000000000000000000e+00 9.054708000000000175e+04 1.491584256000000052e+06 0.000000000000000000e+00 3.026704384000000078e+06 0.000000000000000000e+00 3.151212160000000149e+05
3.761648458559932462e-02 5.547212299393122084e+05 0.000000000000000000e+00 4.116147700606877916e+05 0.000000000000000000e+00 4.568995819285232574e+04 1.025969370195549564e+06 0.000000000000000000e+00 1.966177877275792183e+06 0.000000000000000000e+00 9.426098449089682254e+04
4.263843696389812976e-02 4.877210714285714203e+05 0.000000000000000000e+00 2.850550357142856810e+05 0.000000000000000000e+00 2.374370982142856883e+04 6.808434285714285215e+05 0.000000000000000000e+00 1.284175142857142724e+06 0.000000000000000000e+00 1.274964732142857101e+05
4.756514582339458480e-02 4.030368320976886316e+05 0.000000000000000000e+00 1.714884186655037047e+05 0.000000000000000000e+00 -1.032636929786306137e+05 5.022682599215002265e+05 0.000000000000000000e+00 8.089810449193196837e+05 0.000000000000000000e+00 -1.693026637592673360e+05
5.262096060748640974e-02 3.929164044943820336e+05 0.000000000000000000e+00 2.380385842696629115e+05 0.000000000000000000e+00 8.454899929775281180e+02 3.957901573033707682e+05 0.000000000000000000e+00 6.760746067415729631e+05 0.000000000000000000e+00 8.046164044943820045e+04
5.756031740041873956e-02 3.627758811881188303e+05 0.000000000000000000e+00 2.061914257425742690e+05 0.000000000000000000e+00 2.766636881188118787e+04 3.240620792079208186e+05 0.000000000000000000e+00 5.115114059405940934e+05 0.000000000000000000e+00 1.676452227722772295e+04
6.254738279606215923e-02 3.406956566102526267e+05 0.000000000000000000e+00 1.698435830267353449e+05 0.000000000000000000e+00 -1.317646406671572186e+04 2.814997851361294743e+05 0.000000000000000000e+00 4.239107265145940473e+05 0.000000000000000000e+00 -1.264071228844738653e+04
6.757793472572401483e-02 3.268273884007029701e+05 0.000000000000000000e+00 1.896352337434094807e+05 0.000000000000000000e+00 2.835043936731107169e+04 2.239103128295254719e+05 0.000000000000000000e+00 3.337644428822495393e+05 0.000000000000000000e+00 6.998949033391914782e+03
7.255917516659465827e-02 2.908766315789473592e+05 0.000000000000000000e+00 1.806114160312441818e+05 0.000000000000000000e+00 1.192487706899758268e+04 1.926142309838199872e+05 0.000000000000000000e+00 2.773014424400223070e+05 0.000000000000000000e+00 2.200591259066393832e+04
7.753384299139773339e-02 2.663828054904586752e+05 0.000000000000000000e+00 1.456301466354201548e+05 0.000000000000000000e+00 2.037546300636090018e+04 1.680539618346166681e+05 0.000000000000000000e+00 2.251821037830599525e+05 0.000000000000000000e+00 1.508426247070639511e+04
8.251793356505521260e-02 2.453431376146789116e+05 0.000000000000000000e+00 1.191526513761467941e+05 0.000000000000000000e+00 -2.705947534403670033e+03 1.494594403669724998e+05 0.000000000000000000e+00 1.829780366972477059e+05 0.000000000000000000e+00 -6.815226490825688188e+02
8.752751931716111489e-02 2.229530771025009744e+05 0.000000000000000000e+00 1.109026533627057215e+05 0.000000000000000000e+00 3.524386678761176881e+03 1.346322062977841124e+05 0.000000000000000000e+00 1.693070778800052067e+05 0.000000000000000000e+00 2.759840559803032374e+04
9.254701955136974967e-02 2.009335132178669155e+05 0.000000000000000000e+00 1.016511139471285278e+05 0.000000000000000000e+00 2.037328714676390155e+04 1.150400072926162247e+05 0.000000000000000000e+00 1.239570902461257938e+05 0.000000000000000000e+00 1.374018960802187758e+04
9.754963178921903511e-02 1.835763994556683756e+05 0.000000000000000000e+00 8.332113974667643197e+04 0.000000000000000000e+00 8.615721972155344702e+03 1.063959769705851504e+05 0.000000000000000000e+00 1.202973960012561438e+05 0.000000000000000000e+00 1.378099277713807169e+04
1.025319613041059119e-01 1.702991249530956848e+05 0.000000000000000000e+00 8.492785590994371159e+04 0.000000000000000000e+00 6.236282926829268035e+03 9.762809756097561331e+04 0.000000000000000000e+00 9.780272870544089528e+04 0.000000000000000000e+00 3.658637898686679364e+03
1.075116003998943526e-01 1.610724741557546367e+05 0.000000000000000000e+00 7.326046588559614611e+04 0.000000000000000000e+00 -1.626562370778773129e+03 8.987734252239835041e+04 0.000000000000000000e+00 8.674205375603032007e+04 0.000000000000000000e+00 6.169431426602342981e+03
1.125102861506304813e-01 1.517704815645049093e+05 0.000000000000000000e+00 7.282958583906624699e+04 0.000000000000000000e+00 1.860077916054726757e+03 8.409889897194094374e+04 0.000000000000000000e+00 7.509387585993662651e+04 0.000000000000000000e+00 7.041241709824535064e+03
1.175500852175193622e-01 1.443002474754657887e+05 0.000000000000000000e+00 6.933969904707722890e+04 0.000000000000000000e+00 5.364566064571185052e+03 7.988207651827621157e+04 0.000000000000000000e+00 7.156672336794197327e+04 0.000000000000000000e+00 7.563761058170957767e+03
1.225369446564099490e-01 1.368762174114531663e+05 0.000000000000000000e+00 5.998799443892751151e+04 0.000000000000000000e+00 8.885742204568025045e+03 7.486073856338960468e+04 0.000000000000000000e+00 6.136731837140020070e+04 0.000000000000000000e+00 6.991676398543529103e+03
1.275260957852891452e-01 1.360754402134368138e+05 0.000000000000000000e+00 6.044221780257094360e+04 0.000000000000000000e+00 2.680827310211011536e+03 7.148016104778074077e+04 0.000000000000000000e+00 5.282510016977928171e+04 0.000000000000000000e+00 6.548677176813000187e+03
1.325302087090364789e-01 1.285098021435385162e+05 0.000000000000000000e+00 5.707774333651310008e+04 0.000000000000000000e+00 3.639744963806744522e+02 6.865324998597160447e+04 0.000000000000000000e+00 4.816026754952022748e+04 0.000000000000000000e+00 3.106943044722518152e+03
1.375062694904859717e-01 1.220803446673706349e+05 0.000000000000000000e+00 5.322441055966208660e+04 0.000000000000000000e+00 1.160245237592397098e+04 6.396108637803589954e+04 0.000000000000000000e+00 4.549527518479408900e+04 0.000000000000000000e+00 8.895118901795141937e+03
1.425134422753508989e-01 1.148875192935304221e+05 0.000000000000000000e+00 4.839268957573430816e+04 0.000000000000000000e+00 2.538214148588980663e+02 6.202082242272989242e+04 0.000000000000000000e+00 4.192874793626416067e+04 0.000000000000000000e+00 1.631947398732962256e+03
1.475259222195813014e-01 1.076744350995489513e+05 0.000000000000000000e+00 4.675351186842225434e+04 0.000000000000000000e+00 7.745122602396464572e+03 5.849127632238371007e+04 0.000000000000000000e+00 3.639195881361337524e+04 0.000000000000000000e+00 4.408068886965237652e+03
1.525299430011916868e-01 1.011978085897869460e+05 0.000000000000000000e+00 4.366359688873858249e+04 0.000000000000000000e+00 2.091405140344944357e+03 5.673141156577612128e+04 0.000000000000000000e+00 3.550272844098748465e+04 0.000000000000000000e+00 5.731612445045654567e+03
1.574945685492469272e-01 9.669953524487401592e+04 0.000000000000000000e+00 3.839621337000040512e+04 0.000000000000000000e+00 1.715649290249524768e+02 5.404623092166457354e+04 0.000000000000000000e+00 3.081087135519876756e+04 0.000000000000000000e+00 1.750889958345128662e+03
1.625189323163163113e-01 9.320938510948905605e+04 0.000000000000000000e+00 4.077272759124088043e+04 0.000000000000000000e+00 7.719971386861314386e+03 5.231957021897810773e+04 0.000000000000000000e+00 3.027670656934306680e+04 0.000000000000000000e+00 4.140534014598540125e+03
1.675461007718098694e-01 8.937653758542140713e+04 0.000000000000000000e+00 3.856253302961275767e+04 0.000000000000000000e+00 9.301872152619589542e+02 5.089262870159452723e+04 0.000000000000000000e+00 2.784438724373576042e+04 0.000000000000000000e+00 3.197393223234624202e+03
1.725292014006662711e-01 8.623800955928405165e+04 0.000000000000000000e+00 3.673935010053730366e+04 0.000000000000000000e+00 5.868684181033062487e+03 4.949019138345914689e+04 0.000000000000000000e+00 2.562754550548834959e+04 0.000000000000000000e+00 4.436405445495599452e+03
1.775301965061671094e-01 8.308709540636042948e+04 0.000000000000000000e+00 3.294121352852095151e+04 0.000000000000000000e+00 2.231640333165068114e+03 4.798947198384653893e+04 0.000000000000000000e+00 2.258131246845027636e+04 0.000000000000000000e+00 1.203415320545179156e+03
1.825147654490652804e-01 8.038869662323850207e+04 0.000000000000000000e+00 3.055891565481993530e+04 0.000000000000000000e+00 2.608463470117285397e+03 4.698000460870336246e+04 0.000000000000000000e+00 2.167748955656001635e+04 0.000000000000000000e+00 1.667892463588289274e+03
1.875360723572403465e-01 7.840818055865922361e+04 0.000000000000000000e+00 2.904886525139664809e+04 0.000000000000000000e+00 2.753128268156424838e+03 4.527348201117318240e+04 0.000000000000000000e+00 2.094114502793296197e+04 0.000000000000000000e+00 3.749594189944134087e+03
1.925323683450522461e-01 7.643872935632430017e+04 0.000000000000000000e+00 2.954843054514297910e+04 0.000000000000000000e+00 4.081818999678697310e+03 4.458570247402806126e+04 0.000000000000000000e+00 2.003849973224804489e+04 0.000000000000000000e+00 2.079145121559387462e+03
1.975198663583639380e-01 7.321627843682812818e+04 0.000000000000000000e+00 2.929159640824585586e+04 0.000000000000000000e+00 4.082087062096875798e+03 4.340514157076008269e+04 0.000000000000000000e+00 1.914250279499177850e+04 0.000000000000000000e+00 2.204018312887315005e+03
2.025153694923672032e-01 7.115584599054328282e+04 0.000000000000000000e+00 2.463449580237383270e+04 0.000000000000000000e+00 1.137525234005596985e+03 4.242451490881018981e+04 0.000000000000000000e+00 1.717231844060600270e+04 0.000000000000000000e+00 1.977518672199170169e+03
2.075088499274508613e-01 6.856511154365797120e+04 0.000000000000000000e+00 2.476500290824154581e+04 0.000000000000000000e+00 3.663718244063294605e+03 4.147161308937690774e+04 0.000000000000000000e+00 1.596441887838054572e+04 0.000000000000000000e+00 1.219938629233552547e+03
2.125178062418619784e-01 6.670298621050795191e+04 0.000000000000000000e+00 2.344562471635538532e+04 0.000000000000000000e+00 5.308815150986210938e+03 4.057253971024612110e+04 0.000000000000000000e+00 1.619787187990923485e+04 0.000000000000000000e+00 2.932634316634665993e+03
2.175004174234404231e-01 6.383368403333052993e+04 0.000000000000000000e+00 2.079394259742445865e+04 0.000000000000000000e+00 1.805669977274640132e+02 3.973869135594647378e+04 0.000000000000000000e+00 1.422856123221951020e+04 0.000000000000000000e+00 9.934196616446427015e+02
2.225093171556767890e-01 6.232789298871180654e+04 0.000000000000000000e+00 2.121479277398002523e+04 0.000000000000000000e+00 3.905153641575225265e+03 3.858827934831858875e+04 0.000000000000000000e+00 1.341889151119954295e+04 0.000000000000000000e+00 1.376763105533776070e+03
2.275289586476768322e-01 6.058691810806674039e+04 0.000000000000000000e+00 2.025800581662329932e+04 0.000000000000000000e+00 1.462485688045308507e+03 3.825577468238175788e+04 0.000000000000000000e+00 1.395306168682075622e+04 0.000000000000000000e+00 1.754750344405326814e+03
2.325285406108919262e-01 5.933014796354574355e+04 0.000000000000000000e+00 2.047531057064377092e+04 0.000000000000000000e+00 3.731379986538846424e+03 3.738912527968275390e+04 0.000000000000000000e+00 1.238000851327015152e+04 0.000000000000000000e+00 3.846626889563967779e+02
2.375276552426477672e-01 5.724289597468799911e+04 0.000000000000000000e+00 1.764398551590789430e+04 0.000000000000000000e+00 3.088694955176657004e+03 3.735954382140973757e+04 0.000000000000000000e+00 1.238314164176480881e+04 0.000000000000000000e+00 6.475410089646686629e+02
2.424991024241769377e-01 5.622960714466598438e+04 0.000000000000000000e+00 1.828522343963668754e+04 0.000000000000000000e+00 9.235602451336249032e+02 3.644252683470362535e+04 0.000000000000000000e+00 1.119565539479681865e+04 0.000000000000000000e+00 7.178651765063393668e+02
2.474998551644826128e-01 5.431555606788344448e+04 0.000000000000000000e+00 1.596410016010246545e+04 0.000000000000000000e+00 1.852452001280819786e+03 3.572536151136727858e+04 0.000000000000000000e+00 1.078339647774575678e+04 0.000000000000000000e+00 9.054950368235670339e+02
2.525200307756395035e-01 5.299335007732756640e+04 0.000000000000000000e+00 1.523244540674296331e+04 0.000000000000000000e+00 3.052714877822455946e+03 3.492582344571605790e+04 0.000000000000000000e+00 1.052745165480977448e+04 0.000000000000000000e+00 -1.834474017939994042e+02
2.575182250600202005e-01 5.237104978764622501e+04 0.000000000000000000e+00 1.472759359213173411e+04 0.000000000000000000e+00 1.288140078980701901e+03 3.467962816481633490e+04 0.000000000000000000e+00 1.007317559049251213e+04 0.000000000000000000e+00 4.327257283361895475e+02
2.625255687975799335e-01 5.068205534318480204e+04 0.000000000000000000e+00 1.451580761111428001e+04 0.000000000000000000e+00 1.431262509271409726e+03 3.407395127517544461e+04 0.000000000000000000e+00 9.172200148342557441e+03 0.000000000000000000e+00 9.989196097449648732e+02
2.675305520911575030e-01 4.941797898399634869e+04 0.000000000000000000e+00 1.344731191229063370e+04 0.000000000000000000e+00 1.312663453970533283e+03 3.371536720012150909e+04 0.000000000000000000e+00 9.117068253683322837e+03 0.000000000000000000e+00 -3.240829317463166603e+02
2.725404586615198799e-01 4.818355783572221844e+04 0.000000000000000000e+00 1.287468725868725778e+04 0.000000000000000000e+00 1.500209340455915708e+03 3.335832866134235519e+04 0.000000000000000000e+00 8.999226952980377973e+03 0.000000000000000000e+00 1.141547151848521708e+03
2.775333197047151201e-01 4.731913211156202306e+04 0.000000000000000000e+00 1.196990658360689667e+04 0.000000000000000000e+00 9.753157391371778431e+02 3.276779817509757777e+04 0.000000000000000000e+00 8.554081319306225851e+03 0.000000000000000000e+00 3.276580763563987944e+02
2.825123907298719983e-01 4.643901340085222182e+04 0.000000000000000000e+00 1.129746117458160916e+04 0.000000000000000000e+00 1.012539640585438178e+03 3.242585828444389699e+04 0.000000000000000000e+00 8.414128574075217330e+03 0.000000000000000000e+00 5.197609337367998705e+02
2.875104651677040102e-01 4.562053859413905593e+04 0.000000000000000000e+00 1.213576556215284472e+04 0.000000000000000000e+00 1.130634361233480149e+03 3.181073664049032595e+04 0.000000000000000000e+00 7.974660026814785851e+03 0.000000000000000000e+00 6.086380482666155558e+02
2.924971317655564174e-01 4.433050637505923805e+04 0.000000000000000000e+00 1.014158119964396792e+04 0.000000000000000000e+00 -5.923787351605035383e+02 3.133215808759782158e+04 0.000000000000000000e+00 7.305582725496768944e+03 0.000000000000000000e+00 -4.457751216636419258e+02
2.975058823671092867e-01 4.376451114465855790e+04 0.000000000000000000e+00 1.042188011721871953e+04 0.000000000000000000e+00 1.466971583340733559e+03 3.108110469762898356e+04 0.000000000000000000e+00 7.315335405381404598e+03 0.000000000000000000e+00 1.229347526862623141e+02
3.025121359101998753e-01 4.258377830616920983e+04 0.000000000000000000e+00 9.217441528684448713e+03 0.000000000000000000e+00 -5.654857982793653264e+02 3.062542077731183235e+04 0.000000000000000000e+00 6.983524447710864479e+03 0.000000000000000000e+00 -3.964173619817560734e+02
3.075010376196579687e-01 4.189643802058839356e+04 0.000000000000000000e+00 9.071331974708680718e+03 0.000000000000000000e+00 1.206852401107801825e+03 3.033985130375712106e+04 0.000000000000000000e+00 6.760357757224225679e+03 0.000000000000000000e+00 3.615853268537388772e+02
3.125134169243361515e-01 4.116708304846169631e+04 0.000000000000000000e+00 8.582421234667202953e+03 0.000000000000000000e+00 6.811194047858435852e+02 3.002823374220792175e+04 0.000000000000000000e+00 6.695041544339433131e+03 0.000000000000000000e+00 -7.192779408807560912e+02
3.175159688234982513e-01 3.998940511440107366e+04 0.000000000000000000e+00 8.185121592282225720e+03 0.000000000000000000e+00 -8.397742040062480555e+02 2.964570085763967290e+04 0.000000000000000000e+00 6.138987061724514206e+03 0.000000000000000000e+00 -9.188960124176007866e+02
3.225221380836135188e-01 3.929075144421371078e+04 0.000000000000000000e+00 7.343751104398716961e+03 0.000000000000000000e+00 7.470846894468567143e+02 2.929262722295639105e+04 0.000000000000000000e+00 5.652094090994903127e+03 0.000000000000000000e+00 -5.823231262979045368e+02
3.275181733526948968e-01 3.883575209181784885e+04 0.000000000000000000e+00 7.477367493520918288e+03 0.000000000000000000e+00 -1.039613106256941819e+02 2.903906286560533044e+04 0.000000000000000000e+00 6.424411106997408751e+03 0.000000000000000000e+00 -2.975581821547575032e+02
3.325123842131759710e-01 3.830057133707535831e+04 0.000000000000000000e+00 7.032452671748935245e+03 0.000000000000000000e+00 9.258020406166327803e+02 2.867345515357997647e+04 0.000000000000000000e+00 5.829091329603174017e+03 0.000000000000000000e+00 -1.583442361920350265e+02
3.374959366892091861e-01 3.748113597029043740e+04 0.000000000000000000e+00 6.899094278807413502e+03 0.000000000000000000e+00 -6.115169393546578931e+02 2.853122825211085001e+04 0.000000000000000000e+00 5.839819500402901213e+03 0.000000000000000000e+00 -5.249914865290965054e+02
3.424919221947719805e-01 3.685908008234088629e+04 0.000000000000000000e+00 7.204124378067989710e+03 0.000000000000000000e+00 8.044043370642309583e+02 2.827877782130028572e+04 0.000000000000000000e+00 5.194162531565393692e+03 0.000000000000000000e+00 -7.197362424888948453e+02
3.475179778446125245e-01 3.634704427091841353e+04 0.000000000000000000e+00 6.216882151141895520e+03 0.000000000000000000e+00 6.446129316822948567e+02 2.804431613683144315e+04 0.000000000000000000e+00 5.232589669029960532e+03 0.000000000000000000e+00 -2.161378769562518301e+02
3.525052850529177828e-01 3.581489458725850272e+04 0.000000000000000000e+00 5.661997125977965879e+03 0.000000000000000000e+00 -5.413362925115759481e+02 2.773594660705732167e+04 0.000000000000000000e+00 5.288398786524029674e+03 0.000000000000000000e+00 -1.123261567938687449e+03
3.575133254796376558e-01 3.503313625250055338e+04 0.000000000000000000e+00 5.389932046201837693e+03 0.000000000000000000e+00 1.270822420307961238e+03 2.757953568225889467e+04 0.000000000000000000e+00 5.154477424101907673e+03 0.000000000000000000e+00 -2.800244038905197499e+02
3.625250227669692404e-01 3.441599855443456909e+04 0.000000000000000000e+00 5.100724830597800974e+03 0.000000000000000000e+00 -6.618976057822617065e+01 2.724546592380665243e+04 0.000000000000000000e+00 4.704658695979521326e+03 0.000000000000000000e+00 -6.025509411233247192e+02
3.675230446100045678e-01 3.408554830902026151e+04 0.000000000000000000e+00 4.891689055107203785e+03 0.000000000000000000e+00 7.500750752721096433e+02 2.693563659427421589e+04 0.000000000000000000e+00 4.706292063075476108e+03 0.000000000000000000e+00 -6.014897826768439018e+02
3.725177060730277545e-01 3.366834009949111351e+04 0.000000000000000000e+00 4.379257819200640370e+03 0.000000000000000000e+00 3.895091914917948372e+01 2.683960340785636799e+04 0.000000000000000000e+00 4.710862828063354755e+03 0.000000000000000000e+00 -5.217297730001715763e+02
3.775163034622419089e-01 3.329776559256935434e+04 0.000000000000000000e+00 4.328308865612566478e+03 0.000000000000000000e+00 5.610723964115542231e+02 2.666461513849718176e+04 0.000000000000000000e+00 4.456200302025224119e+03 0.000000000000000000e+00 -5.954209114542031784e+02
3.825226892977953153e-01 3.276467199999999866e+04 0.000000000000000000e+00 3.987574486486486421e+03 0.000000000000000000e+00 1.015259243243243191e+03 2.646446702702702532e+04 0.000000000000000000e+00 4.323531243243242898e+03 0.000000000000000000e+00 -3.098503243243243332e+02
3.875130067694269043e-01 3.229478777660695778e+04 0.000000000000000000e+00 4.027973024236038327e+03 0.000000000000000000e+00 5.159444678609062294e+02 2.627570073761854655e+04 0.000000000000000000e+00 4.164928134878819947e+03 0.000000000000000000e+00 -3.895439409905163757e+02
3.924957861003909865e-01 3.184855852991343272e+04 0.000000000000000000e+00 4.070884433430953322e+03 0.000000000000000000e+00 1.051793338267949821e+03 2.607194855984295282e+04 0.000000000000000000e+00 4.426730859588710700e+03 0.000000000000000000e+00 1.108544266726740375e+02
3.975064703251052212e-01 3.158796704045598381e+04 0.000000000000000000e+00 3.826594535654544416e+03 0.000000000000000000e+00 1.843772554364661573e+03 2.594108379902112938e+04 0.000000000000000000e+00 4.263932891394585567e+03 0.000000000000000000e+00 -1.690546279660491891e+01
