3.798113400606732779e-03 -9.046052631578947734e-03 -2.207712000000000000e+07 2.590460526315789200e-02 3.343766231578947231e+07 -3.957648026315789547e-02 1.290739334736842066e+08 0.000000000000000000e+00 -1.927833600000000000e+07 0.000000000000000000e+00 -8.526131200000000000e+07
8.299341265228576958e-03 -6.774902343750000000e-03 5.964866400000000000e+07 2.572631835937500000e-02 1.448784300000000000e+07 -2.066802978515625000e-02 1.220663760000000000e+08 0.000000000000000000e+00 2.868604600000000000e+07 0.000000000000000000e+00 2.874444000000000000e+06
1.293222767532251419e-02 -1.094745222929936279e-03 3.710121579617834836e+07 7.464171974522293505e-04 -7.166107719745223410e+06 -2.600019904458599016e-03 1.014254585477707088e+08 0.000000000000000000e+00 2.374788402547770739e+07 0.000000000000000000e+00 -6.654993610191082954e+07
1.764839556552980082e-02 2.120344606164383579e-03 3.065725895890410617e+07 -5.354371789383561252e-03 1.016775539726027288e+07 5.162905340325342311e-03 8.095267769863013923e+07 0.000000000000000000e+00 7.626900690410958230e+07 0.000000000000000000e+00 2.436598706849315017e+07
2.256548662787912635e-02 -1.107632325141776888e-03 1.751645302079395205e+07 2.532785916824196494e-03 -1.901051644612476521e+05 -2.793079513232514174e-03 6.198476412854442745e+07 0.000000000000000000e+00 4.081766206427221000e+07 0.000000000000000000e+00 -9.440644113421550021e+06
2.777643688250242340e-02 -8.003048780487804397e-04 1.251543914146341383e+07 2.343749999999999913e-03 3.294244839024390094e+06 -3.110708841463414795e-03 4.819970497560975701e+07 0.000000000000000000e+00 3.790862236097560823e+07 0.000000000000000000e+00 2.115519562926829234e+07
3.269804980233311648e-02 4.941406250000000052e-04 8.483965439999999478e+06 -1.047851562499999955e-03 1.225976831999999937e+06 1.706787109375000134e-03 3.806716313599999994e+07 0.000000000000000000e+00 3.356790169600000232e+07 0.000000000000000000e+00 3.997056768000000156e+06
3.761648458559932462e-02 -1.580411328388401748e-04 5.769832954821308143e+06 -1.738452461227241977e-04 1.480453178691840731e+06 1.672601989211058729e-04 3.019107741604854912e+07 0.000000000000000000e+00 2.293252626298044622e+07 0.000000000000000000e+00 1.087248951584625803e+07
4.263843696389812976e-02 8.153915405273437500e-05 3.629072000000000000e+06 3.018719809395926262e-04 2.794307857142856810e+05 -5.749378885541643570e-04 2.349941942857142910e+07 0.000000000000000000e+00 1.432667314285714179e+07 0.000000000000000000e+00 4.345903214285714203e+05
4.756514582339458480e-02 -5.834673462712603793e-05 3.292885017008285969e+06 1.322384022023549884e-04 3.646787265590928728e+05 5.322010091855647936e-04 2.069089309027475119e+07 0.000000000000000000e+00 1.644407168948975205e+07 0.000000000000000000e+00 4.488819049280418549e+05
5.262096060748640974e-02 -1.429868548103932621e-04 2.352215191011236049e+06 5.659467718574438507e-04 3.029668314606741769e+05 -4.633785633558637701e-04 1.714356782022471726e+07 0.000000000000000000e+00 1.126763793258426897e+07 0.000000000000000000e+00 2.361971056179775391e+06
5.756031740041873956e-02 4.834467821782178277e-06 1.937988594059405848e+06 3.625850866336633496e-05 3.072815247524752631e+05 1.927744043935643650e-04 1.525127350495049544e+07 0.000000000000000000e+00 9.876140990099009126e+06 0.000000000000000000e+00 1.864309544554455439e+06
6.254738279606215923e-02 1.532989943585969962e-05 1.541639660534706665e+06 4.215722344861417480e-05 1.649784370860927156e+05 1.523408756438557592e-04 1.310697797007603571e+07 0.000000000000000000e+00 8.313536266862888820e+06 0.000000000000000000e+00 1.772812621044885833e+06
6.757793472572401483e-02 1.012604349736379489e-04 1.215561898066783790e+06 -2.325557447275922423e-04 1.896297223198594002e+05 2.370609759446397021e-04 1.171935696309314482e+07 0.000000000000000000e+00 7.487801588752196170e+06 0.000000000000000000e+00 6.893405694200351136e+05
7.255917516659465827e-02 3.559721963920401896e-05 9.590190396131671732e+05 -1.471109587130370105e-04 7.721153059326762741e+04 -1.559194543890645378e-04 1.035395442216849513e+07 0.000000000000000000e+00 5.700353761577087454e+06 0.000000000000000000e+00 -3.617188350381253404e+05
7.753384299139773339e-02 -1.127934591563441603e-04 7.736889079343823250e+05 3.238316559256779322e-04 8.901000334784065490e+04 -2.917509075786742863e-04 9.115874260462002829e+06 0.000000000000000000e+00 4.841879611650485545e+06 0.000000000000000000e+00 9.380415935721460264e+05
8.251793356505521260e-02 -1.959844466743119375e-05 6.455042935779816471e+05 7.139433414564220072e-05 7.245033486238532350e+04 2.008840578411697232e-05 8.231037064220183529e+06 0.000000000000000000e+00 4.173076550458715763e+06 0.000000000000000000e+00 -1.565497431192660588e+05
8.752751931716111489e-02 1.541341356744849102e-04 5.118982900090708863e+05 -1.767860324608008500e-04 5.328713645198912127e+04 9.842185880199559437e-05 7.151027369184916839e+06 0.000000000000000000e+00 3.631741462226253934e+06 0.000000000000000000e+00 6.858505719839315861e+05
9.254701955136974967e-02 2.952999925222196711e-05 3.992170647219690145e+05 3.322298785394826789e-05 6.633828258887876291e+04 7.137343790059537174e-06 6.355735103008204140e+06 0.000000000000000000e+00 2.771349819507748354e+06 0.000000000000000000e+00 2.733295314494074555e+05
9.754963178921903511e-02 4.089029624201821734e-06 3.276365070658432087e+05 -5.642860881398513586e-05 4.063244970166440180e+04 1.146972809588610922e-04 5.767524733172825538e+06 0.000000000000000000e+00 2.255251468648592010e+06 0.000000000000000000e+00 -1.454092996964304439e+04
1.025319613041059119e-01 -8.354831144465291138e-05 2.535295279549718543e+05 1.260553470919324509e-04 3.690078499061914044e+04 -1.876172607879924951e-04 5.149002446529081091e+06 0.000000000000000000e+00 1.933747151969981147e+06 0.000000000000000000e+00 1.586988908067542070e+05
1.075116003998943526e-01 8.707289692453480190e-06 2.126212984148862888e+05 -1.131316696997760202e-04 2.016469469331495566e+04 4.827392914638611578e-05 4.722051440385940485e+06 0.000000000000000000e+00 1.695615382494831225e+06 0.000000000000000000e+00 -1.628147346657477647e+04
1.125102861506304813e-01 3.638425639638247406e-05 1.926254457756821648e+05 4.974528001082167755e-05 3.049789224704336448e+04 -1.292697906199273471e-05 4.498935649377753958e+06 0.000000000000000000e+00 1.635741256860168651e+06 0.000000000000000000e+00 3.794914555151890381e+05
1.175500852175193622e-01 -1.960139138280472316e-05 1.542134569762480387e+05 1.509515477216967722e-04 2.805202332527378894e+04 -7.205768357874946402e-05 4.165108858483857475e+06 0.000000000000000000e+00 1.318024902289859252e+06 0.000000000000000000e+00 1.941350385435926728e+05
1.225369446564099490e-01 1.732663025488248985e-05 1.331389733200926858e+05 -1.095198195961602196e-04 3.190416312479311819e+04 1.122675128268785249e-04 3.941278582720953505e+06 0.000000000000000000e+00 1.306056851108904462e+06 0.000000000000000000e+00 2.898343700761337532e+05
1.275260957852891452e-01 3.096908728474411730e-05 1.123939267523647723e+05 -1.252678855657288258e-04 2.187292553965558909e+04 6.508393510868906327e-05 3.743217222410865594e+06 0.000000000000000000e+00 1.179940943972835317e+06 0.000000000000000000e+00 4.562691244239631487e+04
1.325302087090364789e-01 -4.555117996324560445e-06 9.241499444475618657e+04 -5.051728604946411357e-06 1.697270590875932976e+04 -6.310294007727891335e-05 3.459237600583581254e+06 0.000000000000000000e+00 9.371201993154144147e+05 0.000000000000000000e+00 -1.817119775545704470e+05
1.375062694904859717e-01 1.319957761351636717e-05 7.697373938753959374e+04 8.249736008447729484e-07 3.542384456177402171e+04 -4.104243664202745741e-05 3.277976248363252264e+06 0.000000000000000000e+00 8.180163446673706640e+05 0.000000000000000000e+00 2.907723961985216592e+05
1.425134422753508989e-01 -6.397618604818583329e-06 6.670782415050873533e+04 1.674395052433288374e-05 2.860644883854866566e+04 -3.677751904006287299e-05 3.129714165482818149e+06 0.000000000000000000e+00 7.548843862545593875e+05 0.000000000000000000e+00 1.577353288539066853e+05
1.475259222195813014e-01 -9.254407945692287002e-06 5.536264467629505089e+04 6.024263633878536572e-05 2.227780983188300161e+04 -4.482603848694701501e-05 2.911125303202879615e+06 0.000000000000000000e+00 6.149612895348307211e+05 0.000000000000000000e+00 1.398426096860904945e+05
1.525299430011916868e-01 7.760980300980722704e-06 4.307367737571863108e+04 -7.513289440311125730e-06 2.718110246871829440e+04 1.199236583741968217e-05 2.782728657423063647e+06 0.000000000000000000e+00 5.852779871491376543e+05 0.000000000000000000e+00 1.477789868109570525e+05
1.574945685492469272e-01 1.030787448942451440e-05 4.038954147288388776e+04 -7.055562366037124850e-05 2.757934112508593535e+04 2.540930555415133049e-05 2.634934752133295406e+06 0.000000000000000000e+00 5.859889384074088885e+05 0.000000000000000000e+00 1.043731991749908921e+05
1.625189323163163113e-01 -1.111998175182481763e-05 3.103225927007299470e+04 2.979584854014598669e-05 2.086179737226277575e+04 -5.984118385036497065e-05 2.471746597372263204e+06 0.000000000000000000e+00 4.683989021897810744e+05 0.000000000000000000e+00 1.264941500729927066e+05
1.675461007718098694e-01 1.160919258969248317e-05 2.323998861047835817e+04 -4.973878621511958941e-05 1.227283143507972636e+04 6.403303906694903186e-05 2.364961239179954398e+06 0.000000000000000000e+00 3.596173849658314139e+05 0.000000000000000000e+00 7.441779043280181941e+04
1.725292014006662711e-01 9.270857368889476050e-06 2.333637841579589440e+04 1.802666710617397933e-06 1.160827240663216617e+04 -2.169638148135939732e-05 2.272760590961532202e+06 0.000000000000000000e+00 3.674177955631737132e+05 0.000000000000000000e+00 1.103014019843755232e+05
1.775301965061671094e-01 -1.947209427057041746e-05 1.541083089348813701e+04 6.494806126956082469e-05 2.232248763250883349e+04 -9.270811971542150282e-05 2.177886206966178492e+06 0.000000000000000000e+00 3.142137344775365782e+05 0.000000000000000000e+00 4.646187178192831925e+04
1.825147654490652804e-01 -2.481147892109072786e-06 1.027097237732281610e+04 8.972523191231645742e-06 1.088414452421046371e+04 2.763162085659842212e-05 2.095428361960471608e+06 0.000000000000000000e+00 2.414295167360926571e+05 0.000000000000000000e+00 8.686548376613785513e+04
1.875360723572403465e-01 3.307491707402234537e-06 1.151739173184357605e+04 -1.721600580481843742e-05 1.362013229050279369e+04 2.769342347896299058e-05 2.020741005586592248e+06 0.000000000000000000e+00 2.300245810055866023e+05 0.000000000000000000e+00 1.065808804469273746e+05
1.925323683450522461e-01 -3.137718217842990012e-06 6.956817821570097294e+03 1.019758420798971775e-05 1.373213837421013159e+04 -2.035594693825639858e-05 1.941787390382349724e+06 0.000000000000000000e+00 2.137619740816107951e+05 0.000000000000000000e+00 1.141888589482703246e+05
1.975198663583639380e-01 1.482072846844567969e-05 -1.321558214240546249e+03 -3.547094346781332584e-05 1.308052834197546326e+04 3.480401068673327135e-05 1.842472282686227234e+06 0.000000000000000000e+00 1.642336837738712493e+05 0.000000000000000000e+00 1.262956298975591199e+05
2.025153694923672032e-01 -1.434735507333783827e-05 2.191078259191353936e+03 3.869545272242594169e-05 1.279254964778539033e+04 -4.281531104500386331e-05 1.780932143973752856e+06 0.000000000000000000e+00 1.052986324423429614e+05 0.000000000000000000e+00 1.793701746598475438e+04
2.075088499274508613e-01 5.151837366037692729e-06 2.765808468249788348e+02 -9.659345642074469623e-06 1.154807373651789567e+04 3.483045988090092862e-05 1.721170734388238750e+06 0.000000000000000000e+00 1.045116292106528708e+05 0.000000000000000000e+00 1.178383904371522221e+05
2.125178062418619784e-01 -1.112248265404084540e-05 -2.422551579682318334e+03 1.476605455795077688e-05 1.234609460638854944e+04 -2.153649299343253723e-05 1.664178918484901544e+06 0.000000000000000000e+00 9.499299144702391641e+04 0.000000000000000000e+00 1.399074742537964776e+05
2.175004174234404231e-01 -7.931847592795219807e-06 -3.372532278427741858e+03 3.431654269421765706e-05 1.502047302415621562e+04 -2.168928791242319651e-05 1.613630249305614037e+06 0.000000000000000000e+00 6.831036040737312578e+04 0.000000000000000000e+00 9.337848329265213397e+04
2.225093171556767890e-01 2.154705384054687769e-06 -4.246254880715509898e+03 -1.539075274324776940e-07 1.191561206438013505e+04 5.579147869427316666e-06 1.575827650991903385e+06 0.000000000000000000e+00 3.469808900533874839e+04 0.000000000000000000e+00 1.533326577490593190e+05
2.275289586476768322e-01 6.759365612563141610e-06 -1.900854584417572369e+03 -1.863613622067771515e-05 1.154714342568498432e+04 1.066281750613472099e-05 1.514865129037195817e+06 0.000000000000000000e+00 4.079333843563447590e+04 0.000000000000000000e+00 1.066156240624521743e+05
2.325285406108919262e-01 8.597970822039911266e-06 -5.468432867043821716e+03 -2.533203800047296084e-05 1.185167118403580025e+04 2.975537422916704948e-06 1.475158011678460520e+06 0.000000000000000000e+00 5.046875520710166711e+03 0.000000000000000000e+00 9.622912076837720815e+04
2.375276552426477672e-01 6.368512699947267119e-06 -5.414788117419581795e+03 -1.042822497363332761e-05 1.295995612585691742e+04 1.788891185291791283e-05 1.431590375250483397e+06 0.000000000000000000e+00 -1.023812353664967486e+04 0.000000000000000000e+00 8.061635746176833345e+04
2.424991024241769377e-01 -5.448886705890297685e-06 -5.138598821602822682e+03 3.066544409366400448e-06 9.462699238600105673e+03 -5.601389586463626428e-06 1.385506281430959003e+06 0.000000000000000000e+00 -1.718246112808738417e+03 0.000000000000000000e+00 5.730355983995408315e+04
2.474998551644826128e-01 2.122452119356387909e-06 -6.746080563560678456e+03 -5.868990528938520549e-06 8.963106756324046728e+03 1.759182517436159150e-05 1.352411456676272908e+06 0.000000000000000000e+00 -4.950280627601665401e+03 0.000000000000000000e+00 6.202537355107268377e+04
2.525200307756395035e-01 1.662844590937210019e-05 -5.889591586761522194e+03 -1.559388773971543578e-05 1.064049984534488249e+04 5.767473007848747624e-06 1.322848112836374901e+06 0.000000000000000000e+00 -2.968310893906588535e+04 0.000000000000000000e+00 6.333518391586761572e+04
2.575182250600202005e-01 2.910550629610311887e-07 -5.364259116310259742e+03 6.490527904030995846e-06 1.128216377319126696e+04 3.485384378958348739e-06 1.293372443543700036e+06 0.000000000000000000e+00 -5.653470352432754589e+04 0.000000000000000000e+00 9.668249245212726237e+04
2.625255687975799335e-01 -1.057241595110401113e-05 -5.400202202316426337e+03 2.308798345053346364e-05 1.004051075483539717e+04 -2.671136908858475371e-05 1.255082218748216983e+06 0.000000000000000000e+00 -4.352364420608204091e+04 0.000000000000000000e+00 9.326733474068579380e+04
2.675305520911575030e-01 -6.472570110879440293e-06 -5.729162093867800650e+03 1.855470098452106223e-05 1.100158948371328734e+04 -1.813668083152676636e-05 1.223380255782162538e+06 0.000000000000000000e+00 -6.922931989340108703e+04 0.000000000000000000e+00 4.213358224824291392e+04
2.725404586615198799e-01 3.796337004813032148e-06 -6.928672343576452477e+03 -1.486253024673401358e-05 9.439809594330141408e+03 2.138667742932511741e-05 1.203841089966678992e+06 0.000000000000000000e+00 -6.728878150949384144e+04 0.000000000000000000e+00 9.211332776220446976e+04
2.775333197047151201e-01 5.550228233967482785e-06 -5.500058210768474964e+03 -7.665878052543490385e-06 9.954829684390104376e+03 1.538736882403165260e-05 1.173376896631943528e+06 0.000000000000000000e+00 -8.125864957220770884e+04 0.000000000000000000e+00 7.509606844676505716e+04
2.825123907298719983e-01 -2.339938553696041509e-06 -6.759256073612054934e+03 -3.895877076514543402e-06 9.530873834372878264e+03 1.137704660192675954e-05 1.148701939652936533e+06 0.000000000000000000e+00 -7.004569144692151167e+04 0.000000000000000000e+00 8.735814003581795259e+04
2.875104651677040102e-01 -7.364901060620570880e-07 -5.250948094234820928e+03 -7.774062230655046393e-07 1.008520666538977093e+04 -5.758943468235251289e-06 1.129613410457766615e+06 0.000000000000000000e+00 -9.123452518674582825e+04 0.000000000000000000e+00 7.097592032177743386e+04
2.924971317655564174e-01 -4.035662113190535253e-06 -4.969557572044526751e+03 1.151151451727565825e-05 8.693269833196545733e+03 -2.324386159424163874e-05 1.098314637690876145e+06 0.000000000000000000e+00 -8.028109574726328719e+04 0.000000000000000000e+00 4.120529054780427396e+04
2.975058823671092867e-01 5.121945000999022643e-06 -4.552905781014119384e+03 -7.688337549118639126e-06 9.034558920166948155e+03 1.266868380604242561e-05 1.082905233993428526e+06 0.000000000000000000e+00 -9.470356948761211243e+04 0.000000000000000000e+00 8.698388278128052480e+04
3.025121359101998753e-01 -4.691561446219358890e-06 -4.601893562751286481e+03 1.527528077174570908e-05 7.516604383727465574e+03 -2.323813766394394818e-05 1.060646813367342576e+06 0.000000000000000000e+00 -9.389492542475466325e+04 0.000000000000000000e+00 5.815839453547187441e+04
3.075010376196579687e-01 -6.858441762031667103e-06 -4.090634728536343573e+03 1.730940063750849284e-05 7.691623472853634667e+03 -2.874013690756126909e-05 1.043767132904844126e+06 0.000000000000000000e+00 -9.926878704081100295e+04 0.000000000000000000e+00 9.128984881642891560e+04
3.125134169243361515e-01 -2.420296161773577281e-06 -5.138683289764730034e+03 1.048876825482606178e-05 6.928590709833099027e+03 -1.022059649450784222e-05 1.019342189905489678e+06 0.000000000000000000e+00 -8.231117603056505322e+04 0.000000000000000000e+00 6.473067331590589311e+04
3.175159688234982513e-01 3.895082816751971829e-06 -5.272707253097031753e+03 -1.027495984419054716e-05 8.139876884989832433e+03 8.713568887475317830e-06 1.003663936025778297e+06 0.000000000000000000e+00 -8.430350030945760955e+04 0.000000000000000000e+00 5.592147486516489880e+04
3.225221380836135188e-01 -3.906157819284500959e-06 -3.220012535397394913e+03 5.635698493840853451e-06 5.991748989994336625e+03 -5.218868820942279361e-06 9.878183315839155111e+05 0.000000000000000000e+00 -8.598870364357183280e+04 0.000000000000000000e+00 6.067952486313007830e+04
3.275181733526948968e-01 -3.592396877024713147e-06 -3.750241836356904969e+03 1.078877171866322685e-05 8.504479822288041760e+03 -1.237742859361260824e-05 9.726351591262494912e+05 0.000000000000000000e+00 -1.073948244353943010e+05 0.000000000000000000e+00 6.871665546094039746e+04
3.325123842131759710e-01 6.758458462688027978e-06 -3.092203350027131364e+03 -9.199495516692315613e-06 7.501265466966739950e+03 -3.481301065452733999e-06 9.584728903279753868e+05 0.000000000000000000e+00 -9.279787192328562378e+04 0.000000000000000000e+00 6.139576697474581306e+04
3.374959366892091861e-01 -7.287524524401780467e-06 -3.404091230774620726e+03 2.278634428756612981e-05 7.341324457835547037e+03 -3.426505075675297210e-05 9.483423180464563193e+05 0.000000000000000000e+00 -9.031040156956171268e+04 0.000000000000000000e+00 5.711875892513051076e+04
3.424919221947719805e-01 1.495498415479752459e-06 -2.326136695863787736e+03 -1.145429704754185857e-05 6.610572369133838038e+03 1.314538020477398074e-05 9.331331062680745963e+05 0.000000000000000000e+00 -9.567610684312728699e+04 0.000000000000000000e+00 6.117899260765570216e+04
3.475179778446125245e-01 1.032973206701081442e-06 -2.734922860783480701e+03 -3.667254299465808349e-06 5.372866076387754219e+03 8.001055499201571790e-06 9.170921517299963161e+05 0.000000000000000000e+00 -8.269966791910346365e+04 0.000000000000000000e+00 7.727886143692619225e+04
3.525052850529177828e-01 1.185035126935973131e-06 -2.326386204694235857e+03 -1.153849992016605389e-06 6.057128404917771149e+03 3.516123962158709822e-06 9.062129571132045239e+05 0.000000000000000000e+00 -9.821416496886475943e+04 0.000000000000000000e+00 4.857397873223694478e+04
3.575133254796376558e-01 5.009269900016095449e-06 -2.024619969188555388e+03 -1.316687622393098823e-05 6.105354538556461193e+03 1.610165907019088597e-05 8.903273252140323166e+05 0.000000000000000000e+00 -9.925725373454637884e+04 0.000000000000000000e+00 5.695593154034230247e+04
3.625250227669692404e-01 3.367456896551724091e-06 -1.959320343321788869e+03 -2.288841336018671854e-05 5.140899021231742154e+03 1.565904219526426770e-05 8.811883126035234891e+05 0.000000000000000000e+00 -9.427638488179490378e+04 0.000000000000000000e+00 6.287335714500828180e+04
3.675230446100045678e-01 -4.129258433027870552e-07 -1.736026769896988526e+03 4.079422555387879297e-06 4.901341615087957507e+03 -1.059902326236248814e-05 8.712365104068703949e+05 0.000000000000000000e+00 -9.250851489768095780e+04 0.000000000000000000e+00 6.136451145667023957e+04
3.725177060730277545e-01 7.656877626651037419e-06 -1.179596775115787068e+03 -1.239967466157298934e-05 5.126119503688032637e+03 1.402859336359640478e-05 8.600036100405970355e+05 0.000000000000000000e+00 -1.056716445765910030e+05 0.000000000000000000e+00 4.647453919606609998e+04
3.775163034622419089e-01 1.558065028082139900e-06 -1.603742464884395986e+03 -9.093763117712261543e-06 4.546226877486708872e+03 7.244981337024034184e-06 8.520948728804794373e+05 0.000000000000000000e+00 -8.984348253011632187e+04 0.000000000000000000e+00 5.408255918797967024e+04
3.825226892977953153e-01 5.182214685388513606e-06 -2.132627675675675619e+03 -5.169430294552364580e-06 4.391536000000000058e+03 1.591295809359163840e-05 8.439697850810810924e+05 0.000000000000000000e+00 -9.189371156756755954e+04 0.000000000000000000e+00 6.108487956756756466e+04
3.875130067694269043e-01 3.614516102476290905e-06 -8.866996838777661196e+02 -6.592311396865121140e-06 4.530016859852476955e+03 5.786763101784773587e-06 8.392311232876712456e+05 0.000000000000000000e+00 -9.192326069546892541e+04 0.000000000000000000e+00 5.629096059009483724e+04
3.924957861003909865e-01 -2.639952692047758520e-07 -8.798113345991697543e+02 7.347868326199594917e-06 4.196603971293406175e+03 -6.158318214366169991e-06 8.267881652624465059e+05 0.000000000000000000e+00 -9.318029589675925672e+04 0.000000000000000000e+00 6.431702707817076589e+04
3.975064703251052212e-01 5.354425453813270889e-07 -1.047159407719472256e+03 -1.794035036940090584e-05 4.083090960907007229e+03 8.401834686319002355e-06 8.231544506040518172e+05 0.000000000000000000e+00 -9.070482374078434077e+04 0.000000000000000000e+00 6.005522413729013351e+04
