3.798113400606732779e-03 -1.159173026315789321e+04 0.000000000000000000e+00 5.467167894736841554e+05 0.000000000000000000e+00 7.098722105263157282e+05 4.165283031578946859e+07 0.000000000000000000e+00 1.651458964210526347e+08 0.000000000000000000e+00 2.295170694736841917e+08
8.299341265228576958e-03 6.662900000000000000e+05 0.000000000000000000e+00 1.499770250000000000e+06 0.000000000000000000e+00 9.702945625000000000e+05 3.035321600000000000e+07 0.000000000000000000e+00 7.143065600000000000e+07 0.000000000000000000e+00 3.509098800000000000e+07
1.293222767532251419e-02 8.106745477707006503e+05 0.000000000000000000e+00 8.858855541401273804e+05 0.000000000000000000e+00 2.611119745222929923e+05 1.334971108280254900e+07 0.000000000000000000e+00 2.377066639490446076e+07 0.000000000000000000e+00 -3.138603821656051092e+06
1.764839556552980082e-02 1.066690630136986263e+06 0.000000000000000000e+00 7.158928219178081490e+05 0.000000000000000000e+00 6.307400547945204889e+05 7.217234849315067753e+06 0.000000000000000000e+00 1.343234717808219045e+07 0.000000000000000000e+00 1.830723561643835565e+05
2.256548662787912635e-02 9.733794480151229072e+05 0.000000000000000000e+00 6.569709489603025140e+05 0.000000000000000000e+00 -3.409777844990548328e+05 4.509720680529301055e+06 0.000000000000000000e+00 7.437968211720227264e+06 0.000000000000000000e+00 -2.929794661625708919e+06
2.777643688250242340e-02 8.279028292682926403e+05 0.000000000000000000e+00 7.702734048780488083e+05 0.000000000000000000e+00 1.292397853658536624e+05 2.867903375609755982e+06 0.000000000000000000e+00 6.148725385365854017e+06 0.000000000000000000e+00 5.306878829268292757e+05
3.269804980233311648e-02 7.284349440000000177e+05 0.000000000000000000e+00 6.248552319999999600e+05 0.000000000000000000e+00 -1.232836080000000075e+05 1.795148032000000123e+06 0.000000000000000000e+00 3.260059904000000097e+06 0.000000000000000000e+00 -5.454419200000000419e+05
3.761648458559932462e-02 6.065727956844234141e+05 0.000000000000000000e+00 5.205303843560350360e+05 0.000000000000000000e+00 2.081748887390424788e+05 1.111823277140930528e+06 0.000000000000000000e+00 2.074961650708024157e+06 0.000000000000000000e+00 -4.212455832771409041e+04
4.263843696389812976e-02 5.291365357142856810e+05 0.000000000000000000e+00 3.736603571428571013e+05 0.000000000000000000e+00 -2.331464062500000000e+04 8.403563571428570431e+05 0.000000000000000000e+00 1.539499714285714086e+06 0.000000000000000000e+00 -1.089749642857142753e+05
4.756514582339458480e-02 4.829018543392934953e+05 0.000000000000000000e+00 3.557047431312690605e+05 0.000000000000000000e+00 -4.029565808983863826e+04 5.875313318796337117e+05 0.000000000000000000e+00 1.035869111208024435e+06 0.000000000000000000e+00 -9.353269254252071551e+04
5.262096060748640974e-02 4.176579775280898903e+05 0.000000000000000000e+00 2.941196853932584054e+05 0.000000000000000000e+00 2.280829213483145941e+04 4.417122696629213169e+05 0.000000000000000000e+00 7.724809887640449451e+05 0.000000000000000000e+00 -2.786282865168539138e+04
5.756031740041873956e-02 3.888449504950495320e+05 0.000000000000000000e+00 2.505801584158415790e+05 0.000000000000000000e+00 -2.535917574257425804e+04 3.707836435643564328e+05 0.000000000000000000e+00 6.248084356435643276e+05 0.000000000000000000e+00 -3.132812871287128655e+04
6.254738279606215923e-02 3.575238106450821506e+05 0.000000000000000000e+00 2.276565710080941790e+05 0.000000000000000000e+00 -1.382121363747853684e+04 2.804924876134412480e+05 0.000000000000000000e+00 4.254938827569290879e+05 0.000000000000000000e+00 -5.890343684081432002e+04
6.757793472572401483e-02 3.257665518453426776e+05 0.000000000000000000e+00 2.339260878734622092e+05 0.000000000000000000e+00 2.746484007029876739e+04 2.346501089630931383e+05 0.000000000000000000e+00 3.557463620386642870e+05 0.000000000000000000e+00 -1.700131810193321508e+04
7.255917516659465827e-02 3.051793520550492685e+05 0.000000000000000000e+00 1.958272404686628142e+05 0.000000000000000000e+00 1.424635893620978277e+04 1.993577861260926293e+05 0.000000000000000000e+00 2.936239776827227324e+05 0.000000000000000000e+00 1.339078891575227863e+04
7.753384299139773339e-02 2.845453712755272863e+05 0.000000000000000000e+00 1.896625108804820920e+05 0.000000000000000000e+00 2.374737462336793033e+04 1.706311134917977906e+05 0.000000000000000000e+00 2.430582443923669343e+05 0.000000000000000000e+00 2.201562504184800855e+04
8.251793356505521260e-02 2.537631376146789116e+05 0.000000000000000000e+00 1.636901467889908236e+05 0.000000000000000000e+00 -1.924783686926605696e+03 1.453009908256880881e+05 0.000000000000000000e+00 1.963726788990825880e+05 0.000000000000000000e+00 -5.766569380733944854e+03
8.752751931716111489e-02 2.286282358429441520e+05 0.000000000000000000e+00 1.536670768433329067e+05 0.000000000000000000e+00 3.702604017105093226e+04 1.286926878320590913e+05 0.000000000000000000e+00 1.608221225864973676e+05 0.000000000000000000e+00 7.198956589348193120e+03
9.254701955136974967e-02 2.045493090246125648e+05 0.000000000000000000e+00 1.282473947128532309e+05 0.000000000000000000e+00 5.465668185961713789e+03 1.145100528714676329e+05 0.000000000000000000e+00 1.389904393801276165e+05 0.000000000000000000e+00 1.149679033728350078e+04
9.754963178921903511e-02 1.853322357374646817e+05 0.000000000000000000e+00 1.002695630691929255e+05 0.000000000000000000e+00 8.178012666178163954e+02 1.002894068878886173e+05 0.000000000000000000e+00 1.130031110645870358e+05 0.000000000000000000e+00 9.923368156600021393e+03
1.025319613041059119e-01 1.726873816135084489e+05 0.000000000000000000e+00 1.001825320825515955e+05 0.000000000000000000e+00 1.167640225140712937e+04 8.958478048780487734e+04 0.000000000000000000e+00 9.145910994371482229e+04 0.000000000000000000e+00 4.637490431519699996e+03
1.075116003998943526e-01 1.548058773259820882e+05 0.000000000000000000e+00 7.818092350103377248e+04 0.000000000000000000e+00 -9.163084769124741797e+03 8.341074017918675963e+04 0.000000000000000000e+00 7.825409235010338307e+04 0.000000000000000000e+00 4.463388008270158025e+03
1.125102861506304813e-01 1.478123261961815006e+05 0.000000000000000000e+00 7.705511942490530782e+04 0.000000000000000000e+00 5.664619618149494272e+03 7.812013542552369472e+04 0.000000000000000000e+00 7.447213047847260896e+04 0.000000000000000000e+00 9.068772667542707495e+03
1.175500852175193622e-01 1.438039675721803505e+05 0.000000000000000000e+00 7.435371355425970978e+04 0.000000000000000000e+00 3.462430095292277201e+03 7.071217181055326364e+04 0.000000000000000000e+00 5.942669890484995267e+04 0.000000000000000000e+00 1.246618546437206760e+03
1.225369446564099490e-01 1.336951314134392596e+05 0.000000000000000000e+00 6.137136471367097693e+04 0.000000000000000000e+00 -5.273906653426018238e+03 6.726230095994703879e+04 0.000000000000000000e+00 5.349911473022178689e+04 0.000000000000000000e+00 1.699732009268454249e+03
1.275260957852891452e-01 1.285201571671113197e+05 0.000000000000000000e+00 6.495176521950036113e+04 0.000000000000000000e+00 2.690113509580402479e+03 6.387398690274071851e+04 0.000000000000000000e+00 4.861280426873635588e+04 0.000000000000000000e+00 2.749694397283531544e+03
1.325302087090364789e-01 1.220256084394815116e+05 0.000000000000000000e+00 5.537055473879131023e+04 0.000000000000000000e+00 -4.563692273160877448e+03 5.998012412322541059e+04 0.000000000000000000e+00 4.209703518321082083e+04 0.000000000000000000e+00 2.424759553335951807e+02
1.375062694904859717e-01 1.142349854276663100e+05 0.000000000000000000e+00 5.469279155227032606e+04 0.000000000000000000e+00 7.948669060190073651e+03 5.730883041182682064e+04 0.000000000000000000e+00 3.811882238648363273e+04 0.000000000000000000e+00 7.846428722280887087e+03
1.425134422753508989e-01 1.075936817047417862e+05 0.000000000000000000e+00 4.789145248608178372e+04 0.000000000000000000e+00 2.397642541754655213e+03 5.477461931272796937e+04 0.000000000000000000e+00 3.260052063735841875e+04 0.000000000000000000e+00 -3.768450998272221000e+02
1.475259222195813014e-01 1.027815098637751216e+05 0.000000000000000000e+00 4.518101125336006226e+04 0.000000000000000000e+00 5.179797530639209072e+03 5.172292860722584010e+04 0.000000000000000000e+00 3.068613239783133758e+04 0.000000000000000000e+00 1.242583443437058577e+03
1.525299430011916868e-01 9.730055055799796537e+04 0.000000000000000000e+00 4.746920798106188886e+04 0.000000000000000000e+00 2.377299966181941272e+03 5.034796347649645031e+04 0.000000000000000000e+00 2.804444504565437819e+04 0.000000000000000000e+00 1.812083192424754770e+03
1.574945685492469272e-01 9.041088235532009276e+04 0.000000000000000000e+00 3.918149779593157291e+04 0.000000000000000000e+00 1.179720305738666184e+03 4.775002030169450154e+04 0.000000000000000000e+00 2.511764338577263698e+04 0.000000000000000000e+00 7.826970518057183881e+02
1.625189323163163113e-01 8.694746627737226663e+04 0.000000000000000000e+00 3.768418569343066338e+04 0.000000000000000000e+00 3.799370802919708581e+02 4.591520233576642931e+04 0.000000000000000000e+00 2.258769284671533023e+04 0.000000000000000000e+00 1.810840145985401705e+03
1.675461007718098694e-01 8.153982687927107327e+04 0.000000000000000000e+00 3.334500683371298510e+04 0.000000000000000000e+00 -1.009013667425968038e+03 4.395428701594533050e+04 0.000000000000000000e+00 2.123306150341685498e+04 0.000000000000000000e+00 1.406090689066059213e+03
1.725292014006662711e-01 7.805924962916571531e+04 0.000000000000000000e+00 3.155313076441309386e+04 0.000000000000000000e+00 5.479137950357649061e+03 4.281576583050400950e+04 0.000000000000000000e+00 2.014363767017173814e+04 0.000000000000000000e+00 2.464994956653591544e+03
1.775301965061671094e-01 7.574798990408884129e+04 0.000000000000000000e+00 3.195020292781423632e+04 0.000000000000000000e+00 2.602686774356385740e+03 4.172697021706208761e+04 0.000000000000000000e+00 1.870422009086320031e+04 0.000000000000000000e+00 5.431732710752145294e+02
1.825147654490652804e-01 7.265947661673904804e+04 0.000000000000000000e+00 2.862804762326804484e+04 0.000000000000000000e+00 -6.525373866288516638e+02 3.992190256728411623e+04 0.000000000000000000e+00 1.570473290200596784e+04 0.000000000000000000e+00 3.549219474725989016e+02
1.875360723572403465e-01 7.005970592178771039e+04 0.000000000000000000e+00 2.736310346368715182e+04 0.000000000000000000e+00 2.317857653631284848e+03 3.990654569832402194e+04 0.000000000000000000e+00 1.568159106145251462e+04 0.000000000000000000e+00 3.472167039106145126e+02
1.925323683450522461e-01 6.784294741351611447e+04 0.000000000000000000e+00 2.477074863446503150e+04 0.000000000000000000e+00 2.706894291528327813e+03 3.830021291635428497e+04 0.000000000000000000e+00 1.360362600406982892e+04 0.000000000000000000e+00 2.555599228874370681e+02
1.975198663583639380e-01 6.532761917288478435e+04 0.000000000000000000e+00 2.199164649045149781e+04 0.000000000000000000e+00 -6.329697736183128143e+01 3.789804638927532505e+04 0.000000000000000000e+00 1.402375252308081326e+04 0.000000000000000000e+00 1.147728089035032184e+02
2.025153694923672032e-01 6.258759664189906471e+04 0.000000000000000000e+00 1.977331506320563858e+04 0.000000000000000000e+00 2.316736466274245174e+02 3.677621074978288379e+04 0.000000000000000000e+00 1.239936543471967707e+04 0.000000000000000000e+00 -9.263213355206022470e+02
2.075088499274508613e-01 6.048815883120749641e+04 0.000000000000000000e+00 2.077984987061759966e+04 0.000000000000000000e+00 1.345066843756440448e+03 3.580086047310449067e+04 0.000000000000000000e+00 1.143924633034876024e+04 0.000000000000000000e+00 -4.567560054042913862e+02
2.125178062418619784e-01 5.811931715831733891e+04 0.000000000000000000e+00 1.879315901553499862e+04 0.000000000000000000e+00 1.601344911851981124e+03 3.527802548437772930e+04 0.000000000000000000e+00 1.056301134578460551e+04 0.000000000000000000e+00 1.562755607435852880e+02
2.175004174234404231e-01 5.552749027859608032e+04 0.000000000000000000e+00 1.781605050079959619e+04 0.000000000000000000e+00 9.058414274892686535e+02 3.442129652386163070e+04 0.000000000000000000e+00 1.006694116656847109e+04 0.000000000000000000e+00 -5.333947479168419932e+02
2.225093171556767890e-01 5.472874119895195327e+04 0.000000000000000000e+00 1.782644155946494357e+04 0.000000000000000000e+00 1.979051791729871411e+03 3.356523567305608594e+04 0.000000000000000000e+00 9.605446070802387112e+03 0.000000000000000000e+00 1.174042591753511488e+03
2.275289586476768322e-01 5.289136629419868405e+04 0.000000000000000000e+00 1.474690953620082655e+04 0.000000000000000000e+00 9.085489055564059981e+02 3.303597857033522450e+04 0.000000000000000000e+00 8.916187356497781366e+03 0.000000000000000000e+00 -8.110492116944742520e+02
2.325285406108919262e-01 5.054908205846506462e+04 0.000000000000000000e+00 1.486339199243264920e+04 0.000000000000000000e+00 3.059583795681516563e+02 3.253736343295799816e+04 0.000000000000000000e+00 9.644278900551180413e+03 0.000000000000000000e+00 -6.700189183781129998e+01
2.375276552426477672e-01 4.910032750922833657e+04 0.000000000000000000e+00 1.410526025663561268e+04 0.000000000000000000e+00 1.956138231675162615e+03 3.154064447178766204e+04 0.000000000000000000e+00 7.502760836702408596e+03 0.000000000000000000e+00 1.671566531903673933e+02
2.424991024241769377e-01 4.743744439754866471e+04 0.000000000000000000e+00 1.231147988452382924e+04 0.000000000000000000e+00 2.337666368409501501e+03 3.100607836847703220e+04 0.000000000000000000e+00 7.892113112623031157e+03 0.000000000000000000e+00 -1.200722300069218136e+03
2.474998551644826128e-01 4.614898802433557285e+04 0.000000000000000000e+00 1.153696829971181614e+04 0.000000000000000000e+00 2.251021453730387293e+03 3.066584489273134750e+04 0.000000000000000000e+00 7.701782644892731696e+03 0.000000000000000000e+00 5.077691642651296888e+02
2.525200307756395035e-01 4.493633801422827673e+04 0.000000000000000000e+00 9.750330714506650111e+03 0.000000000000000000e+00 5.625167955459326095e+02 3.021919257655428737e+04 0.000000000000000000e+00 7.222877575007732958e+03 0.000000000000000000e+00 -4.018735230436127495e+02
2.575182250600202005e-01 4.373111368750465772e+04 0.000000000000000000e+00 1.063127981521496076e+04 0.000000000000000000e+00 1.655856702183145899e+03 2.969758700543923624e+04 0.000000000000000000e+00 6.806666328887564305e+03 0.000000000000000000e+00 1.311835034647194789e+02
2.625255687975799335e-01 4.263567022308438027e+04 0.000000000000000000e+00 9.574695041935299741e+03 0.000000000000000000e+00 1.830552062532093260e+03 2.937285970217378781e+04 0.000000000000000000e+00 6.450957722371198543e+03 0.000000000000000000e+00 -2.066990928282079096e+02
2.675305520911575030e-01 4.153981679347150202e+04 0.000000000000000000e+00 8.906138937600971985e+03 0.000000000000000000e+00 1.125120835116885928e+03 2.887049977216553089e+04 0.000000000000000000e+00 6.248511122464477921e+03 0.000000000000000000e+00 -3.144014857568937060e+01
2.725404586615198799e-01 4.028821156185539439e+04 0.000000000000000000e+00 8.569996720791241387e+03 0.000000000000000000e+00 2.088578833236367245e+03 2.871237277198920856e+04 0.000000000000000000e+00 6.158942190723012573e+03 0.000000000000000000e+00 -2.535707938858623720e+02
2.775333197047151201e-01 3.948300566081629222e+04 0.000000000000000000e+00 8.305614185643755263e+03 0.000000000000000000e+00 1.470337219220926954e+03 2.813459983973944691e+04 0.000000000000000000e+00 5.423263835396903232e+03 0.000000000000000000e+00 -6.881716338821826184e+02
2.825123907298719983e-01 3.851104452541221690e+04 0.000000000000000000e+00 6.679344012845056568e+03 0.000000000000000000e+00 1.151302414623602772e+03 2.778310944235163333e+04 0.000000000000000000e+00 4.993446155746310069e+03 0.000000000000000000e+00 -6.373780769468288554e+02
2.875104651677040102e-01 3.768553457192108908e+04 0.000000000000000000e+00 6.483372533997317987e+03 0.000000000000000000e+00 1.024787205516184713e+03 2.733613943688948348e+04 0.000000000000000000e+00 4.924243631488220672e+03 0.000000000000000000e+00 -2.014917879716529399e+02
2.924971317655564174e-01 3.661741922805719514e+04 0.000000000000000000e+00 4.963955380365048768e+03 0.000000000000000000e+00 1.056094741587580472e+02 2.722651691731495885e+04 0.000000000000000000e+00 4.556157255314476060e+03 0.000000000000000000e+00 -1.680205851414303652e+03
2.975058823671092867e-01 3.573397176094485621e+04 0.000000000000000000e+00 5.583940680223780873e+03 0.000000000000000000e+00 1.283557410531924234e+03 2.669439943166681405e+04 0.000000000000000000e+00 4.441120681999822409e+03 0.000000000000000000e+00 -8.856399298463723824e+01
3.025121359101998753e-01 3.509232251091608487e+04 0.000000000000000000e+00 5.193878690934244332e+03 0.000000000000000000e+00 3.369670355799576100e+02 2.623489792918593957e+04 0.000000000000000000e+00 4.608872249362327238e+03 0.000000000000000000e+00 -1.116249189399507031e+03
3.075010376196579687e-01 3.420512623713225912e+04 0.000000000000000000e+00 4.527076804096775959e+03 0.000000000000000000e+00 1.308302199926843286e+03 2.612227103516747957e+04 0.000000000000000000e+00 4.212950744630819827e+03 0.000000000000000000e+00 -3.625437215864556038e+02
3.125134169243361515e-01 3.362778781419666484e+04 0.000000000000000000e+00 4.023749366579529578e+03 0.000000000000000000e+00 1.300185401166298107e+03 2.566093448622561846e+04 0.000000000000000000e+00 4.287146430725920254e+03 0.000000000000000000e+00 -1.314578966418660912e+03
3.175159688234982513e-01 3.286567338959239714e+04 0.000000000000000000e+00 4.655426432592272249e+03 0.000000000000000000e+00 3.927267047184918169e+02 2.552285872031908366e+04 0.000000000000000000e+00 3.843181735123930594e+03 0.000000000000000000e+00 -5.600570580896149977e+02
3.225221380836135188e-01 3.196026852935624265e+04 0.000000000000000000e+00 3.682840853313196476e+03 0.000000000000000000e+00 2.752272229563904489e+02 2.516650843873891063e+04 0.000000000000000000e+00 3.619161336605626275e+03 0.000000000000000000e+00 -5.813130451198792343e+02
3.275181733526948968e-01 3.157019770455386970e+04 0.000000000000000000e+00 3.224108404294705451e+03 0.000000000000000000e+00 1.004302850796001536e+02 2.491537771195853566e+04 0.000000000000000000e+00 3.566442058496852951e+03 0.000000000000000000e+00 -1.382105738615327709e+03
3.325123842131759710e-01 3.092540437834135446e+04 0.000000000000000000e+00 3.130488805073965977e+03 0.000000000000000000e+00 2.193117233158686190e+02 2.467786985954081683e+04 0.000000000000000000e+00 3.435594545308983470e+03 0.000000000000000000e+00 -6.784823647668947615e+02
3.374959366892091861e-01 3.031442525312686121e+04 0.000000000000000000e+00 2.780713730161510739e+03 0.000000000000000000e+00 8.085879199803805761e+01 2.434641348141400886e+04 0.000000000000000000e+00 3.041275549171425610e+03 0.000000000000000000e+00 -1.253842413201135287e+03
3.424919221947719805e-01 2.989673306719782704e+04 0.000000000000000000e+00 2.276138779388110834e+03 0.000000000000000000e+00 7.840150680479043785e+02 2.412231787913892185e+04 0.000000000000000000e+00 2.804172515813949758e+03 0.000000000000000000e+00 -1.056281559142921424e+03
3.475179778446125245e-01 2.924080896526938159e+04 0.000000000000000000e+00 2.544559087790374633e+03 0.000000000000000000e+00 9.575431110530270189e+02 2.379717894599274587e+04 0.000000000000000000e+00 3.060009801679354041e+03 0.000000000000000000e+00 -6.697051001404906856e+02
3.525052850529177828e-01 2.871095589972856396e+04 0.000000000000000000e+00 2.146117068497524997e+03 0.000000000000000000e+00 1.518296343605300933e+02 2.362376624620788789e+04 0.000000000000000000e+00 2.774607695992336176e+03 0.000000000000000000e+00 -1.047206833785725621e+03
3.575133254796376558e-01 2.814875311755102666e+04 0.000000000000000000e+00 1.888081550689425285e+03 0.000000000000000000e+00 1.266470801940661204e+03 2.336852787209418238e+04 0.000000000000000000e+00 2.676329053966015636e+03 0.000000000000000000e+00 -3.104301185704102863e+02
3.625250227669692404e-01 2.780052257190181990e+04 0.000000000000000000e+00 1.999267098328564771e+03 0.000000000000000000e+00 2.204491341665411710e+02 2.324262008733624316e+04 0.000000000000000000e+00 2.520706640566179431e+03 0.000000000000000000e+00 -7.594644782412286759e+02
3.675230446100045678e-01 2.742873833008915972e+04 0.000000000000000000e+00 1.218497240630171518e+03 0.000000000000000000e+00 3.588924319634903100e+02 2.288836970452507376e+04 0.000000000000000000e+00 2.279155202706150703e+03 0.000000000000000000e+00 -6.607557101094270138e+02
3.725177060730277545e-01 2.696964354737263420e+04 0.000000000000000000e+00 1.171757904968837693e+03 0.000000000000000000e+00 5.765832237406369813e+02 2.277420550060037931e+04 0.000000000000000000e+00 2.260585282177368754e+03 0.000000000000000000e+00 -6.485138086797416008e+02
3.775163034622419089e-01 2.665017176822667170e+04 0.000000000000000000e+00 8.697701436343702426e+02 0.000000000000000000e+00 5.899267554354197500e+02 2.262029670185697250e+04 0.000000000000000000e+00 2.429312830555574692e+03 0.000000000000000000e+00 -7.783003013356686779e+02
3.825226892977953153e-01 2.609561599999999817e+04 0.000000000000000000e+00 1.153870162162162160e+03 0.000000000000000000e+00 1.082741621621621562e+03 2.243379891891891748e+04 0.000000000000000000e+00 2.376754810810810795e+03 0.000000000000000000e+00 -7.115362162162161894e+02
3.875130067694269043e-01 2.595647629083245556e+04 0.000000000000000000e+00 9.482720758693361631e+02 0.000000000000000000e+00 4.484342465753425131e+02 2.220126954689146442e+04 0.000000000000000000e+00 2.139267439409905364e+03 0.000000000000000000e+00 -7.457736564805057924e+02
3.924957861003909865e-01 2.538978555015608435e+04 0.000000000000000000e+00 9.978952788594600634e+02 0.000000000000000000e+00 1.528870466321243612e+03 2.209947414153767022e+04 0.000000000000000000e+00 2.143082830753387498e+03 0.000000000000000000e+00 -5.003032600650082600e+02
3.975064703251052212e-01 2.514216427730624127e+04 0.000000000000000000e+00 8.184253268075088954e+02 0.000000000000000000e+00 1.474359705098816676e+03 2.192527313053714170e+04 0.000000000000000000e+00 2.176162765627904264e+03 0.000000000000000000e+00 3.847590607769035387e+01
