3.798113400606732779e-03 4.257624210526315728e+05 0.000000000000000000e+00 2.118592105263157864e+05 0.000000000000000000e+00 -1.061477263157894602e+06 1.133791393684210479e+08 0.000000000000000000e+00 4.499548698947368264e+08 0.000000000000000000e+00 6.259464623157894611e+08
8.299341265228576958e-03 9.063038750000000000e+05 0.000000000000000000e+00 9.081095000000000000e+05 0.000000000000000000e+00 -1.145714375000000000e+05 3.395565600000000000e+07 0.000000000000000000e+00 6.087374400000000000e+07 0.000000000000000000e+00 -1.302008600000000000e+07
1.293222767532251419e-02 8.984961019108280307e+05 0.000000000000000000e+00 4.160755923566879355e+05 0.000000000000000000e+00 -1.928715286624204018e+05 1.405238298089172132e+07 0.000000000000000000e+00 2.127855205095541477e+07 0.000000000000000000e+00 -1.359313039490445890e+07
1.764839556552980082e-02 9.072639452054793946e+05 0.000000000000000000e+00 7.898578630136986030e+05 0.000000000000000000e+00 5.597551232876712456e+05 7.370535452054793946e+06 0.000000000000000000e+00 1.675349216438356042e+07 0.000000000000000000e+00 4.597407123287671246e+06
2.256548662787912635e-02 7.840392589792060899e+05 0.000000000000000000e+00 6.703195463137996849e+05 0.000000000000000000e+00 -3.708415576559546171e+05 4.192156310018903576e+06 0.000000000000000000e+00 7.763772491493384354e+06 0.000000000000000000e+00 -1.536804173913043458e+06
2.777643688250242340e-02 8.028021853658537148e+05 0.000000000000000000e+00 6.797039609756097198e+05 0.000000000000000000e+00 1.882634926829268225e+05 2.543972058536585420e+06 0.000000000000000000e+00 5.047166126829268411e+06 0.000000000000000000e+00 5.877467707317073364e+05
3.269804980233311648e-02 6.560071040000000503e+05 0.000000000000000000e+00 4.347305920000000042e+05 0.000000000000000000e+00 -1.768760000000000218e+04 1.649203712000000058e+06 0.000000000000000000e+00 3.143696896000000183e+06 0.000000000000000000e+00 2.440842880000000005e+05
3.761648458559932462e-02 5.600326257585973945e+05 0.000000000000000000e+00 4.254076115981119219e+05 0.000000000000000000e+00 1.323435522589345928e+05 1.077535935266352026e+06 0.000000000000000000e+00 2.044487638570465147e+06 0.000000000000000000e+00 -7.867601348617667099e+04
4.263843696389812976e-02 4.680617857142856810e+05 0.000000000000000000e+00 3.049520357142856810e+05 0.000000000000000000e+00 8.012320870535713766e+03 7.029565000000000000e+05 0.000000000000000000e+00 1.271219428571428405e+06 0.000000000000000000e+00 -6.825733035714285506e+04
4.756514582339458480e-02 4.004704962930658367e+05 0.000000000000000000e+00 3.100315743567378959e+05 0.000000000000000000e+00 3.829372176188399317e+04 5.346791103358046385e+05 0.000000000000000000e+00 9.195305643262101803e+05 0.000000000000000000e+00 -8.489475795900567027e+04
5.262096060748640974e-02 3.629905168539325823e+05 0.000000000000000000e+00 2.088007191011235991e+05 0.000000000000000000e+00 1.401160674157303401e+04 3.919308314606741187e+05 0.000000000000000000e+00 6.458213932584269205e+05 0.000000000000000000e+00 -4.776480898876404535e+04
5.756031740041873956e-02 3.526190891089108773e+05 0.000000000000000000e+00 2.415385148514851462e+05 0.000000000000000000e+00 7.789033415841584429e+03 3.198754653465346782e+05 0.000000000000000000e+00 5.256319207920791814e+05 0.000000000000000000e+00 -3.823915346534653509e+04
6.254738279606215923e-02 3.264998695118959877e+05 0.000000000000000000e+00 2.566969202845229011e+05 0.000000000000000000e+00 4.466502232033357723e+04 2.677562521461858996e+05 0.000000000000000000e+00 4.579413961246013641e+05 0.000000000000000000e+00 7.224673043904831866e+04
6.757793472572401483e-02 2.975941511423549964e+05 0.000000000000000000e+00 1.740634938488576445e+05 0.000000000000000000e+00 -1.275671265377855889e+04 2.057410193321616680e+05 0.000000000000000000e+00 2.783360000000000000e+05 0.000000000000000000e+00 -3.841040070298769569e+04
7.255917516659465827e-02 2.707338783708387637e+05 0.000000000000000000e+00 1.601285118095592479e+05 0.000000000000000000e+00 -3.523660033475915952e+03 1.784456403198809712e+05 0.000000000000000000e+00 2.589466423656313855e+05 0.000000000000000000e+00 1.311535056723079833e+04
7.753384299139773339e-02 2.472369065952460805e+05 0.000000000000000000e+00 1.442381198526950320e+05 0.000000000000000000e+00 2.581482959491128349e+04 1.541616123200535658e+05 0.000000000000000000e+00 2.130900247740207706e+05 0.000000000000000000e+00 7.409759625041848267e+03
8.251793356505521260e-02 2.253676880733945000e+05 0.000000000000000000e+00 1.141299633027522941e+05 0.000000000000000000e+00 -1.446522247706422058e+04 1.307420642201834999e+05 0.000000000000000000e+00 1.571673761467889999e+05 0.000000000000000000e+00 -1.442529816513761580e+04
8.752751931716111489e-02 1.970038429441493063e+05 0.000000000000000000e+00 1.042282171828430874e+05 0.000000000000000000e+00 1.559407645458079605e+04 1.126596718932227668e+05 0.000000000000000000e+00 1.340201218089931353e+05 0.000000000000000000e+00 2.368401192173124400e+03
9.254701955136974967e-02 1.837476900638103834e+05 0.000000000000000000e+00 1.092063226982680062e+05 0.000000000000000000e+00 -7.493879671832270105e+03 1.023105050136736536e+05 0.000000000000000000e+00 1.167464284412032721e+05 0.000000000000000000e+00 6.458023701002734924e+03
9.754963178921903511e-02 1.652813633413587231e+05 0.000000000000000000e+00 8.974263833350779896e+04 0.000000000000000000e+00 1.055912236993614533e+04 9.110340709724693443e+04 0.000000000000000000e+00 1.010272726892075734e+05 0.000000000000000000e+00 5.469604940856275789e+03
1.025319613041059119e-01 1.496236908067542245e+05 0.000000000000000000e+00 7.719442251407129515e+04 0.000000000000000000e+00 4.761843902439024532e+03 8.215741838649155397e+04 0.000000000000000000e+00 8.231451257035646995e+04 0.000000000000000000e+00 2.988522701688555571e+03
1.075116003998943526e-01 1.404078070296347432e+05 0.000000000000000000e+00 7.034648656099241634e+04 0.000000000000000000e+00 1.203019813921433524e+03 7.596020399724328308e+04 0.000000000000000000e+00 7.140383735354927194e+04 0.000000000000000000e+00 1.466780151619572734e+03
1.125102861506304813e-01 1.299281527402025240e+05 0.000000000000000000e+00 6.506387323181572719e+04 0.000000000000000000e+00 2.888875318852902637e+03 6.972130911339569138e+04 0.000000000000000000e+00 6.164280930663987237e+04 0.000000000000000000e+00 5.825938625647368099e+03
1.175500852175193622e-01 1.245805649267529516e+05 0.000000000000000000e+00 5.952039596074527071e+04 0.000000000000000000e+00 2.237408618973119246e+03 6.515233224292419618e+04 0.000000000000000000e+00 5.236740605888209393e+04 0.000000000000000000e+00 4.122190015645001040e+03
1.225369446564099490e-01 1.186922264150943520e+05 0.000000000000000000e+00 5.790317060575968935e+04 0.000000000000000000e+00 1.932627341939755070e+03 6.115553154584574804e+04 0.000000000000000000e+00 4.780608063555114495e+04 0.000000000000000000e+00 3.168098775239986935e+03
1.275260957852891452e-01 1.148519815668202791e+05 0.000000000000000000e+00 5.432182779529468826e+04 0.000000000000000000e+00 -1.582857749211739019e+03 5.796477516371574166e+04 0.000000000000000000e+00 4.112609653165171039e+04 0.000000000000000000e+00 4.722181421295173095e+03
1.325302087090364789e-01 1.081391275461534096e+05 0.000000000000000000e+00 4.557385017675775453e+04 0.000000000000000000e+00 -8.583926827899668979e+02 5.543125077156163752e+04 0.000000000000000000e+00 3.629580382694573927e+04 0.000000000000000000e+00 -3.477094719712698634e+02
1.375062694904859717e-01 1.018349077085533208e+05 0.000000000000000000e+00 4.386227835269271600e+04 0.000000000000000000e+00 3.182294403379091818e+03 5.167604984160506865e+04 0.000000000000000000e+00 3.324093093980992853e+04 0.000000000000000000e+00 5.666753537486800269e+03
1.425134422753508989e-01 9.588440314839700295e+04 0.000000000000000000e+00 4.477294835861009778e+04 0.000000000000000000e+00 3.152528124400076649e+03 4.910290650796698174e+04 0.000000000000000000e+00 2.721179497024380908e+04 0.000000000000000000e+00 1.768304856978306816e+03
1.475259222195813014e-01 9.170383270308442297e+04 0.000000000000000000e+00 3.942696250398651318e+04 0.000000000000000000e+00 1.448647318784454910e+03 4.727697116041732806e+04 0.000000000000000000e+00 2.549617823135450453e+04 0.000000000000000000e+00 3.811638628183516175e+01
1.525299430011916868e-01 8.590022319918836001e+04 0.000000000000000000e+00 3.481057558336151124e+04 0.000000000000000000e+00 3.196851538721677116e+03 4.489733648968549096e+04 0.000000000000000000e+00 2.247229489347311392e+04 0.000000000000000000e+00 3.332171457558335987e+03
1.574945685492469272e-01 8.136246726250657230e+04 0.000000000000000000e+00 3.401795802159582672e+04 0.000000000000000000e+00 8.544205119909410087e+02 4.351301686415658332e+04 0.000000000000000000e+00 2.286650090993650520e+04 0.000000000000000000e+00 1.541759857645488637e+03
1.625189323163163113e-01 7.713539270072993531e+04 0.000000000000000000e+00 2.817779153284671702e+04 0.000000000000000000e+00 3.058653722627737352e+03 4.197858102189781494e+04 0.000000000000000000e+00 1.994129051094890747e+04 0.000000000000000000e+00 1.852518832116788417e+03
1.675461007718098694e-01 7.339853758542140713e+04 0.000000000000000000e+00 2.974056036446469079e+04 0.000000000000000000e+00 2.354671269931662664e+03 4.013464692482915416e+04 0.000000000000000000e+00 1.790975740318906537e+04 0.000000000000000000e+00 3.041000498291571716e+02
1.725292014006662711e-01 7.022001437188911950e+04 0.000000000000000000e+00 2.682898269439957949e+04 0.000000000000000000e+00 3.471061212380921461e+03 3.934734007977058354e+04 0.000000000000000000e+00 1.630357860038896615e+04 0.000000000000000000e+00 1.569517618749382109e+03
1.775301965061671094e-01 6.708745482079757494e+04 0.000000000000000000e+00 2.426957294295810061e+04 0.000000000000000000e+00 5.305758202927813727e+03 3.756983745583039126e+04 0.000000000000000000e+00 1.462676728924785493e+04 0.000000000000000000e+00 1.144797829379101358e+03
1.825147654490652804e-01 6.473933622854441637e+04 0.000000000000000000e+00 2.323712015126000915e+04 0.000000000000000000e+00 1.776969363939850609e+03 3.679054435876983189e+04 0.000000000000000000e+00 1.358302862713817194e+04 0.000000000000000000e+00 -1.210729297763597060e+03
1.875360723572403465e-01 6.237131083798882901e+04 0.000000000000000000e+00 1.988098681564245999e+04 0.000000000000000000e+00 3.794647150837989102e+03 3.605171843575419189e+04 0.000000000000000000e+00 1.252338145251396600e+04 0.000000000000000000e+00 6.586684916201116948e+02
1.925323683450522461e-01 6.038283817071864178e+04 0.000000000000000000e+00 1.875543407946877778e+04 0.000000000000000000e+00 -6.443029345614222620e+02 3.467752982756774145e+04 0.000000000000000000e+00 1.150454407197172441e+04 0.000000000000000000e+00 -5.951970654385776243e+02
1.975198663583639380e-01 5.830167375743012235e+04 0.000000000000000000e+00 1.707039372707727307e+04 0.000000000000000000e+00 3.888304742633109527e+03 3.435022375110661233e+04 0.000000000000000000e+00 1.029572864550398299e+04 0.000000000000000000e+00 3.080190021499936748e+01
2.025153694923672032e-01 5.542469169159510056e+04 0.000000000000000000e+00 1.787728186818489121e+04 0.000000000000000000e+00 2.555229952716395019e+03 3.326939303290552925e+04 0.000000000000000000e+00 1.052831651066293671e+04 0.000000000000000000e+00 3.386693947216057410e+01
2.075088499274508613e-01 5.353838814719824586e+04 0.000000000000000000e+00 1.487730847969955903e+04 0.000000000000000000e+00 4.684549680551421034e+02 3.262991687467082011e+04 0.000000000000000000e+00 1.026262694359843408e+04 0.000000000000000000e+00 4.336478050791179157e+02
2.125178062418619784e-01 5.184580345610054064e+04 0.000000000000000000e+00 1.481138767673241455e+04 0.000000000000000000e+00 1.199397538837493585e+03 3.181425309827195088e+04 0.000000000000000000e+00 9.268136149415257023e+03 0.000000000000000000e+00 5.542339413510211443e+02
2.175004174234404231e-01 4.999526369834189245e+04 0.000000000000000000e+00 1.422888713071290294e+04 0.000000000000000000e+00 1.090824762225401855e+03 3.112058850265129149e+04 0.000000000000000000e+00 7.973111354263109206e+03 0.000000000000000000e+00 -4.063359565693123727e+02
2.225093171556767890e-01 4.823017608006146475e+04 0.000000000000000000e+00 1.296156781781288737e+04 0.000000000000000000e+00 2.058899076062331460e+03 3.019344520399519388e+04 0.000000000000000000e+00 8.355506313902405964e+03 0.000000000000000000e+00 9.497054825555052560e+01
2.275289586476768322e-01 4.647381601102097193e+04 0.000000000000000000e+00 1.209101974590540340e+04 0.000000000000000000e+00 1.909179703046073882e+03 2.970827001377621491e+04 0.000000000000000000e+00 7.360326343180774529e+03 0.000000000000000000e+00 -1.086357416194703774e+03
2.325285406108919262e-01 4.537540741818711103e+04 0.000000000000000000e+00 1.142941298455605465e+04 0.000000000000000000e+00 1.197063576664908396e+03 2.916557524602987178e+04 0.000000000000000000e+00 6.655903952849581401e+03 0.000000000000000000e+00 3.350857693776945325e+02
2.375276552426477672e-01 4.399864215152047836e+04 0.000000000000000000e+00 1.091665178414484217e+04 0.000000000000000000e+00 1.246197486377219263e+02 2.870808479521884510e+04 0.000000000000000000e+00 6.347374652838811926e+03 0.000000000000000000e+00 8.152594832132185729e+02
2.424991024241769377e-01 4.201476339202809322e+04 0.000000000000000000e+00 9.871156956426317265e+03 0.000000000000000000e+00 4.705072847905728395e+02 2.825664666655411565e+04 0.000000000000000000e+00 6.746778046021643604e+03 0.000000000000000000e+00 -4.117885300423750294e+01
2.474998551644826128e-01 4.150014114633365534e+04 0.000000000000000000e+00 8.985817227025296233e+03 0.000000000000000000e+00 2.773170156900416259e+03 2.759263579891130212e+04 0.000000000000000000e+00 5.978721998078770412e+03 0.000000000000000000e+00 2.562804835094460714e+02
2.525200307756395035e-01 4.009203093102382263e+04 0.000000000000000000e+00 8.659801793999382426e+03 0.000000000000000000e+00 1.127981688833900535e+03 2.727195001546551430e+04 0.000000000000000000e+00 5.638359913393133866e+03 0.000000000000000000e+00 -4.345268790596969097e+02
2.575182250600202005e-01 3.875445156098651205e+04 0.000000000000000000e+00 6.813885582296401481e+03 0.000000000000000000e+00 4.405660979062662932e+02 2.704135000372550348e+04 0.000000000000000000e+00 5.524678280306981833e+03 0.000000000000000000e+00 1.674926607555323699e+01
2.625255687975799335e-01 3.786395846408398211e+04 0.000000000000000000e+00 6.718662178353397394e+03 0.000000000000000000e+00 1.279142694129058100e+03 2.651590985336908852e+04 0.000000000000000000e+00 4.836191932447081854e+03 0.000000000000000000e+00 -1.033578250698921693e+03
2.675305520911575030e-01 3.685337766669888515e+04 0.000000000000000000e+00 6.496348186299553163e+03 0.000000000000000000e+00 -1.471848358901423524e+02 2.606606768754919176e+04 0.000000000000000000e+00 4.445635161072064875e+03 0.000000000000000000e+00 -8.213095096726086695e+02
2.725404586615198799e-01 3.598401777119585313e+04 0.000000000000000000e+00 6.152067276670016327e+03 0.000000000000000000e+00 1.137445284815147716e+03 2.560808335537102539e+04 0.000000000000000000e+00 4.469178187972708656e+03 0.000000000000000000e+00 -2.816945575712699110e+02
2.775333197047151201e-01 3.511765874841678306e+04 0.000000000000000000e+00 6.004998061364281966e+03 0.000000000000000000e+00 2.505677669501382752e+03 2.542812458965543919e+04 0.000000000000000000e+00 4.806147388011476323e+03 0.000000000000000000e+00 -2.668471062630857773e+02
2.825123907298719983e-01 3.408291642067560315e+04 0.000000000000000000e+00 4.736399975297968012e+03 0.000000000000000000e+00 4.366431420984376359e+02 2.478067352559748178e+04 0.000000000000000000e+00 4.223320990551473187e+03 0.000000000000000000e+00 -3.705114308651886859e+02
2.875104651677040102e-01 3.300862516759241407e+04 0.000000000000000000e+00 4.776597969737597850e+03 0.000000000000000000e+00 5.689366979505841755e+02 2.482803754070101422e+04 0.000000000000000000e+00 3.908004596820532242e+03 0.000000000000000000e+00 -7.135047883547213132e+02
2.924971317655564174e-01 3.264232743413979915e+04 0.000000000000000000e+00 3.864939647897906525e+03 0.000000000000000000e+00 -5.086546833277462270e+02 2.438742160931232502e+04 0.000000000000000000e+00 3.429936954536522080e+03 0.000000000000000000e+00 -9.776085262805025877e+02
2.975058823671092867e-01 3.180458431755616766e+04 0.000000000000000000e+00 4.168322529082674919e+03 0.000000000000000000e+00 1.164811118017938043e+03 2.396526631737856223e+04 0.000000000000000000e+00 3.299402184530681097e+03 0.000000000000000000e+00 1.256343464168368627e+02
3.025121359101998753e-01 3.111422904327525976e+04 0.000000000000000000e+00 3.126515239289265537e+03 0.000000000000000000e+00 -4.122105832000345913e+02 2.362138982318101262e+04 0.000000000000000000e+00 3.519279235657775189e+03 0.000000000000000000e+00 -1.149012926375859251e+03
3.075010376196579687e-01 3.057458151225374968e+04 0.000000000000000000e+00 3.763072581909390465e+03 0.000000000000000000e+00 1.098123049589799848e+03 2.343701470449913904e+04 0.000000000000000000e+00 2.874213345874484276e+03 0.000000000000000000e+00 -5.921025030046507709e+02
3.125134169243361515e-01 3.010533488839734491e+04 0.000000000000000000e+00 2.456693826663985419e+03 0.000000000000000000e+00 8.845196058717071992e+02 2.318053488839734564e+04 0.000000000000000000e+00 2.806769354514377483e+03 0.000000000000000000e+00 -1.320565936054695385e+03
3.175159688234982513e-01 2.900934125806800148e+04 0.000000000000000000e+00 2.521839926909058704e+03 0.000000000000000000e+00 -1.246814060182137922e+02 2.299331485101826183e+04 0.000000000000000000e+00 2.994133469560177218e+03 0.000000000000000000e+00 -7.700037134913695809e+02
3.225221380836135188e-01 2.860882401359260257e+04 0.000000000000000000e+00 2.202212724183500086e+03 0.000000000000000000e+00 3.077918255616386887e+02 2.277908974891448088e+04 0.000000000000000000e+00 2.620618765338871071e+03 0.000000000000000000e+00 -6.459083254672456178e+02
3.275181733526948968e-01 2.799729166975194312e+04 0.000000000000000000e+00 1.947673602369492755e+03 0.000000000000000000e+00 3.634963670862643426e+01 2.251072402813772715e+04 0.000000000000000000e+00 2.532362828582006841e+03 0.000000000000000000e+00 -8.534976675305442768e+02
3.325123842131759710e-01 2.772469046496526425e+04 0.000000000000000000e+00 1.665975928907549587e+03 0.000000000000000000e+00 1.059791490610850673e+02 2.215050492363254671e+04 0.000000000000000000e+00 2.359642402839428087e+03 0.000000000000000000e+00 -5.175152512520348864e+02
3.374959366892091861e-01 2.693030669516168564e+04 0.000000000000000000e+00 1.219775776898013646e+03 0.000000000000000000e+00 -1.223965070244893667e+02 2.191528346704971409e+04 0.000000000000000000e+00 2.381953123357740878e+03 0.000000000000000000e+00 -1.177658269978628823e+03
3.424919221947719805e-01 2.651553779096417202e+04 0.000000000000000000e+00 1.986998541532974059e+03 0.000000000000000000e+00 4.874215136387502412e+02 2.179643000608389048e+04 0.000000000000000000e+00 2.361440998758219848e+03 0.000000000000000000e+00 -8.451012676161982426e+02
3.475179778446125245e-01 2.615359675891136067e+04 0.000000000000000000e+00 1.187110138203678844e+03 0.000000000000000000e+00 3.366929460580912519e+02 2.141559773907929412e+04 0.000000000000000000e+00 2.197537034011827473e+03 0.000000000000000000e+00 -5.871281079491619721e+02
3.525052850529177828e-01 2.570208117515567574e+04 0.000000000000000000e+00 1.151199744531374790e+03 0.000000000000000000e+00 1.602121826600670715e+02 2.135136669327798154e+04 0.000000000000000000e+00 2.061774101868114485e+03 0.000000000000000000e+00 -1.141854702219383626e+03
3.575133254796376558e-01 2.508305545293590330e+04 0.000000000000000000e+00 9.998113297207809183e+02 0.000000000000000000e+00 5.110934613822228556e+01 2.099763521395559292e+04 0.000000000000000000e+00 1.816168435897632435e+03 0.000000000000000000e+00 -7.084523610610787046e+02
3.625250227669692404e-01 2.480088757717211047e+04 0.000000000000000000e+00 1.269484595693419578e+03 0.000000000000000000e+00 3.429268483662098674e+02 2.083988218641770800e+04 0.000000000000000000e+00 1.866650926065351541e+03 0.000000000000000000e+00 -8.060037946092455741e+02
3.675230446100045678e-01 2.432746337729370498e+04 0.000000000000000000e+00 6.721176942312038136e+02 0.000000000000000000e+00 4.097414721985288111e+02 2.061826377680088262e+04 0.000000000000000000e+00 1.703066669582777422e+03 0.000000000000000000e+00 -7.993337270082890882e+02
3.725177060730277545e-01 2.415795803076219454e+04 0.000000000000000000e+00 5.996634455943736839e+02 0.000000000000000000e+00 4.509284121447767575e+02 2.058799382468980548e+04 0.000000000000000000e+00 1.496682371776545324e+03 0.000000000000000000e+00 -8.899818743210017828e+02
3.775163034622419089e-01 2.352221650657491045e+04 0.000000000000000000e+00 1.922895304817922977e+02 0.000000000000000000e+00 5.383380889664255164e+02 2.038341371249681106e+04 0.000000000000000000e+00 1.512485833086242792e+03 0.000000000000000000e+00 -4.956342598658125098e+02
3.825226892977953153e-01 2.339123891891891981e+04 0.000000000000000000e+00 2.466088648648648700e+02 0.000000000000000000e+00 8.259188648648648723e+02 2.022214400000000023e+04 0.000000000000000000e+00 1.509432540540540458e+03 0.000000000000000000e+00 -4.674349189189189246e+02
3.875130067694269043e-01 2.305634056902002339e+04 0.000000000000000000e+00 1.901773182297154960e+02 0.000000000000000000e+00 6.275537934668071784e+02 1.997226048472075854e+04 0.000000000000000000e+00 1.366887987355110681e+03 0.000000000000000000e+00 -6.691638566912539545e+02
3.924957861003909865e-01 2.282511917098445701e+04 0.000000000000000000e+00 2.459517394522576126e+02 0.000000000000000000e+00 1.085549615421748740e+03 1.978516427766871857e+04 0.000000000000000000e+00 1.642717162810156879e+03 0.000000000000000000e+00 -1.591915811154378524e+01
3.975064703251052212e-01 2.255271182702434817e+04 0.000000000000000000e+00 1.396296140263924315e+02 0.000000000000000000e+00 1.267327873118146499e+03 1.970972722879623325e+04 0.000000000000000000e+00 1.544263081593457855e+03 0.000000000000000000e+00 7.400853726534911914e+01
