3.798113400606732779e-03 5.249581578947368544e+05 0.000000000000000000e+00 -8.010083684210525826e+05 0.000000000000000000e+00 1.069431894736842019e+06 7.404232757894736528e+07 0.000000000000000000e+00 2.183264471578947306e+08 0.000000000000000000e+00 1.538837557894736826e+08
8.299341265228576958e-03 4.707279375000000000e+05 0.000000000000000000e+00 -2.295733750000000000e+05 0.000000000000000000e+00 3.425878750000000000e+05 1.627304000000000000e+07 0.000000000000000000e+00 2.899102600000000000e+07 0.000000000000000000e+00 6.418393000000000000e+06
1.293222767532251419e-02 7.657437452229299815e+05 0.000000000000000000e+00 4.618807643312102300e+05 0.000000000000000000e+00 2.273973757961783558e+05 1.244491250955414027e+07 0.000000000000000000e+00 1.934487317197452486e+07 0.000000000000000000e+00 -1.032336957961783558e+07
1.764839556552980082e-02 9.114551232876711292e+05 0.000000000000000000e+00 6.361375342465753201e+05 0.000000000000000000e+00 6.049131506849314319e+05 5.819621698630136438e+06 0.000000000000000000e+00 1.181627616438356042e+07 0.000000000000000000e+00 4.482108219178082072e+05
2.256548662787912635e-02 7.979819432892249897e+05 0.000000000000000000e+00 4.217763327032136149e+05 0.000000000000000000e+00 -2.100519319470699411e+05 3.848632862003780901e+06 0.000000000000000000e+00 6.886666646502835676e+06 0.000000000000000000e+00 -1.143712423440453829e+06
2.777643688250242340e-02 7.866318829268292757e+05 0.000000000000000000e+00 5.250034341463415185e+05 0.000000000000000000e+00 1.873709268292682827e+05 2.467985014634146355e+06 0.000000000000000000e+00 5.165190243902439252e+06 0.000000000000000000e+00 6.226240000000000000e+05
3.269804980233311648e-02 6.143120640000000130e+05 0.000000000000000000e+00 3.957827839999999851e+05 0.000000000000000000e+00 -2.189215200000000186e+05 1.482484223999999929e+06 0.000000000000000000e+00 2.738973439999999944e+06 0.000000000000000000e+00 -2.096688640000000014e+05
3.761648458559932462e-02 5.169040053944706451e+05 0.000000000000000000e+00 3.261789345920431660e+05 0.000000000000000000e+00 -6.156464463924477604e+04 9.519551611598111922e+05 0.000000000000000000e+00 1.673077211058664834e+06 0.000000000000000000e+00 -2.161789453809844854e+05
4.263843696389812976e-02 4.514331428571428405e+05 0.000000000000000000e+00 2.626803035714285797e+05 0.000000000000000000e+00 2.736715401785714130e+04 6.667995000000000000e+05 0.000000000000000000e+00 1.260626714285714319e+06 0.000000000000000000e+00 7.118845089285714494e+04
4.756514582339458480e-02 4.081301770606192877e+05 0.000000000000000000e+00 2.352133135630178731e+05 0.000000000000000000e+00 -3.955311644134321978e+04 4.862140566942869918e+05 0.000000000000000000e+00 8.284724919319668552e+05 0.000000000000000000e+00 -8.637850152638465806e+04
5.262096060748640974e-02 3.756339101123595610e+05 0.000000000000000000e+00 2.464580000000000000e+05 0.000000000000000000e+00 2.760999297752809071e+03 3.825252134831460426e+05 0.000000000000000000e+00 6.615023820224718656e+05 0.000000000000000000e+00 3.650118820224719093e+04
5.756031740041873956e-02 3.556449900990098831e+05 0.000000000000000000e+00 2.141357227722772222e+05 0.000000000000000000e+00 -4.698751856435643276e+03 3.240307128712871345e+05 0.000000000000000000e+00 5.280098217821782455e+05 0.000000000000000000e+00 -1.189909900990099050e+04
6.254738279606215923e-02 3.369588226637233165e+05 0.000000000000000000e+00 2.015559205298013112e+05 0.000000000000000000e+00 6.806805003679175570e+04 2.651446063281824463e+05 0.000000000000000000e+00 4.269750659798871493e+05 0.000000000000000000e+00 2.802051116016678861e+04
6.757793472572401483e-02 3.181487803163444623e+05 0.000000000000000000e+00 1.745558804920913826e+05 0.000000000000000000e+00 1.211279173989455194e+04 2.142391282952548063e+05 0.000000000000000000e+00 3.016404920913883834e+05 0.000000000000000000e+00 -2.435759226713532189e+04
7.255917516659465827e-02 2.862411366933234385e+05 0.000000000000000000e+00 1.398661975079040276e+05 0.000000000000000000e+00 -2.062610749488562305e+03 1.922341826297191728e+05 0.000000000000000000e+00 2.648137891017295769e+05 0.000000000000000000e+00 -6.364711921145620181e+03
7.753384299139773339e-02 2.648484124539672048e+05 0.000000000000000000e+00 1.403617167726816260e+05 0.000000000000000000e+00 -2.198243555406762880e+03 1.632040495480415120e+05 0.000000000000000000e+00 2.170610887177770492e+05 0.000000000000000000e+00 9.719545363240709776e+03
8.251793356505521260e-02 2.400541651376147056e+05 0.000000000000000000e+00 1.367221284403669706e+05 0.000000000000000000e+00 -2.527359174311926836e+04 1.435756422018348821e+05 0.000000000000000000e+00 1.893570642201834999e+05 0.000000000000000000e+00 -4.304205275229358449e+03
8.752751931716111489e-02 2.115786756511597778e+05 0.000000000000000000e+00 1.055525204094855580e+05 0.000000000000000000e+00 1.345168122327329365e+04 1.213118714526370459e+05 0.000000000000000000e+00 1.506050454839963932e+05 0.000000000000000000e+00 1.449050771025009817e+04
9.254701955136974967e-02 1.942291485870555916e+05 0.000000000000000000e+00 9.739641203281677736e+04 0.000000000000000000e+00 -1.579829193254329994e+03 1.105211011850501382e+05 0.000000000000000000e+00 1.251703773928896990e+05 0.000000000000000000e+00 9.826825888787601798e+03
9.754963178921903511e-02 1.728866106982099882e+05 0.000000000000000000e+00 8.562377975505076756e+04 0.000000000000000000e+00 1.580753606197006229e+04 9.923609672354234499e+04 0.000000000000000000e+00 1.131815178477965092e+05 0.000000000000000000e+00 1.257572699675494550e+04
1.025319613041059119e-01 1.662217245778611687e+05 0.000000000000000000e+00 7.864425666041276418e+04 0.000000000000000000e+00 1.797059474671669705e+03 9.300648105065665732e+04 0.000000000000000000e+00 9.934573508442776802e+04 0.000000000000000000e+00 1.292804803001876098e+04
1.075116003998943526e-01 1.534575988973121857e+05 0.000000000000000000e+00 7.577131909028255905e+04 0.000000000000000000e+00 5.689473638869744718e+02 8.492615299793245504e+04 0.000000000000000000e+00 8.496285596140591952e+04 0.000000000000000000e+00 6.297195727084768805e+03
1.125102861506304813e-01 1.452210014686557988e+05 0.000000000000000000e+00 7.027231661126999825e+04 0.000000000000000000e+00 5.942588235294118022e+03 7.926502651310195506e+04 0.000000000000000000e+00 7.540379376980752568e+04 0.000000000000000000e+00 6.479155909407127183e+03
1.175500852175193622e-01 1.395210103825913975e+05 0.000000000000000000e+00 6.152265566775707703e+04 0.000000000000000000e+00 5.001335798606172830e+03 7.397589873417721537e+04 0.000000000000000000e+00 6.387837633338074374e+04 0.000000000000000000e+00 4.062109515004978221e+03
1.225369446564099490e-01 1.339141253889440559e+05 0.000000000000000000e+00 6.775294644157563744e+04 0.000000000000000000e+00 8.297146640185370416e+03 6.939827394902351080e+04 0.000000000000000000e+00 5.688196703078451537e+04 0.000000000000000000e+00 3.519438331678252325e+03
1.275260957852891452e-01 1.295479447004608228e+05 0.000000000000000000e+00 5.608086538927965012e+04 0.000000000000000000e+00 5.991969924812029603e+03 6.682957458161532122e+04 0.000000000000000000e+00 5.278970846471015830e+04 0.000000000000000000e+00 6.957953431967013785e+03
1.325302087090364789e-01 1.228943650749116205e+05 0.000000000000000000e+00 4.842367992817462800e+04 0.000000000000000000e+00 -1.213018798047247628e+03 6.379256113573873154e+04 0.000000000000000000e+00 4.637611806295943097e+04 0.000000000000000000e+00 1.858705347623590114e+03
1.375062694904859717e-01 1.180418703273495194e+05 0.000000000000000000e+00 5.054948764519535325e+04 0.000000000000000000e+00 6.633509609292502319e+03 6.018120042238647875e+04 0.000000000000000000e+00 4.172222851108764735e+04 0.000000000000000000e+00 4.925170432946145411e+03
1.425134422753508989e-01 1.110531341908235772e+05 0.000000000000000000e+00 4.845835131503167213e+04 0.000000000000000000e+00 4.314083317335381253e+03 5.800546438855826273e+04 0.000000000000000000e+00 3.968139450950278115e+04 0.000000000000000000e+00 4.078075638318295205e+03
1.475259222195813014e-01 1.049417467766185291e+05 0.000000000000000000e+00 4.235256640393639827e+04 0.000000000000000000e+00 4.426713198778988044e+03 5.514580454690418992e+04 0.000000000000000000e+00 3.598488568955305527e+04 0.000000000000000000e+00 4.664300332589184109e+03
1.525299430011916868e-01 9.783363138315860124e+04 0.000000000000000000e+00 4.124906594521474472e+04 0.000000000000000000e+00 1.900896347649644895e+03 5.278624551910720038e+04 0.000000000000000000e+00 3.252952045992559943e+04 0.000000000000000000e+00 1.975062056137977606e+03
1.574945685492469272e-01 9.593927933028672123e+04 0.000000000000000000e+00 3.885894835604804393e+04 0.000000000000000000e+00 -1.305864682331055064e+03 5.060512379180652351e+04 0.000000000000000000e+00 2.800269050026287005e+04 0.000000000000000000e+00 8.376920774861487189e+02
1.625189323163163113e-01 8.910298627737227071e+04 0.000000000000000000e+00 3.433788496350365313e+04 0.000000000000000000e+00 3.226890218978102439e+03 4.915510189781022200e+04 0.000000000000000000e+00 2.695954686131386916e+04 0.000000000000000000e+00 3.571759708029197554e+03
1.675461007718098694e-01 8.577892482915717119e+04 0.000000000000000000e+00 3.545468564920272911e+04 0.000000000000000000e+00 4.494831719817767407e+03 4.768173576309794589e+04 0.000000000000000000e+00 2.519750341685649255e+04 0.000000000000000000e+00 1.350472095671981606e+03
1.725292014006662711e-01 8.346730764413093857e+04 0.000000000000000000e+00 3.344638270099218789e+04 0.000000000000000000e+00 6.154130467745657370e+03 4.600867745657118940e+04 0.000000000000000000e+00 2.288288281636286047e+04 0.000000000000000000e+00 1.168809176912680869e+03
1.775301965061671094e-01 8.032751943462897907e+04 0.000000000000000000e+00 3.077446138313982738e+04 0.000000000000000000e+00 3.921466683493185428e+03 4.483016254416960874e+04 0.000000000000000000e+00 2.178725694093891798e+04 0.000000000000000000e+00 1.473868374558303913e+03
1.825147654490652804e-01 7.733840999734113575e+04 0.000000000000000000e+00 2.948486939052852540e+04 0.000000000000000000e+00 4.057707583680463358e+03 4.387082489881532820e+04 0.000000000000000000e+00 2.036765730154509583e+04 0.000000000000000000e+00 1.280982244674879666e+03
1.875360723572403465e-01 7.494345653631284949e+04 0.000000000000000000e+00 2.839983195530726152e+04 0.000000000000000000e+00 4.847597318435754460e+03 4.258081251396648440e+04 0.000000000000000000e+00 1.947260424581005645e+04 0.000000000000000000e+00 1.906255418994413503e+03
1.925323683450522461e-01 7.295243268715860904e+04 0.000000000000000000e+00 2.762208846524579349e+04 0.000000000000000000e+00 -4.554493948805825880e+02 4.190320659740815609e+04 0.000000000000000000e+00 1.821116504230480859e+04 0.000000000000000000e+00 1.461883153047017231e+03
1.975198663583639380e-01 7.051246905273807351e+04 0.000000000000000000e+00 2.368039661059820355e+04 0.000000000000000000e+00 4.044931529024914198e+03 4.072712320728468330e+04 0.000000000000000000e+00 1.696713251549260167e+04 0.000000000000000000e+00 1.203679271531554150e+03
2.025153694923672032e-01 6.878882794557561283e+04 0.000000000000000000e+00 2.463199614011386802e+04 0.000000000000000000e+00 2.315687735211811287e+03 3.953341387629065139e+04 0.000000000000000000e+00 1.527617253691016231e+04 0.000000000000000000e+00 2.666738878703078512e+02
2.075088499274508613e-01 6.654850406466830464e+04 0.000000000000000000e+00 2.278518418099796327e+04 0.000000000000000000e+00 2.755022922439259219e+03 3.849945654812338762e+04 0.000000000000000000e+00 1.504902351782729238e+04 0.000000000000000000e+00 1.240458448785179371e+03
2.125178062418619784e-01 6.450487833827893337e+04 0.000000000000000000e+00 2.273698167219410243e+04 0.000000000000000000e+00 4.448295688601850088e+03 3.799992180136149545e+04 0.000000000000000000e+00 1.428758666433932740e+04 0.000000000000000000e+00 4.828525920754058802e+02
2.175004174234404231e-01 6.210601801195185544e+04 0.000000000000000000e+00 2.162263647841091006e+04 0.000000000000000000e+00 4.862931739752546491e+03 3.692591263361670281e+04 0.000000000000000000e+00 1.281775338776197350e+04 0.000000000000000000e+00 1.459376420334988609e+02
2.225093171556767890e-01 6.004889233860641252e+04 0.000000000000000000e+00 2.007058332184157189e+04 0.000000000000000000e+00 2.748686274896081613e+03 3.631426394279072701e+04 0.000000000000000000e+00 1.266381734008392232e+04 0.000000000000000000e+00 9.405308012056500502e+02
2.275289586476768322e-01 5.828949640287770308e+04 0.000000000000000000e+00 1.858113577223327957e+04 0.000000000000000000e+00 2.412463799173427105e+03 3.566022592989438272e+04 0.000000000000000000e+00 1.220270258686667694e+04 0.000000000000000000e+00 9.706593448645339777e+02
2.325285406108919262e-01 5.706162370618303976e+04 0.000000000000000000e+00 1.898938198752114840e+04 0.000000000000000000e+00 2.656838520728357707e+03 3.515223487894057325e+04 0.000000000000000000e+00 1.172690069670565572e+04 0.000000000000000000e+00 9.081270441853273496e+02
2.375276552426477672e-01 5.528648718579715205e+04 0.000000000000000000e+00 1.716773956758657005e+04 0.000000000000000000e+00 2.041977148883810969e+03 3.485711794691510295e+04 0.000000000000000000e+00 1.147896305150290027e+04 0.000000000000000000e+00 4.348462998769555270e+02
2.424991024241769377e-01 5.364820502084986219e+04 0.000000000000000000e+00 1.627302294329174583e+04 0.000000000000000000e+00 2.379212128374385884e+03 3.396294254891698802e+04 0.000000000000000000e+00 1.076668154575996596e+04 0.000000000000000000e+00 -5.160221920213394498e+01
2.474998551644826128e-01 5.257222311879602785e+04 0.000000000000000000e+00 1.590316388088376516e+04 0.000000000000000000e+00 8.898226705091258282e+02 3.343732359910342348e+04 0.000000000000000000e+00 1.058208952929875159e+04 0.000000000000000000e+00 -3.406124239513288785e+02
2.525200307756395035e-01 5.172130009279307706e+04 0.000000000000000000e+00 1.521345128363748881e+04 0.000000000000000000e+00 8.418023507578101317e+02 3.301932817816270108e+04 0.000000000000000000e+00 1.006261725951129119e+04 0.000000000000000000e+00 4.184774512836374925e+02
2.575182250600202005e-01 4.984328202071380656e+04 0.000000000000000000e+00 1.368096922733030260e+04 0.000000000000000000e+00 1.064871112435735085e+03 3.241855361001415804e+04 0.000000000000000000e+00 9.276861277103047541e+03 0.000000000000000000e+00 -4.539458162581029796e+02
2.625255687975799335e-01 4.885600136931591260e+04 0.000000000000000000e+00 1.472080789638842907e+04 0.000000000000000000e+00 2.141962686141381710e+03 3.198514200947110294e+04 0.000000000000000000e+00 8.831729788326581911e+03 0.000000000000000000e+00 1.800630313231015123e+02
2.675305520911575030e-01 4.763091722014332481e+04 0.000000000000000000e+00 1.222656279256016751e+04 0.000000000000000000e+00 8.716261305422459600e+02 3.167970041838692850e+04 0.000000000000000000e+00 8.689809198989243669e+03 0.000000000000000000e+00 -2.691794921362588298e+02
2.725404586615198799e-01 4.659892230390860641e+04 0.000000000000000000e+00 1.214720981647008921e+04 0.000000000000000000e+00 1.048479399164330516e+03 3.116461162532395247e+04 0.000000000000000000e+00 8.097368382080710035e+03 0.000000000000000000e+00 1.935293013169725498e+02
2.775333197047151201e-01 4.532123100783208793e+04 0.000000000000000000e+00 1.241905880528342823e+04 0.000000000000000000e+00 4.485258614004704327e+02 3.112008643730451877e+04 0.000000000000000000e+00 7.853125235867345509e+03 0.000000000000000000e+00 -3.201399953472742936e+02
2.825123907298719983e-01 4.474000686716482596e+04 0.000000000000000000e+00 1.116953073550299632e+04 0.000000000000000000e+00 1.072200086457111183e+03 3.043788619773976461e+04 0.000000000000000000e+00 7.401034619897486664e+03 0.000000000000000000e+00 -1.421388748224541416e+02
2.875104651677040102e-01 4.349996092702547321e+04 0.000000000000000000e+00 1.056985098640107208e+04 0.000000000000000000e+00 2.353059908303006864e+01 2.992947557939092076e+04 0.000000000000000000e+00 6.826180425205899155e+03 0.000000000000000000e+00 -8.358881949099789210e+00
2.924971317655564174e-01 4.236782984429365752e+04 0.000000000000000000e+00 1.047512781329110294e+04 0.000000000000000000e+00 7.984326255071725882e+02 2.953193438832953689e+04 0.000000000000000000e+00 7.288442127408708075e+03 0.000000000000000000e+00 -7.447086430313609071e+02
2.975058823671092867e-01 4.139983021046088106e+04 0.000000000000000000e+00 9.654312760856051682e+03 0.000000000000000000e+00 7.652471361335582287e+02 2.934486954977355344e+04 0.000000000000000000e+00 7.245599502708462751e+03 0.000000000000000000e+00 5.389890329455643041e+02
3.025121359101998753e-01 4.105064476244001708e+04 0.000000000000000000e+00 9.286871471185853807e+03 0.000000000000000000e+00 1.078649690891012142e+03 2.892312481085988475e+04 0.000000000000000000e+00 6.417798452293458467e+03 0.000000000000000000e+00 -4.871782888763996198e+02
3.075010376196579687e-01 4.017302038982076920e+04 0.000000000000000000e+00 8.901118127188170547e+03 0.000000000000000000e+00 9.238298165856717787e+02 2.859595313790040382e+04 0.000000000000000000e+00 6.380520081517479412e+03 0.000000000000000000e+00 2.449681350263886941e+02
3.125134169243361515e-01 3.931790388095717208e+04 0.000000000000000000e+00 8.965227588980495057e+03 0.000000000000000000e+00 1.152030806354313427e+03 2.824531703197265233e+04 0.000000000000000000e+00 6.207043153026342225e+03 0.000000000000000000e+00 -1.365045646491051627e+02
3.175159688234982513e-01 3.861972425852973538e+04 0.000000000000000000e+00 8.281472743169828391e+03 0.000000000000000000e+00 4.724633022565845977e+02 2.796833763299309430e+04 0.000000000000000000e+00 5.988904480749771210e+03 0.000000000000000000e+00 8.536551610653202005e+00
3.225221380836135188e-01 3.795924938644516078e+04 0.000000000000000000e+00 7.215610345478573436e+03 0.000000000000000000e+00 9.552360203888994192e+02 2.754975148197092858e+04 0.000000000000000000e+00 5.528365791957712645e+03 0.000000000000000000e+00 -3.563731923730413769e+02
3.275181733526948968e-01 3.715777919289152487e+04 0.000000000000000000e+00 7.061561791928915227e+03 0.000000000000000000e+00 3.805948167345427464e+02 2.738661177341725124e+04 0.000000000000000000e+00 5.262109144761199786e+03 0.000000000000000000e+00 -9.640801925212883816e+02
3.325123842131759710e-01 3.663404474412232958e+04 0.000000000000000000e+00 6.900872857308058883e+03 0.000000000000000000e+00 1.105410178175898636e+03 2.704987039326792365e+04 0.000000000000000000e+00 5.415380236085289653e+03 0.000000000000000000e+00 -1.318212725833281525e+02
3.374959366892091861e-01 3.565456973688820290e+04 0.000000000000000000e+00 6.422613460393091373e+03 0.000000000000000000e+00 -1.358468188347405601e+02 2.683296023543425690e+04 0.000000000000000000e+00 5.255270994639667151e+03 0.000000000000000000e+00 -4.950865010685632228e+02
3.424919221947719805e-01 3.535924553084032959e+04 0.000000000000000000e+00 6.499472584986957372e+03 0.000000000000000000e+00 -1.691687883889356669e+01 2.664521154439157181e+04 0.000000000000000000e+00 5.211479852319796009e+03 0.000000000000000000e+00 -5.854219970163932203e+02
3.475179778446125245e-01 3.462279975169078534e+04 0.000000000000000000e+00 5.478751396739307893e+03 0.000000000000000000e+00 1.229381644721795510e+03 2.639110791648969098e+04 0.000000000000000000e+00 4.924328682981016755e+03 0.000000000000000000e+00 -1.653533015323291977e+02
3.525052850529177828e-01 3.403740316142424126e+04 0.000000000000000000e+00 5.219860130927670070e+03 0.000000000000000000e+00 -3.811776784288679778e+02 2.605264135398371582e+04 0.000000000000000000e+00 4.730213124700622757e+03 0.000000000000000000e+00 -6.032480281015488117e+02
3.575133254796376558e-01 3.343287283764208405e+04 0.000000000000000000e+00 5.188131247556928429e+03 0.000000000000000000e+00 5.840158809237301512e+02 2.602860589709590568e+04 0.000000000000000000e+00 4.527193935817154852e+03 0.000000000000000000e+00 -6.631291244797694162e+01
3.625250227669692404e-01 3.298905971992169361e+04 0.000000000000000000e+00 4.865460021081162267e+03 0.000000000000000000e+00 1.318120953169703213e+01 2.572961517843697948e+04 0.000000000000000000e+00 4.706010299653666152e+03 0.000000000000000000e+00 -3.783796416202379191e+02
3.675230446100045678e-01 3.246029012386180693e+04 0.000000000000000000e+00 4.336467160947444427e+03 0.000000000000000000e+00 1.113940555081687535e+03 2.554189987533626481e+04 0.000000000000000000e+00 4.440974039323754369e+03 0.000000000000000000e+00 -8.962106598429674023e+02
3.725177060730277545e-01 3.206078334953399462e+04 0.000000000000000000e+00 4.638727886099834905e+03 0.000000000000000000e+00 6.489329864486248880e+02 2.522822802904682976e+04 0.000000000000000000e+00 4.246670707301732364e+03 0.000000000000000000e+00 -3.609559437360626930e+02
3.775163034622419089e-01 3.186085678625854052e+04 0.000000000000000000e+00 4.024386868108756516e+03 0.000000000000000000e+00 3.445744823163541923e+02 2.511735276959888506e+04 0.000000000000000000e+00 4.034143027561525741e+03 0.000000000000000000e+00 -3.055214624088924893e+02
3.825226892977953153e-01 3.130647524324324331e+04 0.000000000000000000e+00 4.347285621621621431e+03 0.000000000000000000e+00 1.073314810810810741e+03 2.480786508108107955e+04 0.000000000000000000e+00 4.010084756756756633e+03 0.000000000000000000e+00 -6.883633108108108445e+01
3.875130067694269043e-01 3.059696016859852534e+04 0.000000000000000000e+00 4.206391991570074424e+03 0.000000000000000000e+00 6.935687038988409086e+02 2.474734330874605075e+04 0.000000000000000000e+00 3.892859430979979152e+03 0.000000000000000000e+00 -5.923805584826133099e+02
3.924957861003909865e-01 3.043255302030701932e+04 0.000000000000000000e+00 4.035925723296752949e+03 0.000000000000000000e+00 2.117061217133846185e+03 2.450471084221027922e+04 0.000000000000000000e+00 4.041750046664306865e+03 0.000000000000000000e+00 1.561756251407974787e+02
3.975064703251052212e-01 3.014281444767982248e+04 0.000000000000000000e+00 3.720110129483923174e+03 0.000000000000000000e+00 1.429816046093798604e+03 2.442306771575491075e+04 0.000000000000000000e+00 3.920420097887367774e+03 0.000000000000000000e+00 -3.496516696611114980e+02
