3.798113400606732779e-03 2.617874013157894660e+04 0.000000000000000000e+00 -1.090084105263157748e+06 0.000000000000000000e+00 2.442555578947368078e+06 7.310695747368420660e+07 0.000000000000000000e+00 2.216021557894736826e+08 0.000000000000000000e+00 1.723538863157894611e+08
8.299341265228576958e-03 9.076201875000000000e+05 0.000000000000000000e+00 1.076759625000000000e+06 0.000000000000000000e+00 2.550734375000000000e+05 2.984804200000000000e+07 0.000000000000000000e+00 4.889749200000000000e+07 0.000000000000000000e+00 -9.479858000000000000e+06
1.293222767532251419e-02 1.175928152866241988e+06 0.000000000000000000e+00 4.888111082802548190e+05 0.000000000000000000e+00 -3.555516687898089294e+05 1.525189299363057315e+07 0.000000000000000000e+00 2.496747780891719833e+07 0.000000000000000000e+00 -5.981957707006369717e+06
1.764839556552980082e-02 1.060151780821917811e+06 0.000000000000000000e+00 1.287189369863013737e+06 0.000000000000000000e+00 -2.201442465753424403e+04 9.151546739726027474e+06 0.000000000000000000e+00 1.944261786301369593e+07 0.000000000000000000e+00 1.129138301369862864e+06
2.256548662787912635e-02 9.336610964083175641e+05 0.000000000000000000e+00 6.474285368620038498e+05 0.000000000000000000e+00 -3.826834631379962084e+05 4.720839863894140348e+06 0.000000000000000000e+00 8.131482374291115440e+06 0.000000000000000000e+00 -2.910071773156899959e+06
2.777643688250242340e-02 8.692303609756097430e+05 0.000000000000000000e+00 7.304375414634146728e+05 0.000000000000000000e+00 2.243716682926829380e+05 2.904196370731707197e+06 0.000000000000000000e+00 5.952177326829268597e+06 0.000000000000000000e+00 5.321237073170731310e+05
3.269804980233311648e-02 7.036279039999999804e+05 0.000000000000000000e+00 5.868572160000000149e+05 0.000000000000000000e+00 -3.348301400000000285e+04 1.863026688000000082e+06 0.000000000000000000e+00 3.648985856000000145e+06 0.000000000000000000e+00 -1.412760000000000000e+05
3.761648458559932462e-02 6.073534834794335766e+05 0.000000000000000000e+00 4.956113823331085732e+05 0.000000000000000000e+00 1.789064760620364104e+05 1.117328053944706684e+06 0.000000000000000000e+00 2.129667279838165734e+06 0.000000000000000000e+00 1.825032285906945472e+05
4.263843696389812976e-02 4.911408928571428405e+05 0.000000000000000000e+00 2.946181607142856810e+05 0.000000000000000000e+00 -1.522949553571428442e+04 7.606856428571428405e+05 0.000000000000000000e+00 1.369414285714285681e+06 0.000000000000000000e+00 -1.577807142857142753e+04
4.756514582339458480e-02 4.885337985172263579e+05 0.000000000000000000e+00 3.952262642825992079e+05 0.000000000000000000e+00 -4.980547405146097299e+04 5.865005215874400456e+05 0.000000000000000000e+00 9.974626358482338255e+05 0.000000000000000000e+00 -1.036049262974269514e+05
5.262096060748640974e-02 4.271083146067415364e+05 0.000000000000000000e+00 2.847840224719101097e+05 0.000000000000000000e+00 2.422940730337078639e+04 4.444924044943820336e+05 0.000000000000000000e+00 7.884020674157303292e+05 0.000000000000000000e+00 5.940946629213482811e+04
5.756031740041873956e-02 4.026830495049505262e+05 0.000000000000000000e+00 2.789244356435643858e+05 0.000000000000000000e+00 4.969404950495049707e+04 3.643353663366336841e+05 0.000000000000000000e+00 6.142756039603960235e+05 0.000000000000000000e+00 -2.400773267326732821e+04
6.254738279606215923e-02 3.679446808928133105e+05 0.000000000000000000e+00 2.402349806230070826e+05 0.000000000000000000e+00 2.065853519744910227e+04 2.960253205788569758e+05 0.000000000000000000e+00 4.681326701005640789e+05 0.000000000000000000e+00 -1.344697081187147342e+04
6.757793472572401483e-02 3.390031915641475935e+05 0.000000000000000000e+00 2.357812442882249306e+05 0.000000000000000000e+00 1.569234797891036760e+04 2.308625940246045648e+05 0.000000000000000000e+00 3.279988189806677983e+05 0.000000000000000000e+00 -3.497975043936730799e+04
7.255917516659465827e-02 3.056439323042588658e+05 0.000000000000000000e+00 1.936491813278780028e+05 0.000000000000000000e+00 -2.929484842849172492e+04 1.982244374186349451e+05 0.000000000000000000e+00 2.926787249395573745e+05 0.000000000000000000e+00 2.039994048726055553e+03
7.753384299139773339e-02 2.825529507867425564e+05 0.000000000000000000e+00 1.717772212922665058e+05 0.000000000000000000e+00 1.412196585202544520e+04 1.714779618346166681e+05 0.000000000000000000e+00 2.318100140609307273e+05 0.000000000000000000e+00 7.802418480080348672e+03
8.251793356505521260e-02 2.606651926605504705e+05 0.000000000000000000e+00 1.608188807339449704e+05 0.000000000000000000e+00 -6.818042431192660842e+03 1.482976513761467941e+05 0.000000000000000000e+00 1.947510091743119410e+05 0.000000000000000000e+00 1.191530963302752326e+02
8.752751931716111489e-02 2.307565157444603101e+05 0.000000000000000000e+00 1.466544615783335466e+05 0.000000000000000000e+00 1.087464144097447206e+04 1.299570879875599348e+05 0.000000000000000000e+00 1.571613259038486576e+05 0.000000000000000000e+00 4.502281197356485791e+03
9.254701955136974967e-02 2.059615241567912453e+05 0.000000000000000000e+00 1.197927073837739299e+05 0.000000000000000000e+00 6.993463536918869067e+03 1.149988623518687236e+05 0.000000000000000000e+00 1.341401932543299918e+05 0.000000000000000000e+00 1.202534548769371031e+04
9.754963178921903511e-02 1.878792521720925288e+05 0.000000000000000000e+00 1.064701266617816436e+05 0.000000000000000000e+00 -3.913339893227258472e+03 1.024584729404375539e+05 0.000000000000000000e+00 1.077592714330576709e+05 0.000000000000000000e+00 2.948848529257824794e+03
1.025319613041059119e-01 1.693594416510318988e+05 0.000000000000000000e+00 9.241137711069418583e+04 0.000000000000000000e+00 9.723409380863038677e+03 9.340762776735459920e+04 0.000000000000000000e+00 9.741903489681050996e+04 0.000000000000000000e+00 5.463240900562851493e+03
1.075116003998943526e-01 1.570731578221915988e+05 0.000000000000000000e+00 8.517822191592006129e+04 0.000000000000000000e+00 -2.453131891798759341e+02 8.562498690558235103e+04 0.000000000000000000e+00 8.185988146106133354e+04 0.000000000000000000e+00 3.939616643694004097e+02
1.125102861506304813e-01 1.518548485738579475e+05 0.000000000000000000e+00 8.824712993738889054e+04 0.000000000000000000e+00 6.372326814562881736e+03 7.920050707273712032e+04 0.000000000000000000e+00 7.283690252763392346e+04 0.000000000000000000e+00 6.249507613820824190e+03
1.175500852175193622e-01 1.440901698193713673e+05 0.000000000000000000e+00 7.233998008818092057e+04 0.000000000000000000e+00 5.251573318162423675e+03 7.379560460816384875e+04 0.000000000000000000e+00 6.138670914521405211e+04 0.000000000000000000e+00 4.774529369933153248e+03
1.225369446564099490e-01 1.378084184045018337e+05 0.000000000000000000e+00 7.346441575637206552e+04 0.000000000000000000e+00 1.130373783515392279e+04 6.992245958291957504e+04 0.000000000000000000e+00 5.624070863952334184e+04 0.000000000000000000e+00 3.042808606421715012e+03
1.275260957852891452e-01 1.318884773223380907e+05 0.000000000000000000e+00 6.792845597865631862e+04 0.000000000000000000e+00 1.209550448702401127e+03 6.662615765219500463e+04 0.000000000000000000e+00 5.024934465195245866e+04 0.000000000000000000e+00 5.456269706524375579e+03
1.325302087090364789e-01 1.213561959485999687e+05 0.000000000000000000e+00 6.027706099545479810e+04 0.000000000000000000e+00 -6.765473093541327216e+03 6.143857067504629231e+04 0.000000000000000000e+00 4.156886370012906264e+04 0.000000000000000000e+00 7.403990236238146281e+02
1.375062694904859717e-01 1.168441850052798254e+05 0.000000000000000000e+00 5.479531995776134863e+04 0.000000000000000000e+00 1.159574403379091927e+04 5.908187370644139446e+04 0.000000000000000000e+00 4.116210010559661896e+04 0.000000000000000000e+00 8.747446673706441288e+03
1.425134422753508989e-01 1.109447310424265743e+05 0.000000000000000000e+00 5.237605682472643093e+04 0.000000000000000000e+00 5.954298329813783312e+03 5.686813438279899856e+04 0.000000000000000000e+00 3.633812862353618402e+04 0.000000000000000000e+00 3.581913611057784692e+03
1.475259222195813014e-01 1.028233581484350143e+05 0.000000000000000000e+00 4.763549829149391735e+04 0.000000000000000000e+00 5.940637295548772272e+03 5.333237887830880936e+04 0.000000000000000000e+00 3.281465069023645628e+04 0.000000000000000000e+00 5.367890291129436264e+03
1.525299430011916868e-01 9.845686844775109785e+04 0.000000000000000000e+00 4.700739939127493562e+04 0.000000000000000000e+00 4.990295569834291200e+03 5.149494758200879005e+04 0.000000000000000000e+00 2.924836252959080230e+04 0.000000000000000000e+00 3.671259722691917432e+03
1.574945685492469272e-01 9.321543187608686276e+04 0.000000000000000000e+00 4.462247098313584138e+04 0.000000000000000000e+00 8.074877825858372489e+03 4.972181146115581942e+04 0.000000000000000000e+00 2.594197694827516170e+04 0.000000000000000000e+00 1.197504023941440437e+03
1.625189323163163113e-01 8.748503824817518762e+04 0.000000000000000000e+00 3.714721868613138940e+04 0.000000000000000000e+00 3.772684087591241223e+03 4.728940379562044109e+04 0.000000000000000000e+00 2.255776000000000204e+04 0.000000000000000000e+00 2.651010510948905448e+03
1.675461007718098694e-01 8.433359453302960901e+04 0.000000000000000000e+00 3.827088382687926787e+04 0.000000000000000000e+00 2.753787585421412132e+03 4.565988610478359624e+04 0.000000000000000000e+00 2.241176993166286775e+04 0.000000000000000000e+00 8.745733912300682960e+02
1.725292014006662711e-01 8.085016184856776090e+04 0.000000000000000000e+00 3.408668437881135469e+04 0.000000000000000000e+00 3.738396281768138124e+03 4.446288031117118226e+04 0.000000000000000000e+00 2.146323341134588190e+04 0.000000000000000000e+00 1.542827042884926186e+03
1.775301965061671094e-01 7.588192629984856467e+04 0.000000000000000000e+00 3.247694295810196854e+04 0.000000000000000000e+00 2.748287228672387755e+03 4.294540938919737528e+04 0.000000000000000000e+00 1.929552347299343819e+04 0.000000000000000000e+00 3.185372034326097946e+03
1.825147654490652804e-01 7.444393630535613920e+04 0.000000000000000000e+00 2.961424585659842342e+04 0.000000000000000000e+00 3.106335549056102082e+03 4.174393902330940182e+04 0.000000000000000000e+00 1.640964235280215144e+04 0.000000000000000000e+00 -3.062468906023811428e+02
1.875360723572403465e-01 7.221587664804469387e+04 0.000000000000000000e+00 2.810988335195530817e+04 0.000000000000000000e+00 4.467101675977653940e+03 4.076864715083799092e+04 0.000000000000000000e+00 1.672821988826815505e+04 0.000000000000000000e+00 1.070936312849162050e+03
1.925323683450522461e-01 6.944172046695940662e+04 0.000000000000000000e+00 2.640083281567955419e+04 0.000000000000000000e+00 4.394716504230480496e+03 3.969365063724965148e+04 0.000000000000000000e+00 1.451037892256613486e+04 0.000000000000000000e+00 -1.386113848131091402e+02
1.975198663583639380e-01 6.545344671809788269e+04 0.000000000000000000e+00 2.268651149614265523e+04 0.000000000000000000e+00 3.640898242063993621e+03 3.880315062602757098e+04 0.000000000000000000e+00 1.376050021499936702e+04 0.000000000000000000e+00 2.276357657771594859e+03
2.025153694923672032e-01 6.367670211328766163e+04 0.000000000000000000e+00 2.082683856026247304e+04 0.000000000000000000e+00 -5.237925311203320007e+02 3.793089414262279752e+04 0.000000000000000000e+00 1.353756556981569156e+04 0.000000000000000000e+00 -2.234494596159413504e+02
2.075088499274508613e-01 6.133653658201470535e+04 0.000000000000000000e+00 2.150576601250315071e+04 0.000000000000000000e+00 3.560303922691154185e+03 3.694284183287915948e+04 0.000000000000000000e+00 1.197955822207973688e+04 0.000000000000000000e+00 5.037401818223453915e+02
2.125178062418619784e-01 5.855968720544598182e+04 0.000000000000000000e+00 1.932652679350672042e+04 0.000000000000000000e+00 3.455935765404084577e+03 3.599309617734334461e+04 0.000000000000000000e+00 1.142102635713038944e+04 0.000000000000000000e+00 1.408864461511607715e+03
2.175004174234404231e-01 5.689503038464776182e+04 0.000000000000000000e+00 1.790462755660297989e+04 0.000000000000000000e+00 2.400078444575372487e+03 3.533842067166063498e+04 0.000000000000000000e+00 1.079594310243245491e+04 0.000000000000000000e+00 -1.728693186600454510e+02
2.225093171556767890e-01 5.520329512814956252e+04 0.000000000000000000e+00 1.634802655582041371e+04 0.000000000000000000e+00 3.623652489115659591e+03 3.461542522802939493e+04 0.000000000000000000e+00 9.984636078879455454e+03 0.000000000000000000e+00 1.281976005200843247e+03
2.275289586476768322e-01 5.299706964641053492e+04 0.000000000000000000e+00 1.635930567886116660e+04 0.000000000000000000e+00 2.949578447879994201e+03 3.410799081585795648e+04 0.000000000000000000e+00 9.471795499770396418e+03 0.000000000000000000e+00 -1.641207619011174046e+01
2.325285406108919262e-01 5.142947003074237000e+04 0.000000000000000000e+00 1.494843737834937201e+04 0.000000000000000000e+00 3.440889454823276992e+03 3.324725083222673129e+04 0.000000000000000000e+00 8.371953358921653489e+03 0.000000000000000000e+00 4.912832117584996467e+02
2.375276552426477672e-01 5.013861473018105607e+04 0.000000000000000000e+00 1.333711738442608657e+04 0.000000000000000000e+00 1.916004640534364626e+03 3.258381859729302232e+04 0.000000000000000000e+00 9.153929899806644244e+03 0.000000000000000000e+00 8.493939883986640780e+02
2.424991024241769377e-01 4.864215663565917930e+04 0.000000000000000000e+00 1.277038083500751236e+04 0.000000000000000000e+00 1.459303563891749491e+03 3.202315898232404288e+04 0.000000000000000000e+00 7.756651866358280131e+03 0.000000000000000000e+00 -4.797994023601708591e+02
2.474998551644826128e-01 4.687069407620877610e+04 0.000000000000000000e+00 1.326468139609349964e+04 0.000000000000000000e+00 2.301013640730067436e+03 3.161928504642971529e+04 0.000000000000000000e+00 7.567913928914505050e+03 0.000000000000000000e+00 -2.688996477745757261e+02
2.525200307756395035e-01 4.637550460872254916e+04 0.000000000000000000e+00 1.058174376739870240e+04 0.000000000000000000e+00 8.189034333436437691e+02 3.100195830497989664e+04 0.000000000000000000e+00 7.218066687287349851e+03 0.000000000000000000e+00 -9.005663470460872304e+02
2.575182250600202005e-01 4.501999481409730652e+04 0.000000000000000000e+00 1.061299396468221494e+04 0.000000000000000000e+00 1.900995872140674919e+03 3.072235380374040687e+04 0.000000000000000000e+00 7.185643037031517451e+03 0.000000000000000000e+00 -5.344058415915355909e+02
2.625255687975799335e-01 4.327053620128944021e+04 0.000000000000000000e+00 1.049914121070348665e+04 0.000000000000000000e+00 1.603973070120385728e+03 3.023562366634335558e+04 0.000000000000000000e+00 6.036447538084098596e+03 0.000000000000000000e+00 -1.377749900154047964e+02
2.675305520911575030e-01 4.206959373662335565e+04 0.000000000000000000e+00 8.667685229422404518e+03 0.000000000000000000e+00 -1.043515996741276695e+03 2.988342320597616708e+04 0.000000000000000000e+00 6.047988953480343298e+03 0.000000000000000000e+00 -9.866159263197138216e+02
2.725404586615198799e-01 4.112528227640555997e+04 0.000000000000000000e+00 8.115361294758554322e+03 0.000000000000000000e+00 9.539127307346484486e+02 2.923513026921245910e+04 0.000000000000000000e+00 5.337544824668111687e+03 0.000000000000000000e+00 -8.923672713809700099e+02
2.775333197047151201e-01 4.006318608318039333e+04 0.000000000000000000e+00 7.771040401168351309e+03 0.000000000000000000e+00 5.613524956703802218e+02 2.909166676144441226e+04 0.000000000000000000e+00 5.699747822265877403e+03 0.000000000000000000e+00 -1.017304727686302840e+03
2.825123907298719983e-01 3.902951369110109226e+04 0.000000000000000000e+00 7.182705020687952128e+03 0.000000000000000000e+00 1.227134885444327892e+03 2.858325291175199163e+04 0.000000000000000000e+00 5.333022021861298526e+03 0.000000000000000000e+00 -4.954342740690422033e+02
2.875104651677040102e-01 3.828801225818808598e+04 0.000000000000000000e+00 6.309966673051139878e+03 0.000000000000000000e+00 2.555388335567898821e+02 2.811437502394177136e+04 0.000000000000000000e+00 5.508909021260295049e+03 0.000000000000000000e+00 -4.164434974142884585e+02
2.924971317655564174e-01 3.725572210983827972e+04 0.000000000000000000e+00 6.566998948086325981e+03 0.000000000000000000e+00 6.638507900912043169e+02 2.772499323769781040e+04 0.000000000000000000e+00 4.837823764001433119e+03 0.000000000000000000e+00 -9.987045972095388606e+02
2.975058823671092867e-01 3.657436604209217330e+04 0.000000000000000000e+00 5.442220051505194533e+03 0.000000000000000000e+00 9.148276352011366725e+02 2.740613728798507873e+04 0.000000000000000000e+00 4.739303081431488863e+03 0.000000000000000000e+00 -4.752039783322973108e+02
3.025121359101998753e-01 3.534491098525787675e+04 0.000000000000000000e+00 4.969294539795079800e+03 0.000000000000000000e+00 1.486713825602005841e+02 2.707518187713458246e+04 0.000000000000000000e+00 4.226313086334356740e+03 0.000000000000000000e+00 -1.163816263888288404e+03
3.075010376196579687e-01 3.449196342164393718e+04 0.000000000000000000e+00 4.102342477922349644e+03 0.000000000000000000e+00 2.453230663113340597e+03 2.658591503370434293e+04 0.000000000000000000e+00 4.060916214662695438e+03 0.000000000000000000e+00 -3.803028269843758267e+02
3.125134169243361515e-01 3.391803096722300688e+04 0.000000000000000000e+00 4.818928775387090354e+03 0.000000000000000000e+00 7.358125075407199347e+02 2.630767295395133624e+04 0.000000000000000000e+00 4.160558536094912597e+03 0.000000000000000000e+00 -1.344671546350291692e+03
3.175159688234982513e-01 3.362159405055456591e+04 0.000000000000000000e+00 4.470701889165054126e+03 0.000000000000000000e+00 5.443702095470130189e+02 2.593726329439734400e+04 0.000000000000000000e+00 3.982487410478333004e+03 0.000000000000000000e+00 -1.032088023499130486e+03
3.225221380836135188e-01 3.279206071361147769e+04 0.000000000000000000e+00 4.099529545025486186e+03 0.000000000000000000e+00 2.032213517085142769e+02 2.581255442703417066e+04 0.000000000000000000e+00 3.790497564659241561e+03 0.000000000000000000e+00 -6.533378138569001976e+02
3.275181733526948968e-01 3.201831380970011014e+04 0.000000000000000000e+00 3.229955423917067947e+03 0.000000000000000000e+00 1.842244168826360635e+02 2.536348196964087401e+04 0.000000000000000000e+00 3.630646427249167118e+03 0.000000000000000000e+00 -1.131010218437615777e+03
3.325123842131759710e-01 3.149619349386658723e+04 0.000000000000000000e+00 3.205000809486110029e+03 0.000000000000000000e+00 7.328184883069286570e+02 2.532638558225179440e+04 0.000000000000000000e+00 3.781060586921907088e+03 0.000000000000000000e+00 -7.071766014037023069e+02
3.374959366892091861e-01 3.088675472094734505e+04 0.000000000000000000e+00 2.841082156745962493e+03 0.000000000000000000e+00 -2.700242090880425962e+02 2.509220866762428705e+04 0.000000000000000000e+00 3.293766737904215006e+03 0.000000000000000000e+00 -1.110736082401989961e+03
3.424919221947719805e-01 3.041215738109326776e+04 0.000000000000000000e+00 2.404528148413604868e+03 0.000000000000000000e+00 4.197443432314628922e+02 2.470281055763444965e+04 0.000000000000000000e+00 3.084478743884856158e+03 0.000000000000000000e+00 -3.636352665661019046e+02
3.475179778446125245e-01 2.977110334237265852e+04 0.000000000000000000e+00 2.733854347044793485e+03 0.000000000000000000e+00 1.184137746267193734e+03 2.444916260986048655e+04 0.000000000000000000e+00 2.896038422583068950e+03 0.000000000000000000e+00 -6.598944685856176875e+02
3.525052850529177828e-01 2.943013073606897524e+04 0.000000000000000000e+00 1.815550758422481294e+03 0.000000000000000000e+00 -9.080837458087178504e+01 2.428744512214593487e+04 0.000000000000000000e+00 2.563466453776145499e+03 0.000000000000000000e+00 -1.580345904518601401e+03
3.575133254796376558e-01 2.867037340098565983e+04 0.000000000000000000e+00 1.792282668179135726e+03 0.000000000000000000e+00 5.480008277701558654e+02 2.398079622291543637e+04 0.000000000000000000e+00 2.830480949789608530e+03 0.000000000000000000e+00 -4.075805657962305872e+02
3.625250227669692404e-01 2.839722499623550539e+04 0.000000000000000000e+00 1.340482457461225749e+03 0.000000000000000000e+00 8.856312001204637454e+02 2.384097238367715545e+04 0.000000000000000000e+00 2.831581749736485108e+03 0.000000000000000000e+00 -1.234756693269085872e+03
3.675230446100045678e-01 2.785612352645277133e+04 0.000000000000000000e+00 1.713645736281521295e+03 0.000000000000000000e+00 7.697221383840371800e+02 2.353231788523646173e+04 0.000000000000000000e+00 2.626852889501272330e+03 0.000000000000000000e+00 -7.233876458966676637e+02
3.725177060730277545e-01 2.766429550002859105e+04 0.000000000000000000e+00 1.339987992452398657e+03 0.000000000000000000e+00 4.405905998055920918e+02 2.335084041397449982e+04 0.000000000000000000e+00 2.532154154039682453e+03 0.000000000000000000e+00 -4.791762822345474433e+02
3.775163034622419089e-01 2.713921630660387018e+04 0.000000000000000000e+00 1.330573861716578904e+03 0.000000000000000000e+00 6.707597934092303831e+02 2.316057619241351131e+04 0.000000000000000000e+00 2.525323642782769184e+03 0.000000000000000000e+00 -1.067821846491197903e+03
3.825226892977953153e-01 2.669048216216216315e+04 0.000000000000000000e+00 9.295376216216216108e+02 0.000000000000000000e+00 5.836878378378378329e+02 2.292767827027026942e+04 0.000000000000000000e+00 2.343123027027027092e+03 0.000000000000000000e+00 -4.690325405405405377e+02
3.875130067694269043e-01 2.646544320337197132e+04 0.000000000000000000e+00 9.513139093782930331e+02 0.000000000000000000e+00 7.186030031612224320e+02 2.273899768177028454e+04 0.000000000000000000e+00 2.174520126448893734e+03 0.000000000000000000e+00 -3.923380136986301636e+02
3.924957861003909865e-01 2.596960787822225393e+04 0.000000000000000000e+00 9.875600810993468031e+02 0.000000000000000000e+00 9.400165030734078755e+02 2.264399544298909314e+04 0.000000000000000000e+00 1.995911460110063445e+03 0.000000000000000000e+00 -3.065041676053165247e+02
3.975064703251052212e-01 2.590510010532185333e+04 0.000000000000000000e+00 1.047812849265844761e+03 0.000000000000000000e+00 1.202991437953038940e+03 2.238223812651013213e+04 0.000000000000000000e+00 1.996853528282014850e+03 0.000000000000000000e+00 -1.380054147822315826e+02
