3.798113400606732779e-03 2.199151973684210316e+04 0.000000000000000000e+00 2.632031414473683981e+04 0.000000000000000000e+00 1.308903289473684163e+04
8.299341265228576958e-03 3.247906250000000000e+04 0.000000000000000000e+00 7.945682617187500000e+03 0.000000000000000000e+00 -5.049958984375000000e+03
1.293222767532251419e-02 3.036857006369426745e+04 0.000000000000000000e+00 4.619863853503185055e+03 0.000000000000000000e+00 -4.159125398089172450e+03
1.764839556552980082e-02 3.720754109589041036e+04 0.000000000000000000e+00 1.497691438356164326e+04 0.000000000000000000e+00 2.446172303082191775e+03
2.256548662787912635e-02 3.740159924385633349e+04 0.000000000000000000e+00 2.072727410207939465e+04 0.000000000000000000e+00 -1.379633553875236248e+04
2.777643688250242340e-02 3.360143414634146029e+04 0.000000000000000000e+00 1.711155243902439179e+04 0.000000000000000000e+00 4.143754268292683264e+03
3.269804980233311648e-02 2.905176399999999921e+04 0.000000000000000000e+00 1.480719800000000032e+04 0.000000000000000000e+00 -3.589771500000000287e+03
3.761648458559932462e-02 2.575371004720161727e+04 0.000000000000000000e+00 1.399174241402562438e+04 0.000000000000000000e+00 3.750822656776803797e+03
4.263843696389812976e-02 2.281887053571428623e+04 0.000000000000000000e+00 1.325934933035714130e+04 0.000000000000000000e+00 3.071681919642856883e+03
4.756514582339458480e-02 1.995588661142607816e+04 0.000000000000000000e+00 9.099799389446141504e+03 0.000000000000000000e+00 -1.459633558656781588e+03
5.262096060748640974e-02 1.915233426966292245e+04 0.000000000000000000e+00 1.025270084269662948e+04 0.000000000000000000e+00 3.976150280898876190e+03
5.756031740041873956e-02 1.833330445544554459e+04 0.000000000000000000e+00 1.098139603960396016e+04 0.000000000000000000e+00 -1.257777305074257356e+03
6.254738279606215923e-02 1.630939023792003718e+04 0.000000000000000000e+00 8.998014226146675355e+03 0.000000000000000000e+00 1.384714741231297467e+03
6.757793472572401483e-02 1.555346572934973483e+04 0.000000000000000000e+00 8.289420913884006950e+03 0.000000000000000000e+00 3.376788774165202085e+02
7.255917516659465827e-02 1.513767230797842785e+04 0.000000000000000000e+00 7.761415659289566975e+03 0.000000000000000000e+00 -7.682808257392598534e+02
7.753384299139773339e-02 1.357153398058252424e+04 0.000000000000000000e+00 7.372742551054569958e+03 0.000000000000000000e+00 2.068976899899565069e+03
8.251793356505521260e-02 1.280801146788990809e+04 0.000000000000000000e+00 6.133866399082568932e+03 0.000000000000000000e+00 -1.200687894208715676e+02
8.752751931716111489e-02 1.153169677335752385e+04 0.000000000000000000e+00 6.139055591551121324e+03 0.000000000000000000e+00 9.585168459245821850e+02
9.254701955136974967e-02 1.096494804010938969e+04 0.000000000000000000e+00 5.629994074749316496e+03 0.000000000000000000e+00 1.004519029170464933e+03
9.754963178921903511e-02 9.720669946613628781e+03 0.000000000000000000e+00 4.531500052339579270e+03 0.000000000000000000e+00 1.013279859729927779e+01
1.025319613041059119e-01 9.272417260787991836e+03 0.000000000000000000e+00 4.655061538461538476e+03 0.000000000000000000e+00 2.381846622889305820e+02
1.075116003998943526e-01 8.638556857339764974e+03 0.000000000000000000e+00 4.085677463818056367e+03 0.000000000000000000e+00 8.203802334596829837e+01
1.125102861506304813e-01 8.203875396150575398e+03 0.000000000000000000e+00 3.791556620545721671e+03 0.000000000000000000e+00 5.069995362139599706e+02
1.175500852175193622e-01 7.958543592661072580e+03 0.000000000000000000e+00 4.135144929597497139e+03 0.000000000000000000e+00 5.633900583131844542e+02
1.225369446564099490e-01 7.650819198940748720e+03 0.000000000000000000e+00 3.507752399867593795e+03 0.000000000000000000e+00 2.264954071499503740e+01
1.275260957852891452e-01 7.266511278195488558e+03 0.000000000000000000e+00 3.417917778316759723e+03 0.000000000000000000e+00 3.057239873878243657e+02
1.325302087090364789e-01 7.042666517030469549e+03 0.000000000000000000e+00 2.926590875932888139e+03 0.000000000000000000e+00 -2.750501374782559765e+02
1.375062694904859717e-01 6.723278986272439397e+03 0.000000000000000000e+00 3.125765786694825692e+03 0.000000000000000000e+00 5.963090813093980387e+02
1.425134422753508989e-01 6.276563255903244681e+03 0.000000000000000000e+00 2.815660779420234121e+03 0.000000000000000000e+00 -6.208422921866001332e+01
1.475259222195813014e-01 6.050456239464212558e+03 0.000000000000000000e+00 2.518317372089844866e+03 0.000000000000000000e+00 2.273210169028201619e+02
1.525299430011916868e-01 5.702906323977003922e+03 0.000000000000000000e+00 2.546375211362867503e+03 0.000000000000000000e+00 5.470718633750421986e+02
1.574945685492469272e-01 5.457415133255145520e+03 0.000000000000000000e+00 2.294045537266954852e+03 0.000000000000000000e+00 7.934007865895578959e+01
1.625189323163163113e-01 5.244975766423358436e+03 0.000000000000000000e+00 2.228036204379562150e+03 0.000000000000000000e+00 2.019170985401460143e+02
1.675461007718098694e-01 5.027208997722095773e+03 0.000000000000000000e+00 2.090487471526195804e+03 0.000000000000000000e+00 1.042434688211845071e+02
1.725292014006662711e-01 4.879950950983947223e+03 0.000000000000000000e+00 2.031056465701948355e+03 0.000000000000000000e+00 4.927813560998121716e+02
1.775301965061671094e-01 4.679762241292276485e+03 0.000000000000000000e+00 1.755398914689550793e+03 0.000000000000000000e+00 1.251118674280666312e+02
1.825147654490652804e-01 4.559320748028007074e+03 0.000000000000000000e+00 1.847212620756890828e+03 0.000000000000000000e+00 2.004039853466867669e+02
1.875360723572403465e-01 4.419242458100558906e+03 0.000000000000000000e+00 1.648911284916201112e+03 0.000000000000000000e+00 3.080932402234636811e+02
1.925323683450522461e-01 4.317865695619578219e+03 0.000000000000000000e+00 1.589206169005033644e+03 0.000000000000000000e+00 2.110664560351290504e+02
1.975198663583639380e-01 4.222528493739723672e+03 0.000000000000000000e+00 1.560443859871000313e+03 0.000000000000000000e+00 2.215552295434424934e+02
2.025153694923672032e-01 4.031988034352986688e+03 0.000000000000000000e+00 1.465101129016694131e+03 0.000000000000000000e+00 4.182689616906301211e+01
2.075088499274508613e-01 3.918867113971009530e+03 0.000000000000000000e+00 1.418161166960544051e+03 0.000000000000000000e+00 9.797186791545490792e+01
2.125178062418619784e-01 3.819289928434282047e+03 0.000000000000000000e+00 1.347671059521731650e+03 0.000000000000000000e+00 1.299824576714958937e+02
2.175004174234404231e-01 3.686583284235333849e+03 0.000000000000000000e+00 1.307609460483124394e+03 0.000000000000000000e+00 9.720361291137109561e+01
2.225093171556767890e-01 3.639989755914974012e+03 0.000000000000000000e+00 1.245339689919426291e+03 0.000000000000000000e+00 1.700234825949055448e+02
2.275289586476768322e-01 3.507663248124904385e+03 0.000000000000000000e+00 1.239403949181080634e+03 0.000000000000000000e+00 1.356912310577070286e+02
2.325285406108919262e-01 3.427073217761446813e+03 0.000000000000000000e+00 1.127203827333418303e+03 0.000000000000000000e+00 7.686852636748949408e+01
2.375276552426477672e-01 3.339391527509228581e+03 0.000000000000000000e+00 1.124061451924767198e+03 0.000000000000000000e+00 1.076756371945860451e+02
2.424991024241769377e-01 3.255938007529586685e+03 0.000000000000000000e+00 1.005182381442776887e+03 0.000000000000000000e+00 9.949144058210794128e+01
2.474998551644826128e-01 3.171471021453730373e+03 0.000000000000000000e+00 9.821964137047710892e+02 0.000000000000000000e+00 1.555476144732628825e+02
2.525200307756395035e-01 3.113752922981750999e+03 0.000000000000000000e+00 9.430433034333436808e+02 0.000000000000000000e+00 1.401265233529229874e+02
2.575182250600202005e-01 3.041169748900976174e+03 0.000000000000000000e+00 8.691496609790626735e+02 0.000000000000000000e+00 1.243977572461068490e+02
2.625255687975799335e-01 2.987383807839333713e+03 0.000000000000000000e+00 8.486947566611513594e+02 0.000000000000000000e+00 3.757896745021965756e+01
2.675305520911575030e-01 2.931254967481807398e+03 0.000000000000000000e+00 7.834259123734827881e+02 0.000000000000000000e+00 -2.648301036646828699e+00
2.725404586615198799e-01 2.852257682339874009e+03 0.000000000000000000e+00 7.488110223726661161e+02 0.000000000000000000e+00 4.733415533929232311e+01
2.775333197047151201e-01 2.804210199808720972e+03 0.000000000000000000e+00 7.108124176079819563e+02 0.000000000000000000e+00 2.034954086644092186e+01
2.825123907298719983e-01 2.739965762984005323e+03 0.000000000000000000e+00 7.579210770085840068e+02 0.000000000000000000e+00 8.709991971839684766e+01
2.875104651677040102e-01 2.684058992530166506e+03 0.000000000000000000e+00 7.177061386707526935e+02 0.000000000000000000e+00 7.468232857690097148e+01
2.924971317655564174e-01 2.650403726779872613e+03 0.000000000000000000e+00 6.661835415968280358e+02 0.000000000000000000e+00 -7.976346391704908889e+00
2.975058823671092867e-01 2.595392061095817553e+03 0.000000000000000000e+00 6.360010212236924190e+02 0.000000000000000000e+00 3.124012077080188021e+00
3.025121359101998753e-01 2.534753015433833298e+03 0.000000000000000000e+00 6.017865634862306479e+02 0.000000000000000000e+00 4.594239062297349463e+00
3.075010376196579687e-01 2.498553545487798601e+03 0.000000000000000000e+00 5.793616136280504634e+02 0.000000000000000000e+00 2.103281470449913826e+01
3.125134169243361515e-01 2.442756967625176003e+03 0.000000000000000000e+00 5.337208928212346564e+02 0.000000000000000000e+00 2.994072240096521398e+01
3.175159688234982513e-01 2.403496890687781615e+03 0.000000000000000000e+00 5.165460600642493318e+02 0.000000000000000000e+00 5.983937676218919144e+00
3.225221380836135188e-01 2.389382669435529806e+03 0.000000000000000000e+00 5.373651878421748052e+02 0.000000000000000000e+00 -3.160596564092882943e+01
3.275181733526948968e-01 2.339827027027026816e+03 0.000000000000000000e+00 5.042938911514253846e+02 0.000000000000000000e+00 -1.279371413365420196e+01
3.325123842131759710e-01 2.318289796027291231e+03 0.000000000000000000e+00 4.608295898307195557e+02 0.000000000000000000e+00 -3.790664167786011340e+00
3.374959366892091861e-01 2.267877377991101184e+03 0.000000000000000000e+00 4.563842273061696346e+02 0.000000000000000000e+00 -5.940714722085976146e-02
3.424919221947719805e-01 2.235668802973606034e+03 0.000000000000000000e+00 4.505117635783280434e+02 0.000000000000000000e+00 1.469948286926301684e+01
3.475179778446125245e-01 2.190114026203155845e+03 0.000000000000000000e+00 4.068103048322279278e+02 0.000000000000000000e+00 2.034664794052422621e-01
3.525052850529177828e-01 2.172829634360530235e+03 0.000000000000000000e+00 4.189926872106019573e+02 0.000000000000000000e+00 -1.350961749560913416e+00
3.575133254796376558e-01 2.136654306320945125e+03 0.000000000000000000e+00 3.841225712993692127e+02 0.000000000000000000e+00 2.075419633481769921e+01
3.625250227669692404e-01 2.093990664056617788e+03 0.000000000000000000e+00 3.751221502785724624e+02 0.000000000000000000e+00 -2.830165261255834963e+01
3.675230446100045678e-01 2.088083459090611086e+03 0.000000000000000000e+00 3.497520576806712711e+02 0.000000000000000000e+00 -1.811450541849835005e+00
3.725177060730277545e-01 2.061763851563840035e+03 0.000000000000000000e+00 3.290290468294356856e+02 0.000000000000000000e+00 8.607816877751730544e+00
3.775163034622419089e-01 2.026691306776260035e+03 0.000000000000000000e+00 2.997721709269691814e+02 0.000000000000000000e+00 -5.993380269064480181e+00
3.825226892977953153e-01 2.011289297297297253e+03 0.000000000000000000e+00 3.217609189189188896e+02 0.000000000000000000e+00 7.817237162162162178e+01
3.875130067694269043e-01 1.987709167544784123e+03 0.000000000000000000e+00 2.969701527924131028e+02 0.000000000000000000e+00 2.644490582191781058e+01
3.924957861003909865e-01 1.969980677758826005e+03 0.000000000000000000e+00 2.997122131754256316e+02 0.000000000000000000e+00 5.031562771537991807e+01
3.975064703251052212e-01 1.952992057493340099e+03 0.000000000000000000e+00 2.793737934452636296e+02 0.000000000000000000e+00 6.104582120066910988e+01
