3.798113400606732779e-03 1.460002796052631493e+04 0.000000000000000000e+00 1.773122368421052670e+04 0.000000000000000000e+00 3.229205592105262895e+03
8.299341265228576958e-03 3.168901367187500000e+04 0.000000000000000000e+00 1.224023046875000000e+04 0.000000000000000000e+00 4.740663085937500000e+03
1.293222767532251419e-02 3.895623885350318596e+04 0.000000000000000000e+00 1.645227707006369383e+04 0.000000000000000000e+00 -9.813555732484077453e+03
1.764839556552980082e-02 3.924498287671232538e+04 0.000000000000000000e+00 3.041950342465753420e+04 0.000000000000000000e+00 4.923052654109588730e+03
2.256548662787912635e-02 3.503094517958412325e+04 0.000000000000000000e+00 1.802462759924385682e+04 0.000000000000000000e+00 -1.607518336483932035e+04
2.777643688250242340e-02 3.345387317073170561e+04 0.000000000000000000e+00 2.276315609756097547e+04 0.000000000000000000e+00 2.996113414634146466e+03
3.269804980233311648e-02 2.919744000000000233e+04 0.000000000000000000e+00 2.009398800000000119e+04 0.000000000000000000e+00 1.142652187500000025e+02
3.761648458559932462e-02 2.493464598786244096e+04 0.000000000000000000e+00 1.370226702629804458e+04 0.000000000000000000e+00 4.757992582602832044e+03
4.263843696389812976e-02 2.163754241071428623e+04 0.000000000000000000e+00 9.513497767857143117e+03 0.000000000000000000e+00 1.196969866071428442e+03
4.756514582339458480e-02 2.082306323593545676e+04 0.000000000000000000e+00 1.173539642389882283e+04 0.000000000000000000e+00 -2.079020933275185598e+03
5.262096060748640974e-02 1.900482443820224580e+04 0.000000000000000000e+00 1.036738061797752744e+04 0.000000000000000000e+00 1.602592696629213378e+03
5.756031740041873956e-02 1.819322648514851608e+04 0.000000000000000000e+00 1.045844554455445541e+04 0.000000000000000000e+00 1.639863861386138524e+03
6.254738279606215923e-02 1.708296492519008825e+04 0.000000000000000000e+00 9.334901152808437473e+03 0.000000000000000000e+00 5.472335050282069915e+02
6.757793472572401483e-02 1.567857293497363753e+04 0.000000000000000000e+00 7.944832161687169901e+03 0.000000000000000000e+00 1.222979184973637956e+02
7.255917516659465827e-02 1.451071750046494344e+04 0.000000000000000000e+00 7.419798400595127532e+03 0.000000000000000000e+00 -2.560353124418820698e+02
7.753384299139773339e-02 1.383973351188483502e+04 0.000000000000000000e+00 6.807472380314697148e+03 0.000000000000000000e+00 5.663614830934047859e+02
8.251793356505521260e-02 1.272467316513761580e+04 0.000000000000000000e+00 6.487022935779817089e+03 0.000000000000000000e+00 -2.615326476490826053e+02
8.752751931716111489e-02 1.173198393157963073e+04 0.000000000000000000e+00 6.057564338473500356e+03 0.000000000000000000e+00 3.837431968381495722e+02
9.254701955136974967e-02 1.056921330902461159e+04 0.000000000000000000e+00 5.426468550592525389e+03 0.000000000000000000e+00 8.106314380127620325e+02
9.754963178921903511e-02 9.684960954673924789e+03 0.000000000000000000e+00 4.726399665026693583e+03 0.000000000000000000e+00 -6.323068669527896901e+01
1.025319613041059119e-01 9.067314071294558744e+03 0.000000000000000000e+00 4.224996622889305399e+03 0.000000000000000000e+00 4.436765478424014759e+02
1.075116003998943526e-01 8.494745003445899783e+03 0.000000000000000000e+00 4.073487939352170997e+03 0.000000000000000000e+00 2.023517186423156318e+02
1.125102861506304813e-01 8.251172914895261783e+03 0.000000000000000000e+00 4.232074205766406521e+03 0.000000000000000000e+00 3.407428306407977061e+02
1.175500852175193622e-01 7.918313753377898138e+03 0.000000000000000000e+00 3.382533636751529230e+03 0.000000000000000000e+00 4.263912672450576338e+02
1.225369446564099490e-01 7.654993181065872704e+03 0.000000000000000000e+00 3.772038662694472350e+03 0.000000000000000000e+00 4.541840119165839269e+02
1.275260957852891452e-01 7.383697307785592784e+03 0.000000000000000000e+00 3.326901528013582265e+03 0.000000000000000000e+00 2.159917838952219142e+02
1.325302087090364789e-01 6.860821727175803971e+03 0.000000000000000000e+00 3.071516749901801177e+03 0.000000000000000000e+00 -1.344234049716626487e+02
1.375062694904859717e-01 6.649917634635691684e+03 0.000000000000000000e+00 2.828044772967265089e+03 0.000000000000000000e+00 7.211640443505807525e+02
1.425134422753508989e-01 6.367960453062008128e+03 0.000000000000000000e+00 2.878554617009022877e+03 0.000000000000000000e+00 2.775812535995392523e+02
1.475259222195813014e-01 5.978545537382113253e+03 0.000000000000000000e+00 2.536449952161829515e+03 0.000000000000000000e+00 3.459352817896031524e+02
1.525299430011916868e-01 5.753548190733851698e+03 0.000000000000000000e+00 2.547917314846127738e+03 0.000000000000000000e+00 2.237822328373351297e+02
1.574945685492469272e-01 5.472110648279208363e+03 0.000000000000000000e+00 2.435458244024750002e+03 0.000000000000000000e+00 3.545910138714764912e+02
1.625189323163163113e-01 5.243215182481751981e+03 0.000000000000000000e+00 2.264043211678832449e+03 0.000000000000000000e+00 2.959968065693431072e+02
1.675461007718098694e-01 5.084550113895215873e+03 0.000000000000000000e+00 2.215077733485193676e+03 0.000000000000000000e+00 1.681201594533029606e+02
1.725292014006662711e-01 4.873760754194548099e+03 0.000000000000000000e+00 2.000235092461351087e+03 0.000000000000000000e+00 3.313313115996967895e+02
1.775301965061671094e-01 4.656467945482079813e+03 0.000000000000000000e+00 1.918832155477031847e+03 0.000000000000000000e+00 2.291579852347299209e+02
1.825147654490652804e-01 4.605006469910485066e+03 0.000000000000000000e+00 1.822077107152353165e+03 0.000000000000000000e+00 1.037256344352861248e+02
1.875360723572403465e-01 4.484127821229049914e+03 0.000000000000000000e+00 1.707145363128491681e+03 0.000000000000000000e+00 1.948580027932960945e+02
1.925323683450522461e-01 4.361444146942272710e+03 0.000000000000000000e+00 1.710237228231766039e+03 0.000000000000000000e+00 2.418799132483667051e+02
1.975198663583639380e-01 4.147336790185911013e+03 0.000000000000000000e+00 1.447128367269507862e+03 0.000000000000000000e+00 2.111682180346528241e+02
2.025153694923672032e-01 4.061351732123902821e+03 0.000000000000000000e+00 1.412620283701630797e+03 0.000000000000000000e+00 -7.735317958120235460e+01
2.075088499274508613e-01 3.925591884403123458e+03 0.000000000000000000e+00 1.460001557168700856e+03 0.000000000000000000e+00 1.491822345370858045e+02
2.125178062418619784e-01 3.782741141560481992e+03 0.000000000000000000e+00 1.242008902077151333e+03 0.000000000000000000e+00 1.606130760167568496e+02
2.175004174234404231e-01 3.683688241730494155e+03 0.000000000000000000e+00 1.266287181213702524e+03 0.000000000000000000e+00 4.814528448783772774e+01
2.225093171556767890e-01 3.592014341719036565e+03 0.000000000000000000e+00 1.204802190658182553e+03 0.000000000000000000e+00 1.659267350919012642e+02
2.275289586476768322e-01 3.491350068881065454e+03 0.000000000000000000e+00 1.195213607837134532e+03 0.000000000000000000e+00 1.212581891933261886e+02
2.325285406108919262e-01 3.389828461244611390e+03 0.000000000000000000e+00 1.098380368544558223e+03 0.000000000000000000e+00 1.792300220108053281e+02
2.375276552426477672e-01 3.320408085779574776e+03 0.000000000000000000e+00 1.087508665846370150e+03 0.000000000000000000e+00 1.027109597468799507e+02
2.424991024241769377e-01 3.257129235392433202e+03 0.000000000000000000e+00 1.005951007039994579e+03 0.000000000000000000e+00 5.902089207029865037e+01
2.474998551644826128e-01 3.154587768171629705e+03 0.000000000000000000e+00 1.015776368876080710e+03 0.000000000000000000e+00 1.300882004482868979e+02
2.525200307756395035e-01 3.114402969378286798e+03 0.000000000000000000e+00 9.036630374265388355e+02 0.000000000000000000e+00 1.481725661150634110e+01
2.575182250600202005e-01 3.047386394456448670e+03 0.000000000000000000e+00 8.826254973548915359e+02 0.000000000000000000e+00 5.724055211981223579e+01
2.625255687975799335e-01 2.975818337422262630e+03 0.000000000000000000e+00 8.806648599303930496e+02 0.000000000000000000e+00 7.472356043532834668e+00
2.675305520911575030e-01 2.900814736057220671e+03 0.000000000000000000e+00 8.152929675094239883e+02 0.000000000000000000e+00 -4.482804366136893748e+01
2.725404586615198799e-01 2.851265034114348964e+03 0.000000000000000000e+00 7.735255196488072897e+02 0.000000000000000000e+00 5.297648688316495935e+01
2.775333197047151201e-01 2.787192596996406792e+03 0.000000000000000000e+00 7.585630832062449826e+02 0.000000000000000000e+00 6.314097112725204397e+01
2.825123907298719983e-01 2.720849157043166997e+03 0.000000000000000000e+00 6.732482924720558231e+02 0.000000000000000000e+00 6.504666213796085117e+01
2.875104651677040102e-01 2.687458915916491151e+03 0.000000000000000000e+00 6.645944263551043605e+02 0.000000000000000000e+00 -3.870108097107833345e+01
2.924971317655564174e-01 2.637049278109791885e+03 0.000000000000000000e+00 6.939576691442508718e+02 0.000000000000000000e+00 1.151660520870660731e+00
2.975058823671092867e-01 2.585238788739898609e+03 0.000000000000000000e+00 6.070254861912795832e+02 0.000000000000000000e+00 3.296476778261255447e+01
3.025121359101998753e-01 2.524224287752366763e+03 0.000000000000000000e+00 5.904618477368034064e+02 0.000000000000000000e+00 -9.779490996930526592e+00
3.075010376196579687e-01 2.474804117677796967e+03 0.000000000000000000e+00 5.485755552071902912e+02 0.000000000000000000e+00 9.773147306265350664e+01
3.125134169243361515e-01 2.442704363563241714e+03 0.000000000000000000e+00 5.652917755881761650e+02 0.000000000000000000e+00 -1.628044817011864254e+01
3.175159688234982513e-01 2.431479403876570814e+03 0.000000000000000000e+00 5.391294318751166657e+02 0.000000000000000000e+00 -2.132724897093063277e+01
3.225221380836135188e-01 2.380419860298282401e+03 0.000000000000000000e+00 5.084253728525580982e+02 0.000000000000000000e+00 -4.534674697942231991e-01
3.275181733526948968e-01 2.329602517586079102e+03 0.000000000000000000e+00 4.848413550536837988e+02 0.000000000000000000e+00 -2.616265734912995100e+01
3.325123842131759710e-01 2.296226086801818383e+03 0.000000000000000000e+00 4.763470649456932620e+02 0.000000000000000000e+00 6.080696869690527251e+01
3.374959366892091861e-01 2.263662123813194285e+03 0.000000000000000000e+00 4.489672424061942024e+02 0.000000000000000000e+00 -6.166430911256700398e+01
3.424919221947719805e-01 2.221413096200485143e+03 0.000000000000000000e+00 4.327535357407762717e+02 0.000000000000000000e+00 -6.229993999449949804e+00
3.475179778446125245e-01 2.198005946352141564e+03 0.000000000000000000e+00 4.341713986996438734e+02 0.000000000000000000e+00 5.196102607246707805e+01
3.525052850529177828e-01 2.171543349832348667e+03 0.000000000000000000e+00 3.829157911543988462e+02 0.000000000000000000e+00 -2.250266246207887733e+01
3.575133254796376558e-01 2.122272198419572305e+03 0.000000000000000000e+00 3.835306849798039366e+02 0.000000000000000000e+00 5.659246115995125948e+00
3.625250227669692404e-01 2.110781388345128562e+03 0.000000000000000000e+00 3.565864478241228426e+02 0.000000000000000000e+00 7.085399883300707025e+00
3.675230446100045678e-01 2.078037340798577134e+03 0.000000000000000000e+00 3.616607250909461868e+02 0.000000000000000000e+00 2.206438954865895496e+01
3.725177060730277545e-01 2.064284521699354173e+03 0.000000000000000000e+00 3.385387100463148613e+02 0.000000000000000000e+00 -1.928142153639430489e+01
3.775163034622419089e-01 2.035098365064370000e+03 0.000000000000000000e+00 3.408305004102854241e+02 0.000000000000000000e+00 2.021831665758752195e+01
3.825226892977953153e-01 2.007207135135135104e+03 0.000000000000000000e+00 2.944414864864864967e+02 0.000000000000000000e+00 2.545881967905405219e+00
3.875130067694269043e-01 1.983256059009483806e+03 0.000000000000000000e+00 2.966293993677555250e+02 0.000000000000000000e+00 1.794436413329820823e+01
3.924957861003909865e-01 1.960332378592347141e+03 0.000000000000000000e+00 3.207982235381199416e+02 0.000000000000000000e+00 4.211871399607376532e+01
3.975064703251052212e-01 1.950060491914999147e+03 0.000000000000000000e+00 3.042467505111207515e+02 0.000000000000000000e+00 3.786749272040146508e+01
