3.798113400606732779e-03 3.083881578947368250e-04 -1.814377894736842019e+06 -7.709703947368421167e-04 -5.653744736842104467e+05 1.034385279605263067e-03
8.299341265228576958e-03 -7.438659667968750000e-05 -1.761378750000000000e+06 1.802444458007812500e-04 -5.209482500000000000e+05 -2.524852752685546875e-04
1.293222767532251419e-02 8.397193471337580464e-05 -1.680723770700637018e+06 -2.099298367834394980e-04 -4.699350318471337669e+05 2.896254229697452264e-04
1.764839556552980082e-02 -1.672196061643835524e-05 -1.068824986301369732e+06 6.019905821917807885e-05 -1.446344657534246508e+05 1.504976455479451971e-05
2.256548662787912635e-02 -2.457559221408317667e-05 -8.570687637051040074e+05 9.974459844636105550e-05 -7.994664650283554511e+04 -5.029054580428875650e-05
2.777643688250242340e-02 4.763719512195121947e-06 -5.728212292682926636e+05 -5.954649390243902646e-06 -1.549082243902439077e+05 9.825171493902439281e-06
3.269804980233311648e-02 -1.043701171875000080e-05 -4.152655040000000154e+05 4.562377929687500325e-05 -3.732528800000000047e+04 -4.401397705078125098e-05
3.761648458559932462e-02 -4.280280681051921457e-06 -3.028142090357383713e+05 7.902056641942009757e-06 -4.987275522589345928e+04 1.777962744436952238e-05
4.263843696389812976e-02 -1.171657017299107046e-05 -2.285908214285714203e+05 1.566750662667410569e-05 -1.509078794642857065e+04 -5.275862557547432842e-05
4.756514582339458480e-02 3.939469308765809458e-06 -1.720965721761884051e+05 -1.240400471543829085e-05 4.721037505451374273e+03 1.583773134267335390e-06
5.262096060748640974e-02 5.057688509480336727e-06 -1.542757303370786540e+05 -7.843703366397471587e-06 -3.008850280898876372e+04 -1.121906751997015373e-05
5.756031740041873956e-02 -4.910006381497524878e-06 -1.340371386138613743e+05 1.197286171488242621e-05 -1.716305816831683114e+04 -1.634465585840810825e-05
6.254738279606215923e-02 -8.263773914643118663e-06 -1.097446161393181246e+05 2.784532514716703223e-05 -6.600311503556536081e+03 -4.429801995186411010e-05
6.757793472572401483e-02 7.723253514938488746e-06 -9.431819332161686907e+04 -6.436044595782073108e-06 -5.767452548330404170e+03 -7.186916465289982230e-06
7.255917516659465827e-02 7.622300059861447076e-06 -8.399830388692580163e+04 -1.406124229211223762e-05 -1.157096447833364437e+04 2.606579732868293133e-05
7.753384299139773339e-02 -1.185148665048543798e-06 -7.019423903582189814e+04 3.453278006779377550e-06 -9.596743890190828097e+03 -5.593697363052394260e-06
8.251793356505521260e-02 -6.299500071674312276e-07 -5.868298623853211029e+04 2.344813915567660892e-06 -8.126495412844036764e+03 -1.653618768814506920e-06
8.752751931716111489e-02 7.909181838797461181e-07 -5.082802539847091248e+04 1.819111822923416029e-06 -6.366256835557859631e+03 8.680327068080213244e-06
9.254701955136974967e-02 -1.696966513787602559e-06 -4.327305742935278249e+04 -1.098855365485414838e-06 -6.325123062898815078e+03 -1.268204277824464412e-05
9.754963178921903511e-02 -5.486647171536428322e-07 -3.711980236574898299e+04 -4.352979680998443114e-06 -5.972399874385009753e+03 4.844042589236937911e-06
1.025319613041059119e-01 6.756236808161350574e-07 -3.252938086303939781e+04 2.158560403963414434e-06 -5.317765103189493857e+03 -4.222648005100844241e-07
1.075116003998943526e-01 -1.787728560044796554e-07 -2.923348862853204628e+04 -2.313531077705031084e-07 -3.026958993797381027e+03 -2.502819984062715228e-06
1.125102861506304813e-01 1.811664218907010886e-06 -2.523934760763700979e+04 -3.774300456056273032e-06 -3.978973486898044484e+03 4.189473506222462727e-06
1.175500852175193622e-01 1.836274057105363822e-06 -2.262195875408903521e+04 -4.417067858593305609e-06 -3.263132698051486386e+03 2.282355184694761421e-06
1.225369446564099490e-01 2.529494062396557471e-06 -2.055018603111552511e+04 -4.093254768702416981e-06 -3.294776564051638616e+03 5.150914626261999576e-06
1.275260957852891452e-01 2.709054958464710135e-06 -1.794535435362600037e+04 5.107234757761338172e-07 -3.114816395828280292e+03 -1.471105663920385669e-06
1.325302087090364789e-01 1.476132222869087075e-06 -1.620312395488468610e+04 -3.019050010345940281e-06 -2.180104595701700418e+03 2.094754920678202546e-06
1.375062694904859717e-01 -9.135938118730200479e-07 -1.435863991552270272e+04 3.224970043146119433e-06 -2.432494825765575570e+03 -3.439471235748580832e-06
1.425134422753508989e-01 -1.833749655044154277e-06 -1.315688231906315923e+04 1.350413084625167963e-06 -2.037987329621808385e+03 2.118625300336556905e-06
1.475259222195813014e-01 8.008622260695247960e-07 -1.170138849150303031e+04 1.546109019773110377e-06 -1.730698619527085611e+03 -3.253502793407444583e-07
1.525299430011916868e-01 1.367459959946736561e-07 -1.089849171457558259e+04 6.798598102754058278e-07 -1.745121237740953575e+03 -2.337905011710823865e-06
1.574945685492469272e-01 -1.035477334366279727e-06 -9.840751243579890797e+03 1.389070011715432321e-06 -1.414679823674525778e+03 -2.407423093382865923e-06
1.625189323163163113e-01 1.704083742016423405e-07 -8.779484963503649851e+03 -8.002510906135949212e-07 -1.539938394160584039e+03 1.238941276160470099e-06
1.675461007718098694e-01 1.052517554211453542e-06 -8.244490888382688354e+03 -3.926031681834157432e-06 -1.461178530751708422e+03 1.925134984670304454e-06
1.725292014006662711e-01 -1.142761932623529187e-06 -7.421453143026667931e+03 2.309666722978541035e-06 -1.268968586214853303e+03 -5.377821559687840259e-06
1.775301965061671094e-01 -7.240414799974760393e-07 -6.662049974760221630e+03 1.482744520207597121e-06 -1.096993311458859125e+03 -5.498671399289342732e-06
1.825147654490652804e-01 6.761849269919348065e-07 -6.102951815415522105e+03 -1.632761203709858543e-06 -1.109878460220390480e+03 2.969128014421585511e-06
1.875360723572403465e-01 1.636696927374301697e-07 -5.478526033519553494e+03 -2.045871159217877055e-07 -1.378255307262569886e+03 4.125840171089385676e-07
1.925323683450522461e-01 -5.924077364417103593e-07 -4.814321088143943598e+03 1.644442164950265023e-06 -1.097294955553175441e+03 -5.073257287768923115e-07
1.975198663583639380e-01 -5.619526210952320775e-07 -4.694098899709118086e+03 3.242034352472492592e-07 -1.082982167699506590e+03 -2.265564482025420384e-06
2.025153694923672032e-01 3.614584865641849516e-07 -4.036320756537682428e+03 -1.003771436544593443e-06 -1.061265849657435183e+03 2.508298386527134070e-06
2.075088499274508613e-01 5.590707939270420854e-09 -3.449374888364744038e+03 1.305430303819643235e-06 -9.232660239529185446e+02 -1.568892415457761844e-06
2.125178062418619784e-01 1.198543389444056489e-07 -3.527769593297259689e+03 4.940662194263833878e-07 -8.880941700122185694e+02 1.694940109905470154e-06
2.175004174234404231e-01 -6.729741157099570447e-07 -3.091416210756670353e+03 4.803288535792441514e-07 -7.671491456948068617e+02 -9.998289104584000335e-07
2.225093171556767890e-01 -2.621237576584385639e-07 -3.040057051673528804e+03 1.051501037028919891e-06 -8.505700833316916487e+02 -4.525542627921780492e-07
2.275289586476768322e-01 -2.702052900149959735e-07 -2.484141741925608585e+03 2.153175595743484953e-08 -6.578699678555028640e+02 -4.588271216522875511e-07
2.325285406108919262e-01 3.153181448165463103e-07 -2.465356884288651145e+03 -1.854159513533916797e-06 -7.987838393393120668e+02 8.954369147695232970e-07
2.375276552426477672e-01 -3.642368702210406188e-07 -2.057878572684127448e+03 3.441206955033837597e-07 -5.515235718052382481e+02 -1.791479466438796492e-06
2.424991024241769377e-01 1.092250360863032459e-07 -1.846166292438336768e+03 -7.748795012915098338e-07 -5.384573126466665371e+02 1.251966215517532460e-06
2.474998551644826128e-01 -2.345250960614793402e-07 -1.742072494396413731e+03 4.768676953250079821e-07 -5.445389048991354457e+02 -1.045591053274095457e-06
2.525200307756395035e-01 1.584639167254678326e-07 -1.458274914939684550e+03 -3.999355515569420840e-07 -3.687258892669347574e+02 2.519921403973972305e-06
2.575182250600202005e-01 -4.142986911835928697e-07 -1.382570955964533141e+03 9.848120919408016156e-07 -5.809531331495417135e+02 -1.046263365976128845e-06
2.625255687975799335e-01 4.875290623038739805e-07 -1.145275860101557555e+03 -1.065599236178467507e-06 -3.605497232840759807e+02 6.459760075526330269e-07
2.675305520911575030e-01 1.011339079824912546e-07 -1.133175846784772375e+03 -6.978239650791896606e-07 -3.964085279131743391e+02 1.541449314166470907e-06
2.725404586615198799e-01 6.819525444445178405e-08 -8.612728090125350491e+02 2.168931909106084970e-07 -3.507664621568731036e+02 2.172462728493001824e-07
2.775333197047151201e-01 3.114903885571219151e-07 -7.986831752268203672e+02 5.985762594922470951e-07 -3.240937007263421492e+02 -3.682247292712890356e-07
2.825123907298719983e-01 -2.352000092632619110e-07 -7.302356820848515326e+02 1.192584662354103685e-06 -3.036791947137652414e+02 -5.069615584280244574e-07
2.875104651677040102e-01 2.889700763368487876e-07 -6.344151503543382660e+02 -5.514542733634301470e-07 -3.576035481708485122e+02 8.178200216682403034e-07
2.924971317655564174e-01 1.213520775295056021e-07 -4.884281173057138403e+02 -3.259573245269278368e-07 -2.567749251522963050e+02 1.837919546304430765e-07
2.975058823671092867e-01 -1.329605431806955321e-08 -3.683074771334694901e+02 1.411287243206815731e-06 -1.663448628008169692e+02 -9.225831448042035895e-07
3.025121359101998753e-01 -3.517681582109776640e-07 -3.136256538843975363e+02 7.290160072065761623e-07 -2.265193895637888488e+02 -8.026308743521106717e-07
3.075010376196579687e-01 -1.269373056774834094e-07 -2.539679573600878086e+02 5.144469197431677008e-07 -1.598023828186236130e+02 7.173711929524612392e-07
3.125134169243361515e-01 1.380747049693344022e-07 -1.871259601849990020e+02 5.090354123202795064e-07 -2.102907299416851004e+02 -2.256217387368351508e-06
3.175159688234982513e-01 2.350481010108948791e-07 -1.427250837500368448e+02 1.175240505054474396e-07 -2.341553771944474533e+02 2.980074137816702658e-07
3.225221380836135188e-01 -3.695150400211794731e-07 -6.845976496129885014e+00 8.419772150472850669e-07 -2.508087219180668512e+02 -3.889684117198193201e-07
3.275181733526948968e-01 3.276600391058866951e-08 -3.789393743058126773e+01 -4.660681590730285164e-07 -2.090486301369863043e+02 2.269610701910172114e-07
3.325123842131759710e-01 -7.139599034732291161e-08 3.147389407296049768e+01 3.087944449432692587e-07 -2.349389327236983718e+02 -1.356320215866205853e-07
3.374959366892091861e-01 5.509613382454214318e-08 4.306205987457520479e+01 2.043969670537516916e-07 -2.039889465017692771e+02 2.073330330087739197e-07
3.424919221947719805e-01 -2.923359227240687107e-07 1.131373709256681934e+02 4.958329129490678484e-07 -1.875754610839327086e+02 4.215726261164191123e-08
3.475179778446125245e-01 1.590340023830332756e-07 1.451951350998137684e+02 -5.411642933754941179e-07 -2.163807625706537578e+02 3.074117295280184717e-07
3.525052850529177828e-01 1.398458394040396048e-07 1.020960721698866394e+02 -3.929814267573447052e-07 -1.941097716749161748e+02 9.917725622891884523e-07
3.575133254796376558e-01 -8.174915157151781737e-08 1.597791999754734888e+02 -4.262884942463267670e-08 -3.475808417196158757e+02 1.301524850574433381e-07
3.625250227669692404e-01 2.669311578581444680e-07 1.921863123023640867e+02 -6.158602128203347716e-07 -2.807602168348140026e+02 1.130659094490105211e-06
3.675230446100045678e-01 -2.580786520642419161e-07 2.557425949011802970e+02 1.187606762688726974e-06 -2.723746910745139189e+02 -4.766668207307226692e-07
3.725177060730277545e-01 -1.854018340546200608e-07 3.041291383155126482e+02 5.926315095604737617e-07 -1.930391817713991713e+02 -5.253960797400777236e-07
3.775163034622419089e-01 -2.189582201133801229e-07 2.519627088490632332e+02 5.776982736821305351e-07 -2.279409051102943806e+02 -5.925208297890370289e-07
3.825226892977953153e-01 -2.107362489442567536e-07 2.553651621621621643e+02 2.859991949957770493e-07 -2.144091351351351307e+02 9.459418219489020266e-08
3.875130067694269043e-01 7.159089388912671471e-07 2.887968651211801898e+02 -1.206111606481329166e-06 -3.127973393045310786e+02 2.545978799383808968e-06
3.924957861003909865e-01 -2.216656706083255782e-07 2.420924918739742111e+02 4.370948458317912818e-07 -3.228579152318733350e+02 -6.508912378147326835e-07
3.975064703251052212e-01 8.271755423881729662e-08 3.700335295210953745e+02 -2.052813360338191651e-07 -3.245716126634037551e+02 1.464455213830946811e-07
