3.798113400606732779e-03 -2.055921052631578833e-04 -1.138076000000000000e+06 4.111842105263157666e-04 -1.794507578947368311e+06 -5.653782894736842334e-04
8.299341265228576958e-03 7.343292236328125000e-05 -1.803554750000000000e+06 -2.140998840332031250e-04 -9.584427500000000000e+05 2.402067184448242188e-04
1.293222767532251419e-02 -2.381148611664013057e-06 -1.239249324840764282e+06 2.150322980941480838e-05 -3.034912420382165874e+04 -7.879050673952528298e-05
1.764839556552980082e-02 7.190443065068492074e-05 -9.000302465753423749e+05 -1.563503317636986316e-04 -8.460128767123287253e+04 2.334803751070205257e-04
2.256548662787912635e-02 1.107632325141777010e-05 -7.261707977315690368e+05 -1.292237712665406399e-05 6.449607561436673132e+04 5.399707585066162627e-05
2.777643688250242340e-02 -5.433617568597560719e-06 -5.819208585365853505e+05 4.157089605564024694e-05 -1.605193756097560981e+05 -2.325104504096798643e-05
3.269804980233311648e-02 -1.245117187500000089e-05 -4.262704640000000363e+05 3.649902343749999854e-05 -2.528106000000000131e+04 -4.263305664062500060e-05
3.761648458559932462e-02 -1.810887980445043726e-06 -2.956251058664868469e+05 1.242927659305461823e-05 -4.478832636547539005e+04 -1.269679413562036326e-05
4.263843696389812976e-02 -1.362391880580356961e-06 -2.465303928571428405e+05 -3.978184291294642954e-05 -3.417446428571428260e+04 -1.955032348632812500e-05
4.756514582339458480e-02 -9.582492913214129683e-07 -1.910582398604448244e+05 1.969734654382904729e-06 -2.334166942869603372e+04 -4.192340649531182027e-06
5.262096060748640974e-02 -1.397293605161516879e-05 -1.518946741573033796e+05 2.893169274490870653e-05 -2.339178370786516825e+04 -4.625856206658181149e-05
5.756031740041873956e-02 -1.964002552599009951e-06 -1.329957128712871345e+05 -1.019770556157178277e-05 -1.651231559405940789e+04 6.515200775448638471e-06
6.254738279606215923e-02 6.676889793352955352e-06 -1.044957527593818959e+05 -6.631977978599460188e-06 -7.263636987981358288e+03 2.528909435744726178e-05
6.757793472572401483e-02 -4.451597512082601117e-06 -9.147321616871704464e+04 1.198713305964411237e-05 -1.351832864674868142e+04 -9.231701467074911999e-06
7.255917516659465827e-02 -7.945807955179468670e-07 -7.641301246047981840e+04 -5.823142115724381497e-06 -1.086025664868886088e+04 3.357103861063325389e-06
7.753384299139773339e-02 -8.990782976230332226e-07 -6.635965985939069651e+04 5.353602590391697840e-06 -1.088699029126213645e+04 -1.214777381674757420e-05
8.251793356505521260e-02 4.847115332927179062e-06 -5.489727522935780144e+04 -1.037667650695240830e-05 -8.126079701834863044e+03 6.855080980773366339e-06
8.752751931716111489e-02 -1.581836367759492236e-06 -4.734596345730206667e+04 5.378243650382273773e-07 -8.899356744849035749e+03 -4.484506102598160600e-06
9.254701955136974967e-02 2.100343799851868860e-06 -4.093784138559707935e+04 -4.416285804324293480e-06 -7.364593436645396650e+03 4.014647213458579953e-06
9.754963178921903511e-02 -1.533386109075683097e-07 -3.394916277609128156e+04 -1.712281155134512682e-06 -5.837202554171464726e+03 2.638701929367738024e-06
1.025319613041059119e-01 -1.504407814698639678e-06 -2.930636247654784165e+04 2.753309639936092840e-06 -4.339289305816135311e+03 -8.077603567384643893e-06
1.075116003998943526e-01 4.482466463053497294e-07 -2.449671950379048940e+04 -7.735869541076197669e-07 -3.203239834596829951e+03 -1.544709208913707098e-06
1.125102861506304813e-01 2.061711624120738953e-06 -2.221509901831954994e+04 -6.796099758686326449e-06 -3.454989255623405825e+03 6.981866109257845938e-06
1.175500852175193622e-01 -7.725969145569620133e-07 -1.941808106954914183e+04 2.278726854732612872e-06 -3.229741146351870611e+03 -1.930407178366341928e-06
1.225369446564099490e-01 -1.777919149288315151e-07 -1.700011281032770785e+04 2.375946499503475745e-06 -2.383837669645812639e+03 -4.970092167328699953e-07
1.275260957852891452e-01 -9.548308460162503595e-07 -1.550994518554450588e+04 1.380433742496361891e-06 -2.717194276012612136e+03 -2.793250314072732154e-06
1.325302087090364789e-01 1.315161887660625184e-06 -1.350261197463666394e+04 -3.507098367095000208e-06 -1.691911901689018578e+03 4.192078516918242641e-06
1.375062694904859717e-01 -4.765350438473468481e-07 -1.199936135163674771e+04 -2.907749969579098236e-06 -2.593233790918690374e+03 1.968728199428086857e-06
1.425134422753508989e-01 -4.965184768849586679e-07 -1.084764983682088678e+04 2.577062714097595474e-06 -2.025998656172009987e+03 -2.935354255124094204e-06
1.475259222195813014e-01 1.668462970978176702e-07 -9.526744361929928345e+03 1.874240070732151849e-06 -1.559420839218187666e+03 7.042304123337054027e-06
1.525299430011916868e-01 -7.392024123108301911e-07 -8.426141359485965950e+03 1.270060689214681285e-06 -1.626422049374365770e+03 -2.886985337609248053e-06
1.574945685492469272e-01 3.208868974198244591e-08 -7.079771909248998782e+03 8.639262622841427745e-09 -8.594245157115702796e+02 -3.085450936729081338e-10
1.625189323163163113e-01 1.221816905223540162e-06 -6.808774306569343935e+03 -4.622744817803376086e-06 -1.113659124087591408e+03 2.323763213888572243e-06
1.675461007718098694e-01 -8.105688594739908776e-08 -5.952725512528473701e+03 1.004250011574434554e-06 -1.118877349088838173e+03 -3.251609878279353337e-07
1.725292014006662711e-01 -6.025654908815967886e-07 -5.363833206974981294e+03 3.083747098994215268e-06 -1.063379635428684423e+03 -1.486420423145107482e-06
1.775301965061671094e-01 3.350617487222362201e-07 -4.772738515901060055e+03 -1.623316403292213537e-06 -8.801149671882886878e+02 2.937085817463165574e-06
1.825147654490652804e-01 5.373416219829241602e-07 -4.128971372861827149e+03 -9.105957016824721115e-07 -5.414074861886614372e+02 2.123671460706003139e-06
1.875360723572403465e-01 -2.915366401885474856e-07 -3.807578100558659116e+03 3.810435034043296200e-07 -7.875868156424580775e+02 -7.299071583667947170e-07
1.925323683450522461e-01 -4.963968274321918404e-07 -3.353080861090285907e+03 4.304148623043737280e-07 -8.120173503266573789e+02 -7.732453049537876636e-07
1.975198663583639380e-01 -1.247411312760844664e-06 -2.902479322119640528e+03 1.475897543316048965e-06 -4.374223852282786993e+02 -2.162900060863791366e-06
2.025153694923672032e-01 4.623429282664286845e-07 -2.579137508443501247e+03 -4.608704985585737894e-07 -4.643109620766187504e+02 1.074505579307090162e-06
2.075088499274508613e-01 -5.499858935257276163e-07 -2.267664109551398269e+03 1.486778892599727471e-06 -5.745972657949575932e+02 -1.181124406982427590e-06
2.125178062418619784e-01 4.134974693581995072e-07 -2.114589806248909099e+03 -1.156261442094224523e-06 -3.002079987781463046e+02 1.024005508356265796e-06
2.175004174234404231e-01 -6.415087228952740160e-07 -1.701507112195943137e+03 1.187658041035845186e-06 -3.862960609376315233e+02 -2.269120381322134821e-06
2.225093171556767890e-01 -1.466931120840803133e-07 -1.643827347766986577e+03 6.012012790331159716e-09 -2.966881661117787417e+02 -8.161307362874549370e-07
2.275289586476768322e-01 1.868518483085871679e-07 -1.305311801622531902e+03 1.307962938160110334e-07 -2.724446272769018833e+02 7.941203553114955033e-08
2.325285406108919262e-01 -3.017172741334382774e-07 -1.184252633110799934e+03 -7.841318301995980618e-08 -2.803679988357921502e+02 -1.222031291657523952e-06
2.375276552426477672e-01 -2.435398219150993054e-07 -9.806422921427316624e+02 -7.343744850259272495e-07 -2.412466514325892035e+02 4.644154203149718829e-07
2.424991024241769377e-01 -2.473019684972903662e-08 -8.892726689514290683e+02 -2.699713156095419889e-07 -7.432677730319247189e+01 -1.107706733894113121e-07
2.474998551644826128e-01 -1.661219430435478583e-08 -8.303037463976945673e+02 6.498299536703490257e-08 -2.385448767211015024e+02 -5.020302837566042098e-08
2.525200307756395035e-01 2.194660350777142232e-07 -6.836392205381998792e+02 -6.730291742383236321e-07 -1.860163161150634323e+02 7.054771095320716170e-07
2.575182250600202005e-01 1.600802846285671749e-07 -4.989333134639743434e+02 -8.076777997168616121e-07 -8.193176365397511063e+01 3.092460043960956909e-08
2.625255687975799335e-01 -2.568233453207907567e-07 -4.232625663262394937e+02 6.873289190873366645e-07 -1.456885234210075737e+02 -5.699084150190599025e-07
2.675305520911575030e-01 -4.635304115864182513e-07 -2.472290910095138088e+02 -1.070333859481365832e-07 -3.406596153049529363e+01 -7.452304844459824531e-07
2.725404586615198799e-01 -2.577498152449324137e-08 -2.364146612365790361e+02 1.669320965857346184e-07 -8.687537684455492126e+01 1.597632722233694240e-07
2.775333197047151201e-01 3.904722819519476568e-07 -1.367240028950293436e+02 -4.239976798973169353e-07 -1.273303435262491234e+02 5.029795732921427299e-07
2.825123907298719983e-01 -3.422461673253875510e-07 -1.284177978138702088e+02 3.490307829772124090e-07 -2.096696103254492698e+02 -6.696038725259371340e-07
2.875104651677040102e-01 -5.830546672991284795e-07 2.527902640777628562e+01 7.386820409015274301e-07 -3.144170477398965602e+01 -3.252283318064217825e-06
2.924971317655564174e-01 -1.425181375637216817e-07 -5.407305020286906228e+01 -4.515426140632766284e-08 -9.783041070871237821e+01 -5.587839849033048177e-07
2.975058823671092867e-01 2.378045893320975003e-07 -5.386941102033566686e+00 5.758800596361335668e-09 -4.473264335982594986e+00 2.256941704309258584e-07
3.025121359101998753e-01 -9.948623602474088351e-08 8.628919523583070372e+01 3.516238557550777561e-07 4.011551057023042688e+01 -7.190333694537828061e-07
3.075010376196579687e-01 -2.181535605110519036e-07 1.380847259236035143e+02 4.037754497178241476e-07 4.194451847206981654e+01 -5.343805418658880612e-07
3.125134169243361515e-01 2.132487110081942594e-08 1.824147597023929279e+02 -4.656952965937940020e-07 -4.391516690126684352e+01 3.444388577714188079e-07
3.175159688234982513e-01 -5.396512523209321218e-08 1.777421383029933963e+02 6.745640654011651291e-07 -1.500556925464923097e+02 -6.420350871362644826e-07
3.225221380836135188e-01 1.647730289550689141e-07 1.910888427411742612e+02 -5.732488245115159412e-07 -4.515040589012649264e+01 5.031050613112375321e-07
3.275181733526948968e-01 1.446223620881155132e-07 2.597290262865605541e+02 -1.672196061643835629e-07 -1.307602091817845178e+02 4.101399799842650648e-07
3.325123842131759710e-01 -1.528362835191741547e-07 2.482322780362400749e+02 3.972928968566809728e-07 -3.841319373404378723e+01 -4.495843517641070853e-07
3.374959366892091861e-01 4.704387897207722014e-08 2.629848649406159211e+02 3.100619295886907781e-08 -5.778354149879130119e+01 -2.937569488085958076e-07
3.424919221947719805e-01 4.867999944265724853e-07 2.983708839976998206e+02 -9.708022877357508394e-07 4.267291168357099984e+00 1.121560227493509792e-06
3.475179778446125245e-01 -1.107691768165523813e-07 3.204045806514849346e+02 6.049617306559135294e-07 -1.338256281242852879e+02 -7.106091962378046359e-07
3.525052850529177828e-01 -1.432567135358454449e-07 3.125207727925914014e+02 -1.398458394040396048e-07 -1.290954494651125799e+02 -3.926159759575083727e-07
3.575133254796376558e-01 1.227991547211641055e-07 3.055406335507507265e+02 -4.716657057051950286e-07 -1.577747698722321559e+02 4.331593993319157227e-07
3.625250227669692404e-01 6.480849555701560532e-08 3.553808161421472391e+02 -5.664101675177460547e-07 -1.225201475681373182e+02 8.124451449864815825e-07
3.675230446100045678e-01 -1.241447309067646561e-07 3.270326968921549451e+02 7.081589220004155923e-07 -1.888501191960282597e+02 -7.520434169311670424e-07
3.725177060730277545e-01 -1.939085064406555773e-07 3.232723426153582409e+02 4.481271389002551748e-07 -1.274254674366744950e+02 -4.239703705219620271e-08
3.775163034622419089e-01 5.145149910400907367e-08 3.010300852979913202e+02 -5.455542389658221770e-08 -1.880958619786100030e+02 -4.688767748103076744e-08
3.825226892977953153e-01 -1.212455130912162166e-07 3.020513513513513431e+02 6.759231154983108102e-07 -1.838920675675675795e+02 -3.918828190983952592e-07
3.875130067694269043e-01 1.947294422145638596e-07 2.807663593256058903e+02 6.192853503533736309e-09 -2.046736169652265573e+02 1.206318872369378313e-07
3.924957861003909865e-01 1.797289221148585635e-08 2.757247256460593121e+02 -1.682871628654700309e-07 -2.288524957358478673e+02 9.896139625463626457e-08
3.975064703251052212e-01 -5.161575384502199949e-08 3.010652375937054899e+02 -2.551482044463633361e-07 -2.338581252710488911e+02 -2.838630125606955995e-07
