3.798113400606732779e-03 2.248663651315789349e-05 -2.375136842105262913e+06 -4.818564584160124990e-06 -1.912569684210526291e+06 6.304289165296052917e-05
8.299341265228576958e-03 5.954504013061523438e-05 -2.274648500000000000e+06 -1.641213893890380859e-04 -4.771757812500000000e+05 2.734437584877014160e-04
1.293222767532251419e-02 1.430632961783439444e-04 -1.431776713375796331e+06 -3.016769506369427166e-04 9.405435031847134815e+04 4.346325139331210581e-04
1.764839556552980082e-02 1.216522634845890394e-04 -1.079273863013698487e+06 -2.556369729238013684e-04 -1.892193972602739523e+05 4.093222422142551043e-04
2.256548662787912635e-02 2.769080812854442356e-05 -8.001197126654064050e+05 -2.861383506616257304e-05 -1.479516824196597372e+04 1.128400431238185323e-04
2.777643688250242340e-02 -2.590272484756097490e-05 -5.448460487804878503e+05 -1.563095464939024423e-05 -8.403660487804877630e+04 -3.665831030868902307e-05
3.269804980233311648e-02 -7.324218749999999729e-06 -4.391595520000000251e+05 -5.126953125000000318e-06 -7.180531200000000536e+04 -3.155517578125000092e-05
3.761648458559932462e-02 1.317009440323668222e-06 -2.952607417397167883e+05 -2.634018880647336360e-05 -3.877359136884692998e+04 5.926542481456507233e-05
4.263843696389812976e-02 7.356916155133927845e-06 -2.379020178571428405e+05 -2.002716064453125000e-05 -3.591819642857142753e+04 1.188686915806361535e-05
4.756514582339458480e-02 4.525066097906672785e-06 -1.947848931530745758e+05 -8.757333801242913907e-06 -9.367119058002617749e+03 1.165869971107719115e-05
5.262096060748640974e-02 -1.285853010884831425e-06 -1.564143033707865106e+05 1.041540938816713401e-05 -2.093808988764044989e+04 -3.739689173323384860e-06
5.756031740041873956e-02 -1.807260041189665922e-05 -1.284915544554455410e+05 5.220658708326887524e-05 -8.092656250000000000e+02 -6.316675998196743798e-05
6.254738279606215923e-02 7.305655199901888496e-06 -1.144533019376992743e+05 -2.515061626195731900e-05 -1.558407947019867424e+04 2.461167448491537703e-05
6.757793472572401483e-02 -2.292840887247363767e-06 -9.922421792618629115e+04 1.259721645361928668e-05 -1.859624253075570959e+04 -1.202903439164790172e-05
7.255917516659465827e-02 -1.906993909243072354e-06 -8.094439575971731392e+04 6.674478682350753556e-06 -9.351291054491352043e+03 -3.598315888274130735e-06
7.753384299139773339e-02 -6.947423208905256383e-06 -6.828685905590894981e+04 2.300823098008034906e-05 -6.420112487445598163e+03 -2.408099485792601348e-05
8.251793356505521260e-02 -2.178577108120699821e-06 -5.997400000000000000e+04 7.406287237044868927e-06 -7.127691513761467832e+03 -1.260228113296928795e-05
8.752751931716111489e-02 1.977295459699365295e-06 -5.025816249838020303e+04 -2.602120824964364568e-06 -7.186872618893352410e+03 7.606655633463458149e-06
9.254701955136974967e-02 1.230996200575433028e-06 -4.307460346399270929e+04 -1.773469102523928930e-07 -4.103230628988148965e+03 2.229876592144057678e-06
9.754963178921903511e-02 -2.581199950277399885e-06 -3.683139704804773646e+04 9.647554269601172941e-06 -6.151342196168742703e+03 -1.381005864486286954e-05
1.025319613041059119e-01 2.015419793621013131e-06 -3.271672795497185871e+04 -1.374149859287054408e-06 -5.716328330206379178e+03 -5.107256977016885920e-06
1.075116003998943526e-01 -2.187338473466574881e-06 -2.966859269469331412e+04 6.393758614748449001e-06 -4.663679875947622349e+03 -1.165178379135079292e-05
1.125102861506304813e-01 -2.453295296436577471e-06 -2.600183411919301216e+04 2.056993748550668548e-06 -5.141946664605395199e+03 -4.241370137493236756e-06
1.175500852175193622e-01 2.300429015253875666e-07 -2.319105902432086441e+04 1.734002625648912082e-06 -3.179064144502915951e+03 7.286500395014044742e-07
1.225369446564099490e-01 -2.747693230718305618e-07 -2.021508957298907626e+04 1.115240193644488667e-06 -3.021893677590202060e+03 -4.594304710774578316e-06
1.275260957852891452e-01 2.590626326400679080e-08 -1.793042153771525409e+04 4.237524491041110521e-07 -3.385073732718894007e+03 -1.161155728440304419e-07
1.325302087090364789e-01 1.356260696650019628e-06 -1.651097469277818163e+04 -2.924865239745244521e-06 -2.691649851299029251e+03 -5.805206769751977440e-07
1.375062694904859717e-01 2.088214427138331599e-06 -1.476150031678986306e+04 -1.765959114308342050e-06 -2.670307919746568132e+03 7.086394329131467669e-06
1.425134422753508989e-01 3.720226935952197865e-07 -1.277307352658859600e+04 7.762678252183720027e-08 -2.263999616049145516e+03 2.069925479226159139e-06
1.475259222195813014e-01 3.135319999629823620e-07 -1.209754467173903140e+04 -8.630819910289193386e-07 -2.561159961729463703e+03 -1.259255047523164441e-06
1.525299430011916868e-01 5.456939274127070784e-07 -1.067024416638484945e+04 -5.802029405528724252e-06 -1.800554616165032030e+03 -5.208603385174480089e-08
1.574945685492469272e-01 1.727852524568285681e-07 -9.937156306871031120e+03 8.022172435495611147e-07 -1.527657216807538134e+03 -1.172471355957050908e-08
1.625189323163163113e-01 2.325573106751825044e-06 -9.146658686131388095e+03 -3.536252209739963844e-06 -2.096972262773722832e+03 3.856185578951870654e-06
1.675461007718098694e-01 -5.668551069185782370e-07 -8.560264236902050470e+03 1.528132749309843890e-07 -1.667210848519362116e+03 -4.310356049982996532e-06
1.725292014006662711e-01 -4.909047738734878885e-07 -7.463217589082639279e+03 9.053571649306128492e-07 -1.759972047334937770e+03 -1.101517883998912231e-06
1.775301965061671094e-01 3.392740911091896511e-07 -6.479174659262998830e+03 -8.674416501133325257e-07 -1.478674659262998375e+03 1.379015588928869730e-06
1.825147654490652804e-01 -1.554323752178794113e-06 -5.952896688233035093e+03 3.462968406101361978e-06 -6.863896717776004834e+02 -2.572883647204312012e-06
1.875360723572403465e-01 5.455656424581005656e-08 -5.430553296089385185e+03 1.268440118715083901e-06 -1.164204134078212292e+03 -7.842506110335195465e-08
1.925323683450522461e-01 -1.764966497536682040e-07 -4.799116632751419274e+03 3.366510171227374797e-07 -9.817359965727749795e+02 -7.133406260877422386e-07
1.975198663583639380e-01 5.372514069811558910e-07 -4.456313848488680378e+03 -1.516037016251422662e-06 -1.158170431263437422e+03 2.907796048991399961e-06
2.025153694923672032e-01 5.047673092239970344e-07 -3.855861816076425839e+03 -3.872950265942008551e-07 -5.953829007044292894e+02 1.330328737689781015e-06
2.075088499274508613e-01 1.404665369741693310e-07 -3.479638920057706855e+03 -6.362924473382147215e-07 -8.047537612493989627e+02 5.313793186653432669e-07
2.125178062418619784e-01 -3.302652895356955741e-07 -3.324256589282597361e+03 9.535078520466050860e-07 -8.110862279629952809e+02 -1.359680889580424144e-06
2.175004174234404231e-01 3.531829805729736906e-07 -2.964893864152849346e+03 -2.051672041692092297e-06 -6.690776870633785620e+02 3.278340748309406762e-06
2.225093171556767890e-01 -5.759508253137251158e-07 -2.825166722483796548e+03 1.083965906096708197e-06 -8.955693544256417908e+02 4.062617643066281299e-07
2.275289586476768322e-01 -3.415885351891359552e-07 -2.552623297106995324e+03 1.839030925774672978e-06 -6.987312873105770450e+02 -1.410512487720096554e-06
2.325285406108919262e-01 -5.662403304804176847e-08 -2.312123988139632274e+03 -2.314923704022884099e-07 -6.688297891692285475e+02 -5.508352626658769450e-07
2.375276552426477672e-01 -4.312907859465635353e-07 -2.058245315521181510e+03 -4.452380004174723439e-07 -6.357439971875548963e+02 -2.810900147213921831e-06
2.424991024241769377e-01 5.605511285938581236e-07 -1.791377644218594469e+03 -1.978415747978322929e-07 -3.211409518342815659e+02 5.358209317441291432e-08
2.474998551644826128e-01 7.035752881844380737e-08 -1.582777841818764045e+03 -9.967316582612872027e-07 -4.320551392891450746e+02 1.079792629783061066e-06
2.525200307756395035e-01 -4.113218270327482690e-07 -1.583860686668728931e+03 1.564462451126566063e-06 -5.767019486545004838e+02 -1.782778059407501866e-06
2.575182250600202005e-01 -1.291556841889576059e-07 -1.100083987780344160e+03 5.621000903434915467e-07 -4.691669771254004786e+02 -1.704036438929662441e-06
2.625255687975799335e-01 2.002351505890911199e-07 -1.138523763336566390e+03 -2.672703966558738015e-07 -2.874382666742739616e+02 8.046405997042063441e-07
2.675305520911575030e-01 2.747471166857679482e-07 -1.025716297758937344e+03 -1.054320990717471342e-06 -3.723511136272628050e+02 1.038729513236837286e-07
2.725404586615198799e-01 -3.629682329750555377e-07 -8.716414026551012739e+02 1.320627331260825843e-06 -3.051221240810281756e+02 -1.305621348866429135e-06
2.775333197047151201e-01 2.141681304039470587e-07 -6.708833975237159848e+02 -5.559299812235052732e-07 -2.755109726781606128e+02 1.142082122653644938e-06
2.825123907298719983e-01 -2.563077024022725950e-07 -7.061410238992157247e+02 -2.668615489717779238e-07 -3.275183597850923434e+02 3.524230908031248380e-07
2.875104651677040102e-01 -4.291283264627768686e-07 -5.341103715763263153e+02 4.853822791788729548e-07 -3.529236496839685628e+02 -2.656064198360066728e-06
2.924971317655564174e-01 3.668783739264122440e-08 -4.660636465570055975e+02 -1.034314800338693003e-06 -2.181333502872533359e+02 7.602143228955946271e-07
2.975058823671092867e-01 -4.517270938381082629e-07 -4.187571707663617531e+02 4.924621392329583407e-07 -2.879386821774265286e+02 6.928980408717552462e-07
3.025121359101998753e-01 -1.761314547441744904e-07 -3.202983874454195643e+02 5.115728208019000472e-07 -2.634931477238338289e+02 -8.879960843352129644e-07
3.075010376196579687e-01 -9.249200664942259645e-08 -2.320033652087579128e+02 5.476164669553744644e-07 -2.094301301144380147e+02 -7.535706507273214825e-07
3.125134169243361515e-01 5.200046805483989157e-07 -1.892695757088276878e+02 -5.722429439284637593e-07 -1.874480193042429050e+02 1.291420386395127400e-06
3.175159688234982513e-01 -1.978721258510084469e-08 -1.567115069112200558e+02 7.585098157621989691e-08 -1.701602106276586426e+02 -4.559303566483652883e-07
3.225221380836135188e-01 -2.468714786966679242e-07 -4.184843307532565859e+01 3.475501039061025517e-07 -1.899999244855578695e+02 -5.042213121629873429e-07
3.275181733526948968e-01 -3.220107280868197157e-07 1.807639097787856253e+00 9.089741429678822177e-07 -1.845005553498704103e+02 -1.024643786083279344e-06
3.325123842131759710e-01 1.531077511630803323e-07 -2.018072444559097178e+01 -2.551795852718005538e-07 -1.509195050570643275e+02 1.804445429044317164e-06
3.374959366892091861e-01 -4.757846850585082356e-08 4.940445665311985479e+00 1.202826450990610675e-08 -2.916998388396454516e+02 -7.903238019925529127e-07
3.424919221947719805e-01 -1.022432590174932794e-07 5.299735392410971002e+01 3.736202674047204375e-07 -2.168753802431889710e+02 -2.138333831317350037e-07
3.475179778446125245e-01 -3.911039964560802762e-07 2.082800339791550925e+02 1.282492072508943972e-07 -1.228153772012938134e+02 -3.757427575895373106e-07
3.525052850529177828e-01 1.729800452558678040e-07 2.424598754590451790e+02 -3.603344886386316336e-07 -9.896886476129650134e+01 -1.022653154875359259e-07
3.575133254796376558e-01 -8.376656625622264795e-08 1.949513838324225503e+02 3.866711479017607378e-08 -2.184358363161162231e+02 2.615695090295748151e-08
3.625250227669692404e-01 5.232930596272210302e-08 1.952436681222707193e+02 4.270496434466053521e-07 -2.942331576569793583e+02 -8.474576008318059110e-07
3.675230446100045678e-01 -2.591910600472774357e-08 2.441575428850541982e+02 -7.492623969735782236e-07 -2.073780081505296380e+02 -5.177007702049456277e-07
3.725177060730277545e-01 1.548650613868002823e-07 2.160749185202127194e+02 -6.366917101240423385e-07 -1.919542998456172427e+02 8.581378419169282366e-07
3.775163034622419089e-01 -6.523502953882541211e-08 2.382154308686328079e+02 3.335403929646396075e-07 -1.769934423290420114e+02 -3.774688201137680248e-07
3.825226892977953153e-01 1.979518581081080979e-07 2.633223243243243132e+02 -2.358926309121621721e-07 -3.171861891891891787e+02 6.767479149070945432e-07
3.875130067694269043e-01 2.783643684347010426e-07 2.569833508956796777e+02 -1.063713660606971186e-06 -3.150861696522655393e+02 1.035651115521992849e-06
3.924957861003909865e-01 5.165978854230361243e-08 3.079551507739838598e+02 -9.929286352902842357e-08 -2.081668973063431451e+02 8.425898115048635913e-07
3.975064703251052212e-01 -2.533520518400347255e-08 2.767862214237036369e+02 -4.085774507659067100e-07 -2.767890960907006956e+02 1.822149551946518403e-07
