3.798113400606732779e-03 1.606188322368420963e-05 -4.641398736842105165e+06 -1.429507606907894708e-04 -7.800216421052630991e+06 1.313058953536184125e-04
8.299341265228576958e-03 -1.907348632812500000e-06 -1.517825375000000000e+06 9.632110595703125000e-05 2.406389687500000000e+05 -7.128715515136718750e-05
1.293222767532251419e-02 3.012881916799363066e-05 -1.233242394904458662e+06 -7.998715540406051551e-05 1.961614904458598758e+05 1.253990610693670349e-04
1.764839556552980082e-02 -1.137093321917808156e-04 -9.304200547945204889e+05 2.708957619863013684e-04 -1.698856164383561409e+05 -3.402918985445205257e-04
2.256548662787912635e-02 -2.988299710538752435e-05 -7.428154555765595287e+05 8.653376990003205583e-07 -6.590111153119092342e+04 6.528973354058365344e-05
2.777643688250242340e-02 -1.786394817073170624e-05 -5.135220682926829322e+05 2.203220274390243826e-05 -9.546043902439024532e+04 -4.927472370426829579e-05
3.269804980233311648e-02 9.765625000000000203e-07 -3.824713599999999860e+05 -1.025390625000000064e-05 -5.272744400000000314e+04 1.159667968750000014e-05
3.761648458559932462e-02 7.068636605487188025e-06 -3.030238597437626449e+05 -3.100631209699511269e-05 -6.216307484828051383e+04 3.418694134105803483e-05
4.263843696389812976e-02 1.376015799386160569e-05 -2.254211071428571304e+05 -2.350125994001116023e-05 -3.092433482142856883e+04 4.753044673374720401e-05
4.756514582339458480e-02 -8.517771478412560189e-07 -1.746440819886611425e+05 8.517771478412560189e-07 -2.005083122546881714e+04 6.494800752289577091e-06
5.262096060748640974e-02 2.400258953651685327e-06 -1.384438988764044771e+05 -1.885917749297752757e-06 -1.529569943820224762e+04 3.986144333742977100e-06
5.756031740041873956e-02 7.553855971534653822e-07 -1.146028316831683187e+05 -6.798470374381187804e-07 -9.136344059405941152e+03 -1.378578714805074211e-06
6.254738279606215923e-02 4.191769376992886217e-06 -1.021064115771400393e+05 -4.251651796664213950e-06 -1.583429973019376848e+04 1.332383837687024684e-06
6.757793472572401483e-02 -1.246983640432776696e-06 -8.224728295254832483e+04 -1.042505140254283720e-05 -8.750502636203866132e+03 1.201730201868683999e-06
7.255917516659465827e-02 -9.307946461781662906e-07 -7.161196503626558115e+04 -9.296595307559978651e-06 -9.129260182257765337e+03 8.541743551817928053e-07
7.753384299139773339e-02 2.247695744057582898e-06 -5.916618413123535720e+04 -1.436481916429527965e-05 -6.915766320723134413e+03 2.550623829563525475e-05
8.251793356505521260e-02 -2.209199677913560982e-06 -5.033572018348624260e+04 -3.565342054454558817e-07 -7.255124426605504595e+03 2.133190085034851696e-06
8.752751931716111489e-02 -1.961477096021770136e-06 -4.104603135933653539e+04 4.903692740054425763e-06 -5.978068679538680954e+03 -5.473153832447843036e-06
9.254701955136974967e-02 1.237950981369644546e-06 -3.524764630811303505e+04 4.360647557970601343e-06 -5.776554694621695489e+03 2.036012077505412432e-06
9.754963178921903511e-02 -9.024616162789176079e-07 -3.097298858997173738e+04 7.801900468521013571e-06 -4.592283471160892077e+03 -6.882268122374843137e-07
1.025319613041059119e-01 1.030612394465290859e-06 -2.732991819887429665e+04 -2.530725990853658667e-06 -4.032912570356472770e+03 1.588860774800656573e-06
1.075116003998943526e-01 -6.204469708390764962e-07 -2.326573949000689026e+04 2.960268174427119134e-06 -4.357513094417642606e+03 -2.372683860941807531e-06
1.125102861506304813e-01 3.212873263217902482e-06 -2.074009739506840924e+04 -3.960656541074051693e-06 -2.914869598825075627e+03 -4.917795547352071571e-06
1.175500852175193622e-01 -2.083407410041246078e-06 -1.784774626653392261e+04 1.666725928032996693e-06 -3.219852652538756956e+03 -6.666903712131986773e-06
1.225369446564099490e-01 2.687208623295783820e-06 -1.570904468718967291e+04 -2.871251035233832214e-06 -2.534626679907315520e+03 5.151845887180039891e-06
1.275260957852891452e-01 8.882147404802327670e-07 -1.420545622119815562e+04 -2.649840642432694356e-06 -2.768903468348290062e+03 1.587683848608416059e-06
1.325302087090364789e-01 -2.106313960706469773e-07 -1.201824633858930429e+04 6.224757111518713717e-07 -1.733322484709051196e+03 -1.892471720183526414e-06
1.375062694904859717e-01 1.514599970300950350e-06 -1.071608363252375966e+04 -6.122850943769799309e-08 -2.372125237592396843e+03 1.260823911447333646e-06
1.425134422753508989e-01 -7.030350115185255474e-08 -9.628749472067574970e+03 -2.689108919058360642e-06 -1.355823862545594238e+03 -8.480359826442215474e-07
1.475259222195813014e-01 3.225695077224474976e-07 -8.735640621440612449e+03 -6.951929045742402883e-07 -1.878450407763451722e+03 1.265251086325117397e-07
1.525299430011916868e-01 5.876207658073004707e-07 -7.687587419682109612e+03 -2.728147122922038797e-06 -1.664901082177882927e+03 6.808031641392841791e-06
1.574945685492469272e-01 -2.517727964370930504e-07 -6.949478060419783105e+03 1.794498264801633660e-06 -1.191422736280179379e+03 -1.542725468364540503e-08
1.625189323163163113e-01 3.697750342153284857e-07 -6.339764671532847387e+03 -2.724306426779197175e-06 -1.089065693430657120e+03 3.257250263743157302e-06
1.675461007718098694e-01 -5.213709246867881633e-08 -5.287185079726651566e+03 -3.932005723679527112e-07 -6.484279612756264441e+02 1.257264261093660954e-06
1.725292014006662711e-01 1.324839318015130243e-06 -4.860646735010053817e+03 -1.388717295763012247e-06 -5.855814352111283370e+02 -5.344122154104311847e-08
1.775301965061671094e-01 -3.389130331903079209e-07 -4.199009843513376836e+03 9.628211170179202165e-07 -6.751843134780414175e+02 -8.029928115929454551e-07
1.825147654490652804e-01 -4.183330748323436440e-07 -3.842650595290850561e+03 -2.113303291825460214e-06 -5.280726166208751238e+02 5.454558411068273880e-07
1.875360723572403465e-01 4.121577939507681664e-07 -3.303877541899441439e+03 -1.234981600798708016e-06 -7.804680446927374078e+02 1.367164057726300650e-06
1.925323683450522461e-01 1.478976555806201059e-07 -3.007871693263360612e+03 -1.023435434335506592e-06 -5.095521580807539408e+02 1.290121054999180049e-06
1.975198663583639380e-01 5.712155763880105415e-07 -2.659343265460983730e+03 -7.055284281332995408e-07 -6.261850006323510343e+02 8.950330551647274265e-07
2.025153694923672032e-01 1.354635331226478839e-07 -2.419235549551288386e+03 2.046677293918267076e-07 -3.583379330309755915e+02 1.155489213239108014e-06
2.075088499274508613e-01 -4.863915907165266639e-07 -2.082202935720992173e+03 9.028993321921730126e-07 -5.142807941560374729e+02 -3.892530402717030606e-07
2.125178062418619784e-01 4.860759301634229653e-07 -1.900327282248210850e+03 -1.790490652341704549e-06 -4.919766102286612295e+02 1.065205437368405240e-06
2.175004174234404231e-01 9.246972582274220147e-08 -1.677921892096625015e+03 1.125048330843363398e-06 -2.520376862216985216e+02 -6.421508737690430106e-09
2.225093171556767890e-01 1.294085753118782304e-07 -1.478302476310553402e+03 -2.513772847957216099e-07 -4.558701759224601915e+02 6.086975074810601339e-07
2.275289586476768322e-01 7.106209355985955866e-07 -1.333578600949027987e+03 4.189568786294103224e-07 -4.105150007653451780e+02 1.070748677612099195e-07
2.325285406108919262e-01 8.993228778218398211e-08 -1.180655157986647964e+03 8.826687504547687010e-08 -3.390195186728030308e+02 5.350138416671593413e-07
2.375276552426477672e-01 6.635655500197749996e-07 -1.015592547020566030e+03 -8.607040622528124305e-07 -3.350336087185797282e+02 2.480927827928623475e-06
2.424991024241769377e-01 7.748795012915098338e-07 -8.305573582293653772e+02 -8.655568897405162452e-07 -2.573367717319737267e+02 2.108249281439400387e-06
2.474998551644826128e-01 -1.133537964297150193e-07 -6.677937239833493095e+02 -1.045591053274095457e-06 -2.820383605507524862e+02 1.651936145383045186e-06
2.525200307756395035e-01 -6.777488739174142173e-07 -5.912859882462109908e+02 1.316796210466285339e-06 -2.347447417259511440e+02 -2.816008813529423448e-06
2.575182250600202005e-01 1.091456486103867057e-08 -4.626746144102525591e+02 1.819094143506444929e-08 -1.227142686834066012e+02 -2.728641215259667642e-09
2.625255687975799335e-01 -9.837640007203172357e-08 -4.412981400125520395e+02 1.423410744405060695e-07 -1.509301934158726510e+02 -5.999436876074235705e-07
2.675305520911575030e-01 3.602895471876250936e-08 -3.062957153311884326e+02 -2.602091174132847972e-08 -6.546187569903756298e+01 2.008192834287749740e-07
2.725404586615198799e-01 -2.103359549063342700e-08 -2.392066694874913821e+02 1.263528937746684399e-08 -1.510404744274607083e+02 -3.372121665544207658e-07
2.775333197047151201e-01 -1.412996919285709514e-07 -2.078394680383591435e+02 -2.065756138104369504e-08 -2.522222451986455383e+02 -6.681784367707397726e-07
2.825123907298719983e-01 -1.462461596060025943e-07 -1.450476378682146787e+02 5.043230967856481649e-07 -5.272320755882171284e+01 -7.227500284652318725e-07
2.875104651677040102e-01 2.944499134355248018e-07 -1.226746432675732592e+02 -3.328087731262569539e-07 -1.374457599118942710e+02 7.533862704496414253e-07
2.924971317655564174e-01 -1.269963602052965567e-07 -1.716225623923522292e+01 3.231351831890323595e-07 -1.355422672785490477e+02 -2.183631860196626731e-07
2.975058823671092867e-01 6.300805358371814212e-08 5.296124691967853515e+00 2.066393155164949687e-08 -1.464027284432998783e+02 1.352471257704272579e-07
3.025121359101998753e-01 -3.575402564469759375e-07 3.981863084172755407e+01 5.508230888066880103e-07 -1.607683087631317278e+02 -9.626210686720472524e-07
3.075010376196579687e-01 -2.296353268537388633e-08 4.111869153994879156e+01 -1.058874007158906963e-07 -8.773285258922506102e+01 4.685198543724199678e-07
3.125134169243361515e-01 1.883952641137140593e-07 1.039304745626382527e+02 -5.495373257779509191e-07 -1.354937864468128055e+02 7.880230245277624026e-07
3.175159688234982513e-01 2.531863792139039829e-07 1.142714876560796142e+02 -7.892399565193631925e-08 -9.221049994596771171e+01 7.765544045116802053e-07
3.225221380836135188e-01 -1.820569131111950201e-07 1.341208891825561693e+02 1.843614309986785168e-07 -5.266065697564659587e+01 -4.747306848215971397e-07
3.275181733526948968e-01 -2.282321651703072947e-07 2.177150129581636406e+02 4.621136413596816084e-07 -1.281224731580896048e+02 -1.271942375942937755e-06
3.325123842131759710e-01 -1.183598927430904648e-07 1.364190291503954029e+02 7.655387558154016614e-08 -6.208531183006129339e+01 -4.021793144469920101e-07
3.374959366892091861e-01 1.352511520447220096e-07 2.134553130364712956e+02 7.457523996141786249e-08 -6.271785989559612062e+01 -3.149400590843748994e-07
3.424919221947719805e-01 1.777176050708294245e-07 1.849260682229204349e+02 -3.944440654944151487e-07 -8.463694171965764212e+01 1.025691276135533786e-07
3.475179778446125245e-01 1.685062470390760216e-07 2.242513313947789584e+02 -5.528799643974417158e-07 -1.395358088019080469e+02 5.517582512144893031e-07
3.525052850529177828e-01 1.559256745968385768e-08 2.364072489222417346e+02 1.149951850151684554e-07 -1.095631885677790223e+02 6.987419292870828964e-07
3.575133254796376558e-01 5.906054584208368657e-09 2.501842248469008609e+02 -1.494933519260266609e-07 -1.618313341662131961e+02 3.342987703078833017e-07
3.625250227669692404e-01 4.779141883752446823e-08 2.334803342870049505e+02 2.775578555563920736e-07 -1.409924258394819958e+02 2.237925093641770676e-07
3.675230446100045678e-01 -6.140492066356100571e-08 2.351510909899467094e+02 3.724341927202939683e-07 -1.737989633226166291e+02 -3.558593137730646380e-07
3.725177060730277545e-01 3.713489676211654824e-07 2.637765166676196600e+02 -5.968303158022990289e-07 -1.345327348619132124e+02 9.996294327737592663e-07
3.775163034622419089e-01 2.070686098909813020e-07 2.570667696402589968e+02 -3.005020070369118946e-07 -2.003431778845822464e+02 7.194792451394970574e-07
3.825226892977953153e-01 -2.779574007601351230e-07 2.745836216216216030e+02 7.773734427787162170e-07 -1.594161891891891969e+02 -7.871679357580236553e-07
3.875130067694269043e-01 -1.147624941344507416e-07 2.412469441517386883e+02 1.178777632396766337e-07 -1.520283192834562840e+02 -1.184555954124201554e-07
3.924957861003909865e-01 1.257120329546551747e-08 2.846313133588646451e+02 -1.021410267756573284e-08 -1.327658481640009143e+02 1.978000268520902627e-07
3.975064703251052212e-01 -1.835857032363236695e-07 2.492731801003655505e+02 4.612330824356452620e-07 -2.252307291989343980e+02 -2.424097010935854266e-07
