3.798113400606732779e-03 4.111842105263157666e-04 -1.989554315789473476e+06 -1.182154605263157883e-03 -1.475534210526315728e+06 1.606188322368420950e-03
8.299341265228576958e-03 -1.180171966552734375e-05 -1.632167250000000000e+06 5.239248275756835938e-05 1.067421562500000000e+05 -4.936754703521728516e-05
1.293222767532251419e-02 -5.092742336783439715e-05 -1.366372076433120994e+06 1.086581284832802645e-04 1.447991210191082791e+05 -1.081235849173965084e-04
1.764839556552980082e-02 1.040942048373287630e-04 -1.138648438356164377e+06 -2.134140223672944994e-04 -2.847280547945205471e+05 2.794135106752996308e-04
2.256548662787912635e-02 1.626834977551984825e-05 -7.416762192816635361e+05 -6.190049400401701472e-05 5.015177693761814589e+04 4.498314091298440543e-05
2.777643688250242340e-02 -1.607755335365853731e-05 -5.759738926829268457e+05 2.054354039634146472e-05 -1.085349463414634083e+05 -4.488316977896341384e-05
3.269804980233311648e-02 -3.906250000000000081e-05 -4.290783360000000102e+05 1.264648437500000039e-04 -6.090114800000000105e+04 -1.556396484375000163e-04
3.761648458559932462e-02 1.020682316250842920e-05 -2.964057936614969512e+05 2.798645060687795157e-06 -4.636624679703303991e+04 3.033237367245448368e-05
4.263843696389812976e-02 9.162085396902900576e-06 -2.235596071428571304e+05 -7.646424429757253980e-06 -1.871393080357142753e+04 1.280222620282854304e-05
4.756514582339458480e-02 3.620052878325337974e-06 -1.936973257740950794e+05 -6.920689326210204889e-06 -1.324719406890536447e+04 8.491153442542521639e-06
5.262096060748640974e-02 5.379151762201544953e-06 -1.555414943820224726e+05 -2.647785658247015373e-05 -2.653876404494381859e+04 5.261549788914369482e-05
5.756031740041873956e-02 -7.931548770111386407e-06 -1.356336039603960526e+05 1.771379225324876117e-05 -2.117389851485148392e+04 -3.183006060005414805e-05
6.254738279606215923e-02 3.652827599950944248e-06 -1.137306764778022916e+05 -8.653009642506745113e-06 -1.185905126318371185e+04 5.741226985988471496e-06
6.757793472572401483e-02 7.508718695079085928e-07 -9.297786291739894659e+04 -5.899707546133567439e-06 -6.611096660808435445e+03 -1.099490951779437510e-06
7.255917516659465827e-02 6.356646364143574513e-07 -7.996868439650362416e+04 -1.407543123488934432e-06 -9.169234145434256789e+03 1.282680427050399793e-06
7.753384299139773339e-02 8.679170611713258560e-06 -6.953738198861734418e+04 -1.871462126898853573e-05 -6.672717107465685331e+03 2.809683535064707704e-05
8.251793356505521260e-02 -1.609872240538990915e-06 -5.993387155963302939e+04 -1.014919455991972533e-06 -7.040598623853211393e+03 -4.243413242725057946e-06
8.752751931716111489e-02 1.265469094207593704e-07 -5.128155708176753251e+04 6.010978197486069990e-06 -5.664844887909809586e+03 -2.420209642672022986e-06
9.254701955136974967e-02 -2.712364509742479403e-06 -4.316332907930720103e+04 5.278678622806517370e-06 -5.974089790337283375e+03 -7.805002746303839431e-06
9.754963178921903511e-02 -3.833465272689207346e-07 -3.726362985449597181e+04 1.265043539987438429e-06 -4.178014027007222467e+03 -1.472689575591437242e-06
1.025319613041059119e-01 6.298186855065665771e-07 -3.169772007504690555e+04 4.866780751641650631e-07 -4.357990243902439033e+03 -9.318453733290337273e-07
1.075116003998943526e-01 -7.703006883722432564e-07 -2.856981943487250101e+04 6.458169423161828183e-06 -3.277222605099931116e+03 -9.332666061895621346e-06
1.125102861506304813e-01 7.123992110806214925e-07 -2.594451263816959181e+04 -4.180037755082321917e-06 -4.279399860864187758e+03 1.455464613366700193e-06
1.175500852175193622e-01 3.428941362359550890e-06 -2.278237291992604150e+04 -9.996015136093728797e-06 -3.298999857772721043e+03 6.233945609732790543e-06
1.225369446564099490e-01 -8.081450678583250805e-08 -2.096022879841112444e+04 -1.858733656074147778e-07 -3.740168685865607586e+03 -3.050747631165177308e-07
1.275260957852891452e-01 -5.213635481881366161e-07 -1.851935386854232274e+04 3.020624035398791560e-06 -2.617922629153528760e+03 -3.091924085855310587e-06
1.325302087090364789e-01 1.554904940098759866e-06 -1.630695830761461184e+04 -3.342703131137422007e-06 -2.143674092362942702e+03 5.606562526303237414e-06
1.375062694904859717e-01 -5.365550958619323923e-07 -1.470486166842661078e+04 8.708949829230464300e-07 -3.262886589229144647e+03 -3.204627676523726199e-06
1.425134422753508989e-01 -3.134364426353426752e-07 -1.336443386446534896e+04 -8.802584206721538978e-07 -2.461595315799577747e+03 3.869255711831385197e-06
1.475259222195813014e-01 1.001077782586905995e-07 -1.191259155314592863e+04 -3.253502793407444583e-06 -2.092579525263110099e+03 1.177656780348762948e-06
1.525299430011916868e-01 -1.775117834798782411e-06 -1.072057423063916031e+04 5.057021738670949945e-06 -2.160903280351707963e+03 -8.003510935386370765e-06
1.574945685492469272e-01 1.234180374691632535e-09 -1.021182221862741062e+04 1.843248389601953146e-06 -2.150449468192663517e+03 -5.882875028514502718e-06
1.625189323163163113e-01 -1.062546333257299421e-06 -8.944959416058394709e+03 2.331142007869525936e-06 -1.858095036496350531e+03 -3.519823951442746571e-06
1.675461007718098694e-01 5.648185017440204662e-08 -8.127676537585421102e+03 1.716179293760677550e-07 -1.337311788154897386e+03 -7.391519046861652666e-07
1.725292014006662711e-01 -5.230952508487985280e-07 -7.490085374295415022e+03 -6.478333491281274151e-07 -1.349327356033886190e+03 4.013750097859050266e-07
1.775301965061671094e-01 5.391798255300353287e-08 -6.693909641595153516e+03 1.552067640632887417e-06 -1.382670999495204342e+03 -2.461933596214821946e-06
1.825147654490652804e-01 3.858761983367307855e-07 -5.931691453218706556e+03 -1.700379696409052002e-06 -1.104928003781500138e+03 -3.561240615490856697e-08
1.875360723572403465e-01 6.274004888268156372e-07 -5.638872849162011335e+03 -4.228133729050279317e-07 -1.236373631284916200e+03 8.217582489525139256e-07
1.925323683450522461e-01 5.652386919773147282e-07 -5.031558744778836626e+03 -1.700720899912227568e-06 -1.321618292813537437e+03 2.136472538807821583e-06
1.975198663583639380e-01 6.175303528519033382e-09 -4.075058151005438049e+03 -4.106576846465157001e-07 -7.451724800809408862e+02 3.666586470058176253e-07
2.025153694923672032e-01 -1.001252201341310430e-06 -3.988307632924828795e+03 2.079070747491074132e-06 -6.884044678181994641e+02 -2.731357108070780679e-06
2.075088499274508613e-01 -5.520824090029540353e-07 -3.873699695436122056e+03 1.793918410013396212e-06 -9.526429274771577411e+02 -2.386009322706754383e-06
2.125178062418619784e-01 -1.744546489079682358e-07 -3.303392913248385412e+03 -6.458817154226304884e-08 -9.219876069122011586e+02 -1.599722496188525429e-07
2.175004174234404231e-01 -1.592534166947226627e-07 -3.125889066576887672e+03 -6.601310982345762275e-07 -7.568507701371938765e+02 -4.835396079480893822e-07
2.225093171556767890e-01 3.318631060262800434e-07 -2.875372510391836386e+03 -1.849295134305864815e-06 -7.152372096688402507e+02 1.307612781897027238e-06
2.275289586476768322e-01 -2.685995319435940704e-07 -2.663996938619317461e+03 8.501759098040716378e-07 -7.190277820296954587e+02 -1.478465249741696090e-06
2.325285406108919262e-01 -5.906663839521220383e-07 -2.351721463263784244e+03 6.772678462608917567e-07 -6.754784348680261701e+02 2.004046659837556613e-07
2.375276552426477672e-01 4.999539956494990006e-07 -2.069100650377922193e+03 -4.302179232949551695e-07 -4.949541923009316520e+02 -3.350013629647125973e-07
2.424991024241769377e-01 -4.577662479371718579e-07 -1.872856549558523056e+03 9.713042418948263056e-07 -5.466213428325427230e+02 -1.875727469653080937e-06
2.474998551644826128e-01 -3.625367109950368067e-07 -1.638238104386807663e+03 3.200290373338937059e-07 -5.950900416266410957e+02 -9.479944117360110886e-07
2.525200307756395035e-01 2.897895602961645885e-07 -1.468741973399319704e+03 -6.942678227942313713e-07 -4.573721930095886705e+02 1.393373337759530656e-06
2.575182250600202005e-01 -3.519947167684971362e-07 -1.315020579688547741e+03 9.504766899821175285e-07 -4.932121600476864387e+02 3.606354139501527655e-07
2.625255687975799335e-01 -4.004703011781822399e-08 -1.103573800422205750e+03 2.263527789267986527e-07 -4.314638272379756927e+02 -1.588822390543875087e-07
2.675305520911575030e-01 -3.681906337487572301e-08 -9.523108490631169616e+02 7.527891905894655601e-07 -2.398957484707474350e+02 -5.347060330246168663e-08
2.725404586615198799e-01 1.864272636292113907e-07 -8.941021843761569698e+02 -3.789073604931374484e-07 -4.017961601523244894e+02 6.913344359583255903e-07
2.775333197047151201e-01 -8.848732975345400506e-07 -6.792150334737766570e+02 2.458299106400001750e-06 -2.417610308372321413e+02 -3.372975496666859072e-06
2.825123907298719983e-01 -3.535538600784289634e-07 -5.464970789847465085e+02 5.129923278963132318e-07 -3.628815167047490036e+02 -6.542442565363891666e-07
2.875104651677040102e-01 1.941688945297536313e-07 -6.024754357402796359e+02 -1.058247874372650776e-06 -3.429884121815744038e+02 -9.491762834544200435e-07
2.924971317655564174e-01 -5.644282675790957855e-08 -5.185656983666439146e+02 2.709255684379659770e-07 -3.369280421690228309e+02 -1.058303001710804507e-06
2.975058823671092867e-01 -1.659889583657090671e-07 -4.563823816712547341e+02 -2.405146131421498756e-08 -3.063076547375899281e+02 4.032007299893576250e-07
3.025121359101998753e-01 -3.270305943424138315e-07 -3.233431542086377704e+02 2.423456673656970002e-07 -2.431400717651636398e+02 -8.570122855898367923e-07
3.075010376196579687e-01 4.076027051653864543e-07 -2.417206458692585329e+02 -1.054727813757381104e-06 -3.451101217536709100e+02 1.828551024561386499e-06
3.125134169243361515e-01 -1.141417561079831141e-07 -2.003030766137140688e+02 3.866091739141363499e-08 -1.617320430323748326e+02 6.552411832489191467e-07
3.175159688234982513e-01 -1.463054506292304719e-07 -1.482048216443496926e+02 -4.641000769960016287e-07 -1.942151860184102645e+02 -6.125041713842579274e-07
3.225221380836135188e-01 -1.267484838115914737e-08 -8.838341514064565274e+01 3.698751209410987687e-07 -2.202424013592599863e+02 -1.169254763161931402e-06
3.275181733526948968e-01 -9.406102846746575085e-08 6.933109033691225420e+01 2.408018821877313896e-07 -1.550888652350981260e+02 -4.182961727680430660e-07
3.325123842131759710e-01 2.711961762622646328e-07 6.398464200254409917e+01 2.580299955328153520e-07 -1.819972779917628145e+02 -2.699406384091985781e-07
3.374959366892091861e-01 4.062880456679396056e-07 6.472480555652875012e+01 -1.079870858222681557e-06 -2.800258732438776974e+02 1.446064688857600985e-06
3.424919221947719805e-01 1.281855784696930686e-07 7.909507538191000720e+01 -3.596317618177499930e-07 -2.630307611531056864e+02 9.791953910879330346e-09
3.475179778446125245e-01 3.443659471663957258e-07 1.454531153004214730e+02 -9.566343928612632142e-07 -2.071417812918613208e+02 1.655788872185654551e-06
3.525052850529177828e-01 -2.319394409627973946e-07 1.577872106019479475e+02 5.666923736128851741e-07 -2.117929426792271954e+02 -6.842457142269080229e-07
3.575133254796376558e-01 -1.672407535726330100e-07 2.246794919943895650e+02 6.482625853518215034e-07 -2.010715791248630069e+02 -8.324905553275488188e-07
3.625250227669692404e-01 1.981735516700233346e-07 2.041910706218942835e+02 -5.358727720375789777e-07 -2.800545399789187968e+02 9.895896825458679149e-07
3.675230446100045678e-01 7.074914772105942567e-08 2.129370338779170311e+02 -4.471880091802812617e-08 -2.653155158964489146e+02 1.120751042908291953e-07
3.725177060730277545e-01 -1.631808789436619279e-08 2.578243753216307823e+02 5.075716019440177125e-07 -2.985329063983075457e+02 -3.135455152961032712e-07
3.775163034622419089e-01 1.054282251579081619e-07 2.695678832720778360e+02 3.929884440766337119e-07 -2.059793960874631864e+02 4.517788840037606818e-07
3.825226892977953153e-01 -5.014780405405405853e-07 2.822139999999999986e+02 1.233487515836148628e-06 -2.550052972972972896e+02 -1.368445319098395227e-06
3.875130067694269043e-01 -2.339466605472866298e-07 2.781032139093783258e+02 4.578440659164252258e-07 -2.658983140147523727e+02 -5.110046258088283782e-07
3.924957861003909865e-01 3.072087805329386027e-07 2.980450680655231395e+02 -7.570221484488141664e-07 -2.992094744633604932e+02 7.347279051045120462e-07
3.975064703251052212e-01 7.893618033075708562e-09 2.655425562232823609e+02 8.160677565332461382e-08 -3.156609379840159022e+02 3.590237273801238376e-07
