3.798113400606732779e-03 1.884386184210526335e+04 0.000000000000000000e+00 5.563445723684210265e+01 0.000000000000000000e+00 -1.755497532894736651e+04
8.299341265228576958e-03 2.856886328125000000e+04 0.000000000000000000e+00 1.431551562500000000e+04 0.000000000000000000e+00 2.688096679687500000e+04
1.293222767532251419e-02 4.114063375796178298e+04 0.000000000000000000e+00 2.926202547770700767e+04 0.000000000000000000e+00 -1.936849840764331384e+04
1.764839556552980082e-02 4.560143150684931607e+04 0.000000000000000000e+00 4.438317465753424767e+04 0.000000000000000000e+00 1.797255479452054715e+04
2.256548662787912635e-02 3.751632514177693520e+04 0.000000000000000000e+00 2.075518336483931853e+04 0.000000000000000000e+00 -5.627110586011342093e+03
2.777643688250242340e-02 3.143434634146341341e+04 0.000000000000000000e+00 1.448926585365853680e+04 0.000000000000000000e+00 -2.499896493902439033e+03
3.269804980233311648e-02 2.949861999999999898e+04 0.000000000000000000e+00 1.757836999999999898e+04 0.000000000000000000e+00 -1.613528000000000020e+03
3.761648458559932462e-02 2.531327579231287746e+04 0.000000000000000000e+00 1.492335266351989230e+04 0.000000000000000000e+00 2.337677680377612887e+03
4.263843696389812976e-02 2.291425000000000000e+04 0.000000000000000000e+00 1.064890401785714312e+04 0.000000000000000000e+00 -4.204741908482142208e+03
4.756514582339458480e-02 2.005655647623201003e+04 0.000000000000000000e+00 1.221591888355865740e+04 0.000000000000000000e+00 -2.953214675098124644e+02
5.262096060748640974e-02 1.902394803370786394e+04 0.000000000000000000e+00 1.183276123595505669e+04 0.000000000000000000e+00 3.916449438202247165e+03
5.756031740041873956e-02 1.734068069306930556e+04 0.000000000000000000e+00 8.362121905940593933e+03 0.000000000000000000e+00 -3.915825727103960503e+02
6.254738279606215923e-02 1.690631150355653517e+04 0.000000000000000000e+00 1.015520922246749979e+04 0.000000000000000000e+00 1.430116629874907858e+03
6.757793472572401483e-02 1.604909138840070227e+04 0.000000000000000000e+00 8.510226713532512804e+03 0.000000000000000000e+00 -4.024006480667837877e+02
7.255917516659465827e-02 1.442474242142458570e+04 0.000000000000000000e+00 6.942339594569462861e+03 0.000000000000000000e+00 3.593683745583039126e+02
7.753384299139773339e-02 1.405088048208905275e+04 0.000000000000000000e+00 6.797817207900904577e+03 0.000000000000000000e+00 1.269591730833612473e+03
8.251793356505521260e-02 1.257531995412844117e+04 0.000000000000000000e+00 6.594297591743119483e+03 0.000000000000000000e+00 -4.068963947821101215e+02
8.752751931716111489e-02 1.168568096410522230e+04 0.000000000000000000e+00 5.485874303485810742e+03 0.000000000000000000e+00 1.152737073992484284e+03
9.254701955136974967e-02 1.064609936189608015e+04 0.000000000000000000e+00 5.199860528714676548e+03 0.000000000000000000e+00 -9.257981996353692011e+01
9.754963178921903511e-02 9.899547367319166369e+03 0.000000000000000000e+00 4.981074426881607906e+03 0.000000000000000000e+00 -1.575764419554066649e+02
1.025319613041059119e-01 8.925758348968105565e+03 0.000000000000000000e+00 4.073273170731707523e+03 0.000000000000000000e+00 2.635686679174484084e+02
1.075116003998943526e-01 8.446318401102687858e+03 0.000000000000000000e+00 4.022337008959338164e+03 0.000000000000000000e+00 1.361534179014472841e+02
1.125102861506304813e-01 8.204482028290949529e+03 0.000000000000000000e+00 4.115594651001005332e+03 0.000000000000000000e+00 8.810088892324341714e+02
1.175500852175193622e-01 7.823608021618546445e+03 0.000000000000000000e+00 3.649877968994453113e+03 0.000000000000000000e+00 1.331949224861328389e+02
1.225369446564099490e-01 7.531485468387951187e+03 0.000000000000000000e+00 3.530917974180735200e+03 0.000000000000000000e+00 3.323294935451837091e+02
1.275260957852891452e-01 7.290289109871452638e+03 0.000000000000000000e+00 3.217440455978656246e+03 0.000000000000000000e+00 3.166300024254183541e+02
1.325302087090364789e-01 6.968374838673475097e+03 0.000000000000000000e+00 2.876659671174456889e+03 0.000000000000000000e+00 -3.383016946299309780e+02
1.375062694904859717e-01 6.701395987328405681e+03 0.000000000000000000e+00 3.143719535374867974e+03 0.000000000000000000e+00 4.206143875395987379e+02
1.425134422753508989e-01 6.308959877135726856e+03 0.000000000000000000e+00 2.480478018813591916e+03 0.000000000000000000e+00 4.731244900652716190e+00
1.475259222195813014e-01 6.063106291858399345e+03 0.000000000000000000e+00 2.695597430406852254e+03 0.000000000000000000e+00 3.479078090118000546e+02
1.525299430011916868e-01 5.706045992560027116e+03 0.000000000000000000e+00 2.529309266148122788e+03 0.000000000000000000e+00 4.619142712208318926e+02
1.574945685492469272e-01 5.546727059489626299e+03 0.000000000000000000e+00 2.335549642091640635e+03 0.000000000000000000e+00 1.547550501476119145e+01
1.625189323163163113e-01 5.177393868613138693e+03 0.000000000000000000e+00 2.202578102189781021e+03 0.000000000000000000e+00 3.239652189781022003e+02
1.675461007718098694e-01 5.004810933940774703e+03 0.000000000000000000e+00 2.047569618451025008e+03 0.000000000000000000e+00 1.958704619874715149e+02
1.725292014006662711e-01 4.849683488809045230e+03 0.000000000000000000e+00 1.944043511223918131e+03 0.000000000000000000e+00 3.057222203909417999e+02
1.775301965061671094e-01 4.665676426047451059e+03 0.000000000000000000e+00 1.826141090358404881e+03 0.000000000000000000e+00 1.486746277132761236e+02
1.825147654490652804e-01 4.563743212502585266e+03 0.000000000000000000e+00 1.880393394191852167e+03 0.000000000000000000e+00 2.698726993411917761e+02
1.875360723572403465e-01 4.435915530726257202e+03 0.000000000000000000e+00 1.647745474860335207e+03 0.000000000000000000e+00 2.858727932960894123e+02
1.925323683450522461e-01 4.361374317232515750e+03 0.000000000000000000e+00 1.633994216557780874e+03 0.000000000000000000e+00 1.291410517296776277e+02
1.975198663583639380e-01 4.180288250916908510e+03 0.000000000000000000e+00 1.461753180725939046e+03 0.000000000000000000e+00 2.084019476413304517e+02
2.025153694923672032e-01 4.054450641706069746e+03 0.000000000000000000e+00 1.473380102286982719e+03 0.000000000000000000e+00 3.554790782109428005e+00
2.075088499274508613e-01 3.911779248437106617e+03 0.000000000000000000e+00 1.359388765485813792e+03 0.000000000000000000e+00 1.027404680665918590e+02
2.125178062418619784e-01 3.813769942398324474e+03 0.000000000000000000e+00 1.275278669924943415e+03 0.000000000000000000e+00 1.647857828591377256e+02
2.175004174234404231e-01 3.698125410318996728e+03 0.000000000000000000e+00 1.260020452823836422e+03 0.000000000000000000e+00 6.462655710798755138e+01
2.225093171556767890e-01 3.579974547388743304e+03 0.000000000000000000e+00 1.293507850515159362e+03 0.000000000000000000e+00 1.188264218593014334e+02
2.275289586476768322e-01 3.493504362467473129e+03 0.000000000000000000e+00 1.118572248584111549e+03 0.000000000000000000e+00 1.021244786086024803e+01
2.325285406108919262e-01 3.408436577956451401e+03 0.000000000000000000e+00 1.121249777163334784e+03 0.000000000000000000e+00 7.936341476724938104e+01
2.375276552426477672e-01 3.307775426261206121e+03 0.000000000000000000e+00 1.075054034100896615e+03 0.000000000000000000e+00 7.896767445948322006e+01
2.424991024241769377e-01 3.257717826211739975e+03 0.000000000000000000e+00 1.012235071666132058e+03 0.000000000000000000e+00 1.002075701045025653e+02
2.474998551644826128e-01 3.161232660902977841e+03 0.000000000000000000e+00 9.511405059237912383e+02 0.000000000000000000e+00 1.288769292347102180e+02
2.525200307756395035e-01 3.119620167027528623e+03 0.000000000000000000e+00 9.796744819053511719e+02 0.000000000000000000e+00 7.190169347355397633e+01
2.575182250600202005e-01 3.052164101035690237e+03 0.000000000000000000e+00 8.865373370091647303e+02 0.000000000000000000e+00 7.381632516205945649e+01
2.625255687975799335e-01 2.965584070291550233e+03 0.000000000000000000e+00 7.999376961259770269e+02 0.000000000000000000e+00 1.020219732412848685e+02
2.675305520911575030e-01 2.907313624501180584e+03 0.000000000000000000e+00 8.533700998329213689e+02 0.000000000000000000e+00 -1.918833280402093067e+01
2.725404586615198799e-01 2.834373089331993469e+03 0.000000000000000000e+00 7.777343312000846254e+02 0.000000000000000000e+00 9.661051462421325198e+01
2.775333197047151201e-01 2.784630082456639229e+03 0.000000000000000000e+00 7.278040685501589451e+02 0.000000000000000000e+00 -9.033573131801379219e+00
2.825123907298719983e-01 2.738952386833817400e+03 0.000000000000000000e+00 7.236385104674859576e+02 0.000000000000000000e+00 5.691463595380720619e+01
2.875104651677040102e-01 2.690310476920129986e+03 0.000000000000000000e+00 6.795914096916299059e+02 0.000000000000000000e+00 4.368773941773606140e+01
2.924971317655564174e-01 2.655684657087701908e+03 0.000000000000000000e+00 6.571358818157648329e+02 0.000000000000000000e+00 3.179162861667571960e+01
2.975058823671092867e-01 2.590686795133647138e+03 0.000000000000000000e+00 6.592927803925050512e+02 0.000000000000000000e+00 -1.220828661974957718e+01
3.025121359101998753e-01 2.537997319614370099e+03 0.000000000000000000e+00 6.084645281224330802e+02 0.000000000000000000e+00 -1.692255657991439932e+01
3.075010376196579687e-01 2.479956189580394039e+03 0.000000000000000000e+00 5.981814913518315961e+02 0.000000000000000000e+00 6.430445210848095883e+01
3.125134169243361515e-01 2.448412467323547389e+03 0.000000000000000000e+00 5.324727528654735806e+02 0.000000000000000000e+00 -5.750936934446008841e+00
3.175159688234982513e-01 2.419276203200675809e+03 0.000000000000000000e+00 5.589212405811908866e+02 0.000000000000000000e+00 2.785021207670619336e+00
3.225221380836135188e-01 2.375933698319803625e+03 0.000000000000000000e+00 5.130781574476119431e+02 0.000000000000000000e+00 6.265860392675099533e+00
3.275181733526948968e-01 2.333680562754535458e+03 0.000000000000000000e+00 4.826645686782673010e+02 0.000000000000000000e+00 3.328435938078489365e+00
3.325123842131759710e-01 2.297568801871603227e+03 0.000000000000000000e+00 4.776300381614880735e+02 0.000000000000000000e+00 8.110646076661004145e+01
3.374959366892091861e-01 2.263857478190800066e+03 0.000000000000000000e+00 4.471156500718215057e+02 0.000000000000000000e+00 -2.374588340398696928e+01
3.424919221947719805e-01 2.231535490753319209e+03 0.000000000000000000e+00 4.454021285284484861e+02 0.000000000000000000e+00 1.214050142096358975e+01
3.475179778446125245e-01 2.196482373313294374e+03 0.000000000000000000e+00 3.873219198222628847e+02 0.000000000000000000e+00 -5.984113621883882850e+00
3.525052850529177828e-01 2.156051732396615080e+03 0.000000000000000000e+00 4.027572409388471897e+02 0.000000000000000000e+00 -1.842576840172441166e+01
3.575133254796376558e-01 2.132806585371462006e+03 0.000000000000000000e+00 3.613141004514413339e+02 0.000000000000000000e+00 1.540447685692606150e+01
3.625250227669692404e-01 2.114475530793555208e+03 0.000000000000000000e+00 3.693365155850022461e+02 0.000000000000000000e+00 -1.284258183067308989e+00
3.675230446100045678e-01 2.085480655250093150e+03 0.000000000000000000e+00 3.494981519147912650e+02 0.000000000000000000e+00 2.834734889078436026e+01
3.725177060730277545e-01 2.071183486763108249e+03 0.000000000000000000e+00 3.380457430384813620e+02 0.000000000000000000e+00 1.595898314654925976e+01
3.775163034622419089e-01 2.045067900510960499e+03 0.000000000000000000e+00 3.436742540735479565e+02 0.000000000000000000e+00 1.730756924859158374e+01
3.825226892977953153e-01 2.016923459459459536e+03 0.000000000000000000e+00 3.199248648648648441e+02 0.000000000000000000e+00 5.526711148648648475e+01
3.875130067694269043e-01 1.992334668071654505e+03 0.000000000000000000e+00 3.005742623814541616e+02 0.000000000000000000e+00 1.724100039515279192e+01
3.924957861003909865e-01 1.966607356869307978e+03 0.000000000000000000e+00 2.955895343224021303e+02 0.000000000000000000e+00 6.611191709844560194e+01
3.975064703251052212e-01 1.948898135183693739e+03 0.000000000000000000e+00 3.019150486339136705e+02 0.000000000000000000e+00 4.252206183012205543e+01
