3.798113400606732779e-03 3.289473684210526133e-03 -7.660322357894736528e+07 -8.223684210526315333e-03 -2.610393465263157785e+08 1.192434210526315680e-02 1.660976640000000000e+08 0.000000000000000000e+00 -1.255443941052631438e+08 0.000000000000000000e+00 5.698713061052631140e+08
8.299341265228576958e-03 -2.563476562500000000e-03 2.458836600000000000e+07 2.502441406250000000e-03 7.868090000000000000e+06 -1.353454589843750000e-02 7.373864800000000000e+07 0.000000000000000000e+00 4.136660800000000000e+07 0.000000000000000000e+00 5.404726400000000000e+07
1.293222767532251419e-02 7.961783439490446260e-04 2.260959062420382351e+07 -2.587579617834395197e-03 1.869314445859872736e+06 2.139729299363057283e-03 6.332843210191082954e+07 0.000000000000000000e+00 5.177060606369426847e+07 0.000000000000000000e+00 1.161908585987261124e+07
1.764839556552980082e-02 -1.070205479452054735e-03 1.801626476712328568e+07 2.033390410958903997e-03 2.906187178082191851e+06 -4.200556506849314510e-03 5.869535386301369220e+07 0.000000000000000000e+00 4.339612756164383143e+07 0.000000000000000000e+00 2.585821983561643586e+07
2.256548662787912635e-02 -8.418005671077504869e-04 1.411069483553875238e+07 1.366079867674858256e-03 2.475160922495274339e+06 4.005936909262760226e-04 4.387101326275992393e+07 0.000000000000000000e+00 3.953011659735349566e+07 0.000000000000000000e+00 4.657581731568998657e+06
2.777643688250242340e-02 1.383562785823170714e-03 9.454657560975609347e+06 -1.705858184070121976e-03 7.788796097560975468e+05 6.136750011909298912e-03 3.528331114146341383e+07 0.000000000000000000e+00 2.590053151219512150e+07 0.000000000000000000e+00 4.430185834146341309e+06
3.269804980233311648e-02 -2.734375000000000260e-04 6.251777536000000313e+06 1.871093750000000144e-03 9.795431680000000633e+05 -1.188476562500000080e-03 2.765672243200000003e+07 0.000000000000000000e+00 2.010968064000000060e+07 0.000000000000000000e+00 3.117605120000000112e+06
3.761648458559932462e-02 -1.475050573162508443e-04 4.298359109912339598e+06 1.064143627781523847e-03 9.231245205664194655e+05 -1.251158968307484803e-03 2.260045473229939118e+07 0.000000000000000000e+00 2.023600766014834866e+07 0.000000000000000000e+00 1.047138257046527229e+07
4.263843696389812976e-02 1.024518694196428455e-04 3.067615428571428172e+06 -1.198904854910714262e-05 5.420892857142856810e+05 -5.959102085658481368e-04 1.814881714285714179e+07 0.000000000000000000e+00 1.463224114285714179e+07 0.000000000000000000e+00 3.146240285714285448e+06
4.756514582339458480e-02 2.908818959877889493e-04 2.183970498037505429e+06 -6.181772650457915486e-04 5.341958307893589517e+04 -2.380184767498909728e-04 1.489288898037505522e+07 0.000000000000000000e+00 1.076510880767553486e+07 0.000000000000000000e+00 2.259666951591801189e+05
5.262096060748640974e-02 -2.331680126404494385e-04 1.779929707865168573e+06 4.073582338483145988e-04 3.966393707865168690e+05 -7.869420426615167906e-04 1.304161366292134859e+07 0.000000000000000000e+00 1.037149626966292039e+07 0.000000000000000000e+00 5.382484853932583705e+06
5.756031740041873956e-02 2.248027537128712971e-04 1.528636514851485146e+06 -7.553855971534653669e-04 1.278285643564356433e+05 1.135797783879950555e-03 1.152678400000000000e+07 0.000000000000000000e+00 9.248783841584159061e+06 0.000000000000000000e+00 6.846666138613861986e+05
6.254738279606215923e-02 -5.557088545499141069e-05 1.157830797154770466e+06 1.628801815060092979e-05 1.784692980132450175e+05 -1.125789489820946632e-05 9.882656400294333696e+06 0.000000000000000000e+00 6.833743493745400570e+06 0.000000000000000000e+00 1.455489412803531857e+06
6.757793472572401483e-02 -2.231162126537785480e-04 8.869677891036906512e+05 5.440603031634446167e-04 6.424494903339190932e+04 -2.621615498681897851e-04 8.885453159929700196e+06 0.000000000000000000e+00 6.235647100175746717e+06 0.000000000000000000e+00 1.211836625659050886e+06
7.255917516659465827e-02 5.811790961502696988e-05 7.754155729960944736e+05 1.707213594941417312e-05 9.840111883950157790e+04 4.368832236842105292e-04 7.960561145620234311e+06 0.000000000000000000e+00 5.082546014506230131e+06 0.000000000000000000e+00 5.679738262971917866e+05
7.753384299139773339e-02 4.740594660194175193e-06 6.097016243722799700e+05 7.764767115835286297e-06 8.029745430197523092e+04 3.398107293061600605e-05 7.119623456310680136e+06 0.000000000000000000e+00 4.715451093404754065e+06 0.000000000000000000e+00 1.217798342149313772e+06
8.251793356505521260e-02 6.719466743119266428e-06 4.964190458715596469e+05 -1.231902236238532178e-05 5.243542660550458822e+04 1.931846688646788929e-05 6.444156477064220235e+06 0.000000000000000000e+00 3.543255779816513881e+06 0.000000000000000000e+00 -2.142578165137614706e+05
8.752751931716111489e-02 8.250858494233510529e-05 4.032509876895166817e+05 -9.794730789166775737e-05 5.101675780743812356e+04 -1.257243545095244289e-04 5.721291419981858693e+06 0.000000000000000000e+00 3.353598009589219000e+06 0.000000000000000000e+00 6.986914417519761482e+05
9.254701955136974967e-02 3.916932543299908836e-05 3.354954968094804208e+05 -3.738890154968094675e-05 1.734772105742935310e+04 1.580126196444849647e-04 5.344198592525068671e+06 0.000000000000000000e+00 2.667684988149498589e+06 0.000000000000000000e+00 4.233870701914311503e+05
9.754963178921903511e-02 7.973607767193551364e-06 2.367573645975086256e+05 3.782352402386684850e-06 5.445115879828325888e+03 -1.990846298283261711e-05 4.695570704909452237e+06 0.000000000000000000e+00 2.204451292787605897e+06 0.000000000000000000e+00 8.210728357584004698e+04
1.025319613041059119e-01 2.592562734521576046e-05 2.178113320825515839e+05 -6.334830851313320301e-05 2.076286078799249663e+04 8.053663300304878426e-05 4.396649473921201192e+06 0.000000000000000000e+00 2.114180562851782423e+06 0.000000000000000000e+00 -1.056311234521575971e+05
1.075116003998943526e-01 4.374676946933149762e-06 1.634707429359062808e+05 -8.295060518607856137e-05 5.989829083390764936e+03 8.829275876550654904e-05 4.046089350792557001e+06 0.000000000000000000e+00 1.764646285320468713e+06 0.000000000000000000e+00 8.343368159889731032e+04
1.125102861506304813e-01 -4.302702519904150918e-05 1.355489031460153055e+05 7.367434490221845230e-05 -5.224774677282214270e+02 -1.296849636700935394e-04 3.745956479554765392e+06 0.000000000000000000e+00 1.468136590554224327e+06 0.000000000000000000e+00 2.389664324031846772e+05
1.175500852175193622e-01 -1.743117533067842527e-05 1.348766275067557872e+05 1.174694544694922547e-04 2.159343934006542622e+04 -1.659173576171597256e-04 3.561032747546579689e+06 0.000000000000000000e+00 1.514029512729341630e+06 0.000000000000000000e+00 4.068005575309344567e+04
1.225369446564099490e-01 -2.314527474346242969e-05 1.146800005296259624e+05 2.346853277060576232e-05 1.633581992717643334e+04 6.993687417245945210e-05 3.387113509963588323e+06 0.000000000000000000e+00 1.431504274346243124e+06 0.000000000000000000e+00 -1.717527176431645421e+04
1.275260957852891452e-01 3.955516310938636586e-05 8.706696289109870850e+04 -9.841419324520980197e-05 7.978636429784137363e+03 6.327049668020858094e-05 3.209102994906621519e+06 0.000000000000000000e+00 1.252123133640552871e+06 0.000000000000000000e+00 1.509579626485568588e+05
1.325302087090364789e-01 -3.068711071208125288e-05 7.797235531114976038e+04 9.885633522249031354e-05 5.232136468211660031e+03 -1.133779143987430528e-04 3.056870703103080392e+06 0.000000000000000000e+00 1.202063262892093509e+06 0.000000000000000000e+00 -7.852984232085741496e+03
1.375062694904859717e-01 2.505857312565997749e-05 7.017170179514255142e+04 -8.914870974128827710e-05 1.725628215417106549e+04 7.640028956573389931e-05 2.937653146356916521e+06 0.000000000000000000e+00 1.034926847729672678e+06 0.000000000000000000e+00 1.989099455121436040e+05
1.425134422753508989e-01 -1.499808024572854727e-05 5.799951161451334337e+04 3.374568055288923051e-06 7.864122864273373125e+03 1.359201022269149448e-05 2.776066162411211524e+06 0.000000000000000000e+00 9.647782407371855807e+05 0.000000000000000000e+00 5.397391898636974656e+04
1.475259222195813014e-01 7.474714109982231288e-06 5.630237076859993977e+04 -3.310230534420702730e-05 1.515814879948972703e+04 3.817443277598068537e-05 2.659196016948380508e+06 0.000000000000000000e+00 9.358501573648002231e+05 0.000000000000000000e+00 1.998863022461159853e+05
1.525299430011916868e-01 -2.724599467365573072e-06 4.195976462631044706e+04 -4.540999112275955472e-07 1.323398714913763979e+04 2.201352524201048298e-05 2.506244155563070439e+06 0.000000000000000000e+00 9.625923787622590316e+05 0.000000000000000000e+00 1.644190625634088647e+05
1.574945685492469272e-01 3.030159655942896166e-05 3.638077890564969130e+04 -1.196710658515994554e-04 1.252500731993367481e+04 2.667680879895963672e-05 2.363299899219476618e+06 0.000000000000000000e+00 8.315588148986937013e+05 0.000000000000000000e+00 9.324715363772393903e+04
1.625189323163163113e-01 -2.352303832116788735e-06 3.340871941605839675e+04 -6.379733120437956646e-06 1.745047591240876136e+04 -7.971993328010949862e-05 2.285668008175182622e+06 0.000000000000000000e+00 7.392534049635037081e+05 0.000000000000000000e+00 1.093687684671532916e+05
1.675461007718098694e-01 -1.397274078160592214e-05 3.219305922551252661e+04 -1.956878870657744783e-05 8.713791571753985409e+03 -6.078316030306805137e-05 2.205497439635535236e+06 0.000000000000000000e+00 7.037536947608200135e+05 0.000000000000000000e+00 7.821961731207289267e+04
1.725292014006662711e-01 1.248990506642054339e-05 2.359282565843689372e+04 -1.496857179351946560e-05 1.050077832349935852e+04 2.252528626347364809e-05 2.107723803408379201e+06 0.000000000000000000e+00 6.266454022480800049e+05 0.000000000000000000e+00 1.305172334772719914e+05
1.775301965061671094e-01 1.786995993185259841e-06 2.298220292781423632e+04 1.623701531739020617e-05 1.274745784957092292e+04 -1.042157577060196797e-05 2.063071434628975345e+06 0.000000000000000000e+00 5.488261362948005553e+05 0.000000000000000000e+00 8.022232811711257091e+04
1.825147654490652804e-01 -5.250801353068037835e-06 1.594579408549735672e+04 -3.923675736358533255e-06 1.497138846051582004e+04 -3.291848540577269766e-05 1.987020193447369151e+06 0.000000000000000000e+00 5.968967364471624605e+05 0.000000000000000000e+00 7.221149457886495838e+03
1.875360723572403465e-01 -1.014752094972067121e-05 1.096737787709497206e+04 4.282690293296089612e-05 9.376639999999999418e+03 -8.497184881284916726e-06 1.913620422793296166e+06 0.000000000000000000e+00 4.657475789944134303e+05 0.000000000000000000e+00 9.752555977653631999e+04
1.925323683450522461e-01 -7.975033803684266880e-07 9.301473278354931608e+03 -4.543154502918495734e-06 1.128122866016921944e+04 -5.790070648863392634e-06 1.859998776480668224e+06 0.000000000000000000e+00 4.906630840741136926e+05 0.000000000000000000e+00 4.845511834636392450e+04
1.975198663583639380e-01 8.892437081067408070e-07 9.589941469583913204e+03 2.208288541798406496e-05 8.291908637915770669e+03 -1.542590821424054414e-05 1.814469049095737748e+06 0.000000000000000000e+00 4.691016134564309614e+05 0.000000000000000000e+00 9.558829553560135537e+04
2.025153694923672032e-01 9.258638002991412426e-06 3.765328572807102319e+03 -1.819923118908617175e-05 3.689667084820997843e+03 2.226019232334990012e-05 1.751684854192801518e+06 0.000000000000000000e+00 4.395263333011676441e+05 0.000000000000000000e+00 2.954319482775258439e+04
2.075088499274508613e-01 7.424460143351118629e-06 3.118572534292060936e+03 3.287336268291007354e-05 8.364759989924203182e+03 -1.700693355126062104e-05 1.696720046531864675e+06 0.000000000000000000e+00 4.122076838031555526e+05 0.000000000000000000e+00 3.787915381620829430e+04
2.125178062418619784e-01 1.625757522037004783e-05 3.714617908884622466e+03 -7.422446039339326254e-05 1.013372316285564739e+04 6.582133951851327136e-05 1.659148288357479498e+06 0.000000000000000000e+00 4.002499451911328360e+05 0.000000000000000000e+00 5.970302391342294140e+04
2.175004174234404231e-01 3.965923796397609903e-06 2.318025418735796848e+02 2.288111993413854142e-05 6.580681087450551786e+03 3.309131882706632275e-05 1.604690999074151972e+06 0.000000000000000000e+00 3.512721851695985533e+05 0.000000000000000000e+00 3.107513508963891945e+04
2.225093171556767890e-01 -1.600638285297767912e-05 1.654494119501192017e+03 1.446730757865290287e-05 8.237454108469100902e+03 -1.575628312089990304e-05 1.563500676818817621e+06 0.000000000000000000e+00 3.464576839699769625e+05 0.000000000000000000e+00 8.264118862906562572e+04
2.275289586476768322e-01 -7.474073932343487245e-08 2.744213684371651652e+03 -7.735666519975509736e-06 8.505064135925302253e+03 -1.401388862314403892e-07 1.519484492882289924e+06 0.000000000000000000e+00 3.248124708403490367e+05 0.000000000000000000e+00 4.910031899586713553e+04
2.325285406108919262e-01 1.200651555650046544e-05 -4.631718479981082055e+02 -2.774244536806705447e-05 9.147649937241918451e+03 4.097498226757340236e-05 1.488930907609190093e+06 0.000000000000000000e+00 2.814931536572499317e+05 0.000000000000000000e+00 5.400386429701853922e+04
2.375276552426477672e-01 2.265885920196871149e-06 1.277997820355071326e+03 2.152591624187027549e-05 7.632285744419054936e+03 -3.883762798822288666e-05 1.429789402425733861e+06 0.000000000000000000e+00 2.566512272807171685e+05 0.000000000000000000e+00 4.592019462119880336e+04
2.424991024241769377e-01 -4.979012965745446184e-06 -2.454400756335151073e+03 8.985304855401549210e-06 6.793290496851417629e+03 -2.485796953345263596e-05 1.416526706396772061e+06 0.000000000000000000e+00 2.553414957202910446e+05 0.000000000000000000e+00 1.859496861546772925e+04
2.474998551644826128e-01 1.172625480307396749e-05 -3.324189817483189017e+03 -2.443751500960614857e-05 7.655551200768491981e+03 4.048294033181235778e-05 1.382617718860070454e+06 0.000000000000000000e+00 2.314840694204290630e+05 0.000000000000000000e+00 3.342646429715017439e+04
2.525200307756395035e-01 1.812364676770801232e-07 -3.684026724404578090e+03 -8.608732214661305322e-06 8.629478502938447491e+03 -4.870730068821527966e-06 1.353236682709557703e+06 0.000000000000000000e+00 2.302918512836375157e+05 0.000000000000000000e+00 5.019736368697804573e+04
2.575182250600202005e-01 -1.065261530437374218e-05 -4.254824528723642288e+03 1.832191621339691553e-05 7.191574755979435395e+03 -2.873077290254079456e-05 1.320998667997913668e+06 0.000000000000000000e+00 2.249043375009313750e+05 0.000000000000000000e+00 4.890519013486327458e+04
2.625255687975799335e-01 -2.953033177383465689e-06 -3.649533177383465500e+03 3.535282171792092349e-05 8.430584127346379319e+03 -2.069212634435442348e-05 1.304828158612426603e+06 0.000000000000000000e+00 2.023904129628573137e+05 0.000000000000000000e+00 5.983919666799794504e+04
2.675305520911575030e-01 -2.386760228386793677e-06 -4.552576076000054854e+03 1.759729998895347959e-06 7.040452465445105190e+03 2.188032099201198328e-05 1.277385626379088964e+06 0.000000000000000000e+00 2.059949612405241351e+05 0.000000000000000000e+00 6.621909556620316835e+03
2.725404586615198799e-01 1.420398199079705925e-06 -6.443631670809752904e+03 1.200882113767387742e-06 5.170200666419844310e+03 1.032048418740413555e-05 1.248477351245570462e+06 0.000000000000000000e+00 1.805887529486433486e+05 0.000000000000000000e+00 2.274796170730417361e+04
2.775333197047151201e-01 9.655314608266342058e-06 -3.703962571406415464e+03 -3.691737938454777846e-06 8.378674800320521172e+03 1.715080475595807364e-05 1.220344264481608756e+06 0.000000000000000000e+00 1.428072644557603344e+05 0.000000000000000000e+00 2.435998945382169768e+04
2.825123907298719983e-01 2.575138562959303393e-06 -3.110248625949484449e+03 3.111877045637003787e-06 8.376066102636941650e+03 1.706707759525720978e-05 1.203807646266905591e+06 0.000000000000000000e+00 1.690113106651022099e+05 0.000000000000000000e+00 4.683109353424319124e+04
2.875104651677040102e-01 3.375579652784428011e-07 -5.053135031603141215e+03 -2.918926561228093073e-06 5.357637617314690942e+03 1.353830287475235212e-05 1.184057809615016216e+06 0.000000000000000000e+00 1.512063313541467069e+05 0.000000000000000000e+00 3.633022639341121976e+04
2.924971317655564174e-01 -8.737349582124403566e-06 -3.772039071079309451e+03 1.861484426475857953e-05 6.437842629090614537e+03 -1.945866452478932734e-05 1.159692091412454145e+06 0.000000000000000000e+00 1.394831487128506706e+05 0.000000000000000000e+00 5.914420002543087321e+03
2.975058823671092867e-01 1.831976095595417780e-06 -6.709284788207086422e+03 -6.010832810696208058e-06 5.349497557943343963e+03 8.535219989760012613e-06 1.136390842731551267e+06 0.000000000000000000e+00 1.174897462037119258e+05 0.000000000000000000e+00 3.432147624544889550e+04
3.025121359101998753e-01 1.899844905105702250e-07 -4.955815485711815199e+03 2.311477967878604439e-06 8.993390341965327025e+03 -5.501634204368596513e-06 1.116394894470623927e+06 0.000000000000000000e+00 1.113196261294366850e+05 0.000000000000000000e+00 2.355352903030564903e+03
3.075010376196579687e-01 -3.020980299942519993e-06 -4.420135569838533229e+03 9.409945393739876631e-06 5.638800982390134777e+03 -9.180310066886137807e-06 1.099053736740346067e+06 0.000000000000000000e+00 1.167628614725401130e+05 0.000000000000000000e+00 2.907910916026545601e+04
3.125134169243361515e-01 7.697818218379248023e-06 -5.423323064548562797e+03 -2.831697416046652157e-05 6.819952865473557722e+03 2.842497926302031059e-05 1.086317184797908645e+06 0.000000000000000000e+00 1.130244787452242163e+05 0.000000000000000000e+00 2.776697076211542299e+04
3.175159688234982513e-01 3.837520016504406293e-06 -3.685916122250493572e+03 -1.350807045809550941e-05 7.399210067687713490e+03 1.703858887327956448e-05 1.066868228743209038e+06 0.000000000000000000e+00 9.569578827204763365e+04 0.000000000000000000e+00 -1.771455315302924646e+04
3.225221380836135188e-01 4.620558364404380006e-07 -5.029648178214083600e+03 3.197518568883330534e-07 4.432934264678119689e+03 -5.962507936759604824e-06 1.055580028544459259e+06 0.000000000000000000e+00 9.370372301302624692e+04 0.000000000000000000e+00 8.885911270530488764e+03
3.275181733526948968e-01 -4.338670862643465554e-06 -4.290349055905220666e+03 1.272676786375416495e-05 5.826760459089226060e+03 -7.014184561273602562e-06 1.034896178896704921e+06 0.000000000000000000e+00 8.994106479081821453e+04 0.000000000000000000e+00 -5.184754091077378689e+03
3.325123842131759710e-01 -4.530252041506178045e-06 -4.785689851179092329e+03 -7.318767679710364910e-07 4.963011928800804526e+03 9.112082935354529032e-06 1.028696352188725956e+06 0.000000000000000000e+00 8.345683346824768523e+04 0.000000000000000000e+00 2.935193018849462533e+04
3.374959366892091861e-01 -8.596199703079564182e-07 -3.996502119609011061e+03 -1.774837252128367857e-07 4.338479066671337932e+03 -1.176257351162062526e-05 1.007397445258031832e+06 0.000000000000000000e+00 7.816924976351470104e+04 0.000000000000000000e+00 -7.378827733594927167e+02
3.424919221947719805e-01 6.006409962579903455e-06 -3.403470118094158806e+03 -1.641589281100767507e-05 4.808884547750210913e+03 1.383386901611814422e-05 9.958479324604755966e+05 0.000000000000000000e+00 6.779153262382384855e+04 0.000000000000000000e+00 6.040788938986073845e+03
3.475179778446125245e-01 1.009043325464762881e-06 -5.667883033293037442e+03 5.404164845868591761e-07 6.202034305877739826e+03 -1.204969228087120596e-06 9.818340975593817420e+05 0.000000000000000000e+00 6.545338360505766468e+04 0.000000000000000000e+00 2.237292750024504130e+04
3.525052850529177828e-01 -1.052498303528660361e-07 -2.539392367874820593e+03 -4.352275392184257108e-06 4.551536324445153696e+03 9.093877703127494115e-06 9.707610905955611961e+05 0.000000000000000000e+00 6.946803410506146611e+04 0.000000000000000000e+00 -1.512635095002395019e+03
3.575133254796376558e-01 2.142552870944501200e-07 -2.875411578051827746e+03 2.817597367183128744e-06 4.619565236719271525e+03 -3.049278439090391968e-06 9.570669692422071239e+05 0.000000000000000000e+00 5.708972078086317924e+04 0.000000000000000000e+00 1.137439878593710455e+04
3.625250227669692404e-01 4.889429773377502936e-07 -2.739684987200722844e+03 -2.692862638345128525e-06 5.217392561361240041e+03 -1.689104982895083562e-05 9.432927638608643319e+05 0.000000000000000000e+00 6.201358108718565927e+04 0.000000000000000000e+00 1.868921042011745158e+04
3.675230446100045678e-01 3.346123212970860647e-07 -2.954140600281404659e+03 -2.773010620110957874e-06 3.865990945476018624e+03 -1.205583275694581104e-05 9.323818124503350118e+05 0.000000000000000000e+00 5.107692799393449241e+04 0.000000000000000000e+00 1.963536367546603287e+04
3.725177060730277545e-01 -3.713271556406884383e-06 -2.774917948424724273e+03 8.641034185773915964e-06 4.364949854194064756e+03 -1.732743729094001923e-05 9.230385417119332124e+05 0.000000000000000000e+00 5.460319057693407376e+04 0.000000000000000000e+00 1.947152335753902662e+04
3.775163034622419089e-01 -4.484803063004668447e-06 -2.766634459836851420e+03 6.774342164238282801e-06 3.969171692375587099e+03 -2.205028172643961902e-05 9.131444535067335237e+05 0.000000000000000000e+00 3.383566197998910502e+04 0.000000000000000000e+00 3.999757497190062168e+03
3.825226892977953153e-01 -4.178021405194256942e-06 -2.221391567567567563e+03 1.024710165487753288e-05 4.353235027027027172e+03 -1.566794111921980434e-05 9.033164523243242875e+05 0.000000000000000000e+00 4.774616216216215980e+04 0.000000000000000000e+00 2.929410075675675762e+04
3.875130067694269043e-01 1.209126383034773545e-06 -2.060136143308746341e+03 -5.286712164120126429e-06 3.971655216016859868e+03 8.531415676040570201e-06 8.983675548998946324e+05 0.000000000000000000e+00 4.669258250790306192e+04 0.000000000000000000e+00 1.671807797681770535e+04
3.924957861003909865e-01 -3.090944610272584264e-06 -3.086536710327293804e+03 -1.826752978872333106e-06 3.322830444437292954e+03 -1.885464426763186840e-05 8.850639647282207152e+05 0.000000000000000000e+00 3.576778646413284878e+04 0.000000000000000000e+00 3.656398741029189841e+04
3.975064703251052212e-01 4.223038380521652806e-06 -1.794133201164735965e+03 -5.136618316709002185e-06 4.181968799950436733e+03 1.614041638916424194e-05 8.755366595873861806e+05 0.000000000000000000e+00 2.041209124589554631e+04 0.000000000000000000e+00 4.249140053280466236e+04
