3.798113400606732779e-03 -1.594497532894736833e+04 0.000000000000000000e+00 -1.056085157894736854e+06 0.000000000000000000e+00 2.077520000000000000e+06 5.713024000000000000e+07 0.000000000000000000e+00 1.734529077894736826e+08 0.000000000000000000e+00 1.357718770526315570e+08
8.299341265228576958e-03 8.045328750000000000e+05 0.000000000000000000e+00 6.244255000000000000e+05 0.000000000000000000e+00 -1.456821250000000000e+05 2.357614400000000000e+07 0.000000000000000000e+00 3.885407200000000000e+07 0.000000000000000000e+00 -6.826479000000000000e+06
1.293222767532251419e-02 9.972309808917198097e+05 0.000000000000000000e+00 3.329605350318471319e+05 0.000000000000000000e+00 -4.383119490445859847e+05 1.212939169426751696e+07 0.000000000000000000e+00 1.979070450955414027e+07 0.000000000000000000e+00 -4.621985426751592197e+06
1.764839556552980082e-02 8.865318904109589057e+05 0.000000000000000000e+00 1.019389260273972526e+06 0.000000000000000000e+00 4.751232876712328448e+02 7.285927452054793946e+06 0.000000000000000000e+00 1.552898279452054761e+07 0.000000000000000000e+00 8.036108493150684517e+05
2.256548662787912635e-02 8.118043705103970133e+05 0.000000000000000000e+00 4.330345860113421804e+05 0.000000000000000000e+00 -3.771714177693761885e+05 3.816786510396975558e+06 0.000000000000000000e+00 6.561095621928166598e+06 0.000000000000000000e+00 -2.293584090737239923e+06
2.777643688250242340e-02 7.530894829268292524e+05 0.000000000000000000e+00 4.803831024390243692e+05 0.000000000000000000e+00 1.484588487804878096e+05 2.384913014634146355e+06 0.000000000000000000e+00 4.912090536585365422e+06 0.000000000000000000e+00 4.734353170731707360e+05
3.269804980233311648e-02 6.073781759999999776e+05 0.000000000000000000e+00 4.206711359999999986e+05 0.000000000000000000e+00 -3.155219199999999910e+04 1.542507776000000071e+06 0.000000000000000000e+00 3.008175615999999922e+06 0.000000000000000000e+00 -1.446616480000000156e+05
3.761648458559932462e-02 5.355288253540120786e+05 0.000000000000000000e+00 3.687541469993256615e+05 0.000000000000000000e+00 1.647929871881321596e+05 9.282055077545515960e+05 0.000000000000000000e+00 1.744670381658799713e+06 0.000000000000000000e+00 1.380595225893459283e+05
4.263843696389812976e-02 4.439041428571428405e+05 0.000000000000000000e+00 2.155591964285714203e+05 0.000000000000000000e+00 -1.236713392857142753e+04 6.469312142857142026e+05 0.000000000000000000e+00 1.146317428571428405e+06 0.000000000000000000e+00 -2.223134821428571377e+04
4.756514582339458480e-02 4.369083506323593901e+05 0.000000000000000000e+00 3.118716929786305991e+05 0.000000000000000000e+00 -5.588862102049716486e+04 5.070615333624073537e+05 0.000000000000000000e+00 8.520990143916266970e+05 0.000000000000000000e+00 -6.930489664195377554e+04
5.262096060748640974e-02 3.802878202247190638e+05 0.000000000000000000e+00 2.196949213483145868e+05 0.000000000000000000e+00 1.928522471910112290e+04 3.883260224719101097e+05 0.000000000000000000e+00 6.850746966292135185e+05 0.000000000000000000e+00 6.274158988764044625e+04
5.756031740041873956e-02 3.602668118811881286e+05 0.000000000000000000e+00 2.145274455445544445e+05 0.000000000000000000e+00 4.482353465346534358e+04 3.214129504950495320e+05 0.000000000000000000e+00 5.455682772277228069e+05 0.000000000000000000e+00 -1.120790717821782164e+04
6.254738279606215923e-02 3.334115241599215078e+05 0.000000000000000000e+00 1.780292882021093683e+05 0.000000000000000000e+00 4.717240618101544896e+03 2.654769605101790512e+05 0.000000000000000000e+00 4.137274898209467647e+05 0.000000000000000000e+00 -8.970021093941622894e+03
6.757793472572401483e-02 3.129332021089631016e+05 0.000000000000000000e+00 1.911513110720562399e+05 0.000000000000000000e+00 1.567806326889279262e+04 2.139092302284709876e+05 0.000000000000000000e+00 2.996739824253075640e+05 0.000000000000000000e+00 -3.040752196836555231e+04
7.255917516659465827e-02 2.850183879486702499e+05 0.000000000000000000e+00 1.407049938627487572e+05 0.000000000000000000e+00 -2.936156220941045103e+04 1.857744913520550472e+05 0.000000000000000000e+00 2.665906252557188272e+05 0.000000000000000000e+00 5.471256834666171017e+03
7.753384299139773339e-02 2.634757013726146542e+05 0.000000000000000000e+00 1.328646320723133686e+05 0.000000000000000000e+00 2.032405892199531445e+04 1.632534583193839935e+05 0.000000000000000000e+00 2.159900582524272031e+05 0.000000000000000000e+00 3.226044861064613542e+03
8.251793356505521260e-02 2.460447155963302939e+05 0.000000000000000000e+00 1.185436972477064264e+05 0.000000000000000000e+00 -1.000052866972477204e+04 1.433868256880734116e+05 0.000000000000000000e+00 1.838514311926605587e+05 0.000000000000000000e+00 1.271061496559633042e+03
8.752751931716111489e-02 2.192241254373461416e+05 0.000000000000000000e+00 1.177888609563301870e+05 0.000000000000000000e+00 4.626811455228716113e+03 1.269841192173124291e+05 0.000000000000000000e+00 1.526909130491123651e+05 0.000000000000000000e+00 3.007252040948555532e+03
9.254701955136974967e-02 1.957553473108477483e+05 0.000000000000000000e+00 9.178024430264356488e+04 0.000000000000000000e+00 -6.729956244302643427e+03 1.128593473108477629e+05 0.000000000000000000e+00 1.310984138559708372e+05 0.000000000000000000e+00 7.324501367365542137e+03
9.754963178921903511e-02 1.793717341149377171e+05 0.000000000000000000e+00 8.217789594891657180e+04 0.000000000000000000e+00 6.126045744792212417e+02 1.021812892285146081e+05 0.000000000000000000e+00 1.055287578771066619e+05 0.000000000000000000e+00 3.514046372867161949e+02
1.025319613041059119e-01 1.636914791744840622e+05 0.000000000000000000e+00 7.046063789868667664e+04 0.000000000000000000e+00 3.280207504690431506e+03 9.309325328330206685e+04 0.000000000000000000e+00 9.760767279549718660e+04 0.000000000000000000e+00 3.921737711069418310e+03
1.075116003998943526e-01 1.525123418332184665e+05 0.000000000000000000e+00 7.264800551343901316e+04 0.000000000000000000e+00 -8.178384562370778440e+03 8.594555478980013868e+04 0.000000000000000000e+00 8.080850723638870113e+04 0.000000000000000000e+00 -2.560464851826326594e+03
1.125102861506304813e-01 1.479057463090360980e+05 0.000000000000000000e+00 7.517998917832573352e+04 0.000000000000000000e+00 5.894344593027750307e+03 8.004918358197418274e+04 0.000000000000000000e+00 7.558425724665688176e+04 0.000000000000000000e+00 5.288207157764551994e+03
1.175500852175193622e-01 1.441438293272649753e+05 0.000000000000000000e+00 6.970904849950221251e+04 0.000000000000000000e+00 7.184368084198549695e+03 7.607681183330963540e+04 0.000000000000000000e+00 6.476844602474755084e+04 0.000000000000000000e+00 4.510821220310055651e+03
1.225369446564099490e-01 1.370017260509765183e+05 0.000000000000000000e+00 6.485802793776895851e+04 0.000000000000000000e+00 9.374104998344919295e+03 7.208660867262496322e+04 0.000000000000000000e+00 5.887357669645812712e+04 0.000000000000000000e+00 4.559031843760344600e+03
1.275260957852891452e-01 1.326996303662381833e+05 0.000000000000000000e+00 5.945528207615813881e+04 0.000000000000000000e+00 1.567125030317729852e+03 6.751558379820518894e+04 0.000000000000000000e+00 5.294216832403589797e+04 0.000000000000000000e+00 5.613030802813485025e+03
1.325302087090364789e-01 1.242995997979911335e+05 0.000000000000000000e+00 5.241275708433870022e+04 0.000000000000000000e+00 -7.581953874642275878e+03 6.486698254867852665e+04 0.000000000000000000e+00 4.643823623814600433e+04 0.000000000000000000e+00 -1.625276471578474911e+03
1.375062694904859717e-01 1.187302183738120366e+05 0.000000000000000000e+00 5.269305512143611122e+04 0.000000000000000000e+00 6.964145723336852825e+03 6.193350285110876575e+04 0.000000000000000000e+00 4.453215290390707378e+04 0.000000000000000000e+00 7.247036958817318009e+03
1.425134422753508989e-01 1.138699205221731536e+05 0.000000000000000000e+00 4.924804300249568041e+04 0.000000000000000000e+00 1.767183528508350946e+03 5.931978038011134777e+04 0.000000000000000000e+00 4.185637166442695161e+04 0.000000000000000000e+00 6.756491457093491590e+03
1.475259222195813014e-01 1.059529053715431219e+05 0.000000000000000000e+00 4.371386906009385712e+04 0.000000000000000000e+00 5.281339104287210830e+03 5.598461888924324739e+04 0.000000000000000000e+00 3.686846416693243373e+04 0.000000000000000000e+00 5.448170941728552862e+03
1.525299430011916868e-01 1.017848576259722613e+05 0.000000000000000000e+00 4.574390260399052931e+04 0.000000000000000000e+00 3.218665877578626805e+03 5.434915387216773524e+04 0.000000000000000000e+00 3.472356036523503280e+04 0.000000000000000000e+00 5.363573554277983931e+03
1.574945685492469272e-01 9.599726679338373651e+04 0.000000000000000000e+00 4.096499276094956440e+04 0.000000000000000000e+00 9.509188821935535088e+03 5.236178881384720444e+04 0.000000000000000000e+00 3.014442706353378526e+04 0.000000000000000000e+00 2.438194524204310710e+03
1.625189323163163113e-01 9.146251211678833351e+04 0.000000000000000000e+00 3.763934598540146544e+04 0.000000000000000000e+00 2.493729635036496347e+03 5.004135240875912859e+04 0.000000000000000000e+00 2.708274218978102363e+04 0.000000000000000000e+00 2.375772408759124119e+03
1.675461007718098694e-01 8.825234624145785347e+04 0.000000000000000000e+00 3.588680865603644634e+04 0.000000000000000000e+00 1.218717112756264214e+03 4.829224145785877045e+04 0.000000000000000000e+00 2.616539863325740225e+04 0.000000000000000000e+00 1.036172693621867893e+03
1.725292014006662711e-01 8.427875768863105623e+04 0.000000000000000000e+00 3.586519748162310134e+04 0.000000000000000000e+00 6.119461779345354444e+03 4.746676863236312784e+04 0.000000000000000000e+00 2.584209328542703952e+04 0.000000000000000000e+00 2.460191581237433184e+03
1.775301965061671094e-01 8.065020090863200312e+04 0.000000000000000000e+00 3.414620494699646952e+04 0.000000000000000000e+00 3.525519687026754127e+03 4.586265926299848797e+04 0.000000000000000000e+00 2.298499949520444352e+04 0.000000000000000000e+00 2.288353104492680359e+03
1.825147654490652804e-01 7.912847386924280727e+04 0.000000000000000000e+00 3.174265000443144527e+04 0.000000000000000000e+00 3.717593075127773318e+03 4.452157192236107221e+04 0.000000000000000000e+00 2.014489668823303509e+04 0.000000000000000000e+00 4.824760554226122053e+02
1.875360723572403465e-01 7.659070212290502968e+04 0.000000000000000000e+00 2.891369117318435747e+04 0.000000000000000000e+00 4.247579441340782068e+03 4.375781541899441072e+04 0.000000000000000000e+00 2.057040983240223431e+04 0.000000000000000000e+00 9.353077094972067016e+02
1.925323683450522461e-01 7.440297140409125132e+04 0.000000000000000000e+00 2.753124815251151085e+04 0.000000000000000000e+00 3.584365856270750555e+03 4.237320938202848629e+04 0.000000000000000000e+00 1.871127428510228128e+04 0.000000000000000000e+00 1.503027203598586311e+03
1.975198663583639380e-01 7.146586912862020836e+04 0.000000000000000000e+00 2.674958148476033602e+04 0.000000000000000000e+00 4.344205792335904334e+03 4.107044552927785116e+04 0.000000000000000000e+00 1.706603748577209990e+04 0.000000000000000000e+00 2.585726267863918110e+03
2.025153694923672032e-01 6.974278181993631006e+04 0.000000000000000000e+00 2.431748026633214613e+04 0.000000000000000000e+00 -9.163257743896555212e+02 4.063903657242111512e+04 0.000000000000000000e+00 1.704368541928013292e+04 0.000000000000000000e+00 9.369034063495128066e+02
2.075088499274508613e-01 6.665170367995603010e+04 0.000000000000000000e+00 2.457008202615127448e+04 0.000000000000000000e+00 3.038547253200210889e+03 3.986713577137099492e+04 0.000000000000000000e+00 1.531782967322356853e+04 0.000000000000000000e+00 8.555834115734273837e+02
2.125178062418619784e-01 6.497944353290277650e+04 0.000000000000000000e+00 2.244517647058823786e+04 0.000000000000000000e+00 4.507996159888288275e+03 3.870884552277884359e+04 0.000000000000000000e+00 1.533245173677779712e+04 0.000000000000000000e+00 2.189989876069122147e+03
2.175004174234404231e-01 6.346428751788569934e+04 0.000000000000000000e+00 2.188410403164716990e+04 0.000000000000000000e+00 1.145220267654237887e+03 3.779725208315798227e+04 0.000000000000000000e+00 1.446189916673680636e+04 0.000000000000000000e+00 4.270952360912381209e+02
2.225093171556767890e-01 6.107713874825161474e+04 0.000000000000000000e+00 2.004618033529678360e+04 0.000000000000000000e+00 4.632220484230018883e+03 3.723122869919820369e+04 0.000000000000000000e+00 1.312885467189377778e+04 0.000000000000000000e+00 1.586412718425563071e+03
2.275289586476768322e-01 5.884327812643502693e+04 0.000000000000000000e+00 2.112155273228225997e+04 0.000000000000000000e+00 3.678583193020052022e+03 3.675233307821827475e+04 0.000000000000000000e+00 1.301722577682534939e+04 0.000000000000000000e+00 7.153519057094749769e+02
2.325285406108919262e-01 5.724695163080057682e+04 0.000000000000000000e+00 1.957237887690320713e+04 0.000000000000000000e+00 2.220670947556073315e+03 3.589495294053444377e+04 0.000000000000000000e+00 1.196253520819311416e+04 0.000000000000000000e+00 9.859008058501446214e+01
2.375276552426477672e-01 5.619667540868342621e+04 0.000000000000000000e+00 1.759150191597820231e+04 0.000000000000000000e+00 3.370811320091404468e+03 3.517499623835471721e+04 0.000000000000000000e+00 1.154471464229214325e+04 0.000000000000000000e+00 1.860386992441553957e+03
2.424991024241769377e-01 5.431500737764422229e+04 0.000000000000000000e+00 1.627611203214424495e+04 0.000000000000000000e+00 -1.472375090743335591e+01 3.466017118835783913e+04 0.000000000000000000e+00 1.081962608680971789e+04 0.000000000000000000e+00 -9.027556429692907614e+01
2.474998551644826128e-01 5.344536509766250674e+04 0.000000000000000000e+00 1.706847211015049470e+04 0.000000000000000000e+00 1.915012359910342639e+03 3.414042600064040744e+04 0.000000000000000000e+00 1.011423887287864272e+04 0.000000000000000000e+00 6.948357989113031863e+02
2.525200307756395035e-01 5.184580810392824060e+04 0.000000000000000000e+00 1.411767250231982689e+04 0.000000000000000000e+00 1.810763006495515128e+03 3.383662381688834284e+04 0.000000000000000000e+00 9.866364120012372950e+03 0.000000000000000000e+00 -4.264787813176616282e+02
2.575182250600202005e-01 5.072648106698457559e+04 0.000000000000000000e+00 1.341110391178004647e+04 0.000000000000000000e+00 8.337990909768273013e+02 3.356793466954772157e+04 0.000000000000000000e+00 1.004655223902838770e+04 0.000000000000000000e+00 7.187327322852246425e+02
2.625255687975799335e-01 4.961619444285958889e+04 0.000000000000000000e+00 1.374843475780224799e+04 0.000000000000000000e+00 1.389910538027043913e+03 3.240657728076681815e+04 0.000000000000000000e+00 9.005307924915843614e+03 0.000000000000000000e+00 1.085138814400638921e+03
2.675305520911575030e-01 4.829167583988069237e+04 0.000000000000000000e+00 1.288334643266455714e+04 0.000000000000000000e+00 -4.792498308501677684e+02 3.223029430689993023e+04 0.000000000000000000e+00 8.194153629472113607e+03 0.000000000000000000e+00 -1.788580384142721016e+02
2.725404586615198799e-01 4.733526588036176690e+04 0.000000000000000000e+00 1.337862252075950710e+04 0.000000000000000000e+00 6.764225948061564395e+02 3.176893383402972177e+04 0.000000000000000000e+00 8.517586079229913594e+03 0.000000000000000000e+00 1.683249722325064681e+02
2.775333197047151201e-01 4.607866994080699078e+04 0.000000000000000000e+00 1.185370010597875262e+04 0.000000000000000000e+00 8.260357225941530714e+02 3.151173924057176555e+04 0.000000000000000000e+00 8.210107994933698137e+03 0.000000000000000000e+00 -2.013115646082663375e+02
2.825123907298719983e-01 4.530384556289754983e+04 0.000000000000000000e+00 1.093669452232446201e+04 0.000000000000000000e+00 1.047446674488976669e+03 3.096835778422775547e+04 0.000000000000000000e+00 7.563308392515285050e+03 0.000000000000000000e+00 5.387564503180386737e+02
2.875104651677040102e-01 4.418942884504883841e+04 0.000000000000000000e+00 1.041091208580731654e+04 0.000000000000000000e+00 2.824071957000574429e+01 3.032579505841792707e+04 0.000000000000000000e+00 7.487333461022792108e+03 0.000000000000000000e+00 -2.620273175636851306e+02
2.924971317655564174e-01 4.315497606029429880e+04 0.000000000000000000e+00 1.050440051324139677e+04 0.000000000000000000e+00 -8.577076373556508315e+01 2.999026283970453733e+04 0.000000000000000000e+00 6.814656879631020274e+03 0.000000000000000000e+00 -9.162249476933035339e+02
2.975058823671092867e-01 4.217627279992895637e+04 0.000000000000000000e+00 9.695525441790248806e+03 0.000000000000000000e+00 1.302656780037296812e+03 2.965012414528016961e+04 0.000000000000000000e+00 6.867048397122813185e+03 0.000000000000000000e+00 2.363446851966965596e+02
3.025121359101998753e-01 4.122721404176213400e+04 0.000000000000000000e+00 9.218660325969478436e+03 0.000000000000000000e+00 -3.276186286801262213e+02 2.937679131900912034e+04 0.000000000000000000e+00 6.956502702001642319e+03 0.000000000000000000e+00 -7.287780035450261948e+02
3.075010376196579687e-01 4.040783621257250343e+04 0.000000000000000000e+00 8.634999592412605125e+03 0.000000000000000000e+00 1.541586664576474959e+03 2.920065732350943290e+04 0.000000000000000000e+00 6.324624005852537266e+03 0.000000000000000000e+00 -3.407771855567748531e+01
3.125134169243361515e-01 3.979888324954755808e+04 0.000000000000000000e+00 8.534844641061734364e+03 0.000000000000000000e+00 -2.406335009048864038e+02 2.871794924592801181e+04 0.000000000000000000e+00 5.769017655338830082e+03 0.000000000000000000e+00 -1.920112608083651651e+02
3.175159688234982513e-01 3.899041887789686734e+04 0.000000000000000000e+00 7.339332082404142056e+03 0.000000000000000000e+00 1.544774980106296312e+02 2.824497285614641805e+04 0.000000000000000000e+00 6.357792103427611437e+03 0.000000000000000000e+00 -2.486510104036702629e+01
3.225221380836135188e-01 3.825105893902209209e+04 0.000000000000000000e+00 7.994578667170097106e+03 0.000000000000000000e+00 9.120079290164244412e+02 2.818777723239569605e+04 0.000000000000000000e+00 6.201018840853314032e+03 0.000000000000000000e+00 -3.842891070417217634e+02
3.275181733526948968e-01 3.758520251758607628e+04 0.000000000000000000e+00 7.208637393557941323e+03 0.000000000000000000e+00 7.613208441318030282e+02 2.785555335061088408e+04 0.000000000000000000e+00 5.494115660866345934e+03 0.000000000000000000e+00 -9.202473898556090717e+02
3.325123842131759710e-01 3.694974247667167947e+04 0.000000000000000000e+00 7.016654349431136325e+03 0.000000000000000000e+00 5.934335198413051558e+02 2.757386687066902959e+04 0.000000000000000000e+00 5.357225330688419490e+03 0.000000000000000000e+00 -2.519547933141784597e+02
3.374959366892091861e-01 3.636118642048838956e+04 0.000000000000000000e+00 6.423265949619872117e+03 0.000000000000000000e+00 -6.462186000070070691e+01 2.727168188347405885e+04 0.000000000000000000e+00 5.514956101320814923e+03 0.000000000000000000e+00 -7.873774305433906875e+02
3.424919221947719805e-01 3.566428469276350370e+04 0.000000000000000000e+00 6.158597071398211483e+03 0.000000000000000000e+00 -3.941142604738768114e+02 2.714061909008325893e+04 0.000000000000000000e+00 5.582263174124294892e+03 0.000000000000000000e+00 2.953035486586270508e+01
3.475179778446125245e-01 3.513008867252588971e+04 0.000000000000000000e+00 5.747202404678668245e+03 0.000000000000000000e+00 6.348539876498839476e+02 2.683352069787956862e+04 0.000000000000000000e+00 5.219121900218903647e+03 0.000000000000000000e+00 2.464726206423367216e+02
3.525052850529177828e-01 3.463822653680344956e+04 0.000000000000000000e+00 6.031279067539518110e+03 0.000000000000000000e+00 -4.319465112565862910e+02 2.657351326840172624e+04 0.000000000000000000e+00 4.635992208206929718e+03 0.000000000000000000e+00 -7.110800574804407006e+02
3.575133254796376558e-01 3.411465916563833889e+04 0.000000000000000000e+00 5.311412835036138858e+03 0.000000000000000000e+00 6.889477661702601381e+02 2.639675293360210344e+04 0.000000000000000000e+00 4.788552490591779133e+03 0.000000000000000000e+00 -5.931572226778364438e+02
3.625250227669692404e-01 3.348449932239120244e+04 0.000000000000000000e+00 4.842840295136274108e+03 0.000000000000000000e+00 9.120048185514228578e+01 2.611853010088841984e+04 0.000000000000000000e+00 4.419682818852582386e+03 0.000000000000000000e+00 -3.793309140189730329e+02
3.675230446100045678e-01 3.284474643687713979e+04 0.000000000000000000e+00 4.735587545290845810e+03 0.000000000000000000e+00 8.824842930982948701e+02 2.595267677099052889e+04 0.000000000000000000e+00 4.491977050208137371e+03 0.000000000000000000e+00 -2.357715810423638061e+02
3.725177060730277545e-01 3.247725724741266094e+04 0.000000000000000000e+00 4.472181142432385968e+03 0.000000000000000000e+00 1.075404768711761790e+03 2.565182137343473369e+04 0.000000000000000000e+00 4.242935330779347169e+03 0.000000000000000000e+00 1.299637093315798531e+01
3.775163034622419089e-01 3.191593294764206439e+04 0.000000000000000000e+00 4.722099006350804302e+03 0.000000000000000000e+00 8.894393915363981762e+01 2.551945640976134382e+04 0.000000000000000000e+00 4.340341771191758198e+03 0.000000000000000000e+00 -6.483155405079264710e+02
3.825226892977953153e-01 3.169068281081080931e+04 0.000000000000000000e+00 4.362754162162162174e+03 0.000000000000000000e+00 1.203137621621621520e+03 2.522863394594594502e+04 0.000000000000000000e+00 4.481488432432432091e+03 0.000000000000000000e+00 -2.015654189189189083e+02
3.875130067694269043e-01 3.118080000000000291e+04 0.000000000000000000e+00 4.064332982086406901e+03 0.000000000000000000e+00 8.876889357218125269e+02 2.518656606954689414e+04 0.000000000000000000e+00 4.272120969441517445e+03 0.000000000000000000e+00 -4.459146996838778136e+02
3.924957861003909865e-01 3.065232761561484585e+04 0.000000000000000000e+00 4.007167843465388160e+03 0.000000000000000000e+00 1.887831931258649092e+03 2.504636838412770157e+04 0.000000000000000000e+00 4.242347504264152121e+03 0.000000000000000000e+00 5.921367103272937982e+01
3.975064703251052212e-01 3.041807828511244952e+04 0.000000000000000000e+00 3.586285062883340743e+03 0.000000000000000000e+00 1.839703017161266416e+03 2.489106191685769227e+04 0.000000000000000000e+00 3.866500861161018747e+03 0.000000000000000000e+00 7.823166470478905410e+01
