3.798113400606732779e-03 2.816175657894736651e+04 0.000000000000000000e+00 4.553765460526315292e+04 0.000000000000000000e+00 1.031681118421052524e+05
8.299341265228576958e-03 3.621289062500000000e+04 0.000000000000000000e+00 3.028970898437500000e+04 0.000000000000000000e+00 3.321401953125000000e+04
1.293222767532251419e-02 3.552784076433120936e+04 0.000000000000000000e+00 1.926229936305732554e+04 0.000000000000000000e+00 -2.475243630573248538e+03
1.764839556552980082e-02 3.610640068493150466e+04 0.000000000000000000e+00 1.915252910958903885e+04 0.000000000000000000e+00 1.383671832191780777e+04
2.256548662787912635e-02 3.418040075614366651e+04 0.000000000000000000e+00 2.272437807183364930e+04 0.000000000000000000e+00 -3.927471644612476666e+03
2.777643688250242340e-02 3.134520243902438961e+04 0.000000000000000000e+00 1.747833902439024314e+04 0.000000000000000000e+00 4.646966768292682900e+03
3.269804980233311648e-02 2.726578399999999965e+04 0.000000000000000000e+00 1.546030900000000111e+04 0.000000000000000000e+00 1.113559250000000020e+03
3.761648458559932462e-02 2.451620498988536565e+04 0.000000000000000000e+00 1.354551314902225204e+04 0.000000000000000000e+00 -3.421981835805798937e+02
4.263843696389812976e-02 2.280290401785714130e+04 0.000000000000000000e+00 1.319687165178571377e+04 0.000000000000000000e+00 1.322308593750000000e+03
4.756514582339458480e-02 2.015875447012647419e+04 0.000000000000000000e+00 1.097357348451809958e+04 0.000000000000000000e+00 -4.461265590928914207e+03
5.262096060748640974e-02 1.793338904494381859e+04 0.000000000000000000e+00 1.001449157303370703e+04 0.000000000000000000e+00 3.733889132724718820e+02
5.756031740041873956e-02 1.727647896039603802e+04 0.000000000000000000e+00 8.269797648514851971e+03 0.000000000000000000e+00 -6.780573174504949918e+01
6.254738279606215923e-02 1.607910424331616196e+04 0.000000000000000000e+00 9.088803532008829279e+03 0.000000000000000000e+00 1.005935123865587343e+03
6.757793472572401483e-02 1.530627240773286394e+04 0.000000000000000000e+00 8.149914762741651430e+03 0.000000000000000000e+00 3.615643947715289528e+02
7.255917516659465827e-02 1.413795648130928021e+04 0.000000000000000000e+00 6.817975822949600115e+03 0.000000000000000000e+00 -6.905951738887855527e+02
7.753384299139773339e-02 1.321256109809173176e+04 0.000000000000000000e+00 6.746126548376297251e+03 0.000000000000000000e+00 -2.540701372614663711e+01
8.251793356505521260e-02 1.219462155963302757e+04 0.000000000000000000e+00 6.189998279816513786e+03 0.000000000000000000e+00 -1.245191191227064280e+02
8.752751931716111489e-02 1.121672359725281967e+04 0.000000000000000000e+00 5.404582609822470658e+03 0.000000000000000000e+00 7.317394065051186089e+02
9.254701955136974967e-02 1.005948404740200567e+04 0.000000000000000000e+00 4.619593892433910696e+03 0.000000000000000000e+00 1.802117992251595240e+02
9.754963178921903511e-02 9.171347220768344414e+03 0.000000000000000000e+00 4.421304302313409607e+03 0.000000000000000000e+00 4.107134866010677143e+01
1.025319613041059119e-01 8.711999249530956149e+03 0.000000000000000000e+00 3.801575609756097492e+03 0.000000000000000000e+00 1.793969981238273874e+02
1.075116003998943526e-01 8.352845623707788036e+03 0.000000000000000000e+00 3.926354583046174866e+03 0.000000000000000000e+00 3.896093642315644274e+02
1.125102861506304813e-01 7.903416866352323268e+03 0.000000000000000000e+00 3.247030687176315951e+03 0.000000000000000000e+00 4.934684239004405981e+02
1.175500852175193622e-01 7.546000284454558823e+03 0.000000000000000000e+00 3.087790072535912714e+03 0.000000000000000000e+00 2.490142405063291164e+02
1.225369446564099490e-01 7.175201324064879373e+03 0.000000000000000000e+00 3.111421648460774577e+03 0.000000000000000000e+00 1.829413439258523795e+02
1.275260957852891452e-01 6.952999272374484462e+03 0.000000000000000000e+00 2.703209313606596879e+03 0.000000000000000000e+00 3.242209859325733419e+02
1.325302087090364789e-01 6.629414286515908316e+03 0.000000000000000000e+00 2.710436002468997231e+03 0.000000000000000000e+00 -5.541544035127097345e+01
1.375062694904859717e-01 6.416470960929250396e+03 0.000000000000000000e+00 2.739219007391763625e+03 0.000000000000000000e+00 6.300318373812037862e+02
1.425134422753508989e-01 6.054703397965060503e+03 0.000000000000000000e+00 2.396107122288347000e+03 0.000000000000000000e+00 -1.464065499616049060e+01
1.475259222195813014e-01 5.720928333864868364e+03 0.000000000000000000e+00 2.368964781994623991e+03 0.000000000000000000e+00 2.858714064422069328e+02
1.525299430011916868e-01 5.485102468718295313e+03 0.000000000000000000e+00 2.212796922556645313e+03 0.000000000000000000e+00 3.964980977341900257e+02
1.574945685492469272e-01 5.226552675213329167e+03 0.000000000000000000e+00 2.140286973753386974e+03 0.000000000000000000e+00 1.624273769563634744e+02
1.625189323163163113e-01 5.040349197080292470e+03 0.000000000000000000e+00 1.901915328467153358e+03 0.000000000000000000e+00 1.994390328467153495e+02
1.675461007718098694e-01 4.811722095671981151e+03 0.000000000000000000e+00 1.855428673120728945e+03 0.000000000000000000e+00 -1.199327128416856425e+02
1.725292014006662711e-01 4.674069024623397127e+03 0.000000000000000000e+00 1.822197712364439667e+03 0.000000000000000000e+00 3.915118502159079981e+02
1.775301965061671094e-01 4.529608783442705317e+03 0.000000000000000000e+00 1.709100328117112440e+03 0.000000000000000000e+00 2.771693589096415735e+02
1.825147654490652804e-01 4.379051434311205412e+03 0.000000000000000000e+00 1.522898756240952480e+03 0.000000000000000000e+00 2.521825460131761645e+02
1.875360723572403465e-01 4.237516871508380063e+03 0.000000000000000000e+00 1.518534525139664765e+03 0.000000000000000000e+00 3.166885474860335421e+02
1.925323683450522461e-01 4.110780336296455062e+03 0.000000000000000000e+00 1.482747777658776840e+03 0.000000000000000000e+00 1.696031380529077808e+02
1.975198663583639380e-01 3.961154015429366154e+03 0.000000000000000000e+00 1.356785632983432379e+03 0.000000000000000000e+00 2.243589224737574170e+02
2.025153694923672032e-01 3.882668339283991372e+03 0.000000000000000000e+00 1.280231689665155045e+03 0.000000000000000000e+00 1.598059201003570529e+01
2.075088499274508613e-01 3.782958895326204129e+03 0.000000000000000000e+00 1.261259932675353184e+03 0.000000000000000000e+00 1.495404291373743320e+02
2.125178062418619784e-01 3.632637807645313387e+03 0.000000000000000000e+00 1.197499039972072069e+03 0.000000000000000000e+00 2.536030939081864233e+02
2.175004174234404231e-01 3.559444827876441650e+03 0.000000000000000000e+00 1.157464270684285793e+03 0.000000000000000000e+00 3.008180866509553297e+01
2.225093171556767890e-01 3.455297098165915031e+03 0.000000000000000000e+00 1.069841571285041709e+03 0.000000000000000000e+00 1.747083981797048864e+02
2.275289586476768322e-01 3.358157967243226722e+03 0.000000000000000000e+00 9.919243073626205387e+02 0.000000000000000000e+00 7.636485439308128775e+01
2.325285406108919262e-01 3.239896531024321121e+03 0.000000000000000000e+00 9.435502519418624843e+02 0.000000000000000000e+00 1.517924799447001476e+02
2.375276552426477672e-01 3.205489330286517998e+03 0.000000000000000000e+00 9.856243276498506702e+02 0.000000000000000000e+00 1.390738178941817580e+02
2.424991024241769377e-01 3.091006432225279696e+03 0.000000000000000000e+00 8.657089797916702310e+02 0.000000000000000000e+00 2.153387680853578345e+01
2.474998551644826128e-01 3.027085494716618541e+03 0.000000000000000000e+00 8.658607108549471150e+02 0.000000000000000000e+00 1.398029138648735170e+02
2.525200307756395035e-01 2.971356139808227908e+03 0.000000000000000000e+00 7.815755026291370768e+02 0.000000000000000000e+00 9.807579067429632147e+00
2.575182250600202005e-01 2.896892928991878307e+03 0.000000000000000000e+00 7.834806944340957671e+02 0.000000000000000000e+00 1.222747336264063733e+02
2.625255687975799335e-01 2.839937011468020955e+03 0.000000000000000000e+00 7.549775203971015571e+02 0.000000000000000000e+00 5.267401009870485495e+01
2.675305520911575030e-01 2.783365487910964930e+03 0.000000000000000000e+00 7.738897281175349008e+02 0.000000000000000000e+00 1.004425598238080042e+01
2.725404586615198799e-01 2.723792457819854917e+03 0.000000000000000000e+00 7.122804781297932095e+02 0.000000000000000000e+00 6.128536388639128063e+01
2.775333197047151201e-01 2.671480135446015538e+03 0.000000000000000000e+00 6.596775661074779009e+02 0.000000000000000000e+00 1.134649801612944842e+01
2.825123907298719983e-01 2.630284789723954873e+03 0.000000000000000000e+00 6.545254863212499004e+02 0.000000000000000000e+00 -2.749212005187426655e+01
2.875104651677040102e-01 2.558527485156100283e+03 0.000000000000000000e+00 6.023434686841601433e+02 0.000000000000000000e+00 2.375084993296303182e+01
2.924971317655564174e-01 2.520610618548359071e+03 0.000000000000000000e+00 6.070540637390329266e+02 0.000000000000000000e+00 1.134589320186338846e+01
2.975058823671092867e-01 2.467293668413107298e+03 0.000000000000000000e+00 5.450139863244827438e+02 0.000000000000000000e+00 1.198441967853654120e+02
3.025121359101998753e-01 2.425642644070727783e+03 0.000000000000000000e+00 5.526953006787427967e+02 0.000000000000000000e+00 -6.440906143270935047e+01
3.075010376196579687e-01 2.390234958457438552e+03 0.000000000000000000e+00 5.179754402466426200e+02 0.000000000000000000e+00 3.999278361289648842e+01
3.125134169243361515e-01 2.362591433742207755e+03 0.000000000000000000e+00 4.755133319927609250e+02 0.000000000000000000e+00 -3.206778855821436025e+01
3.175159688234982513e-01 2.318796907388668842e+03 0.000000000000000000e+00 4.945094163531156823e+02 0.000000000000000000e+00 2.979915464039060424e+01
3.225221380836135188e-01 2.264322899754578430e+03 0.000000000000000000e+00 4.492394940532377063e+02 0.000000000000000000e+00 3.281593826694355442e+01
3.275181733526948968e-01 2.237734024435394531e+03 0.000000000000000000e+00 4.498931136616068329e+02 0.000000000000000000e+00 -5.203947149203998634e+01
3.325123842131759710e-01 2.206614159780104728e+03 0.000000000000000000e+00 4.027305122890666098e+02 0.000000000000000000e+00 3.638606427408666022e+00
3.374959366892091861e-01 2.166516343762043562e+03 0.000000000000000000e+00 3.855358932137477268e+02 0.000000000000000000e+00 -6.975511727919280425e+00
3.424919221947719805e-01 2.144297093900274376e+03 0.000000000000000000e+00 3.785014626340748123e+02 0.000000000000000000e+00 -4.356319329271850194e+01
3.475179778446125245e-01 2.106573006175057799e+03 0.000000000000000000e+00 3.660480609011010529e+02 0.000000000000000000e+00 -1.594266425980984714e+01
3.525052850529177828e-01 2.079862941082548332e+03 0.000000000000000000e+00 3.522970780775985986e+02 0.000000000000000000e+00 -4.709025626696471534e+01
3.575133254796376558e-01 2.055085712533819787e+03 0.000000000000000000e+00 3.490447992274145577e+02 0.000000000000000000e+00 1.572897233868062727e+01
3.625250227669692404e-01 2.031278421924408804e+03 0.000000000000000000e+00 3.111086884505345438e+02 0.000000000000000000e+00 -2.875061361240776847e+01
3.675230446100045678e-01 1.996057301576886857e+03 0.000000000000000000e+00 3.070557050062332110e+02 0.000000000000000000e+00 -1.324138836034381050e+01
3.725177060730277545e-01 1.978906283949911540e+03 0.000000000000000000e+00 3.184923380410543814e+02 0.000000000000000000e+00 2.803967851220767571e+01
3.775163034622419089e-01 1.954305652284841472e+03 0.000000000000000000e+00 3.205355362326835689e+02 0.000000000000000000e+00 7.380285441418829251e+00
3.825226892977953153e-01 1.925650162162162133e+03 0.000000000000000000e+00 2.753961891891891582e+02 0.000000000000000000e+00 2.937892567567567426e+01
3.875130067694269043e-01 1.911187144362486833e+03 0.000000000000000000e+00 2.675045837723919817e+02 0.000000000000000000e+00 7.570538066385669396e+00
3.924957861003909865e-01 1.891789991310784444e+03 0.000000000000000000e+00 2.711508254754932068e+02 0.000000000000000000e+00 5.710358832426866371e+01
3.975064703251052212e-01 1.877435103153460204e+03 0.000000000000000000e+00 2.564475311319001207e+02 0.000000000000000000e+00 3.633630815934576930e+01
