3.798113400606732779e-03 2.177075394736841845e+05 0.000000000000000000e+00 -4.229244473684210097e+05 0.000000000000000000e+00 1.141121368421052583e+06 5.284888926315788925e+07 0.000000000000000000e+00 1.005110298947368413e+08 0.000000000000000000e+00 -7.665513094736841321e+07
8.299341265228576958e-03 5.718568750000000000e+05 0.000000000000000000e+00 3.979785312500000000e+05 0.000000000000000000e+00 6.487852500000000000e+05 2.118963000000000000e+07 0.000000000000000000e+00 4.255043600000000000e+07 0.000000000000000000e+00 1.445436900000000000e+07
1.293222767532251419e-02 1.036853503184713423e+06 0.000000000000000000e+00 8.273921019108280307e+05 0.000000000000000000e+00 -4.336912101910828496e+05 1.383708861146496795e+07 0.000000000000000000e+00 2.457835617834395170e+07 0.000000000000000000e+00 -1.003910033121019229e+07
1.764839556552980082e-02 1.096965808219178114e+06 0.000000000000000000e+00 1.086921205479451921e+06 0.000000000000000000e+00 1.768310684931506694e+05 8.859205260273972526e+06 0.000000000000000000e+00 1.991068230136986077e+07 0.000000000000000000e+00 6.444846465753423981e+06
2.256548662787912635e-02 9.512183894139886834e+05 0.000000000000000000e+00 7.190422381852552062e+05 0.000000000000000000e+00 8.316347826086956047e+03 4.017579553875236306e+06 0.000000000000000000e+00 7.550477550094517879e+06 0.000000000000000000e+00 -8.515490359168242430e+05
2.777643688250242340e-02 6.937485268292683177e+05 0.000000000000000000e+00 3.759865756097561098e+05 0.000000000000000000e+00 -1.663333853658536682e+05 2.172151882926829159e+06 0.000000000000000000e+00 3.892072273170731496e+06 0.000000000000000000e+00 -5.748182634146341588e+05
3.269804980233311648e-02 6.995286400000000140e+05 0.000000000000000000e+00 5.706702079999999842e+05 0.000000000000000000e+00 9.701288000000000466e+04 1.501231743999999948e+06 0.000000000000000000e+00 2.784992000000000000e+06 0.000000000000000000e+00 -1.411211199999999953e+05
3.761648458559932462e-02 5.295133432231962215e+05 0.000000000000000000e+00 3.595885097774780588e+05 0.000000000000000000e+00 6.216379231287929724e+04 9.838502926500337198e+05 0.000000000000000000e+00 1.881413739716790151e+06 0.000000000000000000e+00 6.293430613621038356e+04
4.263843696389812976e-02 4.684766785714285215e+05 0.000000000000000000e+00 2.273848392857142608e+05 0.000000000000000000e+00 -9.303745535714285506e+04 6.883867857142856810e+05 0.000000000000000000e+00 1.162746071428571362e+06 0.000000000000000000e+00 -1.853239107142857101e+05
4.756514582339458480e-02 4.080814723070213804e+05 0.000000000000000000e+00 2.475394121238552325e+05 0.000000000000000000e+00 3.658164631487135011e+03 5.094322407326646498e+05 0.000000000000000000e+00 9.186119563890100690e+05 0.000000000000000000e+00 -2.160246314871347568e+04
5.262096060748640974e-02 3.757746067415730213e+05 0.000000000000000000e+00 2.457017078651685442e+05 0.000000000000000000e+00 5.430016292134831019e+04 4.019221123595505487e+05 0.000000000000000000e+00 7.405150561797752744e+05 0.000000000000000000e+00 1.190996741573033651e+05
5.756031740041873956e-02 3.443013861386138597e+05 0.000000000000000000e+00 1.687860792079207895e+05 0.000000000000000000e+00 -1.629570420792079312e+04 3.133729108910891227e+05 0.000000000000000000e+00 5.107722772277228069e+05 0.000000000000000000e+00 -2.497945297029702851e+04
6.254738279606215923e-02 3.457707294579347363e+05 0.000000000000000000e+00 2.520635369143978169e+05 0.000000000000000000e+00 4.156898896247240191e+04 2.649340672062790836e+05 0.000000000000000000e+00 4.143721049791512778e+05 0.000000000000000000e+00 -3.598059112092224495e+03
6.757793472572401483e-02 3.163263831282952451e+05 0.000000000000000000e+00 1.824786643233743380e+05 0.000000000000000000e+00 6.154299648506150334e+03 2.243133356766256329e+05 0.000000000000000000e+00 3.308131880492091295e+05 0.000000000000000000e+00 -3.201628075571177305e+03
7.255917516659465827e-02 2.855587636228380143e+05 0.000000000000000000e+00 1.538089254230983788e+05 0.000000000000000000e+00 2.296134201227450467e+04 1.862193847870559839e+05 0.000000000000000000e+00 2.525534030128324521e+05 0.000000000000000000e+00 -8.071102101543611752e+03
7.753384299139773339e-02 2.702745711416136473e+05 0.000000000000000000e+00 1.339836357549380627e+05 0.000000000000000000e+00 1.939797522597924399e+04 1.665584894543019764e+05 0.000000000000000000e+00 2.231518660863742989e+05 0.000000000000000000e+00 1.209444794107800590e+04
8.251793356505521260e-02 2.440746972477064410e+05 0.000000000000000000e+00 1.282480825688073528e+05 0.000000000000000000e+00 -2.642009403669724998e+04 1.455035321100917645e+05 0.000000000000000000e+00 1.840189174311926763e+05 0.000000000000000000e+00 4.557329128440367640e+03
8.752751931716111489e-02 2.251052419333938160e+05 0.000000000000000000e+00 1.030293595956978097e+05 0.000000000000000000e+00 1.058945911623687971e+04 1.287894549695477617e+05 0.000000000000000000e+00 1.555791815472333983e+05 0.000000000000000000e+00 1.016568096410522230e+04
9.254701955136974967e-02 1.991237338195077318e+05 0.000000000000000000e+00 9.577274749316317320e+04 0.000000000000000000e+00 -1.147225888787602526e+04 1.126677192342752969e+05 0.000000000000000000e+00 1.313614293527803093e+05 0.000000000000000000e+00 5.541007292616225641e+03
9.754963178921903511e-02 1.833411142049618065e+05 0.000000000000000000e+00 8.797819323772637290e+04 0.000000000000000000e+00 3.623412540563173934e+03 1.040883927562022436e+05 0.000000000000000000e+00 1.057418276981053059e+05 0.000000000000000000e+00 4.193157751491678027e+03
1.025319613041059119e-01 1.645596577861163241e+05 0.000000000000000000e+00 7.214912720450281631e+04 0.000000000000000000e+00 1.558052382739212044e+04 9.403625666041276418e+04 0.000000000000000000e+00 9.282398499061913753e+04 0.000000000000000000e+00 4.321978611632270258e+03
1.075116003998943526e-01 1.582749110957960074e+05 0.000000000000000000e+00 7.231230323914541805e+04 0.000000000000000000e+00 -3.970087008959338277e+02 8.623928325292901718e+04 0.000000000000000000e+00 7.821326533425223897e+04 0.000000000000000000e+00 -1.641778514817367238e+02
1.125102861506304813e-01 1.491526703254232125e+05 0.000000000000000000e+00 7.309822060755972052e+04 0.000000000000000000e+00 2.106781850506299816e+04 8.228309870912885526e+04 0.000000000000000000e+00 7.551861977274484525e+04 0.000000000000000000e+00 1.018885491226714112e+04
1.175500852175193622e-01 1.427774188593372237e+05 0.000000000000000000e+00 6.639174399089746294e+04 0.000000000000000000e+00 3.816728772578580902e+03 7.717315886787086492e+04 0.000000000000000000e+00 6.600653790356990066e+04 0.000000000000000000e+00 4.735444744702033859e+03
1.225369446564099490e-01 1.351071311486263003e+05 0.000000000000000000e+00 5.931431870241642173e+04 0.000000000000000000e+00 1.903381827209533412e+02 7.149307169811321364e+04 0.000000000000000000e+00 5.795008699106256245e+04 0.000000000000000000e+00 2.466266534260179014e+03
1.275260957852891452e-01 1.318077904438515543e+05 0.000000000000000000e+00 5.841558476837254420e+04 0.000000000000000000e+00 3.494182634004365582e+02 6.855429929662866925e+04 0.000000000000000000e+00 5.369593014795052295e+04 0.000000000000000000e+00 5.078616541353383582e+03
1.325302087090364789e-01 1.269803238875483949e+05 0.000000000000000000e+00 5.029886807698781922e+04 0.000000000000000000e+00 -8.536640592559340803e+03 6.658485876213456504e+04 0.000000000000000000e+00 4.569919263789910474e+04 0.000000000000000000e+00 -5.467122495931765798e+02
1.375062694904859717e-01 1.209063535374867934e+05 0.000000000000000000e+00 5.265575332629355398e+04 0.000000000000000000e+00 1.132822217529038971e+04 6.382817317845828802e+04 0.000000000000000000e+00 4.350518606124603684e+04 0.000000000000000000e+00 2.601648785638859408e+03
1.425134422753508989e-01 1.146703198310616281e+05 0.000000000000000000e+00 4.616747014782107726e+04 0.000000000000000000e+00 -2.920910923401804666e+03 5.982569245536571543e+04 0.000000000000000000e+00 3.894758763678248943e+04 0.000000000000000000e+00 2.656990305240929118e+01
1.475259222195813014e-01 1.093447508314729639e+05 0.000000000000000000e+00 4.535541701216456568e+04 0.000000000000000000e+00 1.272974349628684649e+03 5.831146749282427481e+04 0.000000000000000000e+00 3.596784254407945991e+04 0.000000000000000000e+00 2.691523258462800186e+03
1.525299430011916868e-01 1.025921623266824463e+05 0.000000000000000000e+00 4.241853770713561244e+04 0.000000000000000000e+00 5.402649306729793352e+03 5.523563070679742668e+04 0.000000000000000000e+00 3.320204531619884801e+04 0.000000000000000000e+00 3.624464660128508513e+03
1.574945685492469272e-01 9.789661762445908971e+04 0.000000000000000000e+00 4.148860888906862965e+04 0.000000000000000000e+00 -3.768297003275770862e+02 5.319343939822865650e+04 0.000000000000000000e+00 3.039461641121041612e+04 0.000000000000000000e+00 -8.866630808428033106e+02
1.625189323163163113e-01 9.230112700729927747e+04 0.000000000000000000e+00 3.714861080291971302e+04 0.000000000000000000e+00 2.791555620437956350e+03 5.122497401459854154e+04 0.000000000000000000e+00 2.843130160583941688e+04 0.000000000000000000e+00 3.316023649635036691e+03
1.675461007718098694e-01 8.830369020501138584e+04 0.000000000000000000e+00 3.831111161731206812e+04 0.000000000000000000e+00 4.279716116173120099e+03 4.892700227790432837e+04 0.000000000000000000e+00 2.574409339407744847e+04 0.000000000000000000e+00 9.737408883826878991e+02
1.725292014006662711e-01 8.528528991001089162e+04 0.000000000000000000e+00 3.369002867785213311e+04 0.000000000000000000e+00 4.097501005372977488e+03 4.846361340936810302e+04 0.000000000000000000e+00 2.494471780334245341e+04 0.000000000000000000e+00 2.077549263275867816e+03
1.775301965061671094e-01 8.188728924785461277e+04 0.000000000000000000e+00 3.054565371024734850e+04 0.000000000000000000e+00 1.940866607773851456e+03 4.676699848561332328e+04 0.000000000000000000e+00 2.371684805653710282e+04 0.000000000000000000e+00 3.280433493185259977e+02
1.825147654490652804e-01 7.993356282312623807e+04 0.000000000000000000e+00 3.021658589618600308e+04 0.000000000000000000e+00 1.397927619722886902e+03 4.564859889509290952e+04 0.000000000000000000e+00 2.242403332447044158e+04 0.000000000000000000e+00 1.779341073591538816e+03
1.875360723572403465e-01 7.759501586592178501e+04 0.000000000000000000e+00 2.933734793296089265e+04 0.000000000000000000e+00 4.049124469273743216e+03 4.463327463687150885e+04 0.000000000000000000e+00 2.152704357541899299e+04 0.000000000000000000e+00 1.491143687150838105e+03
1.925323683450522461e-01 7.536761872121665510e+04 0.000000000000000000e+00 2.895558573417585649e+04 0.000000000000000000e+00 -9.920333083431509067e+02 4.362108257470279204e+04 0.000000000000000000e+00 1.897879318839027474e+04 0.000000000000000000e+00 8.084407197172539554e+02
1.975198663583639380e-01 7.339852505374983593e+04 0.000000000000000000e+00 2.511329080561527735e+04 0.000000000000000000e+00 3.437695611483495213e+03 4.253869148855443927e+04 0.000000000000000000e+00 1.811476818009358612e+04 0.000000000000000000e+00 2.532864752750726893e+03
2.025153694923672032e-01 7.047658631670365867e+04 0.000000000000000000e+00 2.542767769950786533e+04 0.000000000000000000e+00 7.805247997684068650e+02 4.155363813567499892e+04 0.000000000000000000e+00 1.685122223294412834e+04 0.000000000000000000e+00 2.957556450834700854e+02
2.075088499274508613e-01 6.771465854496325483e+04 0.000000000000000000e+00 2.196296979550710967e+04 0.000000000000000000e+00 2.017651331608234841e+03 4.048436080514781497e+04 0.000000000000000000e+00 1.469362852366667539e+04 0.000000000000000000e+00 4.256612242093934242e+02
2.125178062418619784e-01 6.560781986385058553e+04 0.000000000000000000e+00 2.259034945016582424e+04 0.000000000000000000e+00 2.267012567638331348e+03 3.966392459417001373e+04 0.000000000000000000e+00 1.539465456449642261e+04 0.000000000000000000e+00 1.662371967184499908e+03
2.175004174234404231e-01 6.361686726706506306e+04 0.000000000000000000e+00 2.063221749011025895e+04 0.000000000000000000e+00 -2.119048901607608855e+02 3.884879993266559904e+04 0.000000000000000000e+00 1.403104923827960738e+04 0.000000000000000000e+00 -2.597811000757512261e+02
2.225093171556767890e-01 6.130081661117787735e+04 0.000000000000000000e+00 2.078056964992809662e+04 0.000000000000000000e+00 3.305370343373850119e+03 3.783074659679675096e+04 0.000000000000000000e+00 1.330495459112310709e+04 0.000000000000000000e+00 6.862690648332381897e+02
2.275289586476768322e-01 6.015358824429818196e+04 0.000000000000000000e+00 1.979739660186744368e+04 0.000000000000000000e+00 1.371743762436859015e+03 3.696660768406551506e+04 0.000000000000000000e+00 1.267703658349915895e+04 0.000000000000000000e+00 1.055061763355273342e+03
2.325285406108919262e-01 5.843171011223692039e+04 0.000000000000000000e+00 1.978578982409546734e+04 0.000000000000000000e+00 1.429247230458588774e+03 3.629873981772870320e+04 0.000000000000000000e+00 1.243604882396813082e+04 0.000000000000000000e+00 1.111211685736634308e+03
2.375276552426477672e-01 5.621587203374934325e+04 0.000000000000000000e+00 1.809475071190016024e+04 0.000000000000000000e+00 1.278667604148356531e+03 3.599764992089998123e+04 0.000000000000000000e+00 1.144400435928985826e+04 0.000000000000000000e+00 1.450146879943751173e+03
2.424991024241769377e-01 5.520486809717556025e+04 0.000000000000000000e+00 1.767550169668934541e+04 0.000000000000000000e+00 2.110495433288876029e+03 3.530157364982357831e+04 0.000000000000000000e+00 1.099397646582141715e+04 0.000000000000000000e+00 -9.223044586632452138e+02
2.474998551644826128e-01 5.364128338136407547e+04 0.000000000000000000e+00 1.726079999999999927e+04 0.000000000000000000e+00 3.594999167467179177e+03 3.482252090938200126e+04 0.000000000000000000e+00 1.035032878642331161e+04 0.000000000000000000e+00 1.519771245597182087e+03
2.525200307756395035e-01 5.257804887101763597e+04 0.000000000000000000e+00 1.522003043612743750e+04 0.000000000000000000e+00 1.781560037117228603e+03 3.412510485617074301e+04 0.000000000000000000e+00 1.011843068357562697e+04 0.000000000000000000e+00 1.089573770491803316e+03
2.575182250600202005e-01 5.141392909619253624e+04 0.000000000000000000e+00 1.528691477535205922e+04 0.000000000000000000e+00 1.153257015125549515e+03 3.373667988972505555e+04 0.000000000000000000e+00 1.027236194024290307e+04 0.000000000000000000e+00 2.717896132926011319e+02
2.625255687975799335e-01 5.014601745877788198e+04 0.000000000000000000e+00 1.335261573572202906e+04 0.000000000000000000e+00 6.754895304387516717e+02 3.338751503394762403e+04 0.000000000000000000e+00 9.540466708506875875e+03 0.000000000000000000e+00 4.696295144633993459e+02
2.675305520911575030e-01 4.911346266966763505e+04 0.000000000000000000e+00 1.407641650902362562e+04 0.000000000000000000e+00 1.906907443973432919e+03 3.286430090719542204e+04 0.000000000000000000e+00 9.127173609864541504e+03 0.000000000000000000e+00 -2.485973681666919788e+02
2.725404586615198799e-01 4.738929708573543758e+04 0.000000000000000000e+00 1.283441265139895222e+04 0.000000000000000000e+00 1.288537155550854095e+03 3.223617073041730328e+04 0.000000000000000000e+00 8.777314645369438949e+03 0.000000000000000000e+00 1.804961389961389955e+02
2.775333197047151201e-01 4.682702013596298639e+04 0.000000000000000000e+00 1.168143014449298244e+04 0.000000000000000000e+00 -3.034003670483625115e+02 3.192132137410499490e+04 0.000000000000000000e+00 8.656594308165533221e+03 0.000000000000000000e+00 2.387507108330963845e+01
2.825123907298719983e-01 4.545834985487556696e+04 0.000000000000000000e+00 1.112304348792688324e+04 0.000000000000000000e+00 1.152545025628357962e+03 3.142089900574322382e+04 0.000000000000000000e+00 7.840419341690854708e+03 0.000000000000000000e+00 -1.111752609152102735e+02
2.875104651677040102e-01 4.498293813445699925e+04 0.000000000000000000e+00 1.134169775904999005e+04 0.000000000000000000e+00 1.321748707144225136e+03 3.107877264891783125e+04 0.000000000000000000e+00 7.930398008044435301e+03 0.000000000000000000e+00 -1.930237502394177227e+02
2.924971317655564174e-01 4.367351891710688506e+04 0.000000000000000000e+00 1.059230147152319296e+04 0.000000000000000000e+00 -4.910338115109410069e+02 3.079457554705290750e+04 0.000000000000000000e+00 7.096095157729253515e+03 0.000000000000000000e+00 -8.911181957946571401e+02
2.975058823671092867e-01 4.300248432643637352e+04 0.000000000000000000e+00 1.045360234437438885e+04 0.000000000000000000e+00 4.696356451469674198e+02 3.029908391794689669e+04 0.000000000000000000e+00 7.175521179291359658e+03 0.000000000000000000e+00 1.161905581209483955e+02
3.025121359101998753e-01 4.191840906143270695e+04 0.000000000000000000e+00 9.647555920626000443e+03 0.000000000000000000e+00 1.649864791837793518e+02 2.997900721974838962e+04 0.000000000000000000e+00 7.104304353465046916e+03 0.000000000000000000e+00 -1.148819679218364854e+03
3.075010376196579687e-01 4.094643281601087074e+04 0.000000000000000000e+00 9.368612760620788322e+03 0.000000000000000000e+00 1.538829450802111296e+03 2.966371807493337838e+04 0.000000000000000000e+00 6.687095364999739104e+03 0.000000000000000000e+00 2.480693316611799446e+02
3.125134169243361515e-01 4.026406145183993794e+04 0.000000000000000000e+00 8.146675568067565109e+03 0.000000000000000000e+00 8.906329378644682038e+02 2.942728493866881399e+04 0.000000000000000000e+00 6.295506133118841717e+03 0.000000000000000000e+00 -1.165319852201890249e+01
3.175159688234982513e-01 3.943307145032468543e+04 0.000000000000000000e+00 9.279869222229863226e+03 0.000000000000000000e+00 5.080447583774596865e+02 2.904641424094467948e+04 0.000000000000000000e+00 6.235868239824739248e+03 0.000000000000000000e+00 -6.144558949219479160e+01
3.225221380836135188e-01 3.891606932225788478e+04 0.000000000000000000e+00 7.984211440437984493e+03 0.000000000000000000e+00 5.459571077968662394e+02 2.869825244478006789e+04 0.000000000000000000e+00 5.917801623560506414e+03 0.000000000000000000e+00 2.200196148763451163e+02
3.275181733526948968e-01 3.834199718622732325e+04 0.000000000000000000e+00 7.015880932987782217e+03 0.000000000000000000e+00 6.658512402813772724e+02 2.843039229914846510e+04 0.000000000000000000e+00 6.059687523139577934e+03 0.000000000000000000e+00 -3.860743428359866698e+02
3.325123842131759710e-01 3.747844372292447224e+04 0.000000000000000000e+00 7.327337039771565287e+03 0.000000000000000000e+00 8.208222599784730846e+02 2.821934476102369081e+04 0.000000000000000000e+00 5.820609196118025466e+03 0.000000000000000000e+00 -3.720431251501107681e+02
3.374959366892091861e-01 3.704556017237150809e+04 0.000000000000000000e+00 6.454386434502330303e+03 0.000000000000000000e+00 -6.388100760256455715e+02 2.783525319693094934e+04 0.000000000000000000e+00 5.551965805976947195e+03 0.000000000000000000e+00 -7.004698174683810521e+02
3.424919221947719805e-01 3.607971050679645850e+04 0.000000000000000000e+00 6.757768262090691678e+03 0.000000000000000000e+00 4.248495445415829863e+02 2.778726823292135305e+04 0.000000000000000000e+00 5.295352073940111040e+03 0.000000000000000000e+00 -6.062695747110152524e+02
3.475179778446125245e-01 3.539770640703106619e+04 0.000000000000000000e+00 5.988512954552879819e+03 0.000000000000000000e+00 9.829552716698793802e+02 2.746063162021759490e+04 0.000000000000000000e+00 5.264141144182703101e+03 0.000000000000000000e+00 -5.458617963211030428e+02
3.525052850529177828e-01 3.505855621906434681e+04 0.000000000000000000e+00 6.021790451860130815e+03 0.000000000000000000e+00 -2.756180105380807959e+02 2.705300335302570602e+04 0.000000000000000000e+00 5.007739422002235187e+03 0.000000000000000000e+00 -1.305535621906434699e+03
3.575133254796376558e-01 3.466500295084731624e+04 0.000000000000000000e+00 5.315819270182646505e+03 0.000000000000000000e+00 5.851633543086203417e+02 2.686898857217312616e+04 0.000000000000000000e+00 4.954329713116324456e+03 0.000000000000000000e+00 -7.237777590422392677e+02
3.625250227669692404e-01 3.383866285198012338e+04 0.000000000000000000e+00 5.394846318325553511e+03 0.000000000000000000e+00 2.928481553982833816e+02 2.665030158108718388e+04 0.000000000000000000e+00 4.909479415750639419e+03 0.000000000000000000e+00 -1.011356602921246690e+03
3.675230446100045678e-01 3.357139831886213506e+04 0.000000000000000000e+00 4.975450954661767355e+03 0.000000000000000000e+00 4.963808440682661853e+02 2.635997859574685208e+04 0.000000000000000000e+00 4.284731156456633471e+03 0.000000000000000000e+00 -7.910635201831318000e+02
3.725177060730277545e-01 3.304004665789925639e+04 0.000000000000000000e+00 4.493853279204071441e+03 0.000000000000000000e+00 8.231795700154383155e+01 2.624524032248842195e+04 0.000000000000000000e+00 4.519414031677054481e+03 0.000000000000000000e+00 -6.594756132426097111e+02
3.775163034622419089e-01 3.256499844850056252e+04 0.000000000000000000e+00 4.698860661559360778e+03 0.000000000000000000e+00 9.564743726770605292e+01 2.604851942822074125e+04 0.000000000000000000e+00 4.498702505154426035e+03 0.000000000000000000e+00 -4.997238193089276592e+02
3.825226892977953153e-01 3.228867113513513323e+04 0.000000000000000000e+00 4.124707459459459642e+03 0.000000000000000000e+00 6.331087567567567476e+02 2.594531113513513628e+04 0.000000000000000000e+00 4.191296000000000276e+03 0.000000000000000000e+00 -4.874986486486486115e+01
3.875130067694269043e-01 3.184091717597471143e+04 0.000000000000000000e+00 4.107331506849315701e+03 0.000000000000000000e+00 9.185785036880928374e+02 2.569370031612223465e+04 0.000000000000000000e+00 4.175109799789252065e+03 0.000000000000000000e+00 -3.851946522655426861e+02
3.924957861003909865e-01 3.117922641521578407e+04 0.000000000000000000e+00 3.804622353811991161e+03 0.000000000000000000e+00 1.321184565378302750e+03 2.548307029253692963e+04 0.000000000000000000e+00 3.945016599620249508e+03 0.000000000000000000e+00 -8.380811637112606149e+01
3.975064703251052212e-01 3.109177651942259035e+04 0.000000000000000000e+00 3.938361985007124986e+03 0.000000000000000000e+00 1.332671135617372101e+03 2.542091260764512845e+04 0.000000000000000000e+00 3.996703054333684577e+03 0.000000000000000000e+00 5.513087169320364467e+01
