3.798113400606732779e-03 6.347955592105262440e+03 0.000000000000000000e+00 9.920585526315788229e+03 0.000000000000000000e+00 2.102167763157894660e+04
8.299341265228576958e-03 2.763400781250000000e+04 0.000000000000000000e+00 2.406561132812500000e+04 0.000000000000000000e+00 3.194863671875000000e+04
1.293222767532251419e-02 3.414810509554140299e+04 0.000000000000000000e+00 1.095150079617834490e+04 0.000000000000000000e+00 1.835448845541401397e+03
1.764839556552980082e-02 3.309718150684931607e+04 0.000000000000000000e+00 1.280968664383561554e+04 0.000000000000000000e+00 4.799805650684931607e+03
2.256548662787912635e-02 3.498612476370510558e+04 0.000000000000000000e+00 1.178769376181474581e+04 0.000000000000000000e+00 -1.175076370510396919e+04
2.777643688250242340e-02 3.160089756097560894e+04 0.000000000000000000e+00 2.226536829268292786e+04 0.000000000000000000e+00 5.602339024390244049e+03
3.269804980233311648e-02 2.924783799999999974e+04 0.000000000000000000e+00 1.602244399999999951e+04 0.000000000000000000e+00 -5.818032500000000255e+03
3.761648458559932462e-02 2.446424544841537499e+04 0.000000000000000000e+00 1.123427714093054601e+04 0.000000000000000000e+00 3.476721847606203482e+03
4.263843696389812976e-02 2.248113392857142753e+04 0.000000000000000000e+00 1.198074218750000000e+04 0.000000000000000000e+00 1.279664481026785552e+03
4.756514582339458480e-02 2.005257043174880164e+04 0.000000000000000000e+00 1.130873528129088481e+04 0.000000000000000000e+00 -1.417444505015263985e+03
5.262096060748640974e-02 1.825293820224719093e+04 0.000000000000000000e+00 9.683428370786516098e+03 0.000000000000000000e+00 1.689188202247190929e+03
5.756031740041873956e-02 1.745180816831683114e+04 0.000000000000000000e+00 9.415504331683168857e+03 0.000000000000000000e+00 -4.023041460396039497e+02
6.254738279606215923e-02 1.602036987981358652e+04 0.000000000000000000e+00 7.885382879568309363e+03 0.000000000000000000e+00 -1.100475840078489000e+03
6.757793472572401483e-02 1.503465377855887346e+04 0.000000000000000000e+00 8.106947275922670997e+03 0.000000000000000000e+00 8.617855887521967588e+02
7.255917516659465827e-02 1.413782257764552742e+04 0.000000000000000000e+00 7.098572438162544131e+03 0.000000000000000000e+00 7.692888227636228748e+02
7.753384299139773339e-02 1.332896417810512321e+04 0.000000000000000000e+00 7.025851355875460285e+03 0.000000000000000000e+00 1.274117090726481592e+03
8.251793356505521260e-02 1.205650573394495405e+04 0.000000000000000000e+00 5.788357224770642460e+03 0.000000000000000000e+00 2.107456637041284466e+02
8.752751931716111489e-02 1.106708306336659371e+04 0.000000000000000000e+00 5.934454839963716950e+03 0.000000000000000000e+00 1.580173772191266153e+03
9.254701955136974967e-02 1.024656061987237808e+04 0.000000000000000000e+00 5.431654512306289689e+03 0.000000000000000000e+00 7.117635597082953609e+02
9.754963178921903511e-02 9.393797969224327971e+03 0.000000000000000000e+00 4.486104469800062361e+03 0.000000000000000000e+00 1.296241363969433564e+02
1.025319613041059119e-01 8.913606754221387746e+03 0.000000000000000000e+00 4.183472795497185871e+03 0.000000000000000000e+00 3.208686679174484198e+02
1.075116003998943526e-01 8.119786354238455715e+03 0.000000000000000000e+00 3.408858373535492774e+03 0.000000000000000000e+00 -2.162397484493452851e+02
1.125102861506304813e-01 7.787203215583211204e+03 0.000000000000000000e+00 3.616299296591172606e+03 0.000000000000000000e+00 4.880334505681378943e+01
1.175500852175193622e-01 7.559168823780400999e+03 0.000000000000000000e+00 3.297152325416014719e+03 0.000000000000000000e+00 4.025306499786659060e+02
1.225369446564099490e-01 7.115652830188680127e+03 0.000000000000000000e+00 2.835041377027474482e+03 0.000000000000000000e+00 -6.703682141674941874e+01
1.275260957852891452e-01 6.912149890856172533e+03 0.000000000000000000e+00 3.075746543778801879e+03 0.000000000000000000e+00 4.438186999757458011e+02
1.325302087090364789e-01 6.683233039672296400e+03 0.000000000000000000e+00 2.682956287525952575e+03 0.000000000000000000e+00 -9.964827310476404421e+01
1.375062694904859717e-01 6.310849419218584444e+03 0.000000000000000000e+00 2.624129039070749513e+03 0.000000000000000000e+00 5.288515311510032006e+02
1.425134422753508989e-01 6.049991937032059468e+03 0.000000000000000000e+00 2.434328277980418534e+03 0.000000000000000000e+00 1.415800777500479910e+02
1.475259222195813014e-01 5.759546220784545767e+03 0.000000000000000000e+00 2.345471775479520602e+03 0.000000000000000000e+00 3.209557838625905788e+02
1.525299430011916868e-01 5.515161312140682639e+03 0.000000000000000000e+00 2.387447243828204137e+03 0.000000000000000000e+00 2.802486472776462278e+02
1.574945685492469272e-01 5.160700772434989631e+03 0.000000000000000000e+00 1.972532373518825352e+03 0.000000000000000000e+00 -1.322419255773041424e+00
1.625189323163163113e-01 5.057030072992701207e+03 0.000000000000000000e+00 1.942409635036496411e+03 0.000000000000000000e+00 1.024022080291970838e+02
1.675461007718098694e-01 4.787335421412300093e+03 0.000000000000000000e+00 1.883311645785876863e+03 0.000000000000000000e+00 6.900507634538723778e+01
1.725292014006662711e-01 4.624094406170683214e+03 0.000000000000000000e+00 1.734415400336223229e+03 0.000000000000000000e+00 2.347950687279559929e+02
1.775301965061671094e-01 4.490292781423523593e+03 0.000000000000000000e+00 1.729660146390711816e+03 0.000000000000000000e+00 1.786036566128217942e+02
1.825147654490652804e-01 4.369291382315577721e+03 0.000000000000000000e+00 1.595385269875033146e+03 0.000000000000000000e+00 3.203824337498892305e+01
1.875360723572403465e-01 4.227963798882681658e+03 0.000000000000000000e+00 1.583010949720670396e+03 0.000000000000000000e+00 1.752324162011173314e+02
1.925323683450522461e-01 4.129959087501338217e+03 0.000000000000000000e+00 1.380360179929313517e+03 0.000000000000000000e+00 9.288898334582842153e+01
1.975198663583639380e-01 3.978513418489945252e+03 0.000000000000000000e+00 1.326893132667256850e+03 0.000000000000000000e+00 3.054812507904388497e+01
2.025153694923672032e-01 3.858555630608897445e+03 0.000000000000000000e+00 1.236921933802952935e+03 0.000000000000000000e+00 -2.838257804207276180e+01
2.075088499274508613e-01 3.762230598364973048e+03 0.000000000000000000e+00 1.327477432503606678e+03 0.000000000000000000e+00 7.130714580136940128e+01
2.125178062418619784e-01 3.621375109094082745e+03 0.000000000000000000e+00 1.217005411066503711e+03 0.000000000000000000e+00 1.322997796299528659e+02
2.175004174234404231e-01 3.540286844541705250e+03 0.000000000000000000e+00 1.132833768201329804e+03 0.000000000000000000e+00 9.210856619813147006e+01
2.225093171556767890e-01 3.455992119934595394e+03 0.000000000000000000e+00 1.096135143121687861e+03 0.000000000000000000e+00 1.171104489667264232e+02
2.275289586476768322e-01 3.363374253788458645e+03 0.000000000000000000e+00 1.011080055104852363e+03 0.000000000000000000e+00 3.480613567656513396e+01
2.325285406108919262e-01 3.239563276517563281e+03 0.000000000000000000e+00 9.914726138286068817e+02 0.000000000000000000e+00 6.138220581012497234e+01
2.375276552426477672e-01 3.180011109158024283e+03 0.000000000000000000e+00 9.100079451573211600e+02 0.000000000000000000e+00 3.360448013710669812e+01
2.424991024241769377e-01 3.093359174784326569e+03 0.000000000000000000e+00 8.866675670656559305e+02 0.000000000000000000e+00 4.860903550385764760e+01
2.474998551644826128e-01 3.059009414024976195e+03 0.000000000000000000e+00 9.268190201729106548e+02 0.000000000000000000e+00 6.844694204290746598e+01
2.525200307756395035e-01 2.971954469532941857e+03 0.000000000000000000e+00 7.338301886792453388e+02 0.000000000000000000e+00 2.537857156665635827e+00
2.575182250600202005e-01 2.919374472841069746e+03 0.000000000000000000e+00 8.219346397436852385e+02 0.000000000000000000e+00 8.409701959615527755e+01
2.625255687975799335e-01 2.849650710332629842e+03 0.000000000000000000e+00 7.710988760198550835e+02 0.000000000000000000e+00 6.784954641410395482e+01
2.675305520911575030e-01 2.783402162356222561e+03 0.000000000000000000e+00 7.315143949959265228e+02 0.000000000000000000e+00 -2.700493813948992639e+01
2.725404586615198799e-01 2.726295234569206968e+03 0.000000000000000000e+00 7.096200877981699477e+02 0.000000000000000000e+00 6.926014835775109191e+01
2.775333197047151201e-01 2.678096931785871220e+03 0.000000000000000000e+00 6.779167162095794765e+02 0.000000000000000000e+00 5.038743634812727379e+01
2.825123907298719983e-01 2.608650157475452488e+03 0.000000000000000000e+00 6.058683134687828442e+02 0.000000000000000000e+00 3.791854813808436120e+01
2.875104651677040102e-01 2.592803677456425703e+03 0.000000000000000000e+00 6.273657824171614266e+02 0.000000000000000000e+00 -1.497485814499138002e+01
2.924971317655564174e-01 2.514625946433318859e+03 0.000000000000000000e+00 5.497976395519541484e+02 0.000000000000000000e+00 7.961052462749540481e+00
2.975058823671092867e-01 2.478067844773998786e+03 0.000000000000000000e+00 5.491614865464878221e+02 0.000000000000000000e+00 4.241469452091288161e+01
3.025121359101998753e-01 2.434151744412260541e+03 0.000000000000000000e+00 5.551386018762699450e+02 0.000000000000000000e+00 3.140126818447105617e+00
3.075010376196579687e-01 2.379302586612321647e+03 0.000000000000000000e+00 5.011950044416575452e+02 0.000000000000000000e+00 5.050859591367508017e+01
3.125134169243361515e-01 2.358889201689121364e+03 0.000000000000000000e+00 4.961413633621556301e+02 0.000000000000000000e+00 -7.120203473758294876e+00
3.175159688234982513e-01 2.312336768476584439e+03 0.000000000000000000e+00 5.090538849210637409e+02 0.000000000000000000e+00 -4.063620555844819071e-01
3.225221380836135188e-01 2.268634774400604329e+03 0.000000000000000000e+00 4.665511799131584212e+02 0.000000000000000000e+00 1.934846375306777588e+01
3.275181733526948968e-01 2.240563495001851152e+03 0.000000000000000000e+00 4.385138097001110964e+02 0.000000000000000000e+00 -4.483372767030729733e+00
3.325123842131759710e-01 2.205327948619870767e+03 0.000000000000000000e+00 4.244139231610877800e+02 0.000000000000000000e+00 1.025896439150662331e+01
3.374959366892091861e-01 2.170182251340083440e+03 0.000000000000000000e+00 4.027389552604842038e+02 0.000000000000000000e+00 -1.994229758609816727e+01
3.424919221947719805e-01 2.142648942819758759e+03 0.000000000000000000e+00 3.837198076490345215e+02 0.000000000000000000e+00 6.888964300894248716e+00
3.475179778446125245e-01 2.100638808115790198e+03 0.000000000000000000e+00 3.764678668278498321e+02 0.000000000000000000e+00 2.551324247721109373e+01
3.525052850529177828e-01 2.082489158550215507e+03 0.000000000000000000e+00 3.616607376656554607e+02 0.000000000000000000e+00 -1.219159248762573888e+01
3.575133254796376558e-01 2.050622621118869574e+03 0.000000000000000000e+00 3.585564608227115855e+02 0.000000000000000000e+00 1.931012638823953154e+01
3.625250227669692404e-01 2.022338563469356814e+03 0.000000000000000000e+00 3.375894594187622033e+02 0.000000000000000000e+00 -3.031961301008884035e+01
3.675230446100045678e-01 2.005861499318359165e+03 0.000000000000000000e+00 2.916950039732009259e+02 0.000000000000000000e+00 6.423843488689135128e+00
3.725177060730277545e-01 1.984043227171365061e+03 0.000000000000000000e+00 3.125882268854708741e+02 0.000000000000000000e+00 9.635757654811596851e+00
3.775163034622419089e-01 1.948589955937415880e+03 0.000000000000000000e+00 2.902554802407927355e+02 0.000000000000000000e+00 2.030014963350135559e+01
3.825226892977953153e-01 1.932967783783783716e+03 0.000000000000000000e+00 3.083707027027027152e+02 0.000000000000000000e+00 6.018681081081081174e+01
3.875130067694269043e-01 1.914491464699684002e+03 0.000000000000000000e+00 2.779349315068493524e+02 0.000000000000000000e+00 8.110981337262909152e-01
3.924957861003909865e-01 1.886674193029318076e+03 0.000000000000000000e+00 2.677279181282785885e+02 0.000000000000000000e+00 6.349605123419046038e+01
3.975064703251052212e-01 1.874193866551019255e+03 0.000000000000000000e+00 2.644323647853292982e+02 0.000000000000000000e+00 8.323012204943931636e+01
