3.798113400606732779e-03 2.358908388157894660e+04 0.000000000000000000e+00 8.356994243421051578e+03 0.000000000000000000e+00 9.450478618421051578e+03
8.299341265228576958e-03 2.909385742187500000e+04 0.000000000000000000e+00 5.163266601562500000e+03 0.000000000000000000e+00 1.286892871093750000e+04
1.293222767532251419e-02 4.569774840764331748e+04 0.000000000000000000e+00 1.450541719745223054e+04 0.000000000000000000e+00 -1.966245541401274022e+04
1.764839556552980082e-02 4.146320547945205180e+04 0.000000000000000000e+00 1.645451369863013679e+04 0.000000000000000000e+00 1.587857191780821813e+04
2.256548662787912635e-02 4.261755765595463163e+04 0.000000000000000000e+00 1.823162381852552062e+04 0.000000000000000000e+00 -1.235455954631379973e+04
2.777643688250242340e-02 4.304982439024389896e+04 0.000000000000000000e+00 2.421939268292682755e+04 0.000000000000000000e+00 9.697993902439024168e+03
3.269804980233311648e-02 3.570124399999999878e+04 0.000000000000000000e+00 1.646009999999999854e+04 0.000000000000000000e+00 -8.069862000000000080e+03
3.761648458559932462e-02 3.128592582602832044e+04 0.000000000000000000e+00 1.267549426837491592e+04 0.000000000000000000e+00 -3.388451449763992059e+03
4.263843696389812976e-02 2.709035491071428260e+04 0.000000000000000000e+00 1.248567187500000000e+04 0.000000000000000000e+00 4.755551897321428442e+03
4.756514582339458480e-02 2.497076842564326216e+04 0.000000000000000000e+00 1.032925076319232539e+04 0.000000000000000000e+00 -1.789470017444396035e+03
5.262096060748640974e-02 2.304998876404494149e+04 0.000000000000000000e+00 1.051755828651685442e+04 0.000000000000000000e+00 2.764622761587078799e+02
5.756031740041873956e-02 2.239958910891089181e+04 0.000000000000000000e+00 1.107524876237623721e+04 0.000000000000000000e+00 -7.379282178217821411e+02
6.254738279606215923e-02 2.151076379690949034e+04 0.000000000000000000e+00 1.016934412558253462e+04 0.000000000000000000e+00 3.553116261957321512e+03
6.757793472572401483e-02 2.028183655536028164e+04 0.000000000000000000e+00 8.182736379613355894e+03 0.000000000000000000e+00 1.392451394991212510e+02
7.255917516659465827e-02 1.895107904035707543e+04 0.000000000000000000e+00 7.764499907011344476e+03 0.000000000000000000e+00 -7.780984982332155653e+01
7.753384299139773339e-02 1.749315835286240326e+04 0.000000000000000000e+00 7.409790425175761811e+03 0.000000000000000000e+00 2.374982842316705955e+02
8.251793356505521260e-02 1.625054013761468013e+04 0.000000000000000000e+00 7.723456995412844662e+03 0.000000000000000000e+00 -9.476490825688074437e+02
8.752751931716111489e-02 1.450847013087987580e+04 0.000000000000000000e+00 6.144366463651678714e+03 0.000000000000000000e+00 1.248499676039911947e+03
9.254701955136974967e-02 1.352838468550592552e+04 0.000000000000000000e+00 5.844969917958067526e+03 0.000000000000000000e+00 4.107416533728350032e+02
9.754963178921903511e-02 1.213179775986601089e+04 0.000000000000000000e+00 5.510451167172615897e+03 0.000000000000000000e+00 1.230544855019365741e+03
1.025319613041059119e-01 1.179000300187617177e+04 0.000000000000000000e+00 5.099129080675422301e+03 0.000000000000000000e+00 1.296916510318949349e+02
1.075116003998943526e-01 1.092522949689868983e+04 0.000000000000000000e+00 4.983094762232943140e+03 0.000000000000000000e+00 8.928285988111646532e+01
1.125102861506304813e-01 1.049113952230038012e+04 0.000000000000000000e+00 4.473953775991342809e+03 0.000000000000000000e+00 3.839445389193785445e+02
1.175500852175193622e-01 1.013564500071113616e+04 0.000000000000000000e+00 4.007935428815246723e+03 0.000000000000000000e+00 2.049621675437348927e+02
1.225369446564099490e-01 9.722151870241643337e+03 0.000000000000000000e+00 4.071640648791791136e+03 0.000000000000000000e+00 4.326217146640185547e+02
1.275260957852891452e-01 9.500068881882123605e+03 0.000000000000000000e+00 3.644781469803540858e+03 0.000000000000000000e+00 4.864392735871937816e+02
1.325302087090364789e-01 9.159972616575949360e+03 0.000000000000000000e+00 3.268003591268727632e+03 0.000000000000000000e+00 4.077556674709612139e+01
1.375062694904859717e-01 8.774852798310454091e+03 0.000000000000000000e+00 3.485785005279830784e+03 0.000000000000000000e+00 6.745705385427665988e+02
1.425134422753508989e-01 8.338455749664042742e+03 0.000000000000000000e+00 3.299023996928392990e+03 0.000000000000000000e+00 2.573147677097331325e+02
1.475259222195813014e-01 7.914548817713791323e+03 0.000000000000000000e+00 2.980809148480568638e+03 0.000000000000000000e+00 3.062916305982049039e+02
1.525299430011916868e-01 7.442039228948257914e+03 0.000000000000000000e+00 2.857740277308082568e+03 0.000000000000000000e+00 7.374039884173147641e+01
1.574945685492469272e-01 7.300074574351922820e+03 0.000000000000000000e+00 2.812398430865046066e+03 0.000000000000000000e+00 4.732381101629797371e+01
1.625189323163163113e-01 6.851142773722628590e+03 0.000000000000000000e+00 2.567856058394160755e+03 0.000000000000000000e+00 1.936972810218978225e+02
1.675461007718098694e-01 6.637059225512528428e+03 0.000000000000000000e+00 2.584542141230068410e+03 0.000000000000000000e+00 3.345293280182232252e+02
1.725292014006662711e-01 6.446029600817483697e+03 0.000000000000000000e+00 2.463842304776345827e+03 0.000000000000000000e+00 4.193857665556910774e+02
1.775301965061671094e-01 6.238301867743563889e+03 0.000000000000000000e+00 2.190811206461383335e+03 0.000000000000000000e+00 2.775889386673397325e+02
1.825147654490652804e-01 6.065101361930928761e+03 0.000000000000000000e+00 2.237084227008183461e+03 0.000000000000000000e+00 3.332438772194156513e+02
1.875360723572403465e-01 5.946899664804469467e+03 0.000000000000000000e+00 2.176104357541899390e+03 0.000000000000000000e+00 3.364684636871508587e+02
1.925323683450522461e-01 5.772399700117810426e+03 0.000000000000000000e+00 2.032014137303202233e+03 0.000000000000000000e+00 -5.543606083324407763e+01
1.975198663583639380e-01 5.610712937903123020e+03 0.000000000000000000e+00 1.887829416972302852e+03 0.000000000000000000e+00 3.469677500948526472e+02
2.025153694923672032e-01 5.499507092540770827e+03 0.000000000000000000e+00 1.873736176782785151e+03 0.000000000000000000e+00 1.570543640837595376e+02
2.075088499274508613e-01 5.332461563122581538e+03 0.000000000000000000e+00 1.795500881632279288e+03 0.000000000000000000e+00 2.284254505484439903e+02
2.125178062418619784e-01 5.209466922674114358e+03 0.000000000000000000e+00 1.767226915692092916e+03 0.000000000000000000e+00 3.204720937336359157e+02
2.175004174234404231e-01 5.039512498947899985e+03 0.000000000000000000e+00 1.723570069859439400e+03 0.000000000000000000e+00 3.001702718626378328e+02
2.225093171556767890e-01 4.904721971592364753e+03 0.000000000000000000e+00 1.677118260081558674e+03 0.000000000000000000e+00 2.449729122751718933e+02
2.275289586476768322e-01 4.779034134394612011e+03 0.000000000000000000e+00 1.534441298025409424e+03 0.000000000000000000e+00 1.502538267258533722e+02
2.325285406108919262e-01 4.677508449602532892e+03 0.000000000000000000e+00 1.592299929056082192e+03 0.000000000000000000e+00 1.771005584559692920e+02
2.375276552426477672e-01 4.533316083670240914e+03 0.000000000000000000e+00 1.449222007382668380e+03 0.000000000000000000e+00 1.987871506415890508e+02
2.424991024241769377e-01 4.440529569665558483e+03 0.000000000000000000e+00 1.369975520402478423e+03 0.000000000000000000e+00 1.870864889504161681e+02
2.474998551644826128e-01 4.386158949727825529e+03 0.000000000000000000e+00 1.366931027857829122e+03 0.000000000000000000e+00 5.916781139929555167e+01
2.525200307756395035e-01 4.310206990411383231e+03 0.000000000000000000e+00 1.330924590163934454e+03 0.000000000000000000e+00 5.029711954840705346e+01
2.575182250600202005e-01 4.193782043066835286e+03 0.000000000000000000e+00 1.248322122047537505e+03 0.000000000000000000e+00 1.468267789285448259e+02
2.625255687975799335e-01 4.116858332857876121e+03 0.000000000000000000e+00 1.298186797512409385e+03 0.000000000000000000e+00 2.011897928909682207e+02
2.675305520911575030e-01 4.018299664461965222e+03 0.000000000000000000e+00 1.147862415597685640e+03 0.000000000000000000e+00 6.817662694522306310e+01
2.725404586615198799e-01 3.954714761728459962e+03 0.000000000000000000e+00 1.155107737874861186e+03 0.000000000000000000e+00 8.450749722325063829e+01
2.775333197047151201e-01 3.865646651329903762e+03 0.000000000000000000e+00 1.117538087729728204e+03 0.000000000000000000e+00 5.222758937110657484e+01
2.825123907298719983e-01 3.817572531340702881e+03 0.000000000000000000e+00 1.103233150126598048e+03 0.000000000000000000e+00 4.615569381831655704e+01
2.875104651677040102e-01 3.752541658686075152e+03 0.000000000000000000e+00 1.030989561386707464e+03 0.000000000000000000e+00 1.869559082311817733e+01
2.924971317655564174e-01 3.655801639135812366e+03 0.000000000000000000e+00 1.000765423250760023e+03 0.000000000000000000e+00 3.924387346981238522e+01
2.975058823671092867e-01 3.611003640884468496e+03 0.000000000000000000e+00 9.652642749311784200e+02 0.000000000000000000e+00 9.483890196252552585e+01
3.025121359101998753e-01 3.545238856945225052e+03 0.000000000000000000e+00 9.620526566080152406e+02 0.000000000000000000e+00 7.794460896632224944e+01
3.075010376196579687e-01 3.483700893556984283e+03 0.000000000000000000e+00 9.044597585828499859e+02 0.000000000000000000e+00 9.316274233160892493e+01
3.125134169243361515e-01 3.441051437763925151e+03 0.000000000000000000e+00 9.260291976674039915e+02 0.000000000000000000e+00 5.055950130705811318e+01
3.175159688234982513e-01 3.391879282058335320e+03 0.000000000000000000e+00 8.704707488874262253e+02 0.000000000000000000e+00 4.484274149973966672e+00
3.225221380836135188e-01 3.347188823862563822e+03 0.000000000000000000e+00 7.741205210496508471e+02 0.000000000000000000e+00 6.952005380404003176e+01
3.275181733526948968e-01 3.273811181044057776e+03 0.000000000000000000e+00 7.657355794150314523e+02 0.000000000000000000e+00 -1.718002244539059475e+01
3.325123842131759710e-01 3.246892551838245254e+03 0.000000000000000000e+00 7.750194365620858434e+02 0.000000000000000000e+00 7.701672344930037184e+01
3.374959366892091861e-01 3.175752233472305306e+03 0.000000000000000000e+00 7.380065164839014642e+02 0.000000000000000000e+00 -3.357659715166590786e+01
3.424919221947719805e-01 3.150677612114443946e+03 0.000000000000000000e+00 7.443292968522115416e+02 0.000000000000000000e+00 1.294733996449674684e+01
3.475179778446125245e-01 3.095617081059888278e+03 0.000000000000000000e+00 6.463818734276472924e+02 0.000000000000000000e+00 5.567025925441892298e+01
3.525052850529177828e-01 3.060468401724413070e+03 0.000000000000000000e+00 6.579552291234232371e+02 0.000000000000000000e+00 -5.491924796423439403e+01
3.575133254796376558e-01 3.015834262019912785e+03 0.000000000000000000e+00 6.142932605713147041e+02 0.000000000000000000e+00 2.839197216239624311e+01
3.625250227669692404e-01 2.990091371781358248e+03 0.000000000000000000e+00 6.397258244240324530e+02 0.000000000000000000e+00 -7.069125978768257212e+00
3.675230446100045678e-01 2.944822109951956918e+03 0.000000000000000000e+00 6.029359986585890283e+02 0.000000000000000000e+00 7.153705283263711578e+01
3.725177060730277545e-01 2.914554977414375116e+03 0.000000000000000000e+00 5.835519469380753890e+02 0.000000000000000000e+00 5.265278532220253283e+01
3.775163034622419089e-01 2.886420697692058184e+03 0.000000000000000000e+00 5.734361230442488022e+02 0.000000000000000000e+00 2.374894670427041632e+01
3.825226892977953153e-01 2.851475675675675575e+03 0.000000000000000000e+00 5.848894054054054550e+02 0.000000000000000000e+00 9.502345270270269850e+01
3.875130067694269043e-01 2.815171970495258392e+03 0.000000000000000000e+00 5.522561643835616678e+02 0.000000000000000000e+00 4.277311643835616906e+01
3.924957861003909865e-01 2.797920458275673809e+03 0.000000000000000000e+00 5.580843561934799482e+02 0.000000000000000000e+00 1.308870208863000073e+02
3.975064703251052212e-01 2.770687119757140408e+03 0.000000000000000000e+00 5.331225078991388955e+02 0.000000000000000000e+00 8.905862090328976421e+01
