3.798113400606732779e-03 6.506461578947368544e+05 0.000000000000000000e+00 2.703663789473684039e+06 0.000000000000000000e+00 3.748356210526315495e+06 1.460356985263157785e+08 0.000000000000000000e+00 6.859105549473683834e+08 0.000000000000000000e+00 1.165088336842105150e+09
8.299341265228576958e-03 9.814497500000000000e+05 0.000000000000000000e+00 1.531213000000000000e+06 0.000000000000000000e+00 7.068135625000000000e+05 3.739681200000000000e+07 0.000000000000000000e+00 8.128188000000000000e+07 0.000000000000000000e+00 2.058797200000000000e+07
1.293222767532251419e-02 1.099470777070063865e+06 0.000000000000000000e+00 1.304352101910828147e+06 0.000000000000000000e+00 1.701770191082802776e+05 1.725293248407643288e+07 0.000000000000000000e+00 3.467845788535031676e+07 0.000000000000000000e+00 6.589713121019108221e+05
1.764839556552980082e-02 1.092547397260273807e+06 0.000000000000000000e+00 1.141486136986301281e+06 0.000000000000000000e+00 4.006603835616438300e+05 8.563742684931505471e+06 0.000000000000000000e+00 1.766790663013698533e+07 0.000000000000000000e+00 1.004558684931506752e+06
2.256548662787912635e-02 1.058770147448015166e+06 0.000000000000000000e+00 8.890524310018903343e+05 0.000000000000000000e+00 -4.241017466918714927e+05 5.136844703213610686e+06 0.000000000000000000e+00 9.684462578449904919e+06 0.000000000000000000e+00 -2.122189429111531470e+06
2.777643688250242340e-02 8.233725658536584815e+05 0.000000000000000000e+00 4.796959609756097780e+05 0.000000000000000000e+00 -2.178773463414634170e+05 2.760909424390243832e+06 0.000000000000000000e+00 5.225614360975610092e+06 0.000000000000000000e+00 3.138107317073170634e+03
3.269804980233311648e-02 7.196940160000000615e+05 0.000000000000000000e+00 5.780746240000000689e+05 0.000000000000000000e+00 -2.176252320000000182e+05 1.690170111999999965e+06 0.000000000000000000e+00 2.851434240000000224e+06 0.000000000000000000e+00 -8.940407040000000270e+05
3.761648458559932462e-02 6.352388833445718046e+05 0.000000000000000000e+00 5.189549831422791467e+05 0.000000000000000000e+00 1.261935751854349219e+05 1.166338157788267126e+06 0.000000000000000000e+00 2.296322589345920365e+06 0.000000000000000000e+00 2.732721888064733357e+05
4.263843696389812976e-02 5.450710000000000000e+05 0.000000000000000000e+00 3.525810357142856810e+05 0.000000000000000000e+00 -2.470582812500000000e+04 7.935575000000000000e+05 0.000000000000000000e+00 1.355101714285714319e+06 0.000000000000000000e+00 -2.394285000000000000e+05
4.756514582339458480e-02 4.879581613606628962e+05 0.000000000000000000e+00 3.505674662014828064e+05 0.000000000000000000e+00 -7.134911469690361992e+04 6.222960313999127829e+05 0.000000000000000000e+00 1.119117118185782805e+06 0.000000000000000000e+00 -5.745542084605320997e+04
5.262096060748640974e-02 4.531502471910112072e+05 0.000000000000000000e+00 3.092244044943820336e+05 0.000000000000000000e+00 -1.263616924157303401e+03 4.628899325842696708e+05 0.000000000000000000e+00 8.036489887640449451e+05 0.000000000000000000e+00 1.966723876404494149e+04
5.756031740041873956e-02 3.898450297029702924e+05 0.000000000000000000e+00 2.650580396039604093e+05 0.000000000000000000e+00 3.070255940594059575e+04 3.601263762376237428e+05 0.000000000000000000e+00 5.789125940594059648e+05 0.000000000000000000e+00 -4.497963861386138888e+04
6.254738279606215923e-02 3.650744606328182272e+05 0.000000000000000000e+00 2.429494942359577981e+05 0.000000000000000000e+00 1.435815943095413240e+04 2.932655187637968920e+05 0.000000000000000000e+00 4.566472680892812787e+05 0.000000000000000000e+00 1.223211773362766689e+04
6.757793472572401483e-02 3.376846959578207461e+05 0.000000000000000000e+00 2.337494130052723922e+05 0.000000000000000000e+00 -9.568838312829524511e+03 2.447299824253075349e+05 0.000000000000000000e+00 3.622430931458699051e+05 0.000000000000000000e+00 -2.610608084358523411e+04
7.255917516659465827e-02 3.167622689231913537e+05 0.000000000000000000e+00 1.985141097266133584e+05 0.000000000000000000e+00 -2.516674130556072123e+04 2.069393877626929607e+05 0.000000000000000000e+00 2.952702190812720801e+05 0.000000000000000000e+00 -5.362534870745768785e+03
7.753384299139773339e-02 2.946265604285236332e+05 0.000000000000000000e+00 1.769958031469702255e+05 0.000000000000000000e+00 5.626972882490793381e+03 1.738210646133244154e+05 0.000000000000000000e+00 2.331121258788081759e+05 0.000000000000000000e+00 2.223635252761968786e+03
8.251793356505521260e-02 2.598928990825688234e+05 0.000000000000000000e+00 1.513888807339449704e+05 0.000000000000000000e+00 -9.742147935779816180e+03 1.551620550458715588e+05 0.000000000000000000e+00 1.985381467889908236e+05 0.000000000000000000e+00 -9.648192660550459550e+03
8.752751931716111489e-02 2.347781241415057739e+05 0.000000000000000000e+00 1.521416094337177637e+05 0.000000000000000000e+00 2.207011221977452442e+04 1.314751245302578900e+05 0.000000000000000000e+00 1.543184221847868466e+05 0.000000000000000000e+00 -3.888532072048723876e+03
9.254701955136974967e-02 2.104231759343664453e+05 0.000000000000000000e+00 1.181931011850501382e+05 0.000000000000000000e+00 -1.326172288058340928e+04 1.180508295350957196e+05 0.000000000000000000e+00 1.343140783956244413e+05 0.000000000000000000e+00 -3.773245214220601440e+00
9.754963178921903511e-02 1.920691384905265295e+05 0.000000000000000000e+00 1.074010174814194470e+05 0.000000000000000000e+00 6.813645137653093116e+03 1.053173964199727779e+05 0.000000000000000000e+00 1.135644325342824304e+05 0.000000000000000000e+00 6.747786454516905906e+03
1.025319613041059119e-01 1.759876202626641607e+05 0.000000000000000000e+00 1.012118574108817993e+05 0.000000000000000000e+00 3.116558536585365800e+03 9.654063189493434038e+04 0.000000000000000000e+00 9.244197823639774288e+04 0.000000000000000000e+00 -1.089681519699812270e+03
1.075116003998943526e-01 1.639963721571330098e+05 0.000000000000000000e+00 8.925146795313576877e+04 0.000000000000000000e+00 -1.256898828394210796e+04 8.874283666436940257e+04 0.000000000000000000e+00 8.094987181254307507e+04 0.000000000000000000e+00 -5.558874569262577097e+03
1.125102861506304813e-01 1.550476456674654037e+05 0.000000000000000000e+00 9.106069598825076537e+04 0.000000000000000000e+00 1.146404637860400544e+04 8.096552585607173387e+04 0.000000000000000000e+00 7.334820994048079592e+04 0.000000000000000000e+00 9.911753265826699135e+03
1.175500852175193622e-01 1.470571355425970687e+05 0.000000000000000000e+00 7.428891253022330056e+04 0.000000000000000000e+00 6.674025316455696156e+03 7.753791608590527903e+04 0.000000000000000000e+00 6.620803641018347116e+04 0.000000000000000000e+00 2.477006115773005149e+03
1.225369446564099490e-01 1.398035998675935261e+05 0.000000000000000000e+00 7.202951923204238119e+04 0.000000000000000000e+00 -8.801112214498510866e+02 7.311705739821252064e+04 0.000000000000000000e+00 5.729590572658060410e+04 0.000000000000000000e+00 3.762235815954982172e+03
1.275260957852891452e-01 1.345001523162745580e+05 0.000000000000000000e+00 6.684457724957555183e+04 0.000000000000000000e+00 5.709870482658257970e+03 6.856141644433664624e+04 0.000000000000000000e+00 5.214094203250060673e+04 0.000000000000000000e+00 1.636691244239631260e+03
1.325302087090364789e-01 1.254264680994332448e+05 0.000000000000000000e+00 6.714066505807754584e+04 0.000000000000000000e+00 4.183807867123056894e+03 6.416169328320520435e+04 0.000000000000000000e+00 4.392619404073845362e+04 0.000000000000000000e+00 2.390291229448403556e+03
1.375062694904859717e-01 1.193834779303062242e+05 0.000000000000000000e+00 5.114034213305173762e+04 0.000000000000000000e+00 4.600365786694826056e+03 6.048742048574445653e+04 0.000000000000000000e+00 3.836421879619851825e+04 0.000000000000000000e+00 5.549750369588173271e+03
1.425134422753508989e-01 1.118650213092724152e+05 0.000000000000000000e+00 4.971311499328086211e+04 0.000000000000000000e+00 5.512017661739297182e+03 5.824235285083509370e+04 0.000000000000000000e+00 3.489441197926665336e+04 0.000000000000000000e+00 5.120210693031291385e+02
1.475259222195813014e-01 1.068933254362385487e+05 0.000000000000000000e+00 4.865473670782268164e+04 0.000000000000000000e+00 2.148931796437195317e+03 5.538719613649824896e+04 0.000000000000000000e+00 3.315642626087748795e+04 0.000000000000000000e+00 3.041842452959132515e+03
1.525299430011916868e-01 9.845318904294892855e+04 0.000000000000000000e+00 4.425847818735204783e+04 0.000000000000000000e+00 9.323476496449104161e+03 5.388196685830233037e+04 0.000000000000000000e+00 2.814761717957389192e+04 0.000000000000000000e+00 2.733366925938451004e+03
1.574945685492469272e-01 9.332667545597928984e+04 0.000000000000000000e+00 4.062206333158085909e+04 0.000000000000000000e+00 6.558407813321469604e+00 5.047264609536134230e+04 0.000000000000000000e+00 2.556982860840376816e+04 0.000000000000000000e+00 6.769288631859909628e+02
1.625189323163163113e-01 9.024400817518249096e+04 0.000000000000000000e+00 3.779918248175182816e+04 0.000000000000000000e+00 1.649968759124087683e+03 4.930178335766423697e+04 0.000000000000000000e+00 2.386814598540146108e+04 0.000000000000000000e+00 1.680623065693430817e+03
1.675461007718098694e-01 8.560906605922551535e+04 0.000000000000000000e+00 3.840124829157175554e+04 0.000000000000000000e+00 2.877466116173120554e+03 4.758953986332573550e+04 0.000000000000000000e+00 2.182325056947608027e+04 0.000000000000000000e+00 -1.257800825740318942e+03
1.725292014006662711e-01 8.191227873553747486e+04 0.000000000000000000e+00 3.238436918614233582e+04 0.000000000000000000e+00 2.958686488446451676e+03 4.587865220687609690e+04 0.000000000000000000e+00 2.120672920855720804e+04 0.000000000000000000e+00 3.296058014965224174e+03
1.775301965061671094e-01 7.857713881877838867e+04 0.000000000000000000e+00 3.122340030287733316e+04 0.000000000000000000e+00 2.111269434628975432e+03 4.480172841998990043e+04 0.000000000000000000e+00 1.850310348308934772e+04 0.000000000000000000e+00 6.032961256940939165e+02
1.825147654490652804e-01 7.496213796567106328e+04 0.000000000000000000e+00 2.957330922626960819e+04 0.000000000000000000e+00 -1.278356376850128555e+02 4.342641165174746857e+04 0.000000000000000000e+00 1.779346722207450875e+04 0.000000000000000000e+00 -2.101926792519720038e+03
1.875360723572403465e-01 7.357412826815641893e+04 0.000000000000000000e+00 2.836127999999999884e+04 0.000000000000000000e+00 3.006802234636871617e+03 4.189768581005586748e+04 0.000000000000000000e+00 1.610076603351955418e+04 0.000000000000000000e+00 4.618279329608938610e+02
1.925323683450522461e-01 6.964810795758808672e+04 0.000000000000000000e+00 2.504030845025168674e+04 0.000000000000000000e+00 5.363049694762771651e+02 4.104429259933597496e+04 0.000000000000000000e+00 1.505467023669272749e+04 0.000000000000000000e+00 -2.422451001392309990e+02
1.975198663583639380e-01 6.806179759706588811e+04 0.000000000000000000e+00 2.280145410395851650e+04 0.000000000000000000e+00 5.417396433539901409e+03 4.023803273049197014e+04 0.000000000000000000e+00 1.332408691033261493e+04 0.000000000000000000e+00 9.554799544707220775e+02
2.025153694923672032e-01 6.530991566148799029e+04 0.000000000000000000e+00 1.964180565473318711e+04 0.000000000000000000e+00 5.985392743414070083e+02 3.912304313422754058e+04 0.000000000000000000e+00 1.271001215864132064e+04 0.000000000000000000e+00 -1.067196564701341458e+03
2.075088499274508613e-01 6.240671377865305112e+04 0.000000000000000000e+00 1.832318431839520053e+04 0.000000000000000000e+00 3.637213400810643634e+03 3.872043234330989799e+04 0.000000000000000000e+00 1.211568700909111794e+04 0.000000000000000000e+00 -7.874785316815132319e+02
2.125178062418619784e-01 6.051553569558387244e+04 0.000000000000000000e+00 1.939742084133356548e+04 0.000000000000000000e+00 3.458808168964915694e+03 3.736505777622621827e+04 0.000000000000000000e+00 1.138799231977657655e+04 0.000000000000000000e+00 -1.010591726304765302e+03
2.175004174234404231e-01 5.865409039643128199e+04 0.000000000000000000e+00 1.680442117666863123e+04 0.000000000000000000e+00 -9.103482871812137773e+02 3.684966046629071934e+04 0.000000000000000000e+00 1.032420907331032686e+04 0.000000000000000000e+00 -1.070277249389782128e+03
2.225093171556767890e-01 5.634746045192175370e+04 0.000000000000000000e+00 1.723571655404739795e+04 0.000000000000000000e+00 2.707190480880991345e+03 3.587476810937530536e+04 0.000000000000000000e+00 9.956105829278383681e+03 0.000000000000000000e+00 6.870668426547940726e+02
2.275289586476768322e-01 5.448973029236185539e+04 0.000000000000000000e+00 1.646666585029848648e+04 0.000000000000000000e+00 7.740832695545691422e+02 3.528742323587938154e+04 0.000000000000000000e+00 9.720729833154753578e+03 0.000000000000000000e+00 -4.458001683759375737e+02
2.325285406108919262e-01 5.273870561912211997e+04 0.000000000000000000e+00 1.500563025485238359e+04 0.000000000000000000e+00 1.839910647044913048e+03 3.464942047914431168e+04 0.000000000000000000e+00 8.861363069143035318e+03 0.000000000000000000e+00 -5.997529696396412646e+02
2.375276552426477672e-01 5.122552800140622276e+04 0.000000000000000000e+00 1.432232701705044929e+04 0.000000000000000000e+00 3.027979328528739643e+03 3.362887818597292789e+04 0.000000000000000000e+00 8.384660924591316871e+03 0.000000000000000000e+00 -2.224093689576375539e+02
2.424991024241769377e-01 5.015866047642361809e+04 0.000000000000000000e+00 1.328276764641331647e+04 0.000000000000000000e+00 1.544500396738304744e+03 3.358487653841608699e+04 0.000000000000000000e+00 9.043493458038594326e+03 0.000000000000000000e+00 -5.856383434909594143e+02
2.474998551644826128e-01 4.853021428113993170e+04 0.000000000000000000e+00 1.212564226705091278e+04 0.000000000000000000e+00 1.881777265449887864e+03 3.276612487992315073e+04 0.000000000000000000e+00 7.759865257764970011e+03 0.000000000000000000e+00 -6.936549471661863890e+02
2.525200307756395035e-01 4.737056702752861747e+04 0.000000000000000000e+00 1.086190757810083596e+04 0.000000000000000000e+00 2.197993195174760331e+03 3.214570145375811990e+04 0.000000000000000000e+00 7.326019424682957833e+03 0.000000000000000000e+00 -8.035633158057531773e+02
2.575182250600202005e-01 4.558667783324640186e+04 0.000000000000000000e+00 1.031991106474927255e+04 0.000000000000000000e+00 8.236600104314133830e+01 3.175755249236271629e+04 0.000000000000000000e+00 7.006753952760598622e+03 0.000000000000000000e+00 -9.275849042545264922e+01
2.625255687975799335e-01 4.450629086552176886e+04 0.000000000000000000e+00 1.043687202601700301e+04 0.000000000000000000e+00 8.551626062646203081e+02 3.130689245164603199e+04 0.000000000000000000e+00 6.732793975009984933e+03 0.000000000000000000e+00 2.910026815769954851e+02
2.675305520911575030e-01 4.347344554756216530e+04 0.000000000000000000e+00 8.912762430786649929e+03 0.000000000000000000e+00 6.449238204388229860e+02 3.078610237362090993e+04 0.000000000000000000e+00 6.213420748125543469e+03 0.000000000000000000e+00 -1.275258391902900939e+03
2.725404586615198799e-01 4.230330269212460553e+04 0.000000000000000000e+00 8.744443010525201316e+03 0.000000000000000000e+00 1.887645210768498373e+03 3.038380620934045510e+04 0.000000000000000000e+00 5.738295869254772697e+03 0.000000000000000000e+00 -4.046801184746390163e+02
2.775333197047151201e-01 4.121655584563290176e+04 0.000000000000000000e+00 8.006009253754490601e+03 0.000000000000000000e+00 1.845997848114353701e+01 2.984583017551115336e+04 0.000000000000000000e+00 6.235012691601829829e+03 0.000000000000000000e+00 -1.466431721250032297e+03
2.825123907298719983e-01 4.014675062063855148e+04 0.000000000000000000e+00 7.534612931513617696e+03 0.000000000000000000e+00 9.498479589946273336e+02 2.930402104613104530e+04 0.000000000000000000e+00 5.716039869079231721e+03 0.000000000000000000e+00 -5.595242388686469894e+02
2.875104651677040102e-01 3.952451407776287670e+04 0.000000000000000000e+00 6.728596820532465244e+03 0.000000000000000000e+00 1.152649779735682841e+03 2.906106876077379638e+04 0.000000000000000000e+00 5.439901551426929473e+03 0.000000000000000000e+00 -7.066333077954415103e+02
2.924971317655564174e-01 3.805506331133176718e+04 0.000000000000000000e+00 6.532495809684541200e+03 0.000000000000000000e+00 -1.521779005652591081e+02 2.878946366274029060e+04 0.000000000000000000e+00 5.118275139002877950e+03 0.000000000000000000e+00 -1.097723473858211264e+03
2.975058823671092867e-01 3.750312760856052046e+04 0.000000000000000000e+00 5.976039072906491128e+03 0.000000000000000000e+00 9.117132581475890447e+02 2.839489778882870087e+04 0.000000000000000000e+00 4.860402806145102659e+03 0.000000000000000000e+00 -5.771836426605096904e+02
3.025121359101998753e-01 3.672527569063162082e+04 0.000000000000000000e+00 5.892965803467208389e+03 0.000000000000000000e+00 4.080571959707751262e+02 2.799646811638061263e+04 0.000000000000000000e+00 5.107861484587782797e+03 0.000000000000000000e+00 -1.291860274091046676e+03
3.075010376196579687e-01 3.590172787793280440e+04 0.000000000000000000e+00 5.286229440351152334e+03 0.000000000000000000e+00 1.611131023671421872e+03 2.771084353869467668e+04 0.000000000000000000e+00 4.460286983330721341e+03 0.000000000000000000e+00 -4.034120708575011918e+02
3.125134169243361515e-01 3.527547186808767583e+04 0.000000000000000000e+00 4.673230645485622517e+03 0.000000000000000000e+00 -3.838991353307862369e+02 2.728610979288156159e+04 0.000000000000000000e+00 4.155447416046651597e+03 0.000000000000000000e+00 -1.090300985320732025e+03
3.175159688234982513e-01 3.468758880451120785e+04 0.000000000000000000e+00 4.126192374571425717e+03 0.000000000000000000e+00 6.887599886041006130e+02 2.698365647257616001e+04 0.000000000000000000e+00 3.789021190478529661e+03 0.000000000000000000e+00 -1.204435519839671542e+03
3.225221380836135188e-01 3.362453917311686382e+04 0.000000000000000000e+00 3.684787011515952599e+03 0.000000000000000000e+00 1.188660656975646646e+02 2.680663862563715520e+04 0.000000000000000000e+00 3.954616726448933605e+03 0.000000000000000000e+00 -9.868724183500095251e+02
3.275181733526948968e-01 3.304534439096631104e+04 0.000000000000000000e+00 3.496503221029248380e+03 0.000000000000000000e+00 2.807882450944094899e+02 2.638642280636801297e+04 0.000000000000000000e+00 4.140939800074046616e+03 0.000000000000000000e+00 -9.887214365049981097e+02
3.325123842131759710e-01 3.255866739016340944e+04 0.000000000000000000e+00 2.579990713148367377e+03 0.000000000000000000e+00 6.661372568205877087e+02 2.620455141126342278e+04 0.000000000000000000e+00 3.698561463123905014e+03 0.000000000000000000e+00 -5.894341247320245429e+02
3.374959366892091861e-01 3.161098637143958331e+04 0.000000000000000000e+00 2.644373471604246333e+03 0.000000000000000000e+00 1.168399695196720813e+02 2.587341765056231088e+04 0.000000000000000000e+00 3.431475037662474278e+03 0.000000000000000000e+00 -6.988798654661388809e+02
3.424919221947719805e-01 3.136474603505321647e+04 0.000000000000000000e+00 2.559940261190609363e+03 0.000000000000000000e+00 5.921159439615298652e+02 2.565745806698947490e+04 0.000000000000000000e+00 3.288353965780196631e+03 0.000000000000000000e+00 -7.874230471126520570e+02
3.475179778446125245e-01 3.049849563825268706e+04 0.000000000000000000e+00 2.427374130100957245e+03 0.000000000000000000e+00 1.086852092658542006e+03 2.521441709412879209e+04 0.000000000000000000e+00 2.943864606135851318e+03 0.000000000000000000e+00 -7.222402718332407403e+02
3.525052850529177828e-01 3.021852939485869501e+04 0.000000000000000000e+00 2.365559508222896511e+03 0.000000000000000000e+00 1.803105221140028789e+02 2.497746587897173958e+04 0.000000000000000000e+00 2.586387354303049506e+03 0.000000000000000000e+00 -1.214211080951620715e+03
3.575133254796376558e-01 2.966106834468962552e+04 0.000000000000000000e+00 1.772463520629105460e+03 0.000000000000000000e+00 1.070547294034689685e+03 2.471056820289566167e+04 0.000000000000000000e+00 2.754017306527887740e+03 0.000000000000000000e+00 -7.363241180032345028e+02
3.625250227669692404e-01 2.925329655172413550e+04 0.000000000000000000e+00 1.627926878482156098e+03 0.000000000000000000e+00 1.056694097274506845e+02 2.456308049992470842e+04 0.000000000000000000e+00 2.770055353109471525e+03 0.000000000000000000e+00 -1.106991959042312828e+03
3.675230446100045678e-01 2.874838063994051117e+04 0.000000000000000000e+00 1.731371024065204210e+03 0.000000000000000000e+00 1.088881248678637348e+03 2.438090892256996813e+04 0.000000000000000000e+00 2.403705560294235511e+03 0.000000000000000000e+00 -8.128860602614292930e+02
3.725177060730277545e-01 2.828690948596260569e+04 0.000000000000000000e+00 7.703463891588999104e+02 0.000000000000000000e+00 1.057051060666704871e+03 2.419700245868831917e+04 0.000000000000000000e+00 2.312311510092058143e+03 0.000000000000000000e+00 -9.104337011836012152e+02
3.775163034622419089e-01 2.804399053930120499e+04 0.000000000000000000e+00 6.773860889112611403e+02 0.000000000000000000e+00 1.195942104936526448e+03 2.395193413367719040e+04 0.000000000000000000e+00 2.561313575275305084e+03 0.000000000000000000e+00 -6.870475862116520602e+02
3.825226892977953153e-01 2.739802810810810843e+04 0.000000000000000000e+00 8.339162162162161849e+02 0.000000000000000000e+00 7.546791351351350841e+02 2.372423610810810715e+04 0.000000000000000000e+00 2.033955675675675593e+03 0.000000000000000000e+00 -4.918089729729729811e+02
3.875130067694269043e-01 2.725730832455216296e+04 0.000000000000000000e+00 7.800592202318230193e+02 0.000000000000000000e+00 3.461152265542676787e+02 2.363039325605901104e+04 0.000000000000000000e+00 2.159171548998946491e+03 0.000000000000000000e+00 -5.613359325605900949e+02
3.924957861003909865e-01 2.687883505293985218e+04 0.000000000000000000e+00 4.134166897306343458e+02 0.000000000000000000e+00 1.315541595597464038e+03 2.337398719145238647e+04 0.000000000000000000e+00 1.897225449747369112e+03 0.000000000000000000e+00 -9.744180478228688003e+01
3.975064703251052212e-01 2.652244535035004083e+04 0.000000000000000000e+00 1.148720797967907856e+03 0.000000000000000000e+00 1.530973793445263709e+03 2.314584325630382591e+04 0.000000000000000000e+00 2.196970596617310093e+03 0.000000000000000000e+00 -1.946723994795861472e+02
