3.798113400606732779e-03 1.617642105263157828e+04 0.000000000000000000e+00 3.618755921052631311e+04 0.000000000000000000e+00 7.644486842105262622e+04
8.299341265228576958e-03 3.510931250000000000e+04 0.000000000000000000e+00 3.341861718750000000e+04 0.000000000000000000e+00 1.624991308593750000e+04
1.293222767532251419e-02 3.701195541401274386e+04 0.000000000000000000e+00 2.512556050955414321e+04 0.000000000000000000e+00 -5.386509156050955426e+03
1.764839556552980082e-02 3.575571232876712020e+04 0.000000000000000000e+00 2.611405479452054715e+04 0.000000000000000000e+00 7.182816780821917746e+03
2.256548662787912635e-02 3.645119848771266697e+04 0.000000000000000000e+00 2.005691871455576620e+04 0.000000000000000000e+00 -8.704267485822307208e+03
2.777643688250242340e-02 3.094482926829268399e+04 0.000000000000000000e+00 1.522622439024390223e+04 0.000000000000000000e+00 -1.342654878048780574e+03
3.269804980233311648e-02 2.735279000000000087e+04 0.000000000000000000e+00 1.263746100000000115e+04 0.000000000000000000e+00 -9.171599000000000160e+03
3.761648458559932462e-02 2.418394605529332330e+04 0.000000000000000000e+00 1.503715441672285851e+04 0.000000000000000000e+00 4.143718813216452872e+03
4.263843696389812976e-02 2.217490848214285506e+04 0.000000000000000000e+00 1.061047209821428442e+04 0.000000000000000000e+00 -1.764493024553571331e+03
4.756514582339458480e-02 2.052183689489751487e+04 0.000000000000000000e+00 1.118092716964675128e+04 0.000000000000000000e+00 -2.316809310946358664e+02
5.262096060748640974e-02 1.875858286516854059e+04 0.000000000000000000e+00 9.435571629213482083e+03 0.000000000000000000e+00 5.649706372893258504e+02
5.756031740041873956e-02 1.692017945544554459e+04 0.000000000000000000e+00 8.261004331683168857e+03 0.000000000000000000e+00 2.071079730043316758e+01
6.254738279606215923e-02 1.599749521707137501e+04 0.000000000000000000e+00 8.258193769928868278e+03 0.000000000000000000e+00 4.662966335540838259e+02
6.757793472572401483e-02 1.526370123022846929e+04 0.000000000000000000e+00 8.313095782073813098e+03 0.000000000000000000e+00 4.724019112478031275e+02
7.255917516659465827e-02 1.434623172772921680e+04 0.000000000000000000e+00 6.862970429607587903e+03 0.000000000000000000e+00 4.544917588804165831e+01
7.753384299139773339e-02 1.331707800468697678e+04 0.000000000000000000e+00 6.119353197187814658e+03 0.000000000000000000e+00 4.568370438567124552e+02
8.251793356505521260e-02 1.220336123853211029e+04 0.000000000000000000e+00 6.231259174311927381e+03 0.000000000000000000e+00 -7.099842764478211166e+01
8.752751931716111489e-02 1.116807775042114918e+04 0.000000000000000000e+00 5.396365945315537829e+03 0.000000000000000000e+00 7.229108461837502091e+02
9.254701955136974967e-02 1.022790701914311649e+04 0.000000000000000000e+00 5.032549680948040077e+03 0.000000000000000000e+00 -1.641269228577939714e+02
9.754963178921903511e-02 9.323905788757458140e+03 0.000000000000000000e+00 4.525070239715272692e+03 0.000000000000000000e+00 5.243061341986810930e+02
1.025319613041059119e-01 8.821538461538460979e+03 0.000000000000000000e+00 4.127092682926829184e+03 0.000000000000000000e+00 1.442668151969981238e+02
1.075116003998943526e-01 8.239826326671261995e+03 0.000000000000000000e+00 3.764270158511371392e+03 0.000000000000000000e+00 -3.340360096485182453e+02
1.125102861506304813e-01 7.842757980984772985e+03 0.000000000000000000e+00 3.695915900131406033e+03 0.000000000000000000e+00 6.793197804746077964e+02
1.175500852175193622e-01 7.635143791779263665e+03 0.000000000000000000e+00 3.417412316882378036e+03 0.000000000000000000e+00 3.695419214905418812e+02
1.225369446564099490e-01 7.275874213836478702e+03 0.000000000000000000e+00 3.379941211519364515e+03 0.000000000000000000e+00 1.021547169811320828e+02
1.275260957852891452e-01 7.003897162260489495e+03 0.000000000000000000e+00 3.141796992481202778e+03 0.000000000000000000e+00 1.762536532864419030e+02
1.325302087090364789e-01 6.641419000056113873e+03 0.000000000000000000e+00 2.874636440154873526e+03 0.000000000000000000e+00 1.696983053700690220e+02
1.375062694904859717e-01 6.315273072861667970e+03 0.000000000000000000e+00 2.490393664202745640e+03 0.000000000000000000e+00 4.144460137275606826e+02
1.425134422753508989e-01 6.001789978882702599e+03 0.000000000000000000e+00 2.427323286619312512e+03 0.000000000000000000e+00 1.431263558264542155e+02
1.475259222195813014e-01 5.842792655701854528e+03 0.000000000000000000e+00 2.445604082190532608e+03 0.000000000000000000e+00 2.365537609913891401e+02
1.525299430011916868e-01 5.432292526208995696e+03 0.000000000000000000e+00 2.257330402434899952e+03 0.000000000000000000e+00 6.131234781873520205e+02
1.574945685492469272e-01 5.217704371739393537e+03 0.000000000000000000e+00 2.088988393254337097e+03 0.000000000000000000e+00 -7.821323856513122053e+01
1.625189323163163113e-01 5.025532846715328560e+03 0.000000000000000000e+00 2.015167007299270153e+03 0.000000000000000000e+00 1.272442700729927054e+02
1.675461007718098694e-01 4.816281890660591671e+03 0.000000000000000000e+00 1.965491457858769763e+03 0.000000000000000000e+00 1.269291625142368929e+02
1.725292014006662711e-01 4.630878465240465630e+03 0.000000000000000000e+00 1.675174341563107873e+03 0.000000000000000000e+00 1.094906796980584858e+02
1.775301965061671094e-01 4.496612317011610685e+03 0.000000000000000000e+00 1.732023599192327083e+03 0.000000000000000000e+00 2.072889008076728885e+02
1.825147654490652804e-01 4.306067062542468193e+03 0.000000000000000000e+00 1.659432774971195613e+03 0.000000000000000000e+00 7.042311441992377752e+01
1.875360723572403465e-01 4.278330279329608857e+03 0.000000000000000000e+00 1.596511731843575490e+03 0.000000000000000000e+00 2.409705027932961059e+02
1.925323683450522461e-01 4.100366713077005443e+03 0.000000000000000000e+00 1.492502838170718633e+03 0.000000000000000000e+00 1.099793496305022984e+02
1.975198663583639380e-01 3.989974655368660478e+03 0.000000000000000000e+00 1.316865359807765117e+03 0.000000000000000000e+00 2.936907044391045929e+02
2.025153694923672032e-01 3.872607160088777619e+03 0.000000000000000000e+00 1.261931583518286288e+03 0.000000000000000000e+00 5.645114831612468009e+01
2.075088499274508613e-01 3.727634340149762920e+03 0.000000000000000000e+00 1.115038127733632564e+03 0.000000000000000000e+00 2.094137717831871726e+02
2.125178062418619784e-01 3.641565369174375974e+03 0.000000000000000000e+00 1.190232937685460001e+03 0.000000000000000000e+00 2.410637764007680346e+02
2.175004174234404231e-01 3.553827118929383232e+03 0.000000000000000000e+00 1.133814577897483332e+03 0.000000000000000000e+00 -9.556999621244003151e+01
2.225093171556767890e-01 3.418717204152794693e+03 0.000000000000000000e+00 1.088023324993597498e+03 0.000000000000000000e+00 1.160818246291444211e+02
2.275289586476768322e-01 3.354335833460891081e+03 0.000000000000000000e+00 1.004191106689116850e+03 0.000000000000000000e+00 8.252654791060768957e+01
2.325285406108919262e-01 3.256801702654030578e+03 0.000000000000000000e+00 1.015992650937733174e+03 0.000000000000000000e+00 1.263161370127153447e+02
2.375276552426477672e-01 3.183917876603972672e+03 0.000000000000000000e+00 9.635637897697311018e+02 0.000000000000000000e+00 1.800289154508701017e+02
2.424991024241769377e-01 3.127527155470767866e+03 0.000000000000000000e+00 8.925841338443098039e+02 0.000000000000000000e+00 9.409287896949335561e+01
2.474998551644826128e-01 3.046190714056996512e+03 0.000000000000000000e+00 8.579284021773935365e+02 0.000000000000000000e+00 5.877909862311879863e+01
2.525200307756395035e-01 2.984704979894834651e+03 0.000000000000000000e+00 8.243175378905042407e+02 0.000000000000000000e+00 4.145525054129291931e+01
2.575182250600202005e-01 2.914665196334103257e+03 0.000000000000000000e+00 8.320361224945979757e+02 0.000000000000000000e+00 5.176053945309589466e+01
2.625255687975799335e-01 2.846453357676727137e+03 0.000000000000000000e+00 7.965017401723056309e+02 0.000000000000000000e+00 2.353494964911279652e+01
2.675305520911575030e-01 2.781189986329931799e+03 0.000000000000000000e+00 7.340135043702792927e+02 0.000000000000000000e+00 2.726883431601330798e+01
2.725404586615198799e-01 2.733417464431162898e+03 0.000000000000000000e+00 7.661659702755592889e+02 0.000000000000000000e+00 9.839700904426931061e+01
2.775333197047151201e-01 2.691511670587018671e+03 0.000000000000000000e+00 6.752362292242871717e+02 0.000000000000000000e+00 9.800213492258380565e-01
2.825123907298719983e-01 2.620756919656641912e+03 0.000000000000000000e+00 6.391728771691472275e+02 0.000000000000000000e+00 7.494287037608843605e+01
2.875104651677040102e-01 2.584986592606780050e+03 0.000000000000000000e+00 6.312805497031220057e+02 0.000000000000000000e+00 1.069357971413522357e+01
2.924971317655564174e-01 2.501412061172825815e+03 0.000000000000000000e+00 6.241966962974950093e+02 0.000000000000000000e+00 1.580761105780901232e+00
2.975058823671092867e-01 2.478779504484503832e+03 0.000000000000000000e+00 5.508831808897966766e+02 0.000000000000000000e+00 3.734150219785098557e+01
3.025121359101998753e-01 2.432395313648350566e+03 0.000000000000000000e+00 5.314161514850201229e+02 0.000000000000000000e+00 1.595384035493493613e+01
3.075010376196579687e-01 2.398974301092125188e+03 0.000000000000000000e+00 5.519401787113968112e+02 0.000000000000000000e+00 9.704506453467105587e+01
3.125134169243361515e-01 2.351102835310677619e+03 0.000000000000000000e+00 5.098798713050472884e+02 0.000000000000000000e+00 -2.032032663884979051e+00
3.175159688234982513e-01 2.330750655755420212e+03 0.000000000000000000e+00 4.700221041152950647e+02 0.000000000000000000e+00 2.402700877287776038e+01
3.225221380836135188e-01 2.278341249764017448e+03 0.000000000000000000e+00 4.809391353596375893e+02 0.000000000000000000e+00 9.169601307343780761e+00
3.275181733526948968e-01 2.244028137726767909e+03 0.000000000000000000e+00 4.399410958904109634e+02 0.000000000000000000e+00 -7.953023764346538016e+00
3.325123842131759710e-01 2.206824092441534958e+03 0.000000000000000000e+00 4.169578978268411333e+02 0.000000000000000000e+00 3.435506640454735816e+01
3.374959366892091861e-01 2.172681498090600144e+03 0.000000000000000000e+00 4.030243492274813661e+02 0.000000000000000000e+00 -3.717598447955715812e+01
3.424919221947719805e-01 2.150683145955045802e+03 0.000000000000000000e+00 3.758490528298427762e+02 0.000000000000000000e+00 -9.017825592345966257e+00
3.475179778446125245e-01 2.106873721697650581e+03 0.000000000000000000e+00 3.957856699447838764e+02 0.000000000000000000e+00 3.488167331002711791e+01
3.525052850529177828e-01 2.092066549576879879e+03 0.000000000000000000e+00 3.734721379530576542e+02 0.000000000000000000e+00 -1.544035805524509009e+01
3.575133254796376558e-01 2.058853231752650117e+03 0.000000000000000000e+00 3.549667895547669900e+02 0.000000000000000000e+00 1.633421794881621381e+01
3.625250227669692404e-01 2.027995542839933705e+03 0.000000000000000000e+00 3.363883150127992394e+02 0.000000000000000000e+00 -1.879092192440897335e+01
3.675230446100045678e-01 2.008198820433188303e+03 0.000000000000000000e+00 3.379099942406812147e+02 0.000000000000000000e+00 5.153651699728072799e+01
3.725177060730277545e-01 1.980029046829435856e+03 0.000000000000000000e+00 3.021702212819486704e+02 0.000000000000000000e+00 5.784356863599977139e+00
3.775163034622419089e-01 1.952733907503051341e+03 0.000000000000000000e+00 2.654461353872887344e+02 0.000000000000000000e+00 2.793203915295026363e+01
3.825226892977953153e-01 1.931062054054053988e+03 0.000000000000000000e+00 2.847725945945945796e+02 0.000000000000000000e+00 2.127533445945945800e+01
3.875130067694269043e-01 1.918923498419389034e+03 0.000000000000000000e+00 2.754492360379346678e+02 0.000000000000000000e+00 1.428465098952845125e+00
3.924957861003909865e-01 1.892159289415248168e+03 0.000000000000000000e+00 2.422934122871946840e+02 0.000000000000000000e+00 4.182754481382551148e+01
3.975064703251052212e-01 1.865260987547240120e+03 0.000000000000000000e+00 2.679845610556967017e+02 0.000000000000000000e+00 5.370421287404746380e+01
