3.798113400606732779e-03 6.424753289473683854e-05 -3.150835789473684039e+06 -1.606188322368420896e-04 -6.094266947368420660e+06 2.039859169407894708e-04
8.299341265228576958e-03 7.629394531250000000e-06 -2.127662750000000000e+06 -1.907348632812500000e-05 -1.608314750000000000e+06 -2.527236938476562500e-04
1.293222767532251419e-02 -4.354100318471337968e-05 -1.402973044585987227e+06 1.026323646496815330e-04 -7.371485987261147238e+04 -3.654334195859872478e-05
1.764839556552980082e-02 -7.190443065068492074e-05 -1.041649095890410943e+06 2.132049978595890259e-04 -3.021681369863013388e+05 -1.272959251926369733e-04
2.256548662787912635e-02 -9.461026110586011890e-06 -8.032811795841209823e+05 3.195980771502835561e-05 -4.668480151228733303e+04 -2.616204476311436580e-05
2.777643688250242340e-02 -3.141077553353658616e-05 -6.171582829268292990e+05 3.565346322408536364e-05 -1.745407999999999884e+05 -2.621906559641768250e-05
3.269804980233311648e-02 4.882812500000000102e-07 -4.157325119999999879e+05 -8.789062500000001030e-06 -8.172750400000000081e+04 2.685546874999999844e-06
3.761648458559932462e-02 1.531023474376264380e-05 -3.020044558327714331e+05 -2.444698773600809284e-05 -4.948326365475387865e+04 5.183666844023938111e-05
4.263843696389812976e-02 -1.406669616699218750e-05 -2.323716964285714203e+05 9.553773062569753980e-06 -2.692733035714285506e+04 -1.518641199384416804e-05
4.756514582339458480e-02 -4.897718600087221791e-06 -1.872538962058438919e+05 8.198355047972089976e-06 -2.327100915830789381e+04 -2.209296977213257600e-06
5.262096060748640974e-02 1.064043366507198028e-05 -1.534564606741573079e+05 -2.660108416267994985e-05 -1.296664466292134784e+04 3.453988707467411516e-05
5.756031740041873956e-02 -6.798470374381188228e-06 -1.313267227722772222e+05 1.548540474164603981e-05 -2.415594554455445541e+04 -1.002774380221225291e-05
6.254738279606215923e-02 1.916237429482462452e-06 -1.079863664459161082e+05 5.389417770419425620e-06 -1.399271719401520568e+04 4.700769944199165591e-06
6.757793472572401483e-02 -1.008313653339191572e-05 -9.089668892794376006e+04 2.059534270650263666e-05 -1.100088576449912034e+04 -2.767499176186291420e-05
7.255917516659465827e-02 3.541560117165706072e-06 -7.772116198623768287e+04 -3.768583201599405147e-06 -9.820005951273944447e+03 3.779934355821089825e-06
7.753384299139773339e-02 -2.022926169651824566e-06 -6.596214529628389573e+04 9.307503740165719294e-06 -1.028403682624707108e+04 -2.440026982157055682e-05
8.251793356505521260e-02 1.049916678612385379e-06 -5.363930275229358085e+04 -1.014919455991972533e-06 -2.925807626146789062e+03 -5.888282705884461071e-06
8.752751931716111489e-02 -2.720758552546326358e-06 -4.837735700401711074e+04 4.334231647661008490e-06 -9.678466761694959132e+03 -8.407460294641700872e-06
9.254701955136974967e-02 1.105810146279626143e-06 -3.886077666362807213e+04 -3.265269582882292687e-06 -6.158571103008203863e+03 7.056494463326828552e-06
9.754963178921903511e-02 -7.539148369622108186e-07 -3.304211535643253592e+04 -6.197435524180885642e-07 -4.484752015073799157e+03 -7.668527822575369000e-06
1.025319613041059119e-01 1.073554577568011256e-08 -2.897985140712945577e+04 -4.047300757431402328e-07 -3.676562101313320909e+03 1.688075110344233669e-06
1.075116003998943526e-01 -2.523852084769124578e-07 -2.548235975189524470e+04 6.268054457428864415e-16 -3.483356305995864659e+03 1.766696459338387257e-06
1.125102861506304813e-01 8.586533537528021360e-07 -2.305503408827394378e+04 -4.104551745961196605e-07 -4.600034938548349601e+03 -2.712778452790446043e-08
1.175500852175193622e-01 3.906388893827336397e-07 -1.978277001848954751e+04 -3.342132720274498864e-07 -3.104637178210780803e+03 1.305384955353968274e-06
1.225369446564099490e-01 -3.428050359721533025e-06 -1.715182310493214391e+04 8.327682378946334152e-06 -3.059305660377358890e+03 -3.823599488638127473e-06
1.275260957852891452e-01 -8.586075824642250892e-07 -1.492289303904923509e+04 -1.406340005760368662e-07 -2.952227504244482134e+03 -2.810829564144736686e-06
1.325302087090364789e-01 4.520868988833398937e-07 -1.351986532742270356e+04 -1.041169827731328253e-06 -1.766318276191010682e+03 2.260434494416699521e-06
1.375062694904859717e-01 -1.540380395327349471e-06 -1.183673072861668334e+04 3.451354400409186659e-06 -2.193773389651531033e+03 -5.079549368482708582e-06
1.425134422753508989e-01 9.562374648857446862e-07 -1.077988788635054698e+04 -2.718676667589673496e-06 -1.797128815511614448e+03 3.239018694181363389e-06
1.475259222195813014e-01 -1.541242669441090762e-06 -8.973358968517928588e+03 3.096736793425953270e-06 -1.213606724679939816e+03 -5.157201663470930136e-06
1.525299430011916868e-01 2.160844748029041289e-08 -8.517009807237063796e+03 -1.230552706881314369e-06 -1.851460263780858895e+03 -4.276134373571649179e-07
1.574945685492469272e-01 5.967262111634043456e-07 -7.559146196465401772e+03 -1.960804070291331135e-06 -1.257987382213774254e+03 2.566863770538341121e-06
1.625189323163163113e-01 1.422854235572536643e-07 -6.799311532846715636e+03 -3.656958141466127291e-06 -1.353793722627737452e+03 1.410219791161753191e-06
1.675461007718098694e-01 1.238255946131121901e-06 -5.976192482915716937e+03 -2.178895989420202210e-06 -9.901399487471525163e+02 3.661001461785040596e-06
1.725292014006662711e-01 -2.535000061805716041e-07 -5.312056432738900185e+03 2.621511968676863623e-06 -1.037447671160628943e+03 -1.469193488201289058e-06
1.775301965061671094e-01 4.159387225517415657e-07 -4.793996466431095541e+03 -1.625242045526249361e-06 -8.292332155477031392e+02 1.704193377121718777e-06
1.825147654490652804e-01 7.392955201778486332e-08 -4.252150905492037964e+03 -7.041339039742681116e-07 -6.098810600017725392e+02 4.586787754761957605e-07
1.875360723572403465e-01 -1.108180211243016782e-07 -3.654902793296089385e+03 -1.496043285178072742e-06 -8.513487150837988793e+02 -4.772633813612954118e-06
1.925323683450522461e-01 1.242013461229517021e-07 -3.319508193209810088e+03 1.585201391306094040e-07 -5.706285744885936992e+02 -3.717869242496251042e-08
1.975198663583639380e-01 9.216640516314657488e-07 -3.033612950550145342e+03 -8.398412798785885400e-07 -6.184519539648412092e+02 5.235885479243075242e-06
2.025153694923672032e-01 2.768167850767152421e-07 -2.705655119173984531e+03 1.329604026192946205e-06 -4.763370645565956352e+02 -5.186633645918773882e-07
2.075088499274508613e-01 -1.341769905424901005e-07 -2.268612516888410482e+03 -3.242610604776843897e-07 -5.337989420412650361e+02 -1.221569684730586899e-06
2.125178062418619784e-01 2.783284093264531457e-07 -1.967111188689125584e+03 -9.195491226790234758e-07 -5.341176906964566342e+02 1.903519952540664967e-06
2.175004174234404231e-01 2.074147322274008860e-07 -1.783990573184075402e+03 -1.126974783464670547e-07 -2.346428120528575221e+02 1.037796080869994750e-06
2.225093171556767890e-01 3.030054446326904675e-07 -1.432243809223616609e+03 1.322642813872855253e-07 -1.842448533322826734e+02 3.120234638181872133e-07
2.275289586476768322e-01 -1.051041646735802919e-07 -1.491239553038420354e+03 3.468437434228149446e-07 -2.671004132863921541e+02 -7.821501587792266263e-07
2.325285406108919262e-01 -2.775687894511851550e-09 -1.326135957651938270e+03 4.421670815957379595e-07 -3.599893038400669525e+02 2.859652453320834711e-07
2.375276552426477672e-01 -6.351346897521533055e-07 -1.100861522235893972e+03 1.141525861311302501e-06 -1.908905255756723705e+02 -1.336786863904025292e-06
2.424991024241769377e-01 -2.576062171846774523e-08 -8.690473215943815148e+02 -2.158740100007597103e-07 -6.464423969746593457e+01 2.304287612716939819e-07
2.474998551644826128e-01 -3.239377889349183303e-07 -6.591789945565161588e+02 1.179954389559317971e-07 -1.380358469420428946e+02 -4.610494661896113273e-07
2.525200307756395035e-01 1.260159814317197682e-07 -7.300827095576863712e+02 -1.051313103517437381e-06 -3.031806990411382685e+02 3.318538836860597890e-07
2.575182250600202005e-01 -2.146531089337605228e-07 -5.079253706877281616e+02 1.029607285224647872e-06 -2.535014976529319597e+02 -1.590797828496386334e-06
2.625255687975799335e-01 6.481524765807754183e-07 -4.310362012894391341e+02 -9.036699404846807613e-07 -2.458924516460318443e+02 4.383408622678581783e-07
2.675305520911575030e-01 -1.769843389693596922e-08 -2.998012454950911660e+02 -9.691999514988745837e-09 -1.580937987600281645e+02 6.279783598787816665e-07
2.725404586615198799e-01 3.583277274951076122e-07 -2.149520151266726486e+02 -1.083053626798275797e-06 -2.531244248162056181e+02 6.686363113281455889e-07
2.775333197047151201e-01 -1.028243675806795591e-06 -1.411510843435779350e+02 1.832261601826033261e-06 -2.255493576653656191e+02 -2.198920990825608457e-06
2.825123907298719983e-01 2.216307779596121951e-07 -8.211081331439511644e+01 -1.047092348931637227e-06 -8.666229852405361100e+01 6.707346418012412593e-07
2.875104651677040102e-01 1.516088263967031977e-08 -1.117141232522505163e+02 -1.723408767533608124e-07 -1.005382828959969288e+02 -3.504812477694871036e-08
2.924971317655564174e-01 -2.187159536868996210e-07 8.031043915950940582e-01 5.577256819015940005e-07 -1.564869319955149081e+02 -7.537763129685205862e-07
2.975058823671092867e-01 -1.788615714634579510e-07 -3.416760556344907229e+01 8.143621549207441096e-07 -6.408723137376786383e+01 -4.563002590175717145e-07
3.025121359101998753e-01 9.251848886842872659e-08 2.615000162120098537e+01 -9.859568372547258723e-07 -5.046768406035190679e+01 1.590687200658325884e-06
3.075010376196579687e-01 1.849840132988451929e-07 9.293472331086377380e+01 -5.154037336050582510e-07 -1.326193238229607800e+02 4.630979091550400069e-07
3.125134169243361515e-01 1.181689350029220321e-07 1.542219686306052608e+02 -4.535370517395498327e-08 -7.084744118238488397e+01 1.578797954633733235e-07
3.175159688234982513e-01 2.422434510418406240e-07 1.583911053040052650e+02 -3.117985013409830007e-07 -5.164055270112288554e+01 5.348543523003016208e-07
3.225221380836135188e-01 1.215633185647536359e-07 2.354323579384557377e+02 -3.597928551833585468e-07 -1.516407494808382239e+02 1.721186797214225085e-08
3.275181733526948968e-01 -1.429275687823954022e-07 2.561858756016290499e+02 -1.172232036456404999e-07 -1.029647075157349150e+02 1.989263642588971697e-07
3.325123842131759710e-01 -2.171741151249366218e-08 2.121750802814520966e+02 1.042435752599695891e-07 -1.176009500342474894e+02 -4.386917125523719787e-07
3.374959366892091861e-01 2.255967832524611994e-07 2.937069859510212950e+02 -4.800614013286970895e-07 -1.709994044073853559e+02 5.557058203576621720e-07
3.424919221947719805e-01 2.395849502350215615e-07 2.553809765895207136e+02 -4.656900678135079270e-07 -1.451428214252973135e+02 8.805764266997913241e-07
3.475179778446125245e-01 3.838751781659424349e-08 2.800496291697977540e+02 -6.456082541881759013e-08 -1.162477047734178370e+02 2.503289919955504187e-07
3.525052850529177828e-01 1.467894046009300538e-07 2.855216030656234807e+02 -2.168950497028680488e-07 -1.134062030975570821e+02 3.253578016709619160e-07
3.575133254796376558e-01 1.744917512799779214e-07 3.329908408765166428e+02 -1.780002985577254839e-07 -1.298149627120203036e+02 3.727831482606767366e-07
3.625250227669692404e-01 -2.385550029233642891e-07 2.875005270290618569e+02 -4.646738974593199137e-07 -1.562797169101039003e+02 -2.616106288078732109e-07
3.675230446100045678e-01 -3.813334565845781777e-07 3.135904759821825678e+02 7.949267446771865685e-07 -1.705164140585700920e+02 -6.022020616162817876e-07
3.725177060730277545e-01 -4.399476462213748694e-07 3.255813654296986783e+02 5.100731634549753301e-07 -1.510092343758934135e+02 -1.524084870855765761e-06
3.775163034622419089e-01 1.441483717228884076e-07 2.715908730459726712e+02 -1.273135253902882961e-08 -1.774098923604167624e+02 -5.057030011628704224e-07
3.825226892977953153e-01 9.062483504011823610e-08 3.089191621621621380e+02 1.366074020798141835e-08 -1.087155878378378304e+02 3.022503208469699949e-07
3.875130067694269043e-01 8.903640087839173398e-08 2.937818756585879783e+02 -5.858715768860313804e-08 -1.797641069546891686e+02 6.657631555523084094e-09
3.924957861003909865e-01 1.332743974370836554e-07 2.777801692787950856e+02 -9.295815561842274917e-08 -2.137295143693882267e+02 3.328790794497534196e-07
3.975064703251052212e-01 -2.745041121382465603e-08 3.106589182826343176e+02 2.073847252701776795e-09 -2.321099560126386336e+02 -1.054626660057178081e-06
