3.798113400606732779e-03 9.945731578947367379e+05 0.000000000000000000e+00 3.164394526315789204e+06 0.000000000000000000e+00 2.214234315789473709e+06 2.143805978947368264e+08 0.000000000000000000e+00 8.781427873684209585e+08 0.000000000000000000e+00 1.275630969263157845e+09
8.299341265228576958e-03 5.630258125000000000e+05 0.000000000000000000e+00 -3.390227500000000000e+05 0.000000000000000000e+00 1.405388625000000000e+06 3.132511200000000000e+07 0.000000000000000000e+00 6.643428400000000000e+07 0.000000000000000000e+00 -2.889152000000000000e+06
1.293222767532251419e-02 9.566102420382165583e+05 0.000000000000000000e+00 1.047115719745222945e+06 0.000000000000000000e+00 -3.283696815286624478e+05 1.345010710828025453e+07 0.000000000000000000e+00 2.146706425477707013e+07 0.000000000000000000e+00 -1.332021156687898189e+07
1.764839556552980082e-02 9.429998904109589057e+05 0.000000000000000000e+00 9.690101917808218859e+05 0.000000000000000000e+00 4.570997260273972061e+05 8.142180821917807683e+06 0.000000000000000000e+00 1.777420273972602561e+07 0.000000000000000000e+00 4.560683835616437718e+06
2.256548662787912635e-02 8.613015954631380737e+05 0.000000000000000000e+00 5.193790548204159131e+05 0.000000000000000000e+00 -1.071522192816635215e+05 3.992378555765595753e+06 0.000000000000000000e+00 6.574034510396976024e+06 0.000000000000000000e+00 -2.264479455576559529e+06
2.777643688250242340e-02 7.666881560975610046e+05 0.000000000000000000e+00 6.671439609756097198e+05 0.000000000000000000e+00 -2.580462926829268326e+04 2.610038321951219346e+06 0.000000000000000000e+00 5.302772136585365981e+06 0.000000000000000000e+00 4.287219512195122206e+02
3.269804980233311648e-02 6.512298240000000224e+05 0.000000000000000000e+00 4.839265279999999912e+05 0.000000000000000000e+00 -1.994848400000000038e+04 1.492234239999999991e+06 0.000000000000000000e+00 2.679958015999999829e+06 0.000000000000000000e+00 -3.827312000000000116e+05
3.761648458559932462e-02 5.888223115306810942e+05 0.000000000000000000e+00 5.005121942009440390e+05 0.000000000000000000e+00 9.996962913014160586e+04 1.079633219150370918e+06 0.000000000000000000e+00 2.000778271072150907e+06 0.000000000000000000e+00 -2.094232231962238802e+04
4.263843696389812976e-02 4.875946785714285215e+05 0.000000000000000000e+00 3.613948571428571013e+05 0.000000000000000000e+00 2.902556250000000000e+04 7.322647142857142026e+05 0.000000000000000000e+00 1.421551714285714319e+06 0.000000000000000000e+00 8.952123214285714494e+04
4.756514582339458480e-02 4.238919843000436085e+05 0.000000000000000000e+00 2.535376607064980490e+05 0.000000000000000000e+00 -3.933281465329263301e+04 4.956661840383776580e+05 0.000000000000000000e+00 8.481149934583514696e+05 0.000000000000000000e+00 -4.034433493240296957e+04
5.262096060748640974e-02 3.745170786516853841e+05 0.000000000000000000e+00 2.606710561797752744e+05 0.000000000000000000e+00 1.855152528089887710e+04 4.047915955056179664e+05 0.000000000000000000e+00 7.000476404494381277e+05 0.000000000000000000e+00 4.990519101123595465e+04
5.756031740041873956e-02 3.609847920792079531e+05 0.000000000000000000e+00 2.688702376237623976e+05 0.000000000000000000e+00 4.580762376237623539e+04 3.245087722772277193e+05 0.000000000000000000e+00 5.431352475247525144e+05 0.000000000000000000e+00 6.741314356435643276e+03
6.254738279606215923e-02 3.210992553348049987e+05 0.000000000000000000e+00 1.930859906794211420e+05 0.000000000000000000e+00 -1.531166544027470991e+04 2.596419092469953175e+05 0.000000000000000000e+00 4.013190561687515001e+05 0.000000000000000000e+00 -1.812679126808928049e+04
6.757793472572401483e-02 3.050220035149384639e+05 0.000000000000000000e+00 1.961664956063268764e+05 0.000000000000000000e+00 -1.613113181019332114e+04 2.211880492091388151e+05 0.000000000000000000e+00 3.336408576449911925e+05 0.000000000000000000e+00 -2.173070738137082571e+03
7.255917516659465827e-02 2.844730608145806473e+05 0.000000000000000000e+00 1.857132527431653289e+05 0.000000000000000000e+00 2.980033773479635420e+04 1.798181350195276318e+05 0.000000000000000000e+00 2.552302860331039701e+05 0.000000000000000000e+00 5.616560907569276424e+03
7.753384299139773339e-02 2.548994656846334401e+05 0.000000000000000000e+00 1.699858426514898019e+05 0.000000000000000000e+00 8.727181118178775705e+02 1.603060729829260090e+05 0.000000000000000000e+00 2.230683682624707290e+05 0.000000000000000000e+00 1.374601138265818554e+04
8.251793356505521260e-02 2.251974495412844117e+05 0.000000000000000000e+00 1.109799908256880735e+05 0.000000000000000000e+00 -1.652125114678899263e+04 1.318580917431192647e+05 0.000000000000000000e+00 1.569540550458715588e+05 0.000000000000000000e+00 -1.321201376146789153e+04
8.752751931716111489e-02 2.059253450822858722e+05 0.000000000000000000e+00 1.156559201762343000e+05 0.000000000000000000e+00 1.569645302578722476e+04 1.131049516651548620e+05 0.000000000000000000e+00 1.384280440585720062e+05 0.000000000000000000e+00 1.165405209278217080e+04
9.254701955136974967e-02 1.848184503190519463e+05 0.000000000000000000e+00 1.019893236098450288e+05 0.000000000000000000e+00 -1.012908272561531476e+03 1.041747602552415628e+05 0.000000000000000000e+00 1.203715442114858743e+05 0.000000000000000000e+00 7.998035551504101932e+03
9.754963178921903511e-02 1.615000506647126458e+05 0.000000000000000000e+00 9.065554108656966127e+04 0.000000000000000000e+00 6.536566942321784154e+03 9.444189846121637675e+04 0.000000000000000000e+00 1.017682135454831005e+05 0.000000000000000000e+00 1.145166628284308536e+04
1.025319613041059119e-01 1.528849170731707418e+05 0.000000000000000000e+00 8.189856060037523275e+04 0.000000000000000000e+00 1.855485778611632122e+04 8.330964652908068092e+04 0.000000000000000000e+00 8.358442626641651441e+04 0.000000000000000000e+00 1.067266191369605986e+04
1.075116003998943526e-01 1.424547043418332178e+05 0.000000000000000000e+00 7.478504755341143755e+04 0.000000000000000000e+00 -4.940753618194348746e+03 7.612752584424534871e+04 0.000000000000000000e+00 6.881219021364576474e+04 0.000000000000000000e+00 -1.877251722949689793e+03
1.125102861506304813e-01 1.352411470974723634e+05 0.000000000000000000e+00 7.319135873850197822e+04 0.000000000000000000e+00 2.196036546339955385e+04 7.182377119888691232e+04 0.000000000000000000e+00 6.549356419571771403e+04 0.000000000000000000e+00 9.077848032774214516e+03
1.175500852175193622e-01 1.300702102119186457e+05 0.000000000000000000e+00 6.706698904849951214e+04 0.000000000000000000e+00 -1.970418574882662597e+03 6.677129284596786601e+04 0.000000000000000000e+00 5.534613227136964997e+04 0.000000000000000000e+00 3.437409187882235983e+03
1.225369446564099490e-01 1.218464667328699143e+05 0.000000000000000000e+00 6.099857583581595827e+04 0.000000000000000000e+00 3.459739688844753800e+03 6.277709367759020824e+04 0.000000000000000000e+00 4.738898113207547431e+04 0.000000000000000000e+00 5.355324991724594838e+03
1.275260957852891452e-01 1.132418763036623714e+05 0.000000000000000000e+00 5.337256948823671701e+04 0.000000000000000000e+00 1.163724957555178298e+04 5.919774533106960735e+04 0.000000000000000000e+00 4.074270191608052119e+04 0.000000000000000000e+00 1.399995755517826865e+03
1.325302087090364789e-01 1.105124390326019784e+05 0.000000000000000000e+00 4.768614825206217211e+04 0.000000000000000000e+00 8.030285618091015749e+02 5.595963773076707002e+04 0.000000000000000000e+00 3.625721564446439879e+04 0.000000000000000000e+00 1.213306352056562503e+02
1.375062694904859717e-01 1.041487814149947226e+05 0.000000000000000000e+00 4.930630285110876139e+04 0.000000000000000000e+00 6.834737909186906109e+03 5.407922956705385150e+04 0.000000000000000000e+00 3.423566124604012293e+04 0.000000000000000000e+00 4.554420696937698267e+03
1.425134422753508989e-01 9.761102706853522977e+04 0.000000000000000000e+00 4.352863121520445566e+04 0.000000000000000000e+00 8.310821654828181408e+02 5.042619466308312258e+04 0.000000000000000000e+00 2.799204760990593059e+04 0.000000000000000000e+00 -2.034044346323670425e+03
1.475259222195813014e-01 9.304377092350448947e+04 0.000000000000000000e+00 3.840838598569411261e+04 0.000000000000000000e+00 3.977830425076313503e+01 4.846207480978632520e+04 0.000000000000000000e+00 2.595272458881953571e+04 0.000000000000000000e+00 2.038834388810424116e+03
1.525299430011916868e-01 8.733788569496110722e+04 0.000000000000000000e+00 3.639504091985119885e+04 0.000000000000000000e+00 6.343351369631383022e+03 4.685603517078119330e+04 0.000000000000000000e+00 2.378526885356780622e+04 0.000000000000000000e+00 9.996076259722691475e+02
1.574945685492469272e-01 8.210304201884579379e+04 0.000000000000000000e+00 3.480005629473854060e+04 0.000000000000000000e+00 2.466300643021797896e+03 4.479980329194806836e+04 0.000000000000000000e+00 2.204277300117280538e+04 0.000000000000000000e+00 -4.252749524810935355e+01
1.625189323163163113e-01 7.829423649635037873e+04 0.000000000000000000e+00 3.099459737226277502e+04 0.000000000000000000e+00 3.393857226277372774e+03 4.297969051094890892e+04 0.000000000000000000e+00 1.920421956204379603e+04 0.000000000000000000e+00 5.320059124087591726e+02
1.675461007718098694e-01 7.420020956719818059e+04 0.000000000000000000e+00 2.966645785876992886e+04 0.000000000000000000e+00 1.641872508542141134e+02 4.149162642369020614e+04 0.000000000000000000e+00 1.771846355353074978e+04 0.000000000000000000e+00 -1.830616791536161614e+01
1.725292014006662711e-01 7.137774836008834245e+04 0.000000000000000000e+00 2.685196927843887170e+04 0.000000000000000000e+00 1.641172957115074041e+03 4.008585581962620199e+04 0.000000000000000000e+00 1.776604726901144022e+04 0.000000000000000000e+00 2.085116524376174311e+03
1.775301965061671094e-01 6.744525795053003822e+04 0.000000000000000000e+00 2.366322867238768231e+04 0.000000000000000000e+00 4.635940938919737164e+03 3.853201009591115871e+04 0.000000000000000000e+00 1.608855426552246354e+04 0.000000000000000000e+00 3.821652574457344826e+02
1.825147654490652804e-01 6.526045720700759557e+04 0.000000000000000000e+00 2.177928376022925295e+04 0.000000000000000000e+00 1.101090371945995457e+03 3.792883642057372344e+04 0.000000000000000000e+00 1.416039469408254263e+04 0.000000000000000000e+00 -3.819252045850689825e+01
1.875360723572403465e-01 6.375761519553072867e+04 0.000000000000000000e+00 2.301850994413407898e+04 0.000000000000000000e+00 3.601924692737430178e+03 3.647168357541899604e+04 0.000000000000000000e+00 1.309606793296089381e+04 0.000000000000000000e+00 1.260922793296089367e+03
1.925323683450522461e-01 6.128216257898682670e+04 0.000000000000000000e+00 1.935285080861090319e+04 0.000000000000000000e+00 -5.642994537860125774e+02 3.590724215486773028e+04 0.000000000000000000e+00 1.200090050337367393e+04 0.000000000000000000e+00 -1.216872978472742716e+03
1.975198663583639380e-01 5.907213436195775284e+04 0.000000000000000000e+00 1.963630889085620220e+04 0.000000000000000000e+00 4.674268369798912317e+03 3.487768023270519916e+04 0.000000000000000000e+00 1.138148253446313356e+04 0.000000000000000000e+00 6.622918426710509721e+02
2.025153694923672032e-01 5.617247823989192693e+04 0.000000000000000000e+00 1.652486114059635293e+04 0.000000000000000000e+00 1.324553121682910387e+03 3.424600907073241251e+04 0.000000000000000000e+00 1.118224683971822924e+04 0.000000000000000000e+00 -3.920740253787513296e+01
2.075088499274508613e-01 5.421323062126451259e+04 0.000000000000000000e+00 1.602402949460715899e+04 0.000000000000000000e+00 2.730581968902425160e+03 3.306296365843046806e+04 0.000000000000000000e+00 9.443419176074561619e+03 0.000000000000000000e+00 7.193796056699260362e+02
2.125178062418619784e-01 5.248649607261302299e+04 0.000000000000000000e+00 1.577052609530459085e+04 0.000000000000000000e+00 3.321529760865770641e+03 3.217128294641298635e+04 0.000000000000000000e+00 9.305360097748298358e+03 0.000000000000000000e+00 3.630313536393786080e+02
2.175004174234404231e-01 5.075091726285666664e+04 0.000000000000000000e+00 1.506633852369329179e+04 0.000000000000000000e+00 5.059593047723255950e+02 3.163534921302920702e+04 0.000000000000000000e+00 8.334615604747075849e+03 0.000000000000000000e+00 -9.962757343657941647e+02
2.225093171556767890e-01 4.915494021000374778e+04 0.000000000000000000e+00 1.447947897007545180e+04 0.000000000000000000e+00 1.975266523512145113e+03 3.117547786686629479e+04 0.000000000000000000e+00 8.385480821890821971e+03 0.000000000000000000e+00 1.671432004885640481e+02
2.275289586476768322e-01 4.724166416653911438e+04 0.000000000000000000e+00 1.259901178631562834e+04 0.000000000000000000e+00 1.014164396142660394e+03 3.045619960202051152e+04 0.000000000000000000e+00 7.568969845400275517e+03 0.000000000000000000e+00 -5.622660339813255632e+02
2.325285406108919262e-01 4.575343968857439177e+04 0.000000000000000000e+00 1.222125712622560241e+04 0.000000000000000000e+00 1.434032415913266505e+03 3.002185945827951946e+04 0.000000000000000000e+00 7.439954304840558507e+03 0.000000000000000000e+00 -7.713179197060375145e+02
2.375276552426477672e-01 4.486425874494638992e+04 0.000000000000000000e+00 1.080594382140973903e+04 0.000000000000000000e+00 2.393209913868869990e+03 2.922447220952715725e+04 0.000000000000000000e+00 6.759279170328704822e+03 0.000000000000000000e+00 -3.425726138161364247e+02
2.424991024241769377e-01 4.266777019566795934e+04 0.000000000000000000e+00 1.021498475511961260e+04 0.000000000000000000e+00 9.740723583137778405e+02 2.885379487785524907e+04 0.000000000000000000e+00 6.417808451370013245e+03 0.000000000000000000e+00 -6.824094676953725411e+02
2.474998551644826128e-01 4.212824284341978637e+04 0.000000000000000000e+00 9.397644828690361464e+03 0.000000000000000000e+00 9.620584694204291054e+02 2.849713429394812556e+04 0.000000000000000000e+00 5.958807300672430756e+03 0.000000000000000000e+00 -3.749743195645212950e+02
2.525200307756395035e-01 4.081056900711413618e+04 0.000000000000000000e+00 8.911726817197650234e+03 0.000000000000000000e+00 9.483596659449428898e+02 2.794484280853696328e+04 0.000000000000000000e+00 5.421758119393752168e+03 0.000000000000000000e+00 -7.669989483451902288e+02
2.575182250600202005e-01 3.983804819313016924e+04 0.000000000000000000e+00 7.274577334028760561e+03 0.000000000000000000e+00 1.411908620818120880e+03 2.761638196855673959e+04 0.000000000000000000e+00 5.520087981521495749e+03 0.000000000000000000e+00 -6.306830340511139354e+01
2.625255687975799335e-01 3.870459428310606745e+04 0.000000000000000000e+00 8.041004621441205018e+03 0.000000000000000000e+00 1.378750385120100418e+03 2.706124082843612632e+04 0.000000000000000000e+00 5.033496662292463043e+03 0.000000000000000000e+00 -2.611230102128145063e+02
2.675305520911575030e-01 3.740792709297026886e+04 0.000000000000000000e+00 6.599695005592299822e+03 0.000000000000000000e+00 1.836027188246502817e+01 2.689582215103353883e+04 0.000000000000000000e+00 5.068007125005177841e+03 0.000000000000000000e+00 -7.077811684456165722e+02
2.725404586615198799e-01 3.667601121277833590e+04 0.000000000000000000e+00 6.478693393981065128e+03 0.000000000000000000e+00 1.383228645475220674e+03 2.623175585761887123e+04 0.000000000000000000e+00 4.503304384619453231e+03 0.000000000000000000e+00 9.812342981435445921e+00
2.775333197047151201e-01 3.561959066353038361e+04 0.000000000000000000e+00 6.441367074210975261e+03 0.000000000000000000e+00 1.399706361310000830e+03 2.616801633623697853e+04 0.000000000000000000e+00 4.490282730633029132e+03 0.000000000000000000e+00 -7.406381471812236441e+02
2.825123907298719983e-01 3.432172222565305856e+04 0.000000000000000000e+00 5.636375619094670583e+03 0.000000000000000000e+00 5.545627369851169988e+02 2.564914795281911938e+04 0.000000000000000000e+00 4.417744161057246856e+03 0.000000000000000000e+00 -5.568397702711048396e+02
2.875104651677040102e-01 3.409408465811147471e+04 0.000000000000000000e+00 4.761181382876843600e+03 0.000000000000000000e+00 5.245792951541850471e+02 2.514578050181957224e+04 0.000000000000000000e+00 4.150465811147289969e+03 0.000000000000000000e+00 -9.017443976249760453e+02
2.924971317655564174e-01 3.348697148273589846e+04 0.000000000000000000e+00 5.073855252054699122e+03 0.000000000000000000e+00 -4.586923903871273183e+02 2.491494720780496573e+04 0.000000000000000000e+00 3.884542694979712905e+03 0.000000000000000000e+00 -1.368566784958790322e+03
2.975058823671092867e-01 3.222196252553059094e+04 0.000000000000000000e+00 4.094861912796376600e+03 0.000000000000000000e+00 8.555681555812094530e+02 2.454347145013764384e+04 0.000000000000000000e+00 3.687294201225468441e+03 0.000000000000000000e+00 -1.719781435929313602e+02
3.025121359101998753e-01 3.160947576844926516e+04 0.000000000000000000e+00 3.600992261467295066e+03 0.000000000000000000e+00 8.266836712636720677e+02 2.444433115732134320e+04 0.000000000000000000e+00 3.947231334572651576e+03 0.000000000000000000e+00 -7.436917556525874033e+02
3.075010376196579687e-01 3.104751465746982649e+04 0.000000000000000000e+00 3.742820797408162434e+03 0.000000000000000000e+00 1.029918587030360186e+03 2.411679724094686026e+04 0.000000000000000000e+00 2.969503015101635810e+03 0.000000000000000000e+00 -3.836401525839996225e+02
3.125134169243361515e-01 3.037406539312286259e+04 0.000000000000000000e+00 3.233716147194852056e+03 0.000000000000000000e+00 -2.192266639855218102e+02 2.375291598632616297e+04 0.000000000000000000e+00 3.219583189221797966e+03 0.000000000000000000e+00 -8.849279710436356936e+02
3.175159688234982513e-01 2.977304822626754685e+04 0.000000000000000000e+00 3.180506881747895022e+03 0.000000000000000000e+00 -2.753440088023498902e+02 2.349276772995647843e+04 0.000000000000000000e+00 3.103759507225589459e+03 0.000000000000000000e+00 -1.276673576249373809e+03
3.225221380836135188e-01 2.917058380215216312e+04 0.000000000000000000e+00 2.215219482726071419e+03 0.000000000000000000e+00 4.043688880498395406e+02 2.325580215216160286e+04 0.000000000000000000e+00 2.926203360392675222e+03 0.000000000000000000e+00 -8.680108740796678148e+02
3.275181733526948968e-01 2.866957837837837724e+04 0.000000000000000000e+00 3.093033098852276908e+03 0.000000000000000000e+00 9.915693261754906018e+01 2.296293698630137078e+04 0.000000000000000000e+00 2.899319955572010258e+03 0.000000000000000000e+00 -1.139842354683450594e+03
3.325123842131759710e-01 2.796392773334994126e+04 0.000000000000000000e+00 2.297310050970938846e+03 0.000000000000000000e+00 1.447661901669676354e+03 2.261956992269852708e+04 0.000000000000000000e+00 2.712766360959641588e+03 0.000000000000000000e+00 -2.569394308689966806e+02
3.374959366892091861e-01 2.742853715446869683e+04 0.000000000000000000e+00 1.771182006096065606e+03 0.000000000000000000e+00 7.632776512630067600e+02 2.233758974179308643e+04 0.000000000000000000e+00 2.708080019619521408e+03 0.000000000000000000e+00 -7.995160985180255011e+02
3.424919221947719805e-01 2.697416543183125395e+04 0.000000000000000000e+00 1.938504362899932630e+03 0.000000000000000000e+00 9.650152597321421126e+02 2.224276852044770931e+04 0.000000000000000000e+00 2.433227045812533106e+03 0.000000000000000000e+00 -9.382854094958704536e+02
3.475179778446125245e-01 2.659367595648054339e+04 0.000000000000000000e+00 1.222802104093834714e+03 0.000000000000000000e+00 5.154500931159537913e+02 2.194462286405070699e+04 0.000000000000000000e+00 2.107764106250203895e+03 0.000000000000000000e+00 -3.834915215473584453e+02
3.525052850529177828e-01 2.612292996966310238e+04 0.000000000000000000e+00 1.321525658630049520e+03 0.000000000000000000e+00 3.317339294267922583e+02 2.173855494172122053e+04 0.000000000000000000e+00 1.981509564106658217e+03 0.000000000000000000e+00 -8.191825003991697258e+02
3.575133254796376558e-01 2.585742253834185613e+04 0.000000000000000000e+00 1.082763342045358741e+03 0.000000000000000000e+00 1.004200902882632931e+03 2.157672408427926712e+04 0.000000000000000000e+00 2.018685776915943052e+03 0.000000000000000000e+00 -5.490143863387265810e+02
3.625250227669692404e-01 2.531494413491943851e+04 0.000000000000000000e+00 1.298544917934045998e+03 0.000000000000000000e+00 6.424734829092003565e+02 2.130643360939617560e+04 0.000000000000000000e+00 1.722336033729859764e+03 0.000000000000000000e+00 -8.911805450986296364e+02
3.675230446100045678e-01 2.487493821490278424e+04 0.000000000000000000e+00 7.610974491320924926e+02 0.000000000000000000e+00 1.073249495148320648e+03 2.119820682515728913e+04 0.000000000000000000e+00 1.992770494791097235e+03 0.000000000000000000e+00 -5.202097850097325136e+02
3.725177060730277545e-01 2.465519400766196122e+04 0.000000000000000000e+00 8.663090514037395451e+02 0.000000000000000000e+00 6.800312768025617061e+02 2.094255726456630146e+04 0.000000000000000000e+00 1.505933100806221091e+03 0.000000000000000000e+00 -6.051496369146320831e+02
3.775163034622419089e-01 2.402556495955758146e+04 0.000000000000000000e+00 6.589955937415960534e+02 0.000000000000000000e+00 3.983063142579350711e+02 2.083024202012122259e+04 0.000000000000000000e+00 1.862435481757814387e+03 0.000000000000000000e+00 -6.755624082029498823e+02
3.825226892977953153e-01 2.400050162162162087e+04 0.000000000000000000e+00 3.530173243243243064e+02 0.000000000000000000e+00 1.249205621621621503e+03 2.058292410810810907e+04 0.000000000000000000e+00 1.674206270270270352e+03 0.000000000000000000e+00 -5.377061081081080829e+02
3.875130067694269043e-01 2.345801306638566894e+04 0.000000000000000000e+00 4.737657007376185447e+02 0.000000000000000000e+00 3.511369336143308715e+02 2.052169441517386804e+04 0.000000000000000000e+00 1.611791464699683956e+03 0.000000000000000000e+00 -6.409088514225501285e+02
3.924957861003909865e-01 2.334803540050848096e+04 0.000000000000000000e+00 4.005105654426673141e+02 0.000000000000000000e+00 1.102139091816046175e+03 2.036030539696842970e+04 0.000000000000000000e+00 1.417471167894957034e+03 0.000000000000000000e+00 -4.267357255495124377e+02
3.975064703251052212e-01 2.309317142680131656e+04 0.000000000000000000e+00 4.006136918406542691e+02 0.000000000000000000e+00 7.311032030233567411e+02 2.015468127129670029e+04 0.000000000000000000e+00 1.502137017532990512e+03 0.000000000000000000e+00 -3.728144972430457074e+02
