3.798113400606732779e-03 -1.606188322368420896e-04 -3.872661473684210330e+06 2.987510279605262958e-04 -5.248938947368420660e+06 -5.677875719572368250e-04
8.299341265228576958e-03 -1.125335693359375000e-04 -2.160110000000000000e+06 3.728866577148437500e-04 -1.379298750000000000e+05 -5.400180816650390625e-04
1.293222767532251419e-02 -1.555035828025477701e-05 -1.756514853503184859e+06 1.399532245222929964e-05 -2.243648407643312239e+05 -3.382202925955413939e-05
1.764839556552980082e-02 2.633708797089040780e-05 -1.165280109589040978e+06 -1.275049497003424671e-05 -3.379627397260273574e+05 6.202802266160102628e-05
2.256548662787912635e-02 6.738096644612477008e-05 -7.830556672967864433e+05 -1.149168537334593567e-04 -5.617312665406427550e+04 2.260262213492438596e-04
2.777643688250242340e-02 2.847066739710365841e-06 -5.667683902439024532e+05 -2.353947337080792656e-06 -5.287484878048780229e+04 1.556349963676638789e-05
3.269804980233311648e-02 -4.394531250000000515e-06 -4.329581120000000228e+05 3.344726562500000260e-05 -1.152943200000000070e+05 -5.023193359375000396e-05
3.761648458559932462e-02 -2.304766520566419442e-06 -3.202165124747134396e+05 7.078925741739716615e-06 -6.165612407282535423e+04 2.263609975556304658e-06
4.263843696389812976e-02 -6.062643868582588923e-06 -2.314145000000000000e+05 3.150531223842075796e-05 -4.134292410714285506e+04 -1.964398792811802359e-05
4.756514582339458480e-02 1.778084796118621839e-05 -1.797902904491932131e+05 -4.136442774204099804e-05 -5.407825992150021648e+02 6.461528207452028015e-05
5.262096060748640974e-02 -7.447232021374649067e-06 -1.521137865168539283e+05 -8.813450845439782760e-06 -2.789176685393258231e+04 -1.519047812129674213e-05
5.756031740041873956e-02 -6.061969417156559708e-06 -1.260848415841584210e+05 2.693893885848545728e-05 -1.656513613861386330e+04 -3.503808880796526663e-05
6.254738279606215923e-02 3.203709452415991760e-06 -1.109346441010546841e+05 -5.374447165501593899e-06 -1.191771106205543219e+04 5.482984051155874091e-06
6.757793472572401483e-02 -5.779031709962653579e-06 -8.979280843585236289e+04 1.176589402666410306e-05 -1.410894727592267009e+04 -2.425081491051323511e-05
7.255917516659465827e-02 1.089710805281755600e-06 -7.584196987167565385e+04 -1.452947740375674205e-06 -1.347525534684768536e+04 -3.450750883392226104e-06
7.753384299139773339e-02 6.538751255440241427e-07 -6.415367927686642361e+04 -8.173439069300301783e-08 -8.930986273853364764e+03 3.902817155590894214e-06
8.251793356505521260e-02 2.974763922735091696e-06 -5.525659633027523523e+04 4.322156993620986161e-06 -6.121421444954128674e+03 5.560183743818091249e-06
8.752751931716111489e-02 -2.151297460152909509e-06 -4.688376934041726054e+04 4.429141829726577753e-06 -8.305904885318128436e+03 -7.687724747311131489e-06
9.254701955136974967e-02 5.452548142661804875e-06 -3.915969006381039071e+04 -1.691402689152233176e-05 -6.267513673655424100e+03 1.969593920920692845e-05
9.754963178921903511e-02 -3.047604891787920113e-06 -3.390812184654035082e+04 5.370045936158798371e-06 -7.301936564430022372e+03 -7.730022994658091956e-06
1.025319613041059119e-01 -7.328799249530956842e-07 -2.938101913696060001e+04 -1.190929878048780487e-06 -4.289793996247654832e+03 3.000227192776735616e-06
1.075116003998943526e-01 -1.724632257925568559e-06 -2.540604272915230831e+04 1.367086545916609301e-06 -3.697117849758787088e+03 5.941568449560647300e-07
1.125102861506304813e-01 2.217401517933060354e-07 -2.240936229419494703e+04 -1.535668498057896016e-06 -2.921227796243333160e+03 4.881232011684026675e-06
1.175500852175193622e-01 -2.031322224790214905e-06 -2.017724249751102252e+04 1.258725310233252786e-06 -3.455492248613284119e+03 -5.692476704727279758e-06
1.225369446564099490e-01 -1.284950657894737025e-06 -1.753952307183052108e+04 6.263124275902019870e-07 -2.970598344918901148e+03 -1.960761970891261450e-06
1.275260957852891452e-01 -7.401789504001940111e-09 -1.510299490662139215e+04 -9.992415830402619025e-08 -2.084290565122483713e+03 -4.556726663401194382e-06
1.325302087090364789e-01 -1.493256726614667988e-06 -1.350319465798776764e+04 1.568604543095224681e-06 -2.097846809943325297e+03 -1.251801223801975151e-06
1.375062694904859717e-01 -1.031217001055966133e-06 -1.193990791974656713e+04 2.010873152059134022e-06 -2.353415839493135991e+03 -2.590932715153114998e-06
1.425134422753508989e-01 -6.839944799565655511e-07 -1.082451602994816676e+04 2.038069205266725606e-06 -1.507841044346323542e+03 -1.242211602383644825e-06
1.475259222195813014e-01 -2.224617294637568915e-08 -9.051099184473096102e+03 5.227850642398287230e-07 -1.803898674199280094e+03 -2.502694456467264987e-08
1.525299430011916868e-01 1.047525931581839710e-06 -8.384696652012175036e+03 -5.856856809583192046e-07 -1.578761582685153826e+03 2.681382572404992451e-06
1.574945685492469272e-01 -1.184813159703967234e-06 -7.633265661018319406e+03 2.379499762405467501e-06 -9.623744085412705545e+02 -1.113230697971852633e-06
1.625189323163163113e-01 3.252238252737226689e-07 -6.880374306569343389e+03 -8.487005303375912674e-07 -1.322224525547445410e+03 1.872821445882755567e-06
1.675461007718098694e-01 -1.036224712814991375e-06 -6.131428246013667376e+03 2.247325923285343140e-06 -9.562302107061502738e+02 -2.062402173435497847e-06
1.725292014006662711e-01 -7.866547810841547335e-07 -5.386181098988035046e+03 1.564255990519003363e-06 -1.014415729966707431e+03 -1.131696456163265995e-08
1.775301965061671094e-01 -9.936313927624936110e-07 -4.682572438162544131e+03 1.525108649356385670e-06 -7.310598182735991486e+02 -3.479635516902763674e-06
1.825147654490652804e-01 2.452297335224083284e-07 -4.165430706963277771e+03 -7.861776751159561630e-07 -6.927222665366775800e+02 5.463574210094832669e-07
1.875360723572403465e-01 1.159326990223463735e-07 -3.703280446927374214e+03 -7.535625436452514277e-07 -6.812277094972066607e+02 1.502862855708798949e-06
1.925323683450522461e-01 -1.431583936890864304e-06 -3.343449501981364392e+03 2.121228253520937980e-06 -8.725853593231230434e+02 -3.045384322370006204e-06
1.975198663583639380e-01 -3.797811670039205729e-07 -2.914091716200834526e+03 -1.335409388042241025e-06 -5.315648918679651160e+02 1.938659351484444187e-06
2.025153694923672032e-01 1.663845569876001243e-07 -2.650826401621152399e+03 -9.931538379481087716e-07 -5.352125349802181518e+02 1.109843892295607035e-07
2.075088499274508613e-01 8.766928887268428282e-07 -2.219368247498225173e+03 -2.188936867847472057e-06 -4.151965009503309147e+02 1.747751392108639688e-06
2.125178062418619784e-01 6.032668393535084558e-07 -1.969418223075580499e+03 -1.476205941331929767e-06 -5.747120352592075960e+02 2.443530335229070334e-06
2.175004174234404231e-01 -5.689456741593721606e-07 -1.731243329686053357e+03 7.288412417278638906e-07 -3.901097129871222933e+02 -3.469220095537255223e-07
2.225093171556767890e-01 4.172336876489824748e-07 -1.590446681507456560e+03 1.852301140701030450e-06 -3.528053820846712938e+02 -2.790626036951965945e-06
2.275289586476768322e-01 -2.942916610860247855e-07 -1.444073779274452818e+03 7.263865602996327138e-07 -5.484912750650543103e+02 6.253697798078027618e-07
2.325285406108919262e-01 5.717917062694413473e-07 -1.172832626925945533e+03 -8.121662779341677497e-07 -1.515401651719935217e+02 1.009378902839234676e-06
2.375276552426477672e-01 -3.755019280629284499e-09 -1.159784566707681506e+03 7.475170525081297308e-07 -2.533299525399894492e+02 -4.675669543540714840e-07
2.424991024241769377e-01 -2.514236679722451940e-07 -9.611879188965610865e+02 1.916590255854000280e-07 -2.421511319703543563e+02 -1.375617199766177759e-07
2.474998551644826128e-01 -1.878643738242475198e-07 -7.380286903618315364e+02 1.002839082637888208e-07 -7.081475344220301338e+01 5.145505037286363462e-08
2.525200307756395035e-01 4.332684305405196596e-07 -5.981531704299412695e+02 -3.903191634607949743e-07 -1.157553587998762765e+02 2.611173847456889870e-07
2.575182250600202005e-01 2.440996953817711173e-07 -5.533398703524327402e+02 -5.283900019966377450e-07 -8.920089412115341077e+01 5.095879586227390496e-07
2.625255687975799335e-01 2.402821807069093439e-07 -4.772651337935756146e+02 -3.987291259556683903e-07 -1.933264249443715528e+02 9.815875316921748178e-07
2.675305520911575030e-01 4.829144106163957595e-07 -2.909763466397868115e+02 -2.920241592994435004e-07 -1.934294196434735795e+02 1.489512838504629063e-06
2.725404586615198799e-01 1.654441084155339329e-07 -2.552897604061987522e+02 -1.691968650210570117e-06 -9.663045432908445775e+01 1.358961941747352139e-06
2.775333197047151201e-01 -7.479121865165462812e-08 -2.404839610204978442e+02 4.560686671965267469e-07 -1.949457698968645616e+02 -3.385264034075510964e-07
2.825123907298719983e-01 2.791115494542394935e-07 -2.193000185265238144e+02 2.063653927430062514e-08 -1.516617674303711567e+02 2.727745299738891984e-07
2.875104651677040102e-01 2.560453884356370043e-07 -3.096216601225818721e+01 -1.005435944334160519e-06 -1.408952667113579764e+02 8.692677005957059062e-07
2.924971317655564174e-01 -1.378439659728323008e-07 -2.634103677074061522e+01 3.304992082426033523e-07 -1.705074038539342496e+02 1.528255678408008882e-07
2.975058823671092867e-01 1.903791726561806240e-07 1.131203822928691949e+02 -2.574522619549773456e-08 -1.193929158156469157e+02 9.349582144680756829e-08
3.025121359101998753e-01 -1.765849767484314912e-07 4.035886094418745529e+01 1.775950939397311639e-07 -1.813145562232501788e+02 7.787745861963644626e-07
3.075010376196579687e-01 -1.875355169305533973e-07 1.876505199352040734e+02 6.653045719679156327e-07 -9.413352145059309350e+01 -1.163007249127998176e-06
3.125134169243361515e-01 -5.025919260883773012e-07 5.915134727528654679e+01 6.127448573861351720e-07 -1.144581540317715707e+02 -9.115231773058893085e-07
3.175159688234982513e-01 8.514497536619150828e-08 2.317630438840369038e+02 4.617016269856863319e-08 -7.138527964161860950e+01 -4.465614112955713326e-07
3.225221380836135188e-01 -4.681051958950821612e-10 2.159983764394940806e+02 -3.721616347825863032e-07 -4.701015669246744011e+01 4.097765878796555357e-07
3.275181733526948968e-01 -9.377856291651240784e-08 2.243872084413180232e+02 1.271094979290077700e-07 -8.523750462791558391e+01 2.306331223534107764e-07
3.325123842131759710e-01 -2.741823203452324867e-08 2.445333890781643333e+02 -7.502008339347029601e-07 -1.937174092886307335e+02 3.933905494755297333e-07
3.374959366892091861e-01 -1.069179067547209530e-09 3.173895876397015172e+02 -7.147462066553096000e-07 -1.002823809690642207e+02 -1.189461712646270589e-08
3.424919221947719805e-01 -1.271682326088224923e-07 3.294463659168757204e+02 -3.779439873134204200e-07 -3.310154055788447636e+01 -4.525917398547991938e-07
3.475179778446125245e-01 4.488800150530119887e-08 2.474563988630051767e+02 9.436860057893002557e-07 -1.835526676903976124e+02 -2.349923392903525265e-06
3.525052850529177828e-01 1.120715786164777296e-07 3.117697908350630769e+02 2.480192761555963402e-07 -8.383046463356218680e+01 -1.985616012444116117e-08
3.575133254796376558e-01 -1.388215206228778834e-07 2.664575269600140928e+02 5.079791700298821378e-07 -1.761758551708808795e+02 -3.852531100436711038e-07
3.625250227669692404e-01 -6.203693791409426425e-08 3.157508808914320184e+02 2.295366702821487592e-07 -1.917135371179039112e+02 3.606758640394424626e-07
3.675230446100045678e-01 8.899263864284204311e-10 3.220775248051673429e+02 -9.789190250712625466e-09 -1.218375434682763654e+02 -4.338391133838549475e-08
3.725177060730277545e-01 -2.877000224918162763e-07 3.021422322602779218e+02 8.064979781375972195e-07 -1.939124163760077977e+02 -1.472663126881204973e-06
3.775163034622419089e-01 -6.607677185545541256e-08 3.392424269588542529e+02 -5.913239774325787245e-08 -1.841339254314892457e+02 1.358887752409564794e-07
3.825226892977953153e-01 -2.561002164273648748e-07 3.400199999999999818e+02 5.445738096494932290e-07 -2.098123513513513387e+02 -6.523647823849239936e-07
3.875130067694269043e-01 1.928452068686610966e-07 3.137483667017913831e+02 -4.837208980001564047e-07 -2.457128292939936784e+02 2.500882766771869374e-07
3.924957861003909865e-01 2.160675566408135684e-07 2.674393846747980774e+02 -1.708897947977343699e-07 -1.869959772149454693e+02 5.795521144261095231e-07
3.975064703251052212e-01 1.745104058569791314e-07 2.759183941515395873e+02 -4.139659085848925287e-07 -2.147554426615451462e+02 2.122532441768052103e-07
