3.798113400606732779e-03 -1.927425986842105292e-04 -3.780771368421052583e+06 3.276624177631578833e-04 -7.580203789473683573e+06 -4.834626850328947083e-04
8.299341265228576958e-03 -1.068115234375000000e-04 -2.308978000000000000e+06 2.975463867187500000e-04 -8.540633750000000000e+05 -3.604888916015625000e-04
1.293222767532251419e-02 2.954568073248407665e-05 -1.569966165605095681e+06 -7.386420183121018823e-05 -2.661315668789808988e+05 1.059368157842356791e-04
1.764839556552980082e-02 -5.852686215753424333e-05 -1.080394520547945052e+06 9.949566566780821027e-05 -2.749756164383561700e+05 -1.691008267337328682e-04
2.256548662787912635e-02 3.092140241020794336e-05 -8.210638638941398822e+05 -1.142245835302457531e-04 -5.539566351606805256e+04 1.357426490134688109e-04
2.777643688250242340e-02 2.530725990853658413e-05 -5.422108878048780607e+05 -5.612257050304878290e-05 -5.185529756097561039e+04 1.157807140815548792e-04
3.269804980233311648e-02 4.179382324218749816e-05 -3.932401280000000261e+05 -4.589080810546875434e-05 1.111762700000000041e+04 9.710884094238281976e-05
3.761648458559932462e-02 1.070070170262980491e-05 -3.110641888064733357e+05 -2.148371649527983855e-05 -7.279351584625757823e+04 1.833524080200606794e-05
4.263843696389812976e-02 -7.220676967075892615e-06 -2.306476964285714203e+05 -2.472741263253348069e-05 -1.226135491071428442e+04 1.043932778494698637e-05
4.756514582339458480e-02 5.004190743567379375e-06 -1.971518185782817309e+05 6.175384321849106031e-06 -2.973679895333624154e+04 9.050132195813345571e-06
5.262096060748640974e-02 5.196989252326194020e-06 -1.561686516853932408e+05 -3.082296821508514367e-05 -2.395242134831460498e+04 -2.348021175084489053e-06
5.756031740041873956e-02 -3.701389426051980097e-06 -1.256925841584158479e+05 -1.310594011061262354e-05 -1.274319554455445541e+04 -2.110358512047493738e-05
6.254738279606215923e-02 -8.623068432671081670e-06 -1.061889193034093623e+05 3.694745293720873237e-05 -1.518075251410350575e+04 -1.196151332934755808e-05
6.757793472572401483e-02 -8.313224269551844643e-06 -9.144749384885764448e+04 5.980158103580843628e-06 -1.173347275922671361e+04 -2.832530043456173041e-05
7.255917516659465827e-02 4.540461688673982022e-07 -7.736261558489863819e+04 -1.225924655941975130e-06 -8.952329551794680810e+03 -2.758330475869444201e-06
7.753384299139773339e-02 2.708728791560303339e-06 -6.483824037495815719e+04 -5.791009290584721817e-06 -8.316056243722799991e+03 3.175349150926802807e-06
8.251793356505521260e-02 6.588227158292717991e-06 -5.639906422018349258e+04 -1.031105671453913536e-05 -7.816403096330275730e+03 1.761563327334342893e-05
8.752751931716111489e-02 1.613473095114681920e-06 -4.528118595309057855e+04 2.610030006803161936e-06 -5.001095762602048126e+03 1.348515503514967127e-06
9.254701955136974967e-02 -3.644305136166818465e-06 -3.984376663628076494e+04 8.651747307999088361e-06 -4.446956244302643427e+03 -1.125283532503418307e-05
9.754963178921903511e-02 -1.124483146655500850e-06 -3.385267706479640037e+04 3.577900921176593805e-07 -5.503478279074635793e+03 -6.657451356903590544e-06
1.025319613041059119e-01 1.342658925011726164e-06 -2.883956472795497029e+04 -5.143042129602485610e-06 -3.628347091932457715e+03 6.352222435469922972e-06
1.075116003998943526e-01 -5.047704169538249155e-07 -2.533381943487250101e+04 -1.177797639558924838e-06 -2.966228463128876683e+03 1.272442092737767069e-06
1.125102861506304813e-01 2.642010319239391228e-07 -2.177331004096776815e+04 3.963015478859086578e-07 -4.270633377135348383e+03 -1.712588831935533867e-06
1.175500852175193622e-01 1.128512347105674933e-07 -2.043274640876120247e+04 -4.731070993635329266e-07 -3.486239510738159879e+03 1.431257486377293574e-06
1.225369446564099490e-01 1.002099884144323095e-06 -1.743397497517378360e+04 1.777919149288315151e-07 -3.003288977159881142e+03 3.374005658308507393e-06
1.275260957852891452e-01 -1.032549635808270619e-06 -1.561077855930147962e+04 2.018838087216528978e-06 -2.411697065243754423e+03 -5.557356081973456604e-06
1.325302087090364789e-01 7.958613115758795146e-07 -1.312625688794119196e+04 2.022832004946762109e-07 -2.020956624207395635e+03 -1.829699711141130872e-06
1.375062694904859717e-01 1.417923376451953538e-07 -1.170632819429778283e+04 -1.656392307946145624e-06 -1.899507074973600766e+03 3.259612489275343285e-06
1.425134422753508989e-01 1.874760030716068303e-07 -1.009930965636398469e+04 -5.038417582549433796e-07 -1.154429928969091861e+03 -1.567182213176713270e-06
1.475259222195813014e-01 6.465294012540435020e-07 -9.577104742812884069e+03 1.253432806947355247e-06 -2.152889698847327963e+03 6.414892526958802309e-07
1.525299430011916868e-01 2.115692768219479098e-07 -8.259210686506594357e+03 -3.844368566642711864e-07 -1.564116841393303957e+03 1.864776766134912782e-06
1.574945685492469272e-01 -6.713941238322480991e-07 -7.506730618352407873e+03 1.115699058721235785e-06 -9.408362518704249169e+02 -1.469908826257734273e-06
1.625189323163163113e-01 1.396680400319343232e-06 -6.571388029197080868e+03 -4.721314367586678877e-06 -7.277651824817519355e+02 -2.534685343721487354e-06
1.675461007718098694e-01 -3.321024171312197456e-07 -6.206689635535307389e+03 1.929479742376027473e-06 -1.010231705580865537e+03 -1.523821935023696568e-06
1.725292014006662711e-01 -1.047888046381842030e-06 -5.248859676302864500e+03 3.150862986047230945e-06 -1.065999011108547393e+03 -4.357479319409139192e-06
1.775301965061671094e-01 1.007592298959253493e-06 -4.663622917718324061e+03 -1.124815769956185359e-06 -6.219353230691569934e+02 2.023789811651854528e-06
1.825147654490652804e-01 1.332535096125439430e-06 -4.206735560873290524e+03 1.920365192657094874e-07 -6.705138704245324561e+02 4.002338582865262131e-06
1.875360723572403465e-01 -3.786992760343924398e-07 -3.876409385474860301e+03 -3.489702107520077105e-07 -7.893709497206704100e+02 -8.177890457920522464e-07
1.925323683450522461e-01 2.026443015690264418e-07 -3.131619578022919541e+03 -7.157919684454321520e-07 -7.079861304487521920e+02 1.298394335456383070e-06
1.975198663583639380e-01 2.315738823194637518e-09 -2.657848286328569429e+03 7.722988975354115603e-07 -5.863737447831035752e+02 -1.728120096808998279e-07
2.025153694923672032e-01 -3.246707505819984845e-07 -2.541996333108173530e+03 5.407498102097003906e-07 -3.590501543954453609e+02 3.442724710678164375e-07
2.075088499274508613e-01 -4.360752192630928200e-07 -2.306436877418763743e+03 4.081216795667407256e-07 -3.538224827680963926e+02 2.697516580697978136e-07
2.125178062418619784e-01 1.824449381709286054e-07 -1.972194274742538028e+03 -6.192474178794293007e-08 -2.618208238785128401e+02 1.172408484979790387e-06
2.175004174234404231e-01 5.218479210113738591e-07 -1.761749516034003818e+03 -1.240404715151530456e-06 -3.106564893527481104e+02 1.859485817100050317e-06
2.225093171556767890e-01 4.977946590394200916e-07 -1.459558479935383502e+03 -1.210819375972695574e-06 -4.000331356750261307e+02 3.169833743702104155e-06
2.275289586476768322e-01 5.190977910822937673e-07 -1.249799938772386440e+03 -1.325772254952022486e-06 -2.180301163324659512e+02 1.712249027137166570e-06
2.325285406108919262e-01 -3.552880504975169984e-07 -1.260902188347006813e+03 9.859243401306096718e-07 -1.851443253961035396e+02 -1.290139733369108551e-06
2.375276552426477672e-01 1.139916567333890005e-07 -9.388404992089998586e+02 -8.020989399087053947e-07 -1.761931973984883086e+02 9.206167359535672018e-07
2.424991024241769377e-01 -1.545637303108064913e-07 -9.127474212010197334e+02 9.036826098838485369e-07 -3.737673931761011659e+02 -4.817236261353468911e-08
2.474998551644826128e-01 2.184625699510186430e-07 -7.046320845341018639e+02 -6.946889857164835240e-07 -4.022060518731988310e+01 -1.753823252545691773e-07
2.525200307756395035e-01 6.837664910082547769e-07 -5.160638107021342194e+02 -1.590951765575462047e-06 -1.634544076708939144e+02 1.911611111585178862e-06
2.575182250600202005e-01 -4.141849977996237076e-07 -5.687366962223380824e+02 6.498145360756928858e-07 -1.475890023098129689e+02 -5.629101557042717206e-07
2.625255687975799335e-01 2.045880886453756911e-07 -3.642868716836880481e+02 -1.423410744405060695e-07 -1.937453928225024242e+02 5.181084521492732729e-07
2.675305520911575030e-01 -2.106956416301901214e-07 -2.230920037005840584e+02 4.483603253890446021e-07 -1.545576697366785766e+02 -5.907905791310530906e-07
2.725404586615198799e-01 -2.491749681624199664e-07 -1.732351510022742787e+02 1.214400107991583818e-06 -1.577026200613529383e+01 -1.167944612915148706e-06
2.775333197047151201e-01 5.695373486248610408e-07 -1.819719027063354417e+02 -1.389134724277535145e-06 -1.090711479308294685e+02 -7.908049750642980939e-08
2.825123907298719983e-01 2.563077024022725950e-07 -8.008206014944730100e+01 -3.693846299326869830e-07 -1.050852961156055159e+02 7.851308001528438465e-07
2.875104651677040102e-01 -6.100885303192634933e-08 -2.789466517429611159e+00 -2.595616172406207973e-07 -7.716282800229841143e+01 -1.174009433082181595e-06
2.924971317655564174e-01 -1.890834696389970832e-07 -5.351098151637401656e+01 6.702585677501762229e-07 -1.796703233189610103e+02 -9.189597731522153032e-07
2.975058823671092867e-01 -4.298775268695608547e-07 2.719896101589556636e+01 1.188514817196102735e-06 -5.818676738300328566e+01 -1.839725069927286278e-06
3.025121359101998753e-01 -8.443755133803121257e-08 1.155151960572392085e+02 7.388285742077731266e-08 -7.332041416281181512e+01 -4.617678588798581710e-07
3.075010376196579687e-01 -1.550038456262737112e-07 1.422448973193290556e+02 5.227393065462194181e-07 -3.492429064116632986e+01 -9.715647422613915571e-07
3.125134169243361515e-01 -2.043505633546149269e-07 1.733865272471345236e+02 5.320478631485019553e-07 -9.643629599839131572e+01 -1.879350150971496199e-07
3.175159688234982513e-01 1.529011881575974422e-08 1.798947647630930078e+02 5.243611335051724073e-07 -1.094349107484944597e+02 4.226518627552411191e-07
3.225221380836135188e-01 2.606985860215688513e-07 2.141650556919011024e+02 -7.439271805532612808e-07 -1.321105153860675898e+02 1.101091445021208986e-06
3.275181733526948968e-01 -2.643877556923361531e-07 2.136020362828581938e+02 -5.581519286838208265e-07 -9.252933172898926273e+01 6.242488676069048383e-07
3.325123842131759710e-01 1.840550625683838065e-07 2.218019694530186712e+02 -9.251617304322300434e-07 -8.543279041426119136e+01 1.473526371122695056e-06
3.374959366892091861e-01 6.281427021839856076e-08 2.418231790631678564e+02 -8.199266974252662782e-07 -1.557734295624146057e+02 5.584121798723910476e-07
3.424919221947719805e-01 1.519660379675428534e-08 3.080037003391977919e+02 -2.781805088317991688e-08 -1.103613414563001669e+02 2.929081797708084579e-07
3.475179778446125245e-01 -5.783054632110301471e-08 2.960543666481523815e+02 -2.143718527420197889e-07 -1.391424510732838939e+02 -1.931839370640294714e-07
3.525052850529177828e-01 8.283551462957049808e-08 3.090639948906274981e+02 -1.763909193876736442e-07 -1.607251476927989700e+02 -4.382973259370509352e-07
3.575133254796376558e-01 1.120396097360716184e-07 3.399336557549187319e+02 -5.718932062728499230e-08 -1.656038353350552939e+02 -8.821072614136954105e-08
3.625250227669692404e-01 -2.950201047470260543e-07 3.284710736334889134e+02 8.110755216176027303e-07 -1.908251166992922663e+02 -1.152853096236918408e-06
3.675230446100045678e-01 -6.229484704998942666e-08 2.816359964715059618e+02 1.655263078756861905e-07 -1.542398792730135710e+02 -2.825516276910234790e-07
3.725177060730277545e-01 1.337074403240965923e-07 2.987073589113156800e+02 -8.822946102952213579e-08 -1.546543684601749646e+02 3.993500975585323280e-07
3.775163034622419089e-01 -5.723847753084036151e-08 3.200947173168024165e+02 6.060544679736037654e-08 -2.170064749243213100e+02 -6.060544679736037654e-08
3.825226892977953153e-01 1.956836597339526998e-07 2.791705135135135265e+02 -8.195413125527871346e-07 -1.931168108108108186e+02 6.957956262536951413e-07
3.875130067694269043e-01 1.599841424361169861e-07 3.325593519494204884e+02 -1.700333976142650198e-07 -2.210998419388830598e+02 7.357059715922188191e-07
3.924957861003909865e-01 -1.319976346023879260e-07 3.128539375020114335e+02 2.938518770315064826e-07 -2.517823962926013053e+02 -3.936358031892639983e-07
3.975064703251052212e-01 4.953599819558887452e-08 3.080922371600272527e+02 -5.464085297147017226e-08 -1.744980856204696238e+02 1.296207708509192568e-06
