3.798113400606732779e-03 -1.156455592105263094e-04 -1.908809473684210330e+06 3.405119243421052375e-04 -4.943974736842105049e+05 -4.545512952302631208e-04
8.299341265228576958e-03 5.245208740234375000e-05 -1.874310375000000000e+06 -1.578330993652343750e-04 -7.317037500000000000e+05 1.703500747680664062e-04
1.293222767532251419e-02 -2.488057324840764456e-05 -1.747668789808917325e+06 6.531150477707006274e-05 -4.853055796178344171e+05 -1.244028662420382160e-04
1.764839556552980082e-02 5.351027397260273676e-05 -1.112395068493150640e+06 -1.371200770547945265e-04 -1.621354109589041036e+05 1.663835081335616312e-04
2.256548662787912635e-02 1.015329631379962231e-05 -8.705534669187145773e+05 -5.307404891304347679e-05 -9.581665784499055007e+04 3.472888852788279728e-05
2.777643688250242340e-02 1.905487804878048779e-05 -5.857673365853658179e+05 -2.530725990853658413e-05 -1.715628487804878096e+05 5.976979325457316961e-05
3.269804980233311648e-02 -4.028320312500000190e-06 -4.197842559999999939e+05 1.281738281250000080e-06 -5.359877999999999884e+04 -2.897644042968750033e-05
3.761648458559932462e-02 -5.720759756405934244e-06 -3.001782117329736939e+05 1.018624489000337202e-05 -5.291338637896156433e+04 -6.507878679724376050e-06
4.263843696389812976e-02 2.724783761160714134e-07 -2.297106428571428405e+05 -4.223414829799106538e-06 -2.337838839285714130e+04 -4.598072596958705115e-06
4.756514582339458480e-02 1.067383238388574027e-05 -1.716047518534670817e+05 -2.817519096843654669e-05 -3.547122328826864305e+03 4.054925039352104280e-05
5.262096060748640974e-02 -8.229459269662921120e-06 -1.508958764044943673e+05 -6.514988588483145887e-06 -3.263143258426966349e+04 -3.214632527212078880e-05
5.756031740041873956e-02 -3.059311668471534830e-06 -1.314085049504950584e+05 5.835353738010519903e-06 -2.017679331683168493e+04 -1.138271671710628131e-05
6.254738279606215923e-02 -3.592945180279617363e-07 -1.056601854304635635e+05 6.407418904831983520e-06 -7.482820701496197216e+03 -6.302624670407161471e-06
6.757793472572401483e-02 -6.221509775922671349e-06 -8.917486115992970008e+04 1.812819227811950584e-05 -7.874497363796132959e+03 -2.979352310797451345e-05
7.255917516659465827e-02 -3.995606286033104221e-06 -7.833531560349637584e+04 -6.719883299237493117e-06 -1.248642737586014482e+04 -5.902600195276176787e-07
7.753384299139773339e-02 3.877275158499331017e-06 -6.434609173083361384e+04 -8.712375207932290377e-06 -9.788174087713425251e+03 1.414835073894428054e-05
8.251793356505521260e-02 9.274263994409404185e-07 -5.439499541284403676e+04 -3.587215318592316713e-07 -7.509418004587156247e+03 1.590186302815008649e-06
8.752751931716111489e-02 4.682235648568096918e-06 -4.646515692626668897e+04 -8.921557114163536145e-06 -6.729588700272126516e+03 1.573927185920694614e-05
9.254701955136974967e-02 -2.835377195040095110e-06 -3.923344758432087110e+04 5.808763321465323915e-06 -5.548731084776663920e+03 -1.286596412971656525e-05
9.754963178921903511e-02 -1.763394025437035496e-06 -3.297724107610174542e+04 3.066772218151365877e-06 -6.139818276981052804e+03 -4.267924670260650842e-06
1.025319613041059119e-01 1.603174835834896809e-07 -2.953769906191369591e+04 -3.091837183395872153e-07 -4.827160600375234935e+03 -1.817885751348499080e-06
1.075116003998943526e-01 7.131196645766928211e-07 -2.587545416953825043e+04 -1.361828520740006884e-06 -2.712488283942108865e+03 2.802856045702586717e-06
1.125102861506304813e-01 1.283262155059132746e-06 -2.223980706500734595e+04 -2.679753323799953938e-06 -3.931424905310350368e+03 3.406306161590786115e-06
1.175500852175193622e-01 -1.692768520658512280e-06 -1.915277144076233890e+04 5.499327476088039069e-06 -2.661322429241928603e+03 -6.906712585891943161e-06
1.225369446564099490e-01 -7.657174517957630174e-07 -1.731263978814961956e+04 -2.343620696789142747e-07 -2.942906057596822393e+03 8.546134092601788543e-07
1.275260957852891452e-01 9.599195763002515600e-07 -1.490516905166141078e+04 -5.086417224781332972e-07 -2.998581857870482509e+03 4.631322823246214179e-07
1.325302087090364789e-01 1.095968239717187565e-07 -1.340354233769148777e+04 8.356757827843555017e-07 -1.621753212502104134e+03 -1.900819915759497180e-06
1.375062694904859717e-01 -9.796561510031678895e-07 -1.167587243928194221e+04 2.242896977296726328e-06 -1.767207708553326256e+03 -4.266660341869060228e-06
1.425134422753508989e-01 -7.030350115185255474e-08 -1.046895910923401789e+04 6.913177613265501569e-07 -1.364742177001343862e+03 -1.713647840576406234e-06
1.475259222195813014e-01 7.563698801767734243e-07 -9.169183106291859076e+03 -2.246863467583944693e-06 -1.582397375734657544e+03 2.413709764681762125e-06
1.525299430011916868e-01 -1.191367238689444472e-06 -8.642557997970916404e+03 2.720406783526113732e-06 -1.619343084206966523e+03 -6.221700932151528760e-06
1.574945685492469272e-01 1.950004992012779472e-07 -7.266986856472681211e+03 -1.137914305465685217e-06 -9.684122618999473389e+02 1.007708275935717884e-06
1.625189323163163113e-01 7.395500684306569713e-07 -6.686018686131387767e+03 -3.118584625912409027e-08 -9.453345985401460894e+02 1.002402201186131473e-08
1.675461007718098694e-01 2.867540085777334634e-07 -5.936240318906605353e+03 3.997177089265375566e-07 -9.567385392938496125e+02 2.967469513008969036e-06
1.725292014006662711e-01 -5.633333470679369334e-07 -5.417194844579226810e+03 7.484285896759733226e-07 -8.614827438441507184e+02 -5.210833460378416395e-07
1.775301965061671094e-01 2.907719773394118995e-07 -4.767314487632508644e+03 -2.883649245468670984e-06 -5.971576224129227057e+02 -4.821326743467235687e-07
1.825147654490652804e-01 -5.265226631510531897e-07 -4.353003042925935915e+03 8.691230261603001993e-07 -6.325291145971816604e+02 -1.225247087709385816e-06
1.875360723572403465e-01 -1.380963032472067065e-07 -3.588423910614525084e+03 1.918004211766759871e-07 -9.047243575418995079e+02 7.503658699589734452e-07
1.925323683450522461e-01 -6.536912953839563407e-08 -3.084388775838063339e+03 -4.641208197226089516e-07 -5.771148655885187964e+02 5.768825681763413667e-07
1.975198663583639380e-01 2.331177082015935069e-07 -2.888440318704944730e+03 -7.093879928386239184e-07 -4.621906159099531806e+02 5.914782910909637096e-07
2.025153694923672032e-01 4.682326470978481588e-07 -2.440261700279841989e+03 -1.544578763539756860e-06 -5.751904371321046483e+02 1.000884093914346680e-06
2.075088499274508613e-01 -4.724148208683505373e-07 -2.195012663445465023e+03 5.478893780485011974e-07 -4.911949437816300019e+02 -1.084597340218461705e-06
2.125178062418619784e-01 -3.778740963941678178e-08 -2.099362890556816183e+03 8.149262726421360297e-07 -2.991940129167393820e+02 -1.026107120896784066e-06
2.175004174234404231e-01 -2.851149879534550947e-07 -1.768559043851527804e+03 1.447408069475422916e-06 -4.184644390202844875e+02 -9.327241441495349857e-07
2.225093171556767890e-01 -5.350691383394732651e-07 -1.665530151100254216e+03 1.340077650964815544e-06 -5.260566576702586872e+02 -1.800447530384424201e-06
2.275289586476768322e-01 3.404207111372072791e-07 -1.400912750650543558e+03 -2.998388253326859969e-07 -1.824133437930506716e+02 1.823922202102845771e-06
2.325285406108919262e-01 3.400217670777018271e-07 -1.202397613373838112e+03 -2.060948261675049717e-07 -2.359748967675040490e+02 8.777766005406916406e-07
2.375276552426477672e-01 2.574870363860081140e-07 -1.046663104236245317e+03 4.291450606433468235e-09 -2.987167164703814706e+02 1.012782343118298603e-06
2.424991024241769377e-01 -3.709529527459355658e-08 -9.461774348758293627e+02 -1.092250360863032459e-07 -2.534782131582057332e+02 -3.199469217433694065e-07
2.474998551644826128e-01 6.449440141690681791e-08 -6.965868075568363338e+02 4.133504818083573468e-07 -1.019825248158821580e+02 -2.955993398274895986e-08
2.525200307756395035e-01 4.153335717599753088e-07 -6.044269718527683608e+02 -7.740307473708630658e-07 -1.164749845344881010e+02 7.126746515426848230e-07
2.575182250600202005e-01 -1.373416078347366133e-07 -4.890924074212055643e+02 6.253136118303404709e-07 -3.503484390134863133e+02 3.054941227251136072e-07
2.625255687975799335e-01 -2.524704072645061855e-07 -4.116327665886917089e+02 7.286818306220403022e-07 -1.325946682261653393e+02 -8.137817696224040282e-07
2.675305520911575030e-01 4.937784046379524455e-07 -3.355226246530702383e+02 -1.945754497738403166e-06 -1.702700459811380540e+02 2.924776487468584851e-06
2.725404586615198799e-01 -2.464259730683204273e-07 -2.626539112498016380e+02 -5.815890033714055162e-07 -1.226850108425450827e+02 -3.563384890726571078e-07
2.775333197047151201e-01 9.465994713986610192e-09 -1.277923591904257137e+02 -5.841307571422570890e-07 -1.253126243957918575e+02 -5.002186581672299440e-07
2.825123907298719983e-01 1.705576990250416864e-07 -1.066832211449391821e+02 -6.516057948940128741e-07 -2.037982585067621812e+02 4.590216526937758887e-07
2.875104651677040102e-01 5.969369212824410699e-07 -1.180005506607929533e+02 -1.357903633051917720e-06 -1.762657417161463229e+02 1.647878346190190388e-06
2.924971317655564174e-01 -7.132962231530823307e-07 2.008323700424233138e+01 1.180360614574784084e-06 -2.139405610976892547e+02 -1.596097310413511785e-06
2.975058823671092867e-01 2.472896726672808636e-08 1.207452712902939282e+02 -2.201894345667569447e-09 -7.446858904626586728e+00 -1.726369855247438570e-07
3.025121359101998753e-01 1.157717989048787275e-07 1.119694349574164534e+02 -3.831024057778251922e-07 -7.248817198780856508e+00 -9.379659633497118933e-08
3.075010376196579687e-01 -1.342728786186445237e-07 8.703115430840780675e+01 9.807342084378429367e-08 -1.454912055181062840e+02 4.373835366167307027e-07
3.125134169243361515e-01 -4.924664477239593686e-07 1.641396239694349504e+02 5.966361418063794471e-07 -1.357695958174140287e+02 -6.025810249370035648e-07
3.175159688234982513e-01 -2.530364760882592677e-07 2.460269375485062540e+02 5.222624897461465011e-07 -9.063550805080998884e+01 -5.215129741179230312e-07
3.225221380836135188e-01 2.396698602982820665e-07 2.757221634887672508e+02 -4.505332470030205966e-07 -5.250431376250708126e+01 2.560895502466018579e-07
3.275181733526948968e-01 7.767802651217141692e-10 2.176639948167345437e+02 -3.341214385839446249e-07 -9.989918548685672306e+01 3.308466036025791729e-07
3.325123842131759710e-01 4.995004647873542699e-08 3.171497905121111671e+02 -3.583372899561454326e-07 -8.296706903760107821e+01 1.807974508415097552e-07
3.374959366892091861e-01 -5.880484871509652518e-09 2.769697824335213454e+02 -2.280024361544424281e-07 -1.463784728304663076e+02 2.904825879142324701e-07
3.424919221947719805e-01 2.726486907133154117e-07 2.481135437415096590e+02 -7.686047978877231105e-07 -1.217579028077573895e+02 8.124778381377668640e-07
3.475179778446125245e-01 2.188587054738295191e-07 3.164653837357466841e+02 -9.380014905444424576e-07 -1.226382445192276265e+02 7.459392666633654254e-08
3.525052850529177828e-01 -3.254948457209005142e-07 2.865313108733833474e+02 7.747556956530416348e-07 -9.468250838256426505e+01 -1.385058531379730066e-06
3.575133254796376558e-01 -2.037296452612074854e-07 3.190573230832905551e+02 5.448773922341938187e-07 -1.363473568839052348e+02 -7.222052192303510610e-07
3.625250227669692404e-01 1.847322151219695698e-07 3.081651859659689876e+02 -2.127637204016714165e-07 -1.147747854238819372e+02 1.306222192746762580e-07
3.675230446100045678e-01 -3.203734991142313296e-07 3.418726097004425242e+02 -7.119411091427363614e-08 -8.733342810693378055e+01 -8.988256502927046282e-08
3.725177060730277545e-01 2.436398219282477524e-07 3.421146149007947770e+02 -5.580595205044063349e-07 -1.267540025158671284e+02 6.858504611241129272e-07
3.775163034622419089e-01 -1.111099857951606947e-07 3.332736913964184282e+02 2.558896642555216193e-07 -1.802355107191372383e+02 -1.178439243282007414e-08
3.825226892977953153e-01 -1.395972999366554142e-07 3.209402702702702754e+02 -1.144409179687500024e-08 -1.415143513513513369e+02 -1.422521230336782070e-07
3.875130067694269043e-01 -1.869161463135537609e-07 3.214143045310853495e+02 3.221791210114265057e-07 -3.261108798735511414e+02 7.330931652459003631e-08
3.924957861003909865e-01 -8.564132245035883766e-08 2.751658867827374593e+02 6.482026699224407316e-08 -2.356476941396067559e+02 1.340600976430502398e-07
3.975064703251052212e-01 -8.856686700284795855e-08 2.493300786816182608e+02 4.070826263928766578e-07 -2.671340313487392564e+02 -5.943330127018165297e-07
