3.798113400606732779e-03 2.360960855263157646e+04 0.000000000000000000e+00 3.066027631578947330e+04 0.000000000000000000e+00 2.446705921052631311e+04
8.299341265228576958e-03 3.077442773437500000e+04 0.000000000000000000e+00 7.161900878906250000e+03 0.000000000000000000e+00 -4.693109375000000000e+03
1.293222767532251419e-02 2.978081528662420533e+04 0.000000000000000000e+00 3.931396496815286810e+03 0.000000000000000000e+00 -2.213925159235669071e+03
1.764839556552980082e-02 3.584466438356164144e+04 0.000000000000000000e+00 1.239285188356164326e+04 0.000000000000000000e+00 2.904417808219178028e+02
2.256548662787912635e-02 3.618904347826087178e+04 0.000000000000000000e+00 2.045596786389414046e+04 0.000000000000000000e+00 -1.334228638941398822e+04
2.777643688250242340e-02 3.230960975609756133e+04 0.000000000000000000e+00 1.611841463414634200e+04 0.000000000000000000e+00 3.873871646341463475e+03
3.269804980233311648e-02 2.810037800000000061e+04 0.000000000000000000e+00 1.351567200000000048e+04 0.000000000000000000e+00 -3.928427500000000236e+03
3.761648458559932462e-02 2.459390694538098251e+04 0.000000000000000000e+00 1.245641807147673535e+04 0.000000000000000000e+00 3.333531692515171926e+03
4.263843696389812976e-02 2.207833928571428623e+04 0.000000000000000000e+00 1.248640178571428442e+04 0.000000000000000000e+00 3.183432756696428442e+03
4.756514582339458480e-02 1.916826166593981907e+04 0.000000000000000000e+00 8.254038377671173293e+03 0.000000000000000000e+00 -1.414704644570431810e+03
5.262096060748640974e-02 1.837093820224719093e+04 0.000000000000000000e+00 9.491875702247190929e+03 0.000000000000000000e+00 3.629536165730336961e+03
5.756031740041873956e-02 1.757963613861386330e+04 0.000000000000000000e+00 9.944685024752476238e+03 0.000000000000000000e+00 -1.381961943069306926e+03
6.254738279606215923e-02 1.579063625214618514e+04 0.000000000000000000e+00 8.190924699533970852e+03 0.000000000000000000e+00 1.027239575668383623e+03
6.757793472572401483e-02 1.487169595782073702e+04 0.000000000000000000e+00 7.564326010544815290e+03 0.000000000000000000e+00 1.084819035588752172e+02
7.255917516659465827e-02 1.455154323972475322e+04 0.000000000000000000e+00 7.036330295703924094e+03 0.000000000000000000e+00 -7.790152036451553386e+02
7.753384299139773339e-02 1.301007030465349999e+04 0.000000000000000000e+00 6.753055908938735229e+03 0.000000000000000000e+00 1.900765985939069424e+03
8.251793356505521260e-02 1.226570183486238602e+04 0.000000000000000000e+00 5.575970756880734370e+03 0.000000000000000000e+00 -4.302281034977064422e+01
8.752751931716111489e-02 1.111445691330828049e+04 0.000000000000000000e+00 5.656436439030711881e+03 0.000000000000000000e+00 8.766495399766748733e+02
9.254701955136974967e-02 1.046173928896991856e+04 0.000000000000000000e+00 4.851283956244302317e+03 0.000000000000000000e+00 8.663366567912488563e+02
9.754963178921903511e-02 9.279547786035800527e+03 0.000000000000000000e+00 4.136337904323248949e+03 0.000000000000000000e+00 -1.796042996964304450e+02
1.025319613041059119e-01 8.890603377110694055e+03 0.000000000000000000e+00 4.301054033771107243e+03 0.000000000000000000e+00 8.858925891181988277e+01
1.075116003998943526e-01 8.261771881461061639e+03 0.000000000000000000e+00 3.721964851826326594e+03 0.000000000000000000e+00 1.388433300310130960e+02
1.125102861506304813e-01 7.865406199273402308e+03 0.000000000000000000e+00 3.511174151658035498e+03 0.000000000000000000e+00 3.943903532503671840e+02
1.175500852175193622e-01 7.601048499502205232e+03 0.000000000000000000e+00 3.652521689660076845e+03 0.000000000000000000e+00 3.780266676148485203e+02
1.225369446564099490e-01 7.338459582919563218e+03 0.000000000000000000e+00 3.214716716319099760e+03 0.000000000000000000e+00 6.697161949685535376e+01
1.275260957852891452e-01 6.942012612175600225e+03 0.000000000000000000e+00 3.116780014552510238e+03 0.000000000000000000e+00 2.619741692942032500e+02
1.325302087090364789e-01 6.719573985747151710e+03 0.000000000000000000e+00 2.674254867852533607e+03 0.000000000000000000e+00 -2.489720554402109940e+02
1.375062694904859717e-01 6.386565575501584135e+03 0.000000000000000000e+00 2.889140654699049719e+03 0.000000000000000000e+00 5.340444561774023668e+02
1.425134422753508989e-01 6.010849683240545346e+03 0.000000000000000000e+00 2.548061816087540592e+03 0.000000000000000000e+00 -6.665364033403724875e+01
1.475259222195813014e-01 5.784238735249897218e+03 0.000000000000000000e+00 2.272119914346895257e+03 0.000000000000000000e+00 1.651017358421796075e+02
1.525299430011916868e-01 5.447845451471085653e+03 0.000000000000000000e+00 2.288982076428812888e+03 0.000000000000000000e+00 4.718085897869461860e+02
1.574945685492469272e-01 5.236513932138956989e+03 0.000000000000000000e+00 2.005701298176082673e+03 0.000000000000000000e+00 4.533995227888542701e+01
1.625189323163163113e-01 5.020185109489051683e+03 0.000000000000000000e+00 1.985850364963503807e+03 0.000000000000000000e+00 2.435578102189781191e+02
1.675461007718098694e-01 4.827685079726651566e+03 0.000000000000000000e+00 1.883056947608200289e+03 0.000000000000000000e+00 4.157175398633257402e+01
1.725292014006662711e-01 4.676491413125886538e+03 0.000000000000000000e+00 1.813210271285888666e+03 0.000000000000000000e+00 4.390310182285658129e+02
1.775301965061671094e-01 4.482865724381625114e+03 0.000000000000000000e+00 1.599419989904088879e+03 0.000000000000000000e+00 9.931357269056032067e+01
1.825147654490652804e-01 4.343842358710744520e+03 0.000000000000000000e+00 1.624221454104995701e+03 0.000000000000000000e+00 1.637709090371945990e+02
1.875360723572403465e-01 4.228344581005586406e+03 0.000000000000000000e+00 1.458106927374301677e+03 0.000000000000000000e+00 2.546477374301676093e+02
1.925323683450522461e-01 4.135661133126272034e+03 0.000000000000000000e+00 1.429797044018421275e+03 0.000000000000000000e+00 1.757543108064688795e+02
1.975198663583639380e-01 4.034259061590994861e+03 0.000000000000000000e+00 1.402295990894144325e+03 0.000000000000000000e+00 1.904875679777412358e+02
2.025153694923672032e-01 3.856550419762617366e+03 0.000000000000000000e+00 1.307309755862202110e+03 0.000000000000000000e+00 1.717058887387822352e+01
2.075088499274508613e-01 3.757128580915523798e+03 0.000000000000000000e+00 1.225424626165014161e+03 0.000000000000000000e+00 1.001603883761936373e+02
2.125178062418619784e-01 3.642691918310350957e+03 0.000000000000000000e+00 1.193418746727177677e+03 0.000000000000000000e+00 8.307034386454878927e+01
2.175004174234404231e-01 3.522073562831411436e+03 0.000000000000000000e+00 1.148302078949583347e+03 0.000000000000000000e+00 7.450927426142580146e+01
2.225093171556767890e-01 3.482334863379366197e+03 0.000000000000000000e+00 1.124494237702172995e+03 0.000000000000000000e+00 1.356660034278284570e+02
2.275289586476768322e-01 3.360040716363079810e+03 0.000000000000000000e+00 1.125465482932802843e+03 0.000000000000000000e+00 1.302045289300474451e+02
2.325285406108919262e-01 3.267868371746129924e+03 0.000000000000000000e+00 1.001160424208247719e+03 0.000000000000000000e+00 7.871036690739090602e+01
2.375276552426477672e-01 3.196393601687467253e+03 0.000000000000000000e+00 9.785225522939005032e+02 0.000000000000000000e+00 9.949002460889435895e+01
2.424991024241769377e-01 3.113081694325798253e+03 0.000000000000000000e+00 8.882132595006162319e+02 0.000000000000000000e+00 1.219691641483632480e+02
2.474998551644826128e-01 3.042276528978546139e+03 0.000000000000000000e+00 8.778614793467819482e+02 0.000000000000000000e+00 1.327122718539865502e+02
2.525200307756395035e-01 2.994950572223940981e+03 0.000000000000000000e+00 8.361611506340860842e+02 0.000000000000000000e+00 1.172767321373337523e+02
2.575182250600202005e-01 2.913497116459280278e+03 0.000000000000000000e+00 7.967623276954027460e+02 0.000000000000000000e+00 1.150921540868787645e+02
2.625255687975799335e-01 2.854446739316483217e+03 0.000000000000000000e+00 7.366449477948308413e+02 0.000000000000000000e+00 -8.950082372910367567e+00
2.675305520911575030e-01 2.796576683558635978e+03 0.000000000000000000e+00 6.969234890432333032e+02 0.000000000000000000e+00 8.496640304607778305e+00
2.725404586615198799e-01 2.735217432696884771e+03 0.000000000000000000e+00 6.835486327815094683e+02 0.000000000000000000e+00 3.570409107737874876e+01
2.775333197047151201e-01 2.681668570837749030e+03 0.000000000000000000e+00 6.336957117377930899e+02 0.000000000000000000e+00 1.184043816398273208e+01
2.825123907298719983e-01 2.616961501883530218e+03 0.000000000000000000e+00 6.612921632804298042e+02 0.000000000000000000e+00 5.999927746557154506e+01
2.875104651677040102e-01 2.559434208006129211e+03 0.000000000000000000e+00 6.258259433058800596e+02 0.000000000000000000e+00 8.369769919555641025e+01
2.924971317655564174e-01 2.538313285322914453e+03 0.000000000000000000e+00 5.758616560126691866e+02 0.000000000000000000e+00 -1.899014697892704717e+01
2.975058823671092867e-01 2.485413728798508146e+03 0.000000000000000000e+00 5.705346772045111265e+02 0.000000000000000000e+00 -4.540357414417014681e+00
3.025121359101998753e-01 2.433111063075526545e+03 0.000000000000000000e+00 5.363712766417362445e+02 0.000000000000000000e+00 7.921991861571052063e+00
3.075010376196579687e-01 2.405721607357475023e+03 0.000000000000000000e+00 5.321155876051627729e+02 0.000000000000000000e+00 1.675779641532110631e+01
3.125134169243361515e-01 2.344236316106977938e+03 0.000000000000000000e+00 4.637209732555801338e+02 0.000000000000000000e+00 2.414321123127387836e-01
3.175159688234982513e-01 2.304465109882013166e+03 0.000000000000000000e+00 4.661903704649723181e+02 0.000000000000000000e+00 1.589524736961027918e+00
3.225221380836135188e-01 2.289637304134415899e+03 0.000000000000000000e+00 4.674861619784784352e+02 0.000000000000000000e+00 1.619128044175948844e+01
3.275181733526948968e-01 2.242984376156979124e+03 0.000000000000000000e+00 4.553511292114031903e+02 0.000000000000000000e+00 -2.723204600148093135e+01
3.325123842131759710e-01 2.218643514770897582e+03 0.000000000000000000e+00 3.986990223898520753e+02 0.000000000000000000e+00 -6.635795742636790173e+00
3.374959366892091861e-01 2.177229022877763327e+03 0.000000000000000000e+00 3.990235083908489173e+02 0.000000000000000000e+00 -1.696734203657639384e+01
3.424919221947719805e-01 2.146134462325713230e+03 0.000000000000000000e+00 3.783881522472893266e+02 0.000000000000000000e+00 2.737342589737392728e+01
3.475179778446125245e-01 2.107433593622373792e+03 0.000000000000000000e+00 3.786264906720684849e+02 0.000000000000000000e+00 6.208032986735060099e+00
3.525052850529177828e-01 2.091030113364202407e+03 0.000000000000000000e+00 3.646650167651285415e+02 0.000000000000000000e+00 -1.679184296662941023e+01
3.575133254796376558e-01 2.055763257735435673e+03 0.000000000000000000e+00 3.399118271493281895e+02 0.000000000000000000e+00 1.547261843628085920e+01
3.625250227669692404e-01 2.013232826381568884e+03 0.000000000000000000e+00 3.253460021081162381e+02 0.000000000000000000e+00 -3.110471502785724951e+01
3.675230446100045678e-01 2.006758728284087510e+03 0.000000000000000000e+00 3.180868855207809247e+02 0.000000000000000000e+00 -2.266399295759245902e+01
3.725177060730277545e-01 1.977349877065584224e+03 0.000000000000000000e+00 2.932651094973983845e+02 0.000000000000000000e+00 -1.878313511349991671e+01
3.775163034622419089e-01 1.955924617813971736e+03 0.000000000000000000e+00 2.705492859654808626e+02 0.000000000000000000e+00 4.947212817454023970e+00
3.825226892977953153e-01 1.940434378378378369e+03 0.000000000000000000e+00 2.836561621621621612e+02 0.000000000000000000e+00 6.723731081081081129e+01
3.875130067694269043e-01 1.912536354056902155e+03 0.000000000000000000e+00 2.700846944151738853e+02 0.000000000000000000e+00 2.879323630136986623e+01
3.924957861003909865e-01 1.892429517587616374e+03 0.000000000000000000e+00 2.629045924114182640e+02 0.000000000000000000e+00 2.492007369742220035e+01
3.975064703251052212e-01 1.879557003903104032e+03 0.000000000000000000e+00 2.562049191499907010e+02 0.000000000000000000e+00 3.986858930673440682e+01
