3.798113400606732779e-03 1.812780098684210316e+04 0.000000000000000000e+00 2.738360690789473665e+04 0.000000000000000000e+00 2.712632401315789321e+04
8.299341265228576958e-03 3.709427343750000000e+04 0.000000000000000000e+00 1.797878125000000000e+04 0.000000000000000000e+00 -1.164136718750000000e+04
1.293222767532251419e-02 3.700146815286624042e+04 0.000000000000000000e+00 1.623730573248407745e+04 0.000000000000000000e+00 -3.185519426751592619e+04
1.764839556552980082e-02 3.649773972602739377e+04 0.000000000000000000e+00 2.834801883561643626e+04 0.000000000000000000e+00 2.017160273972602590e+04
2.256548662787912635e-02 3.418121739130435162e+04 0.000000000000000000e+00 1.988415879017013140e+04 0.000000000000000000e+00 -9.773035916824197557e+03
2.777643688250242340e-02 3.363854390243902162e+04 0.000000000000000000e+00 1.880691585365853825e+04 0.000000000000000000e+00 8.356453658536585863e+03
3.269804980233311648e-02 2.980572600000000239e+04 0.000000000000000000e+00 1.563928700000000026e+04 0.000000000000000000e+00 -1.353018749999999955e+02
3.761648458559932462e-02 2.585687390424814657e+04 0.000000000000000000e+00 1.440042211732973738e+04 0.000000000000000000e+00 2.170579062710721701e+03
4.263843696389812976e-02 2.257346428571428623e+04 0.000000000000000000e+00 1.172330357142857065e+04 0.000000000000000000e+00 5.849664481026785552e+02
4.756514582339458480e-02 2.040952289576973271e+04 0.000000000000000000e+00 1.143483209768861707e+04 0.000000000000000000e+00 -1.037627453118185713e+03
5.262096060748640974e-02 1.857941432584269569e+04 0.000000000000000000e+00 8.406347612359550112e+03 0.000000000000000000e+00 -3.085842038272471655e+02
5.756031740041873956e-02 1.813711881188118787e+04 0.000000000000000000e+00 9.363818069306931648e+03 0.000000000000000000e+00 -1.785976175742574412e+01
6.254738279606215923e-02 1.712870051508461984e+04 0.000000000000000000e+00 1.137447829286239721e+04 0.000000000000000000e+00 2.564698552857493269e+03
6.757793472572401483e-02 1.576537258347978786e+04 0.000000000000000000e+00 7.016185852372583213e+03 0.000000000000000000e+00 -4.835783721441124499e+02
7.255917516659465827e-02 1.479458136507346171e+04 0.000000000000000000e+00 7.669015436116794262e+03 0.000000000000000000e+00 6.147970987539520138e+02
7.753384299139773339e-02 1.368803347840642891e+04 0.000000000000000000e+00 6.793985269501172297e+03 0.000000000000000000e+00 1.034879310344827672e+03
8.251793356505521260e-02 1.274508027522935845e+04 0.000000000000000000e+00 5.661875000000000000e+03 0.000000000000000000e+00 -5.827059919724771362e+02
8.752751931716111489e-02 1.143063988596604941e+04 0.000000000000000000e+00 5.627734093559673966e+03 0.000000000000000000e+00 7.893951017234677465e+02
9.254701955136974967e-02 1.065869917958067344e+04 0.000000000000000000e+00 5.658108933454876933e+03 0.000000000000000000e+00 -5.526115969690063423e+01
9.754963178921903511e-02 9.750320946299591014e+03 0.000000000000000000e+00 4.921569768659060173e+03 0.000000000000000000e+00 9.396749712132314016e+02
1.025319613041059119e-01 9.000225140712946086e+03 0.000000000000000000e+00 4.395312945590994786e+03 0.000000000000000000e+00 2.248356238273921122e+02
1.075116003998943526e-01 8.577962095106822744e+03 0.000000000000000000e+00 4.178567539627842962e+03 0.000000000000000000e+00 1.977727429359062796e+02
1.125102861506304813e-01 8.139346680064930297e+03 0.000000000000000000e+00 3.987716162943495419e+03 0.000000000000000000e+00 5.175255855298755705e+02
1.175500852175193622e-01 7.731086331958469600e+03 0.000000000000000000e+00 3.640162423552837481e+03 0.000000000000000000e+00 3.906625657801166653e+02
1.225369446564099490e-01 7.581163853028799167e+03 0.000000000000000000e+00 3.434175968222443316e+03 0.000000000000000000e+00 2.695518536908308533e+02
1.275260957852891452e-01 7.337440213436817430e+03 0.000000000000000000e+00 3.328137036138733947e+03 0.000000000000000000e+00 6.941665656075673496e+01
1.325302087090364789e-01 6.987237079849615839e+03 0.000000000000000000e+00 3.021118231300151365e+03 0.000000000000000000e+00 -1.085622860669996044e+02
1.375062694904859717e-01 6.581533262935586208e+03 0.000000000000000000e+00 2.815087856388595355e+03 0.000000000000000000e+00 3.167619852164730787e+02
1.425134422753508989e-01 6.343024764830101958e+03 0.000000000000000000e+00 2.852923401804569039e+03 0.000000000000000000e+00 3.159564455749663807e+02
1.475259222195813014e-01 5.989825140097498661e+03 0.000000000000000000e+00 2.489654016128297371e+03 0.000000000000000000e+00 3.904554592464349128e+01
1.525299430011916868e-01 5.753838349678728264e+03 0.000000000000000000e+00 2.450422894825836920e+03 0.000000000000000000e+00 1.682558124788637031e+02
1.574945685492469272e-01 5.484899906984267545e+03 0.000000000000000000e+00 2.402034698912120348e+03 0.000000000000000000e+00 1.305190176729890368e+02
1.625189323163163113e-01 5.250172846715328888e+03 0.000000000000000000e+00 2.106288175182482064e+03 0.000000000000000000e+00 2.784121350364963519e+02
1.675461007718098694e-01 5.048862186788154759e+03 0.000000000000000000e+00 2.159496867881548951e+03 0.000000000000000000e+00 1.344354979356492095e+02
1.725292014006662711e-01 4.826009163727461782e+03 0.000000000000000000e+00 2.011803276527013395e+03 0.000000000000000000e+00 3.272591554866994557e+02
1.775301965061671094e-01 4.691813730439172105e+03 0.000000000000000000e+00 1.875521580010095931e+03 0.000000000000000000e+00 1.960019560827864780e+02
1.825147654490652804e-01 4.555327956512747733e+03 0.000000000000000000e+00 1.753556914532187193e+03 0.000000000000000000e+00 4.679912257378357054e+01
1.875360723572403465e-01 4.433119553072625422e+03 0.000000000000000000e+00 1.617805474860335153e+03 0.000000000000000000e+00 3.489458100558659339e+02
1.925323683450522461e-01 4.316314447895469129e+03 0.000000000000000000e+00 1.613481632215915170e+03 0.000000000000000000e+00 2.983957976330727035e+01
1.975198663583639380e-01 4.162041330466674481e+03 0.000000000000000000e+00 1.422603262931579593e+03 0.000000000000000000e+00 2.488673074490957333e+02
2.025153694923672032e-01 4.027722088198398524e+03 0.000000000000000000e+00 1.528237961980121781e+03 0.000000000000000000e+00 1.075575123033870568e+02
2.075088499274508613e-01 3.938176005862282182e+03 0.000000000000000000e+00 1.320743319059286932e+03 0.000000000000000000e+00 1.050975019464608806e+01
2.125178062418619784e-01 3.818914295688602124e+03 0.000000000000000000e+00 1.417191656484552368e+03 0.000000000000000000e+00 1.657193445627509334e+02
2.175004174234404231e-01 3.708890160760878643e+03 0.000000000000000000e+00 1.236024577055803320e+03 0.000000000000000000e+00 3.976559212187526526e+01
2.225093171556767890e-01 3.576483048009298727e+03 0.000000000000000000e+00 1.154684580682019714e+03 0.000000000000000000e+00 2.095055258958649347e+02
2.275289586476768322e-01 3.519488137149854538e+03 0.000000000000000000e+00 1.160533904791060877e+03 0.000000000000000000e+00 7.281519784172661502e+01
2.325285406108919262e-01 3.425664817273934659e+03 0.000000000000000000e+00 1.134854710494242681e+03 0.000000000000000000e+00 7.496325014097830319e+01
2.375276552426477672e-01 3.328340305853401333e+03 0.000000000000000000e+00 1.069327685006152251e+03 0.000000000000000000e+00 4.277391896642643587e+01
2.424991024241769377e-01 3.214312292134452036e+03 0.000000000000000000e+00 1.012141002481724740e+03 0.000000000000000000e+00 8.550871980146202134e+01
2.474998551644826128e-01 3.190036247198206638e+03 0.000000000000000000e+00 9.567016330451489239e+02 0.000000000000000000e+00 1.410767851424911896e+02
2.525200307756395035e-01 3.105778410145375801e+03 0.000000000000000000e+00 9.237236003711723242e+02 0.000000000000000000e+00 3.769774203526137057e+01
2.575182250600202005e-01 3.018481722673422155e+03 0.000000000000000000e+00 7.961882423068325352e+02 0.000000000000000000e+00 5.177107890619178932e+01
2.625255687975799335e-01 2.971297540936840051e+03 0.000000000000000000e+00 8.312344953500313522e+02 0.000000000000000000e+00 3.946825968505734039e+01
2.675305520911575030e-01 2.901030805981690264e+03 0.000000000000000000e+00 7.971694950359701579e+02 0.000000000000000000e+00 3.097196255229836481e+01
2.725404586615198799e-01 2.854103982651927709e+03 0.000000000000000000e+00 7.859817527899718925e+02 0.000000000000000000e+00 5.072956775268418994e+01
2.775333197047151201e-01 2.785783131284410501e+03 0.000000000000000000e+00 7.695621268126243422e+02 0.000000000000000000e+00 5.083763279654664302e+01
2.825123907298719983e-01 2.740994750818254943e+03 0.000000000000000000e+00 6.928624467362441237e+02 0.000000000000000000e+00 -2.891368801333909744e+01
2.875104651677040102e-01 2.669083317372150759e+03 0.000000000000000000e+00 7.001305784332503208e+02 0.000000000000000000e+00 4.487975244206090508e+01
2.924971317655564174e-01 2.633472494191355509e+03 0.000000000000000000e+00 6.308285149522014308e+02 0.000000000000000000e+00 -5.740987064929660022e+01
2.975058823671092867e-01 2.579971760944853941e+03 0.000000000000000000e+00 6.386237900719296476e+02 0.000000000000000000e+00 6.338989654559985354e+01
3.025121359101998753e-01 2.532521378236997862e+03 0.000000000000000000e+00 6.135398815442479190e+02 0.000000000000000000e+00 -5.046594397129393172e+01
3.075010376196579687e-01 2.492870564874327556e+03 0.000000000000000000e+00 5.873286304018394048e+02 0.000000000000000000e+00 6.263336468620996556e+01
3.125134169243361515e-01 2.451769636034586711e+03 0.000000000000000000e+00 5.215119646088879790e+02 0.000000000000000000e+00 2.768966921375427503e+01
3.175159688234982513e-01 2.407952294407167756e+03 0.000000000000000000e+00 5.072907427965144507e+02 0.000000000000000000e+00 -3.421462359147665211e+01
3.225221380836135188e-01 2.373182707192750968e+03 0.000000000000000000e+00 4.998515008495375014e+02 0.000000000000000000e+00 -1.694747734566735886e+01
3.275181733526948968e-01 2.330611625323954286e+03 0.000000000000000000e+00 4.838972232506479259e+02 0.000000000000000000e+00 -2.801418456127360201e+01
3.325123842131759710e-01 2.316455055730005370e+03 0.000000000000000000e+00 4.659277867226487047e+02 0.000000000000000000e+00 -1.137604299171833588e+00
3.374959366892091861e-01 2.255955575797919209e+03 0.000000000000000000e+00 4.189175980100200150e+02 0.000000000000000000e+00 -3.780734330659005593e+01
3.424919221947719805e-01 2.226885731192026014e+03 0.000000000000000000e+00 4.360483044279059186e+02 0.000000000000000000e+00 4.299382651743076877e+00
3.475179778446125245e-01 2.198452641552586101e+03 0.000000000000000000e+00 4.234821119351781817e+02 0.000000000000000000e+00 3.669487372169764683e+01
3.525052850529177828e-01 2.167131151205492642e+03 0.000000000000000000e+00 4.019245090212358491e+02 0.000000000000000000e+00 -4.017626536803448545e+01
3.575133254796376558e-01 2.132452177112155368e+03 0.000000000000000000e+00 3.776754067953798426e+02 0.000000000000000000e+00 3.075369047527803090e+01
3.625250227669692404e-01 2.120137810570697184e+03 0.000000000000000000e+00 4.048900165637704731e+02 0.000000000000000000e+00 1.043041145911760204e+01
3.675230446100045678e-01 2.076712959925347604e+03 0.000000000000000000e+00 3.498152206402321553e+02 0.000000000000000000e+00 -7.396616582463967582e+00
3.725177060730277545e-01 2.064518726056378455e+03 0.000000000000000000e+00 3.245026302247126750e+02 0.000000000000000000e+00 2.857565827091314681e+00
3.775163034622419089e-01 2.025225036374042475e+03 0.000000000000000000e+00 3.079742106315637216e+02 0.000000000000000000e+00 6.029763792830004299e+00
3.825226892977953153e-01 2.010725189189189223e+03 0.000000000000000000e+00 3.092822432432432151e+02 0.000000000000000000e+00 2.429665202702702587e+01
3.875130067694269043e-01 1.993569441517386849e+03 0.000000000000000000e+00 3.168669125395152832e+02 0.000000000000000000e+00 -9.857195896996838513e+00
3.924957861003909865e-01 1.965063843207929949e+03 0.000000000000000000e+00 2.908361600102983289e+02 0.000000000000000000e+00 3.385102822385994159e+01
3.975064703251052212e-01 1.953110017966668920e+03 0.000000000000000000e+00 2.814874171364847371e+02 0.000000000000000000e+00 6.548340871073664005e+01
