3.798113400606732779e-03 -2.467105263157894773e-02 -2.933155368421052396e+07 7.483552631578946346e-02 2.400447326315789297e+07 -9.313322368421052266e-02 9.991716378947368264e+07 0.000000000000000000e+00 -1.163599915789473616e+07 0.000000000000000000e+00 -8.109378694736841321e+07
8.299341265228576958e-03 1.953125000000000000e-02 4.386840800000000000e+07 -5.322265625000000000e-02 1.131595300000000000e+07 5.993652343750000000e-02 9.042352000000000000e+07 0.000000000000000000e+00 1.095311800000000000e+07 0.000000000000000000e+00 -2.261820000000000000e+06
1.293222767532251419e-02 -2.388535031847134095e-03 2.731858017834395170e+07 6.170382165605095906e-03 -5.344553579617834650e+06 -8.073746019108280630e-03 7.393396096815286577e+07 0.000000000000000000e+00 1.413463398726114631e+07 0.000000000000000000e+00 -4.758282435668790340e+07
1.764839556552980082e-02 -2.100278253424657255e-03 2.280384526027397066e+07 6.254013270547945265e-03 8.071966684931506403e+06 -7.988080586472602954e-03 5.864323506849315017e+07 0.000000000000000000e+00 5.736659112328767031e+07 0.000000000000000000e+00 2.057457271232876554e+07
2.256548662787912635e-02 -8.418005671077504869e-04 1.304938271455576643e+07 1.129784971644612421e-03 -2.605632967863894301e+05 -2.434945061436673015e-03 4.598879237807183713e+07 0.000000000000000000e+00 2.878616148204158992e+07 0.000000000000000000e+00 -7.165462260869565420e+06
2.777643688250242340e-02 -1.476753048780487761e-04 9.318544858536586165e+06 -3.930068597560975848e-04 2.150698926829268225e+06 -3.078553734756097585e-04 3.549329358048780262e+07 0.000000000000000000e+00 2.661536093658536673e+07 0.000000000000000000e+00 1.482162950243902393e+07
3.269804980233311648e-02 7.421875000000000087e-04 6.182635008000000380e+06 -1.589843750000000111e-03 8.484274560000000056e+05 2.399414062499999854e-03 2.757897625600000098e+07 0.000000000000000000e+00 2.480760422399999946e+07 0.000000000000000000e+00 4.313321984000000171e+06
3.761648458559932462e-02 -5.979222859069453343e-04 4.379675274443695322e+06 1.710795262980445127e-03 1.161048296695886645e+06 -1.647908062204989869e-03 2.254948121375589818e+07 0.000000000000000000e+00 1.835192775724881887e+07 0.000000000000000000e+00 8.768153634524611756e+06
4.263843696389812976e-02 -9.318760463169642276e-05 2.731965714285714086e+06 -1.158033098493303455e-04 1.508570535714285506e+05 -1.575606209891182842e-04 1.797328228571428359e+07 0.000000000000000000e+00 1.177976571428571455e+07 0.000000000000000000e+00 4.401027142857142608e+05
4.756514582339458480e-02 -1.124345835150457996e-04 2.584921650239860639e+06 -3.747819450501526652e-05 2.609652891408635187e+05 3.832997165285652043e-05 1.575430386044483259e+07 0.000000000000000000e+00 1.322383953946794569e+07 0.000000000000000000e+00 3.136484535542957019e+05
5.262096060748640974e-02 -1.344145014044943851e-04 1.788158921348314499e+06 5.884063377808988228e-04 2.656237752808988444e+05 -7.526526290379212825e-04 1.304129294382022507e+07 0.000000000000000000e+00 9.344363865168539807e+06 0.000000000000000000e+00 2.026990561797752744e+06
5.756031740041873956e-02 1.667891398514851611e-04 1.491980831683168421e+06 -4.919071008663366369e-04 2.801666336633663159e+05 3.894768138923267262e-04 1.160472205940594152e+07 0.000000000000000000e+00 8.259428118811881170e+06 0.000000000000000000e+00 1.541146297029702924e+06
6.254738279606215923e-02 -1.188067206279126763e-04 1.169562968849644298e+06 -1.015605837625705062e-04 6.822381162619573297e+04 -4.076795131223938970e-04 1.029139440176600404e+07 0.000000000000000000e+00 7.209639652685797773e+06 0.000000000000000000e+00 1.489310673534461530e+06
6.757793472572401483e-02 1.510325131810193264e-04 9.863648506151142064e+05 -4.427998681898066271e-04 1.593254411247803073e+05 4.350766146748681401e-04 9.276930699472758919e+06 0.000000000000000000e+00 6.460291824253074825e+06 0.000000000000000000e+00 7.613581722319858382e+05
7.255917516659465827e-02 6.102380509577831532e-05 7.484902957039241446e+05 -2.106774223544727548e-04 4.736337437232657976e+04 2.350142970057653017e-04 8.216002392412126064e+06 0.000000000000000000e+00 4.736082079970243387e+06 0.000000000000000000e+00 -1.704416291612423374e+05
7.753384299139773339e-02 -2.942438064948108536e-06 6.053350117174423067e+05 -2.402991086374288708e-05 4.618347238031469897e+04 -4.458611012303314555e-05 7.409768902577837929e+06 0.000000000000000000e+00 4.451209041848008521e+06 0.000000000000000000e+00 1.119839817877469119e+06
8.251793356505521260e-02 -1.819855576261467822e-05 5.116997798165137647e+05 5.179588947821101205e-06 2.476214449541284557e+04 1.289647653562213457e-04 6.727793321100917645e+06 0.000000000000000000e+00 3.754709431192660704e+06 0.000000000000000000e+00 -1.617063853211009409e+05
8.752751931716111489e-02 2.834650771025009898e-05 4.032048433329014224e+05 -1.265469094207593789e-04 2.127589477776338026e+04 1.384423189063107424e-04 5.875266944149280898e+06 0.000000000000000000e+00 3.454636834002851043e+06 0.000000000000000000e+00 4.282846826486976934e+05
9.254701955136974967e-02 2.014104518003646216e-05 3.035758614402916864e+05 -5.747430848336371678e-05 9.155135824977211087e+03 2.613606622464676368e-05 5.288810647219689563e+06 0.000000000000000000e+00 2.592162187784867827e+06 0.000000000000000000e+00 6.618744211485869891e+04
9.754963178921903511e-02 -1.001812257929446223e-05 2.648695036114309914e+05 9.200316654454098054e-07 1.028708301057259450e+04 1.576832048832827447e-05 4.826129043441850692e+06 0.000000000000000000e+00 2.280614039568721782e+06 0.000000000000000000e+00 1.887512948811891547e+05
1.025319613041059119e-01 3.481179643527204500e-06 1.919695729831144563e+05 2.354376758911819737e-05 -3.075754409005628531e+03 2.274218017120075008e-05 4.369766880300187506e+06 0.000000000000000000e+00 2.071465545966228936e+06 0.000000000000000000e+00 1.438796607879924995e+05
1.075116003998943526e-01 -1.657329535665058725e-05 1.668311509303928178e+05 6.229708229238456647e-05 -3.766654031702274096e+03 6.151889456624741218e-06 4.055325463818056509e+06 0.000000000000000000e+00 1.919787931082012365e+06 0.000000000000000000e+00 -4.175964713990351447e+04
1.125102861506304813e-01 4.678245415281750567e-05 1.527963317616139830e+05 -2.471223223602844586e-05 1.664879709360748166e+04 2.620543985395570844e-05 3.840712217051866930e+06 0.000000000000000000e+00 1.790508602612661431e+06 0.000000000000000000e+00 3.611934612352168187e+05
1.175500852175193622e-01 -5.555753093443322875e-06 1.276700327122742165e+05 1.666725928032996863e-05 2.145204721945669371e+04 -4.861283956762907008e-05 3.690470658512302674e+06 0.000000000000000000e+00 1.730747730905987788e+06 0.000000000000000000e+00 2.035383507324704842e+05
1.225369446564099490e-01 2.715367428003972376e-05 1.139089075140681962e+05 -5.185058755379013990e-05 1.927693982125124239e+04 9.823811444885800076e-05 3.463173287785501685e+06 0.000000000000000000e+00 1.502814400529626058e+06 0.000000000000000000e+00 2.099348464746772661e+05
1.275260957852891452e-01 2.226458282803783464e-05 9.754222459374241589e+04 -3.671287593984962202e-06 7.856492845015764942e+03 2.960715801600776044e-08 3.316777476594712585e+06 0.000000000000000000e+00 1.399822653407712700e+06 0.000000000000000000e+00 1.563077758913412399e+05
1.325302087090364789e-01 -2.860477105661859425e-05 7.786762673250658554e+04 4.871578825542898471e-05 1.086685236518713828e+04 -1.384070890732843164e-04 3.139250615341451019e+06 0.000000000000000000e+00 1.229666731159867486e+06 0.000000000000000000e+00 -1.024422979630772606e+05
1.375062694904859717e-01 2.797176115364308140e-05 6.173542048574445653e+04 -5.157374026531150863e-05 1.860496895459345251e+04 4.939207179745248183e-05 2.967323411193241831e+06 0.000000000000000000e+00 1.197415102851108648e+06 0.000000000000000000e+00 2.010851885955649486e+05
1.425134422753508989e-01 2.699654444231138441e-05 5.588165713188711379e+04 -6.299193703205988905e-05 1.170327356498368135e+04 6.824126511806488432e-05 2.834131621424457524e+06 0.000000000000000000e+00 1.074372779420234263e+06 0.000000000000000000e+00 7.509913457477443444e+04
1.475259222195813014e-01 -1.583927513781949170e-05 5.233155405713244545e+04 6.789531983233860503e-05 1.199319148936170131e+04 -4.317982168891521341e-05 2.672190539158959407e+06 0.000000000000000000e+00 9.628767779853296233e+05 0.000000000000000000e+00 1.244909256913754652e+05
1.525299430011916868e-01 -1.489241299775955260e-05 3.995395603652350110e+04 2.269467510885187509e-05 1.334260534325329718e+04 -5.718820757022531251e-05 2.554548074399729259e+06 0.000000000000000000e+00 9.595157903280351311e+05 0.000000000000000000e+00 7.519475684815691784e+04
1.574945685492469272e-01 -1.785118493953977256e-05 3.988392413151615619e+04 1.145319387713834971e-05 2.440141901565090666e+04 -3.757832404861082579e-05 2.431853856270473450e+06 0.000000000000000000e+00 8.537642136935333256e+05 0.000000000000000000e+00 1.850986325878594071e+05
1.625189323163163113e-01 -5.239222171532847059e-06 3.585066277372262994e+04 2.922559306569343528e-06 1.575659328467153500e+04 -4.276916058394160951e-06 2.312169875620438252e+06 0.000000000000000000e+00 7.956101792700730730e+05 0.000000000000000000e+00 7.298404905109490210e+04
1.675461007718098694e-01 -9.491328990133585141e-06 2.674987927107061478e+04 -4.912320320793599124e-06 5.639899772209567345e+03 -5.581862757784358893e-08 2.238659061503416859e+06 0.000000000000000000e+00 7.673800455580864800e+05 0.000000000000000000e+00 8.217150797266514564e+04
1.725292014006662711e-01 9.303047845864786266e-06 2.592804192899759437e+04 -1.295666698256254830e-05 6.240703035896760412e+03 8.220643057569964582e-06 2.127088295876322780e+06 0.000000000000000000e+00 7.315315987737746909e+05 0.000000000000000000e+00 1.840334777993868920e+05
1.775301965061671094e-01 1.503541456335184188e-05 1.980461181221605148e+04 -3.389130331903079230e-05 1.015732660272589601e+04 4.230250859729934232e-05 2.066779105502271559e+06 0.000000000000000000e+00 6.605363432609792799e+05 0.000000000000000000e+00 7.630617264008076745e+04
1.825147654490652804e-01 1.211723389169547209e-06 1.534765623799816785e+04 -5.888398660226299287e-05 1.218713415462790726e+04 -2.049110802756359009e-05 2.006330167035953840e+06 0.000000000000000000e+00 6.165599324056840269e+05 0.000000000000000000e+00 9.272583343673372292e+04
1.875360723572403465e-01 -3.791681215083798865e-06 1.669122860335195583e+04 -1.059761260474860302e-05 1.450805094972067127e+04 -3.740534436103351991e-06 1.927337331843575463e+06 0.000000000000000000e+00 5.457755816759776790e+05 0.000000000000000000e+00 8.461354905027932546e+04
1.925323683450522461e-01 -7.635114330084608492e-06 1.197187704830245275e+04 1.825106096712006016e-05 1.658702024204776535e+04 -1.175336949100353421e-05 1.880917241940665990e+06 0.000000000000000000e+00 5.175205740601906436e+05 0.000000000000000000e+00 9.489948377423154307e+04
1.975198663583639380e-01 -7.805583660048057983e-06 2.167330416087011599e+03 2.643029910206146362e-05 6.944386088276210103e+03 -1.868646847729859398e-05 1.822990096673833206e+06 0.000000000000000000e+00 5.168507062602756778e+05 0.000000000000000000e+00 1.257465524724927236e+05
2.025153694923672032e-01 1.470073820322300631e-05 6.422072758853614687e+03 -3.152177518575702086e-05 6.922797645469458985e+03 5.431498706335038219e-05 1.770123375856412342e+06 0.000000000000000000e+00 4.482008870018334710e+05 0.000000000000000000e+00 -6.534849753932259773e+03
2.075088499274508613e-01 -1.252318578396574165e-06 5.776848198951201084e+03 1.789026540566534716e-05 1.403126538276580686e+04 -1.449111497858893011e-05 1.700717466394925490e+06 0.000000000000000000e+00 4.405696863221049425e+05 0.000000000000000000e+00 4.857284755776409293e+04
2.125178062418619784e-01 -1.619365290626636445e-06 3.145107348577413177e+03 3.025656200907662754e-06 1.128124559259905800e+04 -3.299456779651771890e-05 1.669145023564321920e+06 0.000000000000000000e+00 4.303111104904870153e+05 0.000000000000000000e+00 1.062018167219410097e+05
2.175004174234404231e-01 -7.726359313189125037e-06 2.189820385489436831e+03 2.359005449877956635e-05 8.135543472771652887e+03 -3.544672823205117829e-05 1.630728575709115481e+06 0.000000000000000000e+00 3.905560218836798449e+05 0.000000000000000000e+00 5.685280363605757157e+04
2.225093171556767890e-01 1.262041724946317170e-05 2.896186599948779531e+03 -1.846890329189732180e-05 8.604723153602175444e+03 2.554864955379129832e-05 1.576841302259608870e+06 0.000000000000000000e+00 3.474446665747325751e+05 0.000000000000000000e+00 1.174865554264100356e+05
2.275289586476768322e-01 1.980629592071024054e-06 -3.352382519516302182e+02 -3.157796236415123196e-06 9.920352671054646635e+03 -1.768085614620006361e-05 1.529573706413592678e+06 0.000000000000000000e+00 3.615128706566661713e+05 0.000000000000000000e+00 9.631000765345171385e+04
2.325285406108919262e-01 -2.460369749695305250e-06 3.972439561239153818e+02 -3.370795379095192369e-06 1.200309271824350253e+04 6.334119775276044968e-06 1.489071432157604722e+06 0.000000000000000000e+00 3.468227442562712822e+05 0.000000000000000000e+00 4.144838055045204237e+04
2.375276552426477672e-01 -7.552953067322903830e-07 -1.546767727192828261e+03 -1.541489057830901701e-05 6.499278185972930260e+03 -2.617784869924415561e-06 1.452913910775180208e+06 0.000000000000000000e+00 2.887944954825101304e+05 0.000000000000000000e+00 7.618872293900510704e+04
2.424991024241769377e-01 1.116156217817770478e-05 -1.436061384701095676e+03 -5.692066974912633390e-05 8.393304002836257496e+03 3.780216673454830917e-05 1.420661638208431192e+06 0.000000000000000000e+00 2.597317835665929597e+05 0.000000000000000000e+00 -8.445355528168420278e+03
2.474998551644826128e-01 1.305523034742235014e-06 -2.824227473583093342e+03 -1.470863227465577890e-05 9.115459750240153880e+03 1.399039916796749878e-05 1.393533565417867387e+06 0.000000000000000000e+00 2.662948231828369899e+05 0.000000000000000000e+00 6.207557758565482072e+04
2.525200307756395035e-01 -5.059518055985153068e-06 -4.284460006186204737e+03 1.699847036421280817e-05 8.015071574389112357e+03 -1.743834637430405376e-05 1.359503955459325807e+06 0.000000000000000000e+00 2.238933399319517484e+05 0.000000000000000000e+00 4.010285926384163758e+04
2.575182250600202005e-01 4.087618233842951109e-06 -3.286426704418448480e+03 -9.273116629984027255e-06 9.114827449519409129e+03 -8.989309520251029090e-07 1.336906566366142593e+06 0.000000000000000000e+00 2.162703107071008126e+05 0.000000000000000000e+00 2.548871124357350345e+04
2.625255687975799335e-01 8.287994059165858622e-07 -4.632475609060306851e+03 2.385410054843955155e-06 8.009000057054829995e+03 6.799289243916528301e-07 1.308986205055058002e+06 0.000000000000000000e+00 2.014184396645175875e+05 0.000000000000000000e+00 2.921725246762138340e+04
2.675305520911575030e-01 -2.319337623065132779e-06 -4.636458485798318179e+03 -4.045356319299650183e-07 7.257654879109650210e+03 5.885993444580991326e-06 1.281671152842407580e+06 0.000000000000000000e+00 1.915051936869140191e+05 0.000000000000000000e+00 1.227323743113185265e+04
2.725404586615198799e-01 -1.234455162109271717e-05 -3.991802401227058454e+03 1.921411382027820387e-05 9.962751573491299496e+03 -3.186857050298830962e-05 1.256222424287301023e+06 0.000000000000000000e+00 2.110487315808959538e+05 0.000000000000000000e+00 4.558255207066165895e+04
2.775333197047151201e-01 5.488699268326569270e-06 -6.893105384237598628e+03 -2.957413398517266622e-05 6.505337710341975253e+03 3.142335549419459506e-05 1.230750647607723484e+06 0.000000000000000000e+00 1.672335699330524367e+05 0.000000000000000000e+00 2.378787044743712249e+04
2.825123907298719983e-01 1.655446219045266618e-06 -6.658649638732786116e+03 1.192584662354103685e-06 6.245555783363181945e+03 3.075353198044679712e-05 1.209935786376829492e+06 0.000000000000000000e+00 1.552749131600074179e+05 0.000000000000000000e+00 1.824148844562465456e+04
2.875104651677040102e-01 -3.366811913426546325e-06 -3.573764796016088894e+03 5.284024253016663182e-06 6.592316414479984815e+03 -1.887986541730511279e-05 1.185112209921470843e+06 0.000000000000000000e+00 1.583331928749281797e+05 0.000000000000000000e+00 2.278504041371384665e+04
2.924971317655564174e-01 -1.237226762533377914e-05 -4.702455282109375730e+03 2.036457189425377586e-05 6.798054121536487401e+03 -4.033404400120218787e-05 1.160760444346830947e+06 0.000000000000000000e+00 1.379805465789686423e+05 0.000000000000000000e+00 -2.880020714607728678e+03
2.975058823671092867e-01 3.902434286475445702e-06 -4.152344551993605819e+03 -4.856362667613888813e-06 7.442129828612023630e+03 9.105680001776040255e-06 1.139003811384424102e+06 0.000000000000000000e+00 1.280917517094396608e+05 0.000000000000000000e+00 3.377244365509280033e+04
3.025121359101998753e-01 1.213789800484198742e-06 -5.776956292421426042e+03 -3.815521851087285793e-06 6.587669188534866407e+03 6.603280381981971898e-06 1.120513649042410543e+06 0.000000000000000000e+00 1.231483622843802732e+05 0.000000000000000000e+00 1.626513510008214098e+03
3.075010376196579687e-01 -2.949538198254690269e-06 -4.232290202226054134e+03 6.123608716099702528e-06 8.298732215080734022e+03 -4.745796754977269586e-06 1.103801132800334599e+06 0.000000000000000000e+00 1.106967704446883145e+05 0.000000000000000000e+00 4.138921101531065506e+04
3.125134169243361515e-01 -5.326615285039211726e-07 -4.009994128292781170e+03 -1.390565695380052293e-05 4.532700583149005070e+03 1.450336700997888717e-05 1.086270895797305508e+06 0.000000000000000000e+00 1.136319189221797715e+05 0.000000000000000000e+00 1.863965734968831839e+03
3.175159688234982513e-01 1.554195606684284490e-06 -4.417422208250238327e+03 -9.948770642787672409e-06 6.285252566533386926e+03 1.071387619607823924e-05 1.069691097091098316e+06 0.000000000000000000e+00 9.294188004833433661e+04 0.000000000000000000e+00 2.027345285929011516e+04
3.225221380836135188e-01 9.165067638521805601e-06 -4.672061317727015194e+03 -1.274052714095242673e-05 6.808573607702473964e+03 2.780602476563975232e-05 1.052915115423824871e+06 0.000000000000000000e+00 9.928302480649424251e+04 0.000000000000000000e+00 1.700644561072305078e+04
3.275181733526948968e-01 -2.991875115697889651e-06 -5.477852054794520882e+03 -6.819848262217697064e-06 4.414725212884117354e+03 5.932906432224176607e-06 1.035836545279526152e+06 0.000000000000000000e+00 1.013726542761940073e+05 0.000000000000000000e+00 1.805020836727138158e+04
3.325123842131759710e-01 -5.900620707944527852e-06 -4.306032575144328803e+03 1.512617711845183566e-06 5.731912006191234468e+03 -1.794265392397835694e-05 1.018209190140281338e+06 0.000000000000000000e+00 8.790697093855911226e+04 0.000000000000000000e+00 1.607596744264657536e+04
3.374959366892091861e-01 -5.183380119468871473e-06 -3.584264302981466699e+03 1.111090886995060187e-05 6.910970255404127784e+03 -1.583454199037417239e-05 1.012021033248081920e+06 0.000000000000000000e+00 7.522522734120450332e+04 0.000000000000000000e+00 9.127246330098449107e+03
3.424919221947719805e-01 -6.462180908249923349e-06 -4.045582578403020307e+03 1.794598098575702781e-05 6.122838593537740962e+03 -2.250165575073548448e-05 9.953582790422455873e+05 0.000000000000000000e+00 6.553451933093867410e+04 0.000000000000000000e+00 -3.665670153097367347e+03
3.475179778446125245e-01 -3.908547268598686148e-06 -3.195799392295879898e+03 7.601725606070506518e-06 5.239007024536870631e+03 -7.097203943338124548e-06 9.842359324337568833e+05 0.000000000000000000e+00 5.593040859934001492e+04 0.000000000000000000e+00 3.585216976508641528e+04
3.525052850529177828e-01 3.742216190324125844e-07 -3.289595146096120061e+03 -1.528071611049018079e-06 4.249428069615200002e+03 -1.793145257863643567e-07 9.721325933258822188e+05 0.000000000000000000e+00 6.976686290914897108e+04 0.000000000000000000e+00 1.197733482356698005e+04
3.575133254796376558e-01 -7.829206298717723326e-06 -3.483588414283633938e+03 1.854009942822543083e-05 4.475450820488844329e+03 -2.500518254535490892e-05 9.644888128702930408e+05 0.000000000000000000e+00 5.905688136060887336e+04 0.000000000000000000e+00 1.433309998390446890e+04
3.625250227669692404e-01 -1.161699104050594719e-06 -3.414986176780605092e+03 1.551382980725794127e-06 6.235197349796717390e+03 -8.376365217023038764e-06 9.452785313055262668e+05 0.000000000000000000e+00 5.223679807257942593e+04 0.000000000000000000e+00 9.486543351904832889e+03
3.675230446100045678e-01 -3.335444096333719702e-06 -2.701370251295846629e+03 -1.713998220261137846e-06 4.627363908754893600e+03 -9.192494608612368823e-06 9.312913493865232449e+05 0.000000000000000000e+00 4.594916787320750154e+04 0.000000000000000000e+00 1.814093761710007311e+04
3.725177060730277545e-01 -2.209117382711990382e-06 -3.410672308308079664e+03 1.832380855913002721e-05 4.374737492137915069e+03 -1.087239978857246123e-05 9.249779879924524575e+05 0.000000000000000000e+00 5.425445662988164258e+04 0.000000000000000000e+00 2.681634947681399717e+04
3.775163034622419089e-01 -2.127924576440653421e-06 -2.534648857751636115e+03 -7.407332386344046316e-07 3.640185628288316821e+03 2.023548529178532889e-06 9.147622239537722198e+05 0.000000000000000000e+00 5.310735454865157226e+04 0.000000000000000000e+00 1.762095409630329232e+04
3.825226892977953153e-01 9.699641047297297328e-07 -2.687478270270270059e+03 5.085713154560810703e-06 3.988454054054053813e+03 -1.397003998627533830e-05 9.071371347027027514e+05 0.000000000000000000e+00 4.896977989189189248e+04 0.000000000000000000e+00 3.128601945945945772e+04
3.875130067694269043e-01 2.244601636591148609e-06 -1.940701791359325625e+03 -5.843038930782402830e-06 4.258842571127503106e+03 5.112257094227476369e-06 8.943106158061117167e+05 0.000000000000000000e+00 3.960061369863014261e+04 0.000000000000000000e+00 3.224630221285564039e+04
3.924957861003909865e-01 -4.399921153412930866e-07 -2.661825147233932967e+03 1.621056664950278425e-05 3.526522550123901965e+03 -1.834924261014385478e-05 8.866485300035401015e+05 0.000000000000000000e+00 3.110350979950439432e+04 0.000000000000000000e+00 4.478227863418401830e+04
3.975064703251052212e-01 4.059683027693452125e-06 -2.142505569667307100e+03 -9.471585364909237284e-06 3.198045821200669252e+03 1.706534044707577025e-05 8.781633169692088850e+05 0.000000000000000000e+00 3.069126126014497277e+04 0.000000000000000000e+00 4.800548605414782651e+04
