3.798113400606732779e-03 -3.289473684210526133e-03 7.352974821052631736e+07 -4.934210526315789200e-03 8.023144421052631736e+07 -1.110197368421052613e-02 7.319114105263157189e+07 0.000000000000000000e+00 -1.944973810526315495e+07 0.000000000000000000e+00 7.782909305263157189e+07
8.299341265228576958e-03 -8.010864257812500000e-04 2.416802400000000000e+07 2.674102783203125000e-03 1.151902300000000000e+07 -1.345634460449218750e-03 8.597803200000000000e+07 0.000000000000000000e+00 9.270647200000000000e+07 0.000000000000000000e+00 6.221320000000000000e+06
1.293222767532251419e-02 -1.256468949044586142e-03 2.709417579617834464e+07 3.041650079617834370e-03 1.885820942675159313e+06 -9.888472830414012441e-03 7.374292300636942685e+07 0.000000000000000000e+00 2.798358828025477752e+07 0.000000000000000000e+00 -8.615666140127388760e+06
1.764839556552980082e-02 2.220676369863013467e-03 2.134474169863013551e+07 2.274186643835616312e-04 6.198992219178081490e+06 9.260621789383560384e-03 5.675705863013698161e+07 0.000000000000000000e+00 4.676233468493150175e+07 0.000000000000000000e+00 2.941780164383561537e+07
2.256548662787912635e-02 7.088846880907372864e-04 1.423638067296786420e+07 -1.299621928166351656e-03 2.207665844990548212e+06 2.274338374291115343e-03 4.307018719092627615e+07 0.000000000000000000e+00 3.483097091871455312e+07 0.000000000000000000e+00 -4.141559289224952925e+06
2.777643688250242340e-02 5.431756740663109227e-04 1.027219855609756149e+07 -5.004696729706554614e-04 2.879443668292683084e+06 2.352463326803067630e-03 3.714505053658536822e+07 0.000000000000000000e+00 3.699510946341463178e+07 0.000000000000000000e+00 1.617377904390243813e+07
3.269804980233311648e-02 -2.031250000000000178e-04 5.525714432000000030e+06 6.796875000000000616e-04 2.398873919999999925e+05 -7.988281250000000590e-04 2.822190080000000075e+07 0.000000000000000000e+00 2.265495347199999914e+07 0.000000000000000000e+00 3.780036479999999865e+05
3.761648458559932462e-02 4.267110586648685099e-04 4.260803581928523257e+06 -9.877570802427511603e-04 7.962761753202966647e+05 1.891884061024949343e-03 2.157176490896830708e+07 0.000000000000000000e+00 1.770901042751180008e+07 0.000000000000000000e+00 3.519033310856372118e+06
4.263843696389812976e-02 -2.877371651785714363e-04 3.223910285714285448e+06 1.613071986607142818e-04 6.864543571428571595e+05 -2.049037388392856911e-04 1.805960800000000000e+07 0.000000000000000000e+00 1.545972914285714179e+07 0.000000000000000000e+00 3.097666857142856810e+06
4.756514582339458480e-02 -1.874442085968164046e-04 2.242553747928477824e+06 5.094958245884213073e-04 4.649190266027039033e+05 -5.270038376819396108e-04 1.506372147579590045e+07 0.000000000000000000e+00 1.192306301264718734e+07 0.000000000000000000e+00 1.216386958569559501e+06
5.262096060748640974e-02 -1.158982180477528075e-04 1.825253213483145926e+06 5.914923850070224597e-04 2.766123146067415364e+05 -3.321786944785814436e-04 1.288054651685393229e+07 0.000000000000000000e+00 8.648747146067416295e+06 0.000000000000000000e+00 3.165093033707865048e+06
5.756031740041873956e-02 9.004196318069306797e-05 1.426874455445544561e+06 6.012869353341584078e-05 2.070491485148514912e+05 -3.016254689433787300e-04 1.138585853465346619e+07 0.000000000000000000e+00 8.779624554455446079e+06 0.000000000000000000e+00 1.222174495049505029e+06
6.254738279606215923e-02 -1.247949625950453784e-04 1.222558171204316895e+06 2.822857263306352430e-04 2.189985970076036174e+05 -4.286084187975226756e-04 1.063604110473387130e+07 0.000000000000000000e+00 7.273597833701250143e+06 0.000000000000000000e+00 1.731198084866323043e+06
6.757793472572401483e-02 7.508718695079086140e-05 9.571383339191563427e+05 -2.615179454086115959e-04 -1.013993497363796087e+04 2.830250610995166762e-04 9.080522460456941277e+06 0.000000000000000000e+00 5.832824576449912041e+06 0.000000000000000000e+00 7.075617574692441849e+04
7.255917516659465827e-02 4.831051236749117053e-05 7.810230537474427838e+05 -2.428238911102845502e-04 6.944524307234516891e+04 1.964657772689231850e-04 8.400105289938626811e+06 0.000000000000000000e+00 5.400627419006881304e+06 0.000000000000000000e+00 -6.768699274688487640e+04
7.753384299139773339e-02 1.438525276196853156e-05 6.371131650485437131e+05 -5.884876129896217072e-06 5.705398058252427290e+04 5.083879101104787842e-05 7.450519783059926704e+06 0.000000000000000000e+00 4.600425073987278156e+06 0.000000000000000000e+00 9.185532828925343929e+05
8.251793356505521260e-02 2.575795584862385464e-05 4.691706422018348821e+05 -6.439488962155963999e-05 -3.558177064220183820e+04 2.197825580561926643e-05 6.423856146788991056e+06 0.000000000000000000e+00 3.717331376146789175e+06 0.000000000000000000e+00 -5.305135321100917281e+03
8.752751931716111489e-02 6.580439289879487262e-06 3.918788088635480381e+05 9.870658934819230470e-06 5.029911520020733587e+04 -3.600259573020604269e-05 5.864052173642607406e+06 0.000000000000000000e+00 3.070691636646365281e+06 0.000000000000000000e+00 7.557031758455358213e+05
9.254701955136974967e-02 -4.540080902461258062e-05 2.840375423883317853e+05 1.206237180948040112e-04 6.846694621695532987e+03 -1.977383275410209541e-04 5.337942111212396994e+06 0.000000000000000000e+00 2.715335292616225779e+06 0.000000000000000000e+00 3.011112780309935915e+05
9.754963178921903511e-02 2.657869255731183788e-05 2.405865918559614802e+05 -1.449561001779545676e-04 1.825992086255626418e+04 1.714836798649638846e-04 4.754727526850203983e+06 0.000000000000000000e+00 2.088705956244111760e+06 0.000000000000000000e+00 1.577214445723856334e+05
1.025319613041059119e-01 -6.595919324577861158e-06 2.120079609756097489e+05 -6.559275328330205950e-05 1.272261613508442861e+04 1.211084075984990673e-04 4.376753903189493343e+06 0.000000000000000000e+00 1.783442395497185644e+06 0.000000000000000000e+00 1.052119414634146378e+05
1.075116003998943526e-01 -3.996099134217780498e-05 1.842007332873879932e+05 3.058067442711922900e-05 2.894426464507236233e+04 -5.864801281982253328e-05 4.161937554789800197e+06 0.000000000000000000e+00 1.859343702274293639e+06 0.000000000000000000e+00 -1.095250392832529324e+05
1.125102861506304813e-01 1.056804127695756491e-06 1.451112362989874091e+05 9.435751140140682581e-06 8.877770735100873935e+03 -1.998492091481796545e-05 3.886915932905619964e+06 0.000000000000000000e+00 1.675371014609260252e+06 0.000000000000000000e+00 9.547057648604777933e+04
1.175500852175193622e-01 6.423839514293841863e-06 1.366194282463376585e+05 3.005315188984497207e-05 1.445361513298250611e+04 5.987626087816455756e-05 3.630810970843407791e+06 0.000000000000000000e+00 1.582706692077940563e+06 0.000000000000000000e+00 2.132169967287725885e+05
1.225369446564099490e-01 -1.577499172459450680e-05 1.109615602780536283e+05 -2.624855180403839919e-05 4.574309963588216306e+03 -8.414406446540881345e-05 3.536080189606091008e+06 0.000000000000000000e+00 1.454269817941079149e+06 0.000000000000000000e+00 9.811676663356505742e+04
1.275260957852891452e-01 7.342575187969924404e-06 9.365196992481203051e+04 2.948872938394372833e-05 7.216723259762308771e+03 -2.010326029286926993e-05 3.267044804268736392e+06 0.000000000000000000e+00 1.311321658986174967e+06 0.000000000000000000e+00 9.002383119088041713e+04
1.325302087090364789e-01 -5.205849138656640629e-06 8.156516828460805118e+04 3.098850197800347796e-05 7.026493687222939116e+03 -1.016305048292744540e-04 3.144284597272880375e+06 0.000000000000000000e+00 1.248757800796812633e+06 0.000000000000000000e+00 6.017324459906851553e+04
1.375062694904859717e-01 1.809785836853220747e-05 6.803281774023230537e+04 -5.596930273231256510e-05 7.605472439281942570e+03 2.498767695683738133e-05 3.022167856388595421e+06 0.000000000000000000e+00 1.160236982470960822e+06 0.000000000000000000e+00 2.907317930306229973e+05
1.425134422753508989e-01 -1.912255231330389828e-05 5.272730735265885596e+04 3.580791658667690347e-05 1.290648800153580305e+04 5.169650784699558423e-05 2.856436303321174812e+06 0.000000000000000000e+00 1.001943209061240195e+06 0.000000000000000000e+00 6.970469264734114404e+04
1.475259222195813014e-01 2.491571369994077153e-05 4.664743906328306184e+04 -8.729398264157820647e-05 1.828298692423344983e+04 3.292433596063601843e-05 2.658053563442525920e+06 0.000000000000000000e+00 9.593708527951159049e+05 0.000000000000000000e+00 6.445923477151578845e+04
1.525299430011916868e-01 4.660716361599593770e-05 5.469448765640852071e+04 -9.141856849213730114e-05 1.754047074737909861e+04 7.506581146167991465e-05 2.562211105850524269e+06 0.000000000000000000e+00 9.447720257017246913e+05 0.000000000000000000e+00 1.156105566452485655e+05
1.574945685492469272e-01 -2.868235190783354157e-06 3.974053949124438805e+04 -2.110695276797630116e-05 1.047194338172847347e+04 -1.611777860328537606e-05 2.409061729122012388e+06 0.000000000000000000e+00 7.888991745056010550e+05 0.000000000000000000e+00 3.408517005702268216e+04
1.625189323163163113e-01 -9.017164689781021931e-06 3.203410919708029542e+04 2.254291172445255567e-05 1.226749897810219045e+04 -4.426162608348540466e-05 2.313923681167883333e+06 0.000000000000000000e+00 7.457046049635036616e+05 0.000000000000000000e+00 8.055531445255475410e+04
1.675461007718098694e-01 3.753870657744874353e-06 2.151622779043280025e+04 -1.494596650768792573e-05 8.770872437357629678e+03 2.518221566237186559e-05 2.227159179954441730e+06 0.000000000000000000e+00 6.546124100227790186e+05 0.000000000000000000e+00 -1.736927562642368866e+04
1.725292014006662711e-01 -2.414285773148301101e-05 1.738438052543099184e+04 6.447752538154729446e-05 9.333432837788839606e+03 -9.564595471289185583e-05 2.177856715166298673e+06 0.000000000000000000e+00 6.501368135280350689e+05 0.000000000000000000e+00 5.270617397896957846e+04
1.775301965061671094e-01 7.471491868059061168e-06 1.827123472993437463e+04 4.023051755347677969e-05 1.799499444724886416e+04 4.585916980356353979e-05 2.065977764765270054e+06 0.000000000000000000e+00 6.293384593639576342e+05 0.000000000000000000e+00 5.928837556789500377e+04
1.825147654490652804e-01 -1.402137064610475908e-05 1.788094466601672320e+04 5.282536965641525619e-05 1.720318827734940351e+04 8.452491903379716321e-05 1.995804769653460942e+06 0.000000000000000000e+00 6.012475188041005749e+05 0.000000000000000000e+00 3.684851097521344491e+04
1.875360723572403465e-01 -1.500305516759776648e-06 1.747868424581005456e+04 -2.156348201815642420e-05 9.279678212290502415e+03 3.356251636696927206e-05 1.950920223463687114e+06 0.000000000000000000e+00 5.266020111731843790e+05 0.000000000000000000e+00 6.698877139664805145e+04
1.925323683450522461e-01 1.307382590767912575e-06 9.358299239584448515e+03 -1.121734262878868952e-05 1.047787083645710482e+04 3.432532992061154247e-05 1.895751587876191363e+06 0.000000000000000000e+00 4.791715711684694979e+05 0.000000000000000000e+00 -5.487840205633500773e+03
1.975198663583639380e-01 -2.748627600543821826e-05 8.771007765271278913e+03 4.974515757398507510e-05 1.357223078285063821e+04 -3.545936477369735260e-05 1.821688825395219261e+06 0.000000000000000000e+00 4.542138164158340660e+05 0.000000000000000000e+00 4.568235012014670065e+04
2.025153694923672032e-01 2.092028128920196954e-05 6.859494740905143772e+03 -2.073181028659654637e-05 8.590308597896362699e+03 3.090924442728939467e-05 1.790458318247611867e+06 0.000000000000000000e+00 4.016186694972498808e+05 0.000000000000000000e+00 2.449101302711570315e+04
2.075088499274508613e-01 3.689867239918477936e-06 3.692933293640797729e+03 4.386469449151572019e-05 1.313570065721679020e+04 2.468297555187890825e-06 1.744797701252604835e+06 0.000000000000000000e+00 4.066175053241429850e+05 0.000000000000000000e+00 -1.585309120886670280e+04
2.125178062418619784e-01 4.005798350497469213e-06 3.188595566416477595e+03 -1.120771240617908878e-05 1.035079490312445523e+04 1.765321241163379245e-05 1.692083052539710421e+06 0.000000000000000000e+00 3.992104395182405715e+05 0.000000000000000000e+00 7.285853168092163105e+04
2.175004174234404231e-01 1.335673817439609436e-06 2.163766686305866642e+03 -1.172310635152764933e-05 7.990604831243161243e+03 1.385761585593594824e-05 1.615876137025502976e+06 0.000000000000000000e+00 3.591532833936537500e+05 0.000000000000000000e+00 4.056386095446511172e+04
2.225093171556767890e-01 1.000398928311104987e-05 7.088772876814878146e+02 1.131220326628711079e-05 5.211873997754181801e+03 1.421720784657512679e-05 1.577308508185418090e+06 0.000000000000000000e+00 3.235913227871791460e+05 0.000000000000000000e+00 7.549750714130928100e+04
2.275289586476768322e-01 7.193796159880606573e-06 -1.322824123679779632e+03 -1.394849047623603263e-05 9.989019439767334916e+03 1.387141408880874043e-05 1.539847876320220530e+06 0.000000000000000000e+00 3.194704644114495604e+05 0.000000000000000000e+00 1.226198193785397234e+04
2.325285406108919262e-01 -1.271931220781110885e-05 -1.634687864951885558e+03 3.719865888709002834e-05 7.610798901278810263e+03 -3.341040004866025506e-05 1.503098255798301194e+06 0.000000000000000000e+00 3.409343111709384830e+05 0.000000000000000000e+00 5.173096261801248329e+04
2.375276552426477672e-01 -1.991233081385129076e-06 -8.999353840745297930e+02 1.170707725435050136e-05 7.970223519071892952e+03 3.064095732993496165e-06 1.467373244366321014e+06 0.000000000000000000e+00 3.063907358059412800e+05 0.000000000000000000e+00 6.509713257162945956e+04
2.424991024241769377e-01 3.627095537960258571e-06 -1.671064980669559191e+03 -2.179554682356119074e-05 6.770388128239325852e+03 2.782147145594516578e-05 1.433152318741242168e+06 0.000000000000000000e+00 2.970513479985818849e+05 0.000000000000000000e+00 4.996906238076747832e+04
2.474998551644826128e-01 -2.267075928594300386e-07 -1.244153298110790899e+02 1.192169238312520008e-06 1.138021748318924074e+04 6.645854909642171242e-06 1.404755136471341597e+06 0.000000000000000000e+00 2.712214501440922031e+05 0.000000000000000000e+00 8.763856292026897427e+04
2.525200307756395035e-01 8.910792994123106162e-06 -2.576045283018868304e+03 -1.768565863748840144e-05 1.034826353232292058e+04 4.837880959055057426e-05 1.374306947602845728e+06 0.000000000000000000e+00 2.459850709557686641e+05 0.000000000000000000e+00 4.558901527992577030e+04
2.575182250600202005e-01 -3.667293793308993231e-06 -3.344874808136502452e+03 -9.110023470680276544e-06 4.492439490350942833e+03 -1.322117623500484336e-05 1.343038144996647025e+06 0.000000000000000000e+00 2.191795510915729101e+05 0.000000000000000000e+00 5.345112906638849381e+04
2.625255687975799335e-01 -6.293695488679074070e-06 -4.230491013864323577e+03 9.103843474364998277e-06 4.789415644434301612e+03 -1.688131951711722853e-05 1.316198899526444962e+06 0.000000000000000000e+00 2.177149787185485184e+05 0.000000000000000000e+00 4.629034153021053498e+04
2.675305520911575030e-01 2.265399538807804060e-06 -2.710133027712955936e+03 -4.800489498902251713e-06 5.452728683669100974e+03 5.919704747241821775e-06 1.293493961806658190e+06 0.000000000000000000e+00 2.031581584347081662e+05 0.000000000000000000e+00 1.266400408721227177e+04
2.725404586615198799e-01 1.399737861638546474e-05 -3.834449040038080966e+03 8.703167147088378887e-06 8.027192468397947778e+03 -2.060223024210609859e-05 1.259779642248902470e+06 0.000000000000000000e+00 1.872842490083037992e+05 0.000000000000000000e+00 4.063627989633468678e+04
2.775333197047151201e-01 -1.306307270530152161e-05 -4.454202393568899424e+03 2.172761320017059980e-05 9.680791997311758678e+03 -8.956408665216997886e-06 1.245831533693488687e+06 0.000000000000000000e+00 1.925654935249566915e+05 0.000000000000000000e+00 4.336147811926486611e+04
2.825123907298719983e-01 2.902307806613969167e-06 -4.818038806891867353e+03 -9.185615746387328613e-06 7.167018242450441903e+03 2.219455087412385184e-05 1.226172468992774608e+06 0.000000000000000000e+00 1.710601074538380781e+05 0.000000000000000000e+00 4.848357013524362264e+04
2.875104651677040102e-01 -1.636644680137904699e-07 -5.165303964757708854e+03 -1.180722233528059663e-06 6.299393219689713987e+03 -5.438920981672572442e-06 1.200517123922620201e+06 0.000000000000000000e+00 1.749102225627274311e+05 0.000000000000000000e+00 5.356422447806933633e+04
2.924971317655564174e-01 -1.368174120611728229e-05 -6.222412928134644972e+03 2.562504334809094804e-05 5.582108497381775123e+03 -3.477442556554808853e-05 1.171607228473338066e+06 0.000000000000000000e+00 1.576933603671294113e+05 0.000000000000000000e+00 6.775933879711937152e+03
2.975058823671092867e-01 -4.596200381848858874e-06 -5.582190924429446568e+03 1.001624800195364462e-05 6.174127342154337384e+03 -1.856908314647899826e-05 1.154218954622147139e+06 0.000000000000000000e+00 1.629235513719918381e+05 0.000000000000000000e+00 5.824182434952490439e+04
3.025121359101998753e-01 7.456891252539881595e-06 -3.676503047857852835e+03 -2.239969916589209283e-05 5.323095758938221479e+03 2.916195962500270206e-05 1.133473395875664661e+06 0.000000000000000000e+00 1.258548725087544881e+05 0.000000000000000000e+00 1.317149798971077689e+04
3.075010376196579687e-01 -2.296353268537388660e-06 -3.449198014317813886e+03 2.721433773579975986e-05 6.908517907718033712e+03 -2.205902464793332548e-05 1.113559274369023507e+06 0.000000000000000000e+00 1.247473218163766578e+05 0.000000000000000000e+00 1.873354143282646328e+04
3.125134169243361515e-01 -2.945593706012467529e-06 -4.524467323547154592e+03 1.745755203096722205e-05 5.698005067363764283e+03 -2.077134495023124960e-05 1.097592839412829373e+06 0.000000000000000000e+00 1.212593907902674400e+05 0.000000000000000000e+00 5.298648863864870691e+03
3.175159688234982513e-01 1.086018164670746937e-05 -4.589485828806083191e+03 -2.614310511243626554e-05 5.944004951321826411e+03 3.508212830088121802e-05 1.077366746215284336e+06 0.000000000000000000e+00 1.126483697772887535e+05 0.000000000000000000e+00 1.592531960585906381e+04
3.225221380836135188e-01 1.226003516141212081e-06 -4.732599433641684300e+03 1.913210750188786349e-05 4.150628657730791019e+03 -1.516487995858504883e-05 1.065349958995657973e+06 0.000000000000000000e+00 9.275431436662262422e+04 0.000000000000000000e+00 3.144628703039456377e+04
3.275181733526948968e-01 -3.470936690114772105e-06 -3.239335949648278529e+03 1.395605794150314762e-05 6.459280562754535822e+03 -2.261532187152906308e-05 1.055190486486486392e+06 0.000000000000000000e+00 1.101163954091077321e+05 0.000000000000000000e+00 1.548104198445020302e+04
3.325123842131759710e-01 -2.414976160189295436e-06 -4.063339317007214504e+03 9.095251941432346818e-06 5.050351886280544932e+03 -4.154540822340037831e-06 1.034593773112607538e+06 0.000000000000000000e+00 7.881492542942793807e+04 0.000000000000000000e+00 1.585098225357374758e+04
3.374959366892091861e-01 9.873868688798479693e-06 -4.854562449637389363e+03 -2.100669572963380092e-05 6.052529867217882384e+03 3.277261042584050769e-05 1.020383371054198942e+06 0.000000000000000000e+00 9.008932655992712534e+04 0.000000000000000000e+00 -1.013586378446554363e+03
3.424919221947719805e-01 4.150771112351965438e-06 -5.038371717407429060e+03 2.514878968072073391e-06 4.794298677378759749e+03 -8.112315894582003623e-06 1.009575569493870367e+06 0.000000000000000000e+00 7.805345676687029481e+04 0.000000000000000000e+00 1.108000126678278866e+04
3.475179778446125245e-01 -9.803274679811806503e-06 -4.126649720652138058e+03 1.400296883678570230e-05 4.946028816937301599e+03 -1.980696211497778164e-05 9.969547839383147657e+05 0.000000000000000000e+00 7.243060267259123793e+04 0.000000000000000000e+00 2.387424994282353509e+04
3.525052850529177828e-01 -5.126056552371068064e-07 -3.324047133961360487e+03 -1.288823154089493792e-05 4.466360019160147203e+03 -2.902410252300215444e-06 9.826062674117834540e+05 0.000000000000000000e+00 6.311227309596040141e+04 0.000000000000000000e+00 8.753463835222737544e+03
3.575133254796376558e-01 -6.571742954373002683e-06 -3.509945597105870547e+03 1.367491386974883340e-05 4.658761073341968768e+03 -1.562285931835427066e-05 9.722500250936989905e+05 0.000000000000000000e+00 5.620414455319572880e+04 0.000000000000000000e+00 7.551384384269301336e+03
3.625250227669692404e-01 5.146768182502634848e-06 -3.265459539226019842e+03 -1.180815671585604589e-05 5.048921547959644158e+03 2.139952685024845556e-05 9.602318609847914195e+05 0.000000000000000000e+00 6.875510844752295816e+04 0.000000000000000000e+00 2.386109465441951397e+04
3.675230446100045678e-01 -4.862557775444889308e-06 -3.050878259665084897e+03 -3.203734991142313428e-08 3.892177853596658224e+03 -1.053049893060749918e-05 9.464442411332007032e+05 0.000000000000000000e+00 5.604427496008573507e+04 0.000000000000000000e+00 2.594193615175440573e+04
3.725177060730277545e-01 4.016894324646921182e-06 -3.300984618903311002e+03 3.610319008555377798e-06 4.500422894390760121e+03 3.624714915670207407e-06 9.407090262450684095e+05 0.000000000000000000e+00 5.128625307336039987e+04 0.000000000000000000e+00 2.450036114128881309e+04
3.775163034622419089e-01 -3.747436793636783552e-06 -3.089405037891064239e+03 -3.129597933230359595e-06 4.559019286861902401e+03 8.901004127203990341e-06 9.290162169616813771e+05 0.000000000000000000e+00 4.808477580488342937e+04 0.000000000000000000e+00 1.191602407927127751e+04
3.825226892977953153e-01 3.234038481841216387e-06 -2.588838918918918807e+03 -2.921851905616553856e-06 6.075097081081081342e+03 5.976805815825590859e-06 9.227764376216216478e+05 0.000000000000000000e+00 4.655670659459459421e+04 0.000000000000000000e+00 3.137198010810810956e+04
3.875130067694269043e-01 3.955386838119072684e-06 -2.496741622760800965e+03 -3.045326289185985411e-06 2.861484720758693584e+03 -6.584271992722603221e-07 9.092157504741833545e+05 0.000000000000000000e+00 5.040143308746048569e+04 0.000000000000000000e+00 2.392140105374078121e+04
3.924957861003909865e-01 -7.347868326199594917e-06 -3.305457986032890403e+03 1.592142897370707653e-05 3.483870575740997083e+03 -2.270516455202265649e-05 8.965987267660027137e+05 0.000000000000000000e+00 3.899591243845139252e+04 0.000000000000000000e+00 3.936041399285553780e+04
3.975064703251052212e-01 -9.220502137414039533e-06 -2.121554005328046514e+03 2.757680363670156947e-05 4.344620630692026680e+03 -2.004733191097206118e-05 8.979552620531566208e+05 0.000000000000000000e+00 3.567569117155070853e+04 0.000000000000000000e+00 3.824587661235363339e+04
