3.798113400606732779e-03 -7.067228618421052917e-05 -4.853381894736842252e+06 2.280787417763157666e-04 -8.364700631578946486e+06 -3.798635382401315333e-04
8.299341265228576958e-03 -7.629394531250000000e-05 -1.645741625000000000e+06 2.746582031250000000e-04 2.797228750000000000e+05 -2.822875976562500000e-04
1.293222767532251419e-02 1.244028662420382228e-05 -1.317135490445859963e+06 -6.220143312101911141e-06 2.077627770700636902e+05 -1.555035828025477785e-06
1.764839556552980082e-02 5.518247003424657228e-05 -9.797292054794520373e+05 -1.379561750856164205e-04 -1.361755068493150466e+05 1.461081308861301314e-04
2.256548662787912635e-02 1.107632325141777010e-05 -7.664326654064272298e+05 -7.568820888468809512e-05 -6.303804158790170186e+04 1.066096112948960317e-04
2.777643688250242340e-02 -3.021984565548780461e-05 -5.564834341463415185e+05 4.696729706554878155e-05 -9.150675121951219626e+04 -5.673664372141768250e-05
3.269804980233311648e-02 6.347656250000000556e-06 -4.093231039999999921e+05 -4.492187499999999924e-05 -4.104345999999999913e+04 2.587890624999999927e-05
3.761648458559932462e-02 -8.889813722184761188e-06 -3.239083803101820522e+05 2.716331970667565759e-05 -5.716660822656776872e+04 -2.876842496207012781e-05
4.263843696389812976e-02 -9.298324584960937500e-06 -2.430959285714285506e+05 1.399857657296316819e-05 -3.210208482142856883e+04 2.299036298479352388e-05
4.756514582339458480e-02 -8.517771478412560189e-07 -1.915138177060619346e+05 -9.795437200174443582e-06 -1.948412559965111359e+04 9.688965056694287691e-06
5.262096060748640974e-02 -9.858206416783708227e-06 -1.544636292134831310e+05 2.816018093837780747e-05 -1.486076685393258413e+04 -2.982107441077071523e-05
5.756031740041873956e-02 -7.704933090965346602e-06 -1.290054653465346491e+05 2.946003828898514927e-06 -1.008511509900990131e+04 -4.702275342280321723e-06
6.254738279606215923e-02 4.790593573706156131e-07 -1.150300397350993298e+05 8.623068432671081670e-06 -1.717811724307088298e+04 -1.365319168506254513e-05
6.757793472572401483e-02 -8.742293909270649856e-06 -9.636452021089629852e+04 1.713596873626977153e-05 -9.783254833040420635e+03 -3.647762358921902268e-05
7.255917516659465827e-02 -8.002563726287893121e-07 -8.321168235075320990e+04 -4.537623900118560323e-06 -9.247876511065649538e+03 1.400803375669809027e-05
7.753384299139773339e-02 6.640919243806495695e-08 -6.903739671911617916e+04 -1.660229810951623924e-07 -7.755832607967860895e+03 -4.195273022289295589e-07
8.251793356505521260e-02 -1.259900014334862455e-06 -6.060299082568807353e+04 5.109594502580275089e-06 -9.105272935779816180e+03 -5.722045898437500000e-06
8.752751931716111489e-02 8.858283659453155930e-07 -4.979346378126215131e+04 -6.833533108721005580e-06 -6.614757029933912236e+03 1.012375275366074963e-06
9.254701955136974967e-02 -5.842015867137648141e-06 -4.205071649954420718e+04 1.393738071159981767e-05 -7.294988149498632083e+03 -1.743563545108819428e-05
9.754963178921903511e-02 5.622415733277504249e-07 -3.785456631424683292e+04 5.539357319035904596e-06 -5.987706898356536840e+03 -8.225977564312257878e-06
1.025319613041059119e-01 -5.525227559216697468e-07 -3.317771106941838661e+04 3.488336674044324777e-06 -4.191803001876172857e+03 1.341585370434158037e-06
1.075116003998943526e-01 1.130475412969503723e-06 -2.899028532046864348e+04 -5.791714732027480752e-06 -5.968578911095795775e+03 7.006975800969697174e-06
1.125102861506304813e-01 6.840919576601994342e-08 -2.584640519440365097e+04 7.981465995666499883e-06 -3.323551364303934406e+03 -1.505297174075568182e-06
1.175500852175193622e-01 -3.819580251742284265e-07 -2.316088408476745826e+04 -5.191156796686104240e-06 -4.667913241359692620e+03 -2.864685188806713464e-07
1.225369446564099490e-01 1.309195009930486760e-06 -1.994931479642502745e+04 -2.432516654253558531e-06 -2.775439390930155696e+03 4.256904144943727323e-06
1.275260957852891452e-01 5.921431603201552088e-08 -1.875211253941304676e+04 2.057697482112539531e-06 -3.515368906136308397e+03 -2.527711115616662580e-06
1.325302087090364789e-01 1.383659902642949258e-06 -1.646526322877504208e+04 -7.884121524465518484e-06 -2.350335446944615796e+03 9.317442487970652748e-06
1.375062694904859717e-01 -2.706944627771911363e-06 -1.456996663146779247e+04 4.414897785770855654e-06 -3.002240549102428758e+03 -6.256586898594244501e-06
1.425134422753508989e-01 1.253745770541370701e-06 -1.349174428873104262e+04 -3.603054434032443854e-06 -2.115422153964292647e+03 4.043915972505518861e-06
1.475259222195813014e-01 3.726233968517927907e-07 -1.207950867921089775e+04 1.142897135120051019e-06 -2.433455738302428472e+03 -6.319303502579844449e-07
1.525299430011916868e-01 7.714538264605173589e-07 -1.090409130875887604e+04 -3.966923940411523441e-06 -2.462470071017923601e+03 3.415102244310375545e-06
1.574945685492469272e-01 1.194686602701500267e-06 -1.003206405953006833e+04 -2.374563040906701196e-06 -1.451024386298378204e+03 2.368392139033242679e-06
1.625189323163163113e-01 -1.024677805656934395e-07 -9.210596204379562550e+03 4.343742871806569650e-07 -1.950079270072992813e+03 1.516411774349908822e-06
1.675461007718098694e-01 3.477842769753145068e-07 -8.200528473804099121e+03 -1.912202541811862752e-06 -1.295203018223234494e+03 2.459820215685764120e-06
1.725292014006662711e-01 1.999833382091175971e-06 -7.371395721396314912e+03 -3.953392953530342870e-06 -1.248993638131654507e+03 6.351080511988248783e-06
1.775301965061671094e-01 -4.467489982963149601e-07 -6.611872286723876641e+03 -5.218490454237127281e-07 -1.160905729429581015e+03 -8.044370432684723760e-07
1.825147654490652804e-01 7.717523966734615711e-07 -5.974925817601701965e+03 -1.107140120461461232e-06 -1.145919820378740951e+03 2.918414144897190363e-06
1.875360723572403465e-01 -8.030044299930168022e-07 -5.182710614525140045e+03 2.137082915066340688e-06 -1.215913184357541923e+03 -4.628144162993191552e-06
1.925323683450522461e-01 -1.255087287137196047e-06 -4.899706972260897601e+03 2.693208136981899838e-06 -9.443271928885080797e+02 -1.549248370059976334e-06
1.975198663583639380e-01 1.173307670418616316e-06 -4.487276995067661119e+03 -2.680081731377260303e-06 -9.026003288225622327e+02 3.379434855982041220e-06
2.025153694923672032e-01 3.209896763123612998e-07 -3.925313519251182242e+03 -1.432674105742786953e-06 -1.257458650969796508e+03 2.021277881457770639e-06
2.075088499274508613e-01 -6.149778733197462608e-08 -3.726541390918042453e+03 -2.152422556619112111e-07 -9.258041173372415642e+02 -1.768061385794270483e-07
2.125178062418619784e-01 4.514513433572613287e-07 -3.399491359748647483e+03 -1.248482697337558944e-06 -1.078377116425205259e+03 1.536299575163777479e-06
2.175004174234404231e-01 2.247528058191650620e-08 -3.138947226664422487e+03 1.906224868783404317e-06 -6.767528406699773313e+02 -2.187727758071908369e-06
2.225093171556767890e-01 6.085659947012716823e-07 -2.755527747680305765e+03 -4.717175535613586539e-07 -5.907552254683713500e+02 1.217338652342211052e-06
2.275289586476768322e-01 7.123726716764886008e-07 -2.577862850145415905e+03 -2.061209451654102492e-06 -6.413959130567886859e+02 2.166021660314700588e-06
2.325285406108919262e-01 -3.330825473414221893e-07 -2.395944190784567127e+03 1.041438098020846562e-06 -5.722627835482874161e+02 -1.400612111570680164e-06
2.375276552426477672e-01 3.197130701792933844e-07 -2.035477166461592560e+03 -1.920424146378976932e-07 -5.987814378625417930e+02 8.789427273301547552e-07
2.424991024241769377e-01 3.956831495956645859e-07 -1.803029797579052229e+03 -2.637887663971097239e-07 -3.872001080478787003e+02 -1.483811810983742263e-07
2.474998551644826128e-01 1.500594169330871876e-07 -1.602225424271533711e+03 -6.635716585177013075e-08 -5.457544028178033386e+02 -1.394706699201551400e-07
2.525200307756395035e-01 3.926790133003402669e-07 -1.459695515001546710e+03 -1.887879871636251283e-07 -5.588664398391587156e+02 3.794638541988865013e-07
2.575182250600202005e-01 -8.185923645779003505e-08 -1.233674748528425653e+03 7.794818404925117475e-07 -5.190606959242977609e+02 -1.078495440331383540e-06
2.625255687975799335e-01 4.039526516232098862e-07 -1.098362982826496363e+03 -9.402346201574712860e-07 -3.235763678895418707e+02 7.957170766888229309e-07
2.675305520911575030e-01 7.079373558774387688e-08 -9.581800858866902217e+02 2.949738982822661647e-07 -3.100788445340439807e+02 2.928669418659642616e-07
2.725404586615198799e-01 -2.804479398751123820e-08 -8.076452636589622216e+02 7.722406401956781938e-07 -4.462000846247421464e+02 1.837009666597420030e-06
2.775333197047151201e-01 2.500600270278129579e-07 -8.716249903068213598e+02 -7.450526672800294143e-07 -3.777689921679116765e+02 1.047471477569580853e-06
2.825123907298719983e-01 2.412307787315506590e-07 -7.134875069474464908e+02 -5.638769452849997196e-07 -3.179868585191131842e+02 6.189077166831346671e-07
2.875104651677040102e-01 -5.772095077272074347e-08 -5.647353476345527952e+02 3.138120045175134064e-07 -1.920434303773223519e+02 -2.167275572526365907e-07
2.924971317655564174e-01 -1.481624202395126395e-08 -4.384178293587950179e+02 8.921494304422083220e-07 -1.605725300257776667e+02 -1.032815537752936074e-06
2.975058823671092867e-01 -2.601622857650297276e-07 -4.191906580232661099e+02 4.525739762787496546e-07 -2.824429224758014243e+02 -5.887526727338824010e-07
3.025121359101998753e-01 2.853065699507695487e-07 -3.028292551121871270e+02 -3.412134642937238038e-07 -1.680782715835891281e+02 7.762235249224187439e-07
3.075010376196579687e-01 8.419961984637090553e-08 -2.124256257511626984e+02 -1.428842033756597137e-07 -1.977859225583947591e+02 -1.696749915085959133e-07
3.125134169243361515e-01 1.224262384061431698e-07 -1.545128292781017478e+02 -1.049828006783505944e-06 -1.040691232656344312e+02 7.918200789144191538e-07
3.175159688234982513e-01 -1.678915007220677595e-07 -1.896979890167107214e+02 3.597675015472880900e-07 -2.060264266978416572e+02 -2.254543009696338507e-07
3.225221380836135188e-01 1.160900885819803809e-07 -8.487304134415707324e+01 -3.939285263917076147e-07 -2.798515197281480482e+02 7.691688530396038391e-07
3.275181733526948968e-01 -2.344464072912809997e-07 -1.557887240836727116e+01 2.878323964214642848e-07 -1.439421695668270900e+02 -8.206330419072218679e-07
3.325123842131759710e-01 -1.867697390074455027e-07 2.792868293941307911e+01 -6.319766750135655840e-07 -2.525898040331978507e+02 -1.250379967831822555e-06
3.374959366892091861e-01 -2.979501354641325550e-07 2.268677959569772185e+01 5.385237786237198847e-07 -1.230484794870896650e+02 -7.342775188013429090e-07
3.424919221947719805e-01 -2.563711569393861373e-07 1.303029777729625209e+02 5.920952910266774937e-07 -2.074467826217403399e+02 -1.074825902009767568e-06
3.475179778446125245e-01 7.752284442182344202e-08 1.217356895481425738e+02 -5.288254483630174724e-07 -1.495358414741725710e+02 8.279801225165249785e-07
3.525052850529177828e-01 -2.182959444355740076e-07 1.616186172760657769e+02 -4.385409598036084725e-08 -2.277326520836659824e+02 2.833461868064425871e-07
3.575133254796376558e-01 1.024495805102283277e-07 1.665161760084616560e+02 2.268860572943412749e-08 -2.768230488001165099e+02 4.304402751916614008e-07
3.625250227669692404e-01 2.573384091251317265e-08 2.490124228278873488e+02 -4.209321120689655114e-07 -1.891987200722782632e+02 4.462064201080409122e-07
3.675230446100045678e-01 1.690860134213998743e-07 2.565111358980527712e+02 -4.716609848070628378e-08 -2.167304857511536795e+02 -7.735685114029044658e-07
3.725177060730277545e-01 -1.706787472326355323e-07 1.884011092686831716e+02 1.536108725093719685e-07 -1.888671021785122264e+02 -5.675340995241093588e-07
3.775163034622419089e-01 -9.666884417547717548e-08 2.403059970624943844e+02 -2.042408817960523907e-07 -2.495895077264671897e+02 4.193685167575811255e-07
3.825226892977953153e-01 3.815728264885979613e-07 2.818702432432432374e+02 -5.085403854782516830e-07 -3.020604594594594801e+02 1.203678749703072184e-06
3.875130067694269043e-01 -7.235463728266596728e-09 2.898660432033719871e+02 8.853393811948432436e-08 -2.312928609062170722e+02 -1.163452518250090562e-07
3.924957861003909865e-01 1.532115401634860092e-08 2.798423583175103886e+02 1.058534602488494973e-06 -2.921061500337914367e+02 -9.280592620351672030e-07
3.975064703251052212e-01 -2.115678701559692957e-07 2.296399479586147265e+02 6.241157635253392461e-07 -3.070697726287095293e+02 -6.961982036477371526e-07
