3.798113400606732779e-03 -2.055921052631578833e-04 -3.177365052631578874e+06 5.011307565789472999e-04 -4.145123789473684039e+06 -7.099352384868421167e-04
8.299341265228576958e-03 3.814697265625000000e-05 -2.159500750000000000e+06 -7.247924804687500000e-05 3.426850000000000000e+04 8.106231689453125000e-05
1.293222767532251419e-02 7.775179140127388503e-06 -1.380193222929936368e+06 3.032319864649681533e-05 3.271350063694267883e+05 1.302342505971337629e-05
1.764839556552980082e-02 2.675513698630136838e-05 -1.053388383561643772e+06 -1.371200770547945265e-04 -4.176085479452054715e+05 1.496615475171232895e-04
2.256548662787912635e-02 -4.615134688090737259e-06 -7.417073724007561104e+05 5.999675094517958945e-06 -3.817719092627599457e+04 -1.142245835302457531e-05
2.777643688250242340e-02 -1.786394817073170624e-06 -5.664541268292682944e+05 -2.084127286585366011e-06 -1.133607121951219451e+05 -2.232993521341463280e-07
3.269804980233311648e-02 -1.123046874999999981e-05 -4.201331840000000084e+05 1.245117187500000089e-05 -5.397079200000000128e+04 -3.204345703125000136e-05
3.761648458559932462e-02 1.649348541280343760e-05 -3.165000674308833550e+05 -4.913577017395060544e-05 -5.095830613621038356e+04 5.764102742869710983e-05
4.263843696389812976e-02 -1.566750662667410654e-06 -2.308713928571428405e+05 1.699583871023995342e-05 -2.876515848214285506e+04 -3.107956477573939490e-06
4.756514582339458480e-02 8.657516166730267019e-06 -1.875664300043611147e+05 -1.509575359279600997e-05 -1.745972786742259268e+04 2.067472754843204864e-05
5.262096060748640974e-02 -5.357720878686798133e-07 -1.455358539325842576e+05 -1.923421795448560496e-05 -9.384692415730336506e+03 -1.861004347211859123e-05
5.756031740041873956e-02 -5.807026778117264927e-06 -1.274426435643564328e+05 6.510479615466429732e-06 -1.457413985148514803e+04 -1.812571346169651135e-05
6.254738279606215923e-02 -4.131886957321559332e-06 -1.130493912190335977e+05 1.760543138337012465e-05 -2.995737257787588533e+04 -3.323474291758645870e-05
6.757793472572401483e-02 -1.903996526252196649e-06 -8.692340949033391371e+04 1.756503837598857463e-06 -2.999373901581722293e+03 -7.408155498269990692e-07
7.255917516659465827e-02 4.461003609122187049e-06 -7.699161316719360184e+04 -9.608752048656314085e-06 -1.093146512925423121e+04 1.634991876205946597e-05
7.753384299139773339e-02 -1.532519825493806617e-06 -6.502562303314362362e+04 1.185148665048543798e-06 -1.018210043521928492e+04 2.186394951037830548e-06
8.251793356505521260e-02 -3.079755590596330446e-06 -5.402207798165138229e+04 6.649472297878441160e-06 -4.301736525229358449e+03 -8.766804266413418659e-06
8.752751931716111489e-02 2.491392279221200145e-06 -4.514444058571984351e+04 -4.583370875583128335e-06 -5.796447324089672293e+03 1.353458742164215429e-06
9.254701955136974967e-02 -2.822880323300496363e-06 -4.025912123974475981e+04 2.939970578078041394e-06 -6.233119872379215849e+03 -2.090524247046916592e-05
9.754963178921903511e-02 -3.034826674212289462e-06 -3.336166649220140243e+04 5.005866735253323771e-06 -6.547719878572176640e+03 -7.683701955946430794e-06
1.025319613041059119e-01 3.664399624765478421e-07 -2.829753395872420151e+04 -1.099319887429643526e-06 -3.630114071294558926e+03 -6.412699343339587236e-07
1.075116003998943526e-01 9.674766324948311323e-07 -2.544994073053066677e+04 -1.703600157219159103e-06 -4.209799104066160908e+03 5.084510345774465861e-06
1.125102861506304813e-01 7.076813355105511935e-07 -2.240046254927726841e+04 -3.618610562243951791e-06 -3.695204761536677779e+03 4.643569029841733156e-06
1.175500852175193622e-01 -5.989796303868581734e-07 -1.967825003555681906e+04 1.796938891160574626e-06 -3.393698193713554247e+03 -1.608130094625586782e-06
1.225369446564099490e-01 -4.808463153757034699e-07 -1.720757259185700241e+04 7.333916490814300724e-07 -2.659666335650446854e+03 -1.109684196302962717e-06
1.275260957852891452e-01 1.258304215680329903e-06 -1.475279165656075565e+04 -2.020688534592529722e-06 -2.227492845015764942e+03 3.462187040496907290e-06
1.325302087090364789e-01 3.287904719151562960e-07 -1.352706222995342614e+04 -1.260363475674765713e-06 -1.826690645867235162e+03 1.904244816508613490e-06
1.375062694904859717e-01 -3.351455253431890037e-07 -1.195325195353748677e+04 2.036653577085533355e-06 -2.200649419218585081e+03 -4.144203322993663713e-06
1.425134422753508989e-01 1.781022029180264861e-06 -1.053759877135726674e+04 -4.124472067575350161e-06 -1.895617200998272210e+03 3.890127063735841927e-06
1.475259222195813014e-01 6.006466695521436235e-07 -9.254540981365893458e+03 -3.225695077224474976e-07 -1.307015262654334947e+03 -2.586117605016174008e-07
1.525299430011916868e-01 4.992518910371575398e-07 -8.564393642204937350e+03 -1.862196653002937902e-06 -1.558714068312478730e+03 1.067038037142400351e-06
1.574945685492469272e-01 4.294947703926881354e-07 -7.663945646459334966e+03 2.214119592196788655e-06 -1.298870869899300260e+03 -3.089770568040502159e-06
1.625189323163163113e-01 3.126937977588960313e-07 -6.500815182481752345e+03 -2.643975028156364458e-06 -9.102762773722628253e+02 1.748112866478244882e-06
1.675461007718098694e-01 4.518548013952163729e-07 -5.964698747152619035e+03 -1.173084580545273235e-06 -1.106651836560364472e+03 2.107207487275768805e-07
1.725292014006662711e-01 1.058261930563338599e-06 -5.538384942479480742e+03 7.343452559992748913e-07 -1.054747272307743060e+03 -2.182413743685516090e-06
1.775301965061671094e-01 7.510004712739777858e-07 -4.809124179707218900e+03 -1.091839146698321478e-06 -8.919733720343260757e+02 1.683492723105833617e-06
1.825147654490652804e-01 3.660414404783007083e-07 -4.361024077520753963e+03 4.228409743456231973e-07 -6.143333628763035676e+02 -8.535707728394857057e-07
1.875360723572403465e-01 1.918004211766759739e-08 -3.693232625698324227e+03 1.510321760976780732e-06 -7.320687150837989066e+02 -1.114200613352173494e-06
1.925323683450522461e-01 1.666912803229088417e-07 -3.235319053229088240e+03 3.358339030035075439e-07 -4.759631037806576046e+02 -1.628099882565666201e-07
1.975198663583639380e-01 -1.605578917414948679e-07 -2.943425116984949909e+03 2.964145693689136023e-07 -5.730322499051472960e+02 -7.163352093082079253e-07
2.025153694923672032e-01 -2.620924879981665562e-07 -2.492511241918363794e+03 -1.200030211901717769e-06 -7.093643250024124427e+02 -1.939926140098789037e-07
2.075088499274508613e-01 -3.354424763562252380e-07 -2.246267695619318147e+03 9.769762123875059541e-07 -5.910155945865487865e+02 -6.558599251256612987e-07
2.125178062418619784e-01 2.423721076431314563e-07 -2.168525048001396499e+03 -3.395872936758160493e-07 -4.768979315761913540e+02 1.012436235360937765e-06
2.175004174234404231e-01 8.412176446374463058e-08 -1.829218079286255488e+03 -2.873625160116467774e-07 -3.205169598518643284e+02 -3.184265645302242051e-07
2.225093171556767890e-01 1.040679414006323859e-06 -1.603147928527806926e+03 -1.810517651808228718e-06 -2.885060775004432685e+02 2.974217877536703992e-06
2.275289586476768322e-01 3.129768459168835499e-07 -1.482997091688351475e+03 -2.102083293471605837e-07 -3.529353283330782460e+02 4.624583245637532948e-07
2.325285406108919262e-01 2.342680582968002544e-07 -1.214031615520346350e+03 -1.718150806702836151e-06 -1.329255816491732389e+02 1.082657063254347710e-06
2.375276552426477672e-01 8.797473743188610296e-08 -1.148332149762700055e+03 -6.115317114167691780e-08 -4.144305853401301079e+02 -4.573077052480664594e-07
2.424991024241769377e-01 2.710017404782806909e-07 -8.964971553019431667e+02 3.297359579963871549e-08 -1.327915266827612868e+02 6.161940715057484552e-07
2.474998551644826128e-01 3.364122032241259537e-07 -7.897406980467499125e+02 2.456024370245394724e-07 -2.217835414665385940e+02 5.080365539169677773e-07
2.525200307756395035e-01 -1.359273507578100924e-07 -6.842596350139190235e+02 2.265455845963501540e-07 9.654850371172287282e+00 -5.890185199505104533e-07
2.575182250600202005e-01 -2.037385440727218638e-07 -5.149982862677892399e+02 6.876175862454362044e-07 -2.190325162059459103e+02 -3.592710933425229265e-07
2.625255687975799335e-01 1.754234036682689479e-07 -4.783125748844639702e+02 -4.629349622858660794e-07 -1.418584469675357980e+02 1.193249144679013149e-07
2.675305520911575030e-01 3.573398082048024426e-07 -3.080800872675052915e+02 -1.038308121953576984e-06 -1.650019883735380404e+02 9.809989074301652210e-07
2.725404586615198799e-01 3.754774216601324669e-07 -2.158262151584069386e+02 -5.690672046170895699e-07 -9.249200692865075268e+01 7.947117835795563105e-07
2.775333197047151201e-01 -5.068251336446997187e-07 -1.557319513014707866e+02 3.017285815083231761e-08 -4.467859641158528627e-01 -5.051981658032332555e-07
2.825123907298719983e-01 3.392307825912431638e-07 -1.183389489285493710e+02 -3.211384741863768406e-07 -1.224937195084295780e+02 1.386700054614648380e-06
2.875104651677040102e-01 1.320640740780920844e-07 2.892294938709059338e+01 -1.518828182516370103e-07 -1.196854649492434390e+02 -2.491270940985585318e-07
2.924971317655564174e-01 -1.361683195534568578e-07 -5.449071050410939421e+00 4.758835831026251596e-07 -9.548589742107756706e+01 -4.306411297794882267e-07
2.975058823671092867e-01 -6.639558334628362950e-08 1.173719030281502462e+01 4.979668750971272014e-07 -9.103725662685373976e+00 -1.031502812701192113e-07
3.025121359101998753e-01 -1.395198602187000057e-07 1.200707167869958027e+02 -3.908535091233085744e-08 -4.922954044356058745e+01 -2.538486345645792045e-07
3.075010376196579687e-01 -5.581414194361707813e-08 1.794400506871505740e+01 1.447978310994408935e-07 -1.861934472487850769e+02 -9.411859021463657943e-07
3.125134169243361515e-01 -6.351436428589382183e-08 1.458756786647898593e+02 2.766096589552332703e-07 -1.146024834104162551e+02 -7.439541811917164982e-07
3.175159688234982513e-01 -1.397097131008635347e-07 2.095356956901887315e+02 -1.496033193934139670e-07 -1.075474870076922329e+01 -2.208822556374704092e-07
3.225221380836135188e-01 -2.671800425801161179e-08 2.205730035869360108e+02 2.096751196690048707e-07 -6.307289031527280088e+01 -2.445759628321824483e-07
3.275181733526948968e-01 -1.173644364211171846e-07 2.410084783413550440e+02 8.018490827688240150e-07 -6.447607830433173604e+01 -5.424221283151061024e-07
3.325123842131759710e-01 5.212178762998479453e-08 2.897281372034478863e+02 -3.387916195949011247e-07 -1.388924806746310594e+02 7.145028387610415506e-07
3.374959366892091861e-01 -4.276716270188837954e-08 2.918306239708510361e+02 -1.341819729771748027e-07 -1.051059979679781407e+02 -6.531347628879015874e-07
3.424919221947719805e-01 -1.108906988348932047e-07 2.747218495028711231e+02 2.853655139741976291e-07 -1.845038461859003860e+02 -9.419350989335481332e-07
3.475179778446125245e-01 2.022822773257547201e-07 2.823886692586663116e+02 1.563543542237580322e-07 -5.675829467115365645e+01 2.739005481873146793e-07
3.525052850529177828e-01 -3.946868638232476517e-08 3.303718665176432978e+02 -7.187199063448028626e-08 -1.211947788599712652e+02 -2.206713746345102214e-07
3.575133254796376558e-01 -2.287572825091399692e-07 2.795453395773773764e+02 6.130601609984211440e-07 -9.384106813008254733e+01 -5.596717665886959273e-07
3.625250227669692404e-01 -4.962955033127541007e-08 3.122705616624002118e+02 3.060488937095316789e-07 -1.654660292124679870e+02 -3.830206500103523573e-07
3.675230446100045678e-01 -4.627617209427786283e-08 3.017848639269805631e+02 -9.967175527998309325e-08 -1.607825529091850285e+02 8.133927171955762701e-07
3.725177060730277545e-01 -1.048065661920528696e-07 3.071498656298244896e+02 7.279203184691538261e-07 -2.270237149065126800e+02 -1.467441884054519721e-06
3.775163034622419089e-01 -6.270980258893539752e-08 3.403407782321181116e+02 2.106460147366588270e-07 -2.343911295605464034e+02 1.587210355795453723e-07
3.825226892977953153e-01 -3.745104815508867975e-08 3.152128918918918998e+02 1.150724050161000844e-07 -1.919925000000000068e+02 -1.688744570757891703e-07
3.875130067694269043e-01 -1.459151851867097018e-07 3.113265542676501809e+02 1.187821962057099657e-07 -1.909652660695469137e+02 -4.092559171300793911e-07
3.924957861003909865e-01 -1.194264313069224168e-07 3.032877417693817961e+02 3.268512856821034509e-07 -1.832108904836996999e+02 -3.865645013355646593e-07
3.975064703251052212e-01 -1.452047580695124251e-07 3.048499349482684124e+02 3.591359869180193601e-07 -1.947087912768725744e+02 -5.545621172039566007e-07
