3.798113400606732779e-03 3.399331052631578641e+05 0.000000000000000000e+00 1.628231894736842019e+06 0.000000000000000000e+00 3.846505684210526291e+06 1.439108850526315570e+08 0.000000000000000000e+00 6.095342753684210777e+08 0.000000000000000000e+00 9.240458509473683834e+08
8.299341265228576958e-03 5.598392500000000000e+05 0.000000000000000000e+00 4.571623828125000000e+04 0.000000000000000000e+00 -3.268500312500000000e+05 2.460278200000000000e+07 0.000000000000000000e+00 3.678280000000000000e+07 0.000000000000000000e+00 -2.467901600000000000e+07
1.293222767532251419e-02 9.834801528662421042e+05 0.000000000000000000e+00 8.211108280254777055e+05 0.000000000000000000e+00 -8.837002547770700767e+04 1.219293024203821644e+07 0.000000000000000000e+00 1.964890007643312216e+07 0.000000000000000000e+00 -9.104215235668789595e+06
1.764839556552980082e-02 9.105077808219178114e+05 0.000000000000000000e+00 7.116862465753423749e+05 0.000000000000000000e+00 6.564347945205479627e+05 6.467101369863013737e+06 0.000000000000000000e+00 1.285740800000000000e+07 0.000000000000000000e+00 5.008899726027396973e+05
2.256548662787912635e-02 8.489800226843100972e+05 0.000000000000000000e+00 5.973879773156900192e+05 0.000000000000000000e+00 -1.552552438563327014e+05 3.937305890359168407e+06 0.000000000000000000e+00 7.494661807183365338e+06 0.000000000000000000e+00 -1.457246245746691944e+06
2.777643688250242340e-02 7.589791219512195094e+05 0.000000000000000000e+00 5.648283707317073131e+05 0.000000000000000000e+00 -4.450061951219512412e+04 2.298836292682926636e+06 0.000000000000000000e+00 4.572223687804877758e+06 0.000000000000000000e+00 1.336568585365853796e+05
3.269804980233311648e-02 6.695450239999999758e+05 0.000000000000000000e+00 5.227861440000000293e+05 0.000000000000000000e+00 1.031329440000000031e+05 1.457610368000000017e+06 0.000000000000000000e+00 2.733015552000000142e+06 0.000000000000000000e+00 -1.539096639999999898e+05
3.761648458559932462e-02 5.520244261631827103e+05 0.000000000000000000e+00 3.858280782198247034e+05 0.000000000000000000e+00 3.124289413351314943e+04 1.031274249494268326e+06 0.000000000000000000e+00 2.007140466621712781e+06 0.000000000000000000e+00 5.730525151719487621e+04
4.263843696389812976e-02 4.732322500000000000e+05 0.000000000000000000e+00 3.080105357142856810e+05 0.000000000000000000e+00 1.825556696428571377e+04 6.995952142857142026e+05 0.000000000000000000e+00 1.286085714285714319e+06 0.000000000000000000e+00 6.719186383928570649e+03
4.756514582339458480e-02 4.309483959877889138e+05 0.000000000000000000e+00 2.605783584823375568e+05 0.000000000000000000e+00 -5.456199215002180426e+04 5.130785381596162333e+05 0.000000000000000000e+00 8.921006053205408389e+05 0.000000000000000000e+00 -8.107299084169210983e+04
5.262096060748640974e-02 3.967010786516853841e+05 0.000000000000000000e+00 2.253236404494381859e+05 0.000000000000000000e+00 4.136734199438202268e+03 3.911815730337078567e+05 0.000000000000000000e+00 6.507711011235954938e+05 0.000000000000000000e+00 7.584347612359550112e+03
5.756031740041873956e-02 3.588012673267326900e+05 0.000000000000000000e+00 2.059719207920792105e+05 0.000000000000000000e+00 -2.495916831683168493e+04 3.163395247524752631e+05 0.000000000000000000e+00 4.900334653465346782e+05 0.000000000000000000e+00 -4.261077722772277048e+04
6.254738279606215923e-02 3.344950816777041764e+05 0.000000000000000000e+00 1.969266813833701017e+05 0.000000000000000000e+00 1.874815795928378429e+04 2.730811086583271972e+05 0.000000000000000000e+00 4.253333882756928797e+05 0.000000000000000000e+00 -4.120600441501103887e+03
6.757793472572401483e-02 3.177822144112478127e+05 0.000000000000000000e+00 1.758523444639718800e+05 0.000000000000000000e+00 -3.132247803163444405e+04 2.259224182776801172e+05 0.000000000000000000e+00 3.302285834797890857e+05 0.000000000000000000e+00 6.039859841827767923e+03
7.255917516659465827e-02 2.928805207364701782e+05 0.000000000000000000e+00 1.554229109168681316e+05 0.000000000000000000e+00 -8.972567416775153788e+02 1.927608703738143959e+05 0.000000000000000000e+00 2.726087915194346569e+05 0.000000000000000000e+00 4.574009298865538767e+03
7.753384299139773339e-02 2.663976109809173504e+05 0.000000000000000000e+00 1.312308644124539860e+05 0.000000000000000000e+00 -8.347267492467359261e+03 1.659287740207566239e+05 0.000000000000000000e+00 2.260181747572815802e+05 0.000000000000000000e+00 8.491185805155675553e+03
8.251793356505521260e-02 2.442974862385321176e+05 0.000000000000000000e+00 1.404080458715596469e+05 0.000000000000000000e+00 -1.115946215596330330e+04 1.463751467889908236e+05 0.000000000000000000e+00 1.885863486238532350e+05 0.000000000000000000e+00 -4.493578841743119483e+03
8.752751931716111489e-02 2.249263703511727508e+05 0.000000000000000000e+00 1.144753826616560982e+05 0.000000000000000000e+00 8.421647272256059296e+03 1.277429965012310568e+05 0.000000000000000000e+00 1.512229685110794380e+05 0.000000000000000000e+00 1.789671634054684546e+04
9.254701955136974967e-02 1.987658122151321732e+05 0.000000000000000000e+00 8.887428988149498764e+04 0.000000000000000000e+00 -1.732557885141294491e+03 1.138862133090246061e+05 0.000000000000000000e+00 1.299267821330902370e+05 0.000000000000000000e+00 9.696121239744757986e+03
9.754963178921903511e-02 1.874763060818591039e+05 0.000000000000000000e+00 9.540916738197424274e+04 0.000000000000000000e+00 8.728252904846645833e+03 1.053414073066052515e+05 0.000000000000000000e+00 1.127525912278865289e+05 0.000000000000000000e+00 6.838369098712446430e+03
1.025319613041059119e-01 1.694836352720450377e+05 0.000000000000000000e+00 8.622350769230769947e+04 0.000000000000000000e+00 2.889916697936210312e+03 9.678171257035646704e+04 0.000000000000000000e+00 9.843676697936210257e+04 0.000000000000000000e+00 1.085846078799249517e+04
1.075116003998943526e-01 1.603292294968986826e+05 0.000000000000000000e+00 8.202033356305996131e+04 0.000000000000000000e+00 9.941635423845624246e+03 9.006653618194349110e+04 0.000000000000000000e+00 8.746922674017919053e+04 0.000000000000000000e+00 1.020899310820124083e+04
1.125102861506304813e-01 1.515020545721573872e+05 0.000000000000000000e+00 6.863388791837365716e+04 0.000000000000000000e+00 -2.062959264126149719e+03 8.429349617376517563e+04 0.000000000000000000e+00 7.710295740898199438e+04 0.000000000000000000e+00 9.224644971786348833e+03
1.175500852175193622e-01 1.475823706442895927e+05 0.000000000000000000e+00 7.608355226852510532e+04 0.000000000000000000e+00 7.939235955056180501e+03 7.761864656521120924e+04 0.000000000000000000e+00 6.715554771725217870e+04 0.000000000000000000e+00 7.748653676575167083e+03
1.225369446564099490e-01 1.401553562396557536e+05 0.000000000000000000e+00 6.440445203574975312e+04 0.000000000000000000e+00 -5.296333664349553146e+03 7.270702522343595047e+04 0.000000000000000000e+00 5.899156464746772690e+04 0.000000000000000000e+00 3.560297120158887992e+03
1.275260957852891452e-01 1.334284200824642321e+05 0.000000000000000000e+00 5.893434489449430112e+04 0.000000000000000000e+00 5.797800145525103289e+03 7.082833276740237488e+04 0.000000000000000000e+00 5.569389667717681004e+04 0.000000000000000000e+00 5.542847926267280855e+03
1.325302087090364789e-01 1.296188433870153094e+05 0.000000000000000000e+00 5.964993928511306876e+04 0.000000000000000000e+00 -1.166613770271028443e+03 6.637154458223444817e+04 0.000000000000000000e+00 4.703824386959205003e+04 0.000000000000000000e+00 -7.990375960944952567e+02
1.375062694904859717e-01 1.214350732840549026e+05 0.000000000000000000e+00 5.243608194297782029e+04 0.000000000000000000e+00 8.679237170010559566e+03 6.319395142555438360e+04 0.000000000000000000e+00 4.394352861668426340e+04 0.000000000000000000e+00 7.989600844772967321e+03
1.425134422753508989e-01 1.158934828181992634e+05 0.000000000000000000e+00 4.922698099443271349e+04 0.000000000000000000e+00 4.118819351123055981e+02 6.067614666922633478e+04 0.000000000000000000e+00 4.121272873872144555e+04 0.000000000000000000e+00 1.571093684008446871e+03
1.475259222195813014e-01 1.089292771424666280e+05 0.000000000000000000e+00 4.418510547177548142e+04 0.000000000000000000e+00 4.645063738666909558e+03 5.833283484441204928e+04 0.000000000000000000e+00 3.842033805640348146e+04 0.000000000000000000e+00 6.334769511139459610e+03
1.525299430011916868e-01 1.023690821778829850e+05 0.000000000000000000e+00 4.418475211362867412e+04 0.000000000000000000e+00 -1.459869124112275813e+03 5.501352451809265767e+04 0.000000000000000000e+00 3.381043490023672348e+04 0.000000000000000000e+00 6.478748731822793161e+03
1.574945685492469272e-01 9.731768512152707262e+04 0.000000000000000000e+00 3.917463889675253449e+04 0.000000000000000000e+00 5.081371375419581682e+02 5.362046669632385601e+04 0.000000000000000000e+00 3.032320880009705797e+04 0.000000000000000000e+00 2.103622113479192649e+03
1.625189323163163113e-01 9.295635620437956823e+04 0.000000000000000000e+00 3.877453547445256117e+04 0.000000000000000000e+00 4.559588321167883805e+03 5.198706919708029454e+04 0.000000000000000000e+00 2.794155678832116973e+04 0.000000000000000000e+00 2.799856350364963873e+03
1.675461007718098694e-01 8.987882460136673762e+04 0.000000000000000000e+00 3.697952847380410094e+04 0.000000000000000000e+00 2.002178530751708422e+03 4.983633712984054728e+04 0.000000000000000000e+00 2.648354214123006750e+04 0.000000000000000000e+00 1.760518792710706066e+03
1.725292014006662711e-01 8.524351913504961703e+04 0.000000000000000000e+00 3.365885038072321186e+04 0.000000000000000000e+00 2.514123084022810417e+03 4.868079612354550773e+04 0.000000000000000000e+00 2.549578824537693436e+04 0.000000000000000000e+00 2.644231136895540203e+03
1.775301965061671094e-01 8.346901968702675367e+04 0.000000000000000000e+00 3.262589197375062940e+04 0.000000000000000000e+00 5.148938414941948395e+03 4.721568096920746757e+04 0.000000000000000000e+00 2.243753255931347667e+04 0.000000000000000000e+00 1.136513629480060672e+03
1.825147654490652804e-01 8.044160737392537703e+04 0.000000000000000000e+00 3.037749440160713857e+04 0.000000000000000000e+00 2.238256019380188718e+03 4.576546994002776773e+04 0.000000000000000000e+00 2.191723666873467300e+04 0.000000000000000000e+00 1.517242695500605578e+03
1.875360723572403465e-01 7.820018413407821208e+04 0.000000000000000000e+00 2.985251575418994616e+04 0.000000000000000000e+00 2.707856536312849130e+03 4.481394413407821412e+04 0.000000000000000000e+00 2.073185072625698376e+04 0.000000000000000000e+00 3.008643575418994260e+03
1.925323683450522461e-01 7.457163885616364132e+04 0.000000000000000000e+00 2.588953368319588481e+04 0.000000000000000000e+00 4.315877423155188808e+02 4.396648859376673499e+04 0.000000000000000000e+00 1.836180871800364184e+04 0.000000000000000000e+00 -1.586185873406875828e+02
1.975198663583639380e-01 7.412164492222081753e+04 0.000000000000000000e+00 2.806049444795750605e+04 0.000000000000000000e+00 5.643647401037055715e+03 4.315844330340204760e+04 0.000000000000000000e+00 1.824257392184140554e+04 0.000000000000000000e+00 3.070548121917288427e+03
2.025153694923672032e-01 7.204648538068127527e+04 0.000000000000000000e+00 2.448849792531120329e+04 0.000000000000000000e+00 3.931534883720930338e+03 4.209753314677216986e+04 0.000000000000000000e+00 1.682501823796198005e+04 0.000000000000000000e+00 1.273578500434237185e+03
2.075088499274508613e-01 6.898974009022419341e+04 0.000000000000000000e+00 2.449614692344683863e+04 0.000000000000000000e+00 2.424786461792118189e+03 4.098737099544299417e+04 0.000000000000000000e+00 1.596665094231606054e+04 0.000000000000000000e+00 1.331881380384254271e+03
2.125178062418619784e-01 6.643226810961774027e+04 0.000000000000000000e+00 2.384022901029848072e+04 0.000000000000000000e+00 2.474704660499214697e+03 3.999410438121836341e+04 0.000000000000000000e+00 1.497413300750567396e+04 0.000000000000000000e+00 6.684846831907838123e+02
2.175004174234404231e-01 6.425941520074068103e+04 0.000000000000000000e+00 2.279389276996885746e+04 0.000000000000000000e+00 1.127648346098813363e+03 3.928217490110260405e+04 0.000000000000000000e+00 1.434643952529248418e+04 0.000000000000000000e+00 1.313786297449709650e+02
2.225093171556767890e-01 6.208788510864640557e+04 0.000000000000000000e+00 2.106681901459782239e+04 0.000000000000000000e+00 3.205280274226276106e+03 3.837670526585370681e+04 0.000000000000000000e+00 1.373470435964618628e+04 0.000000000000000000e+00 1.654621461358129409e+03
2.275289586476768322e-01 6.055840563294045569e+04 0.000000000000000000e+00 2.006992928210622995e+04 0.000000000000000000e+00 2.686299403030766825e+03 3.781630001530690788e+04 0.000000000000000000e+00 1.391577407010561910e+04 0.000000000000000000e+00 1.221633246594214143e+03
2.325285406108919262e-01 5.888852665854147199e+04 0.000000000000000000e+00 2.012158696087170028e+04 0.000000000000000000e+00 3.361420624670292909e+03 3.731773372382806701e+04 0.000000000000000000e+00 1.227725552543976301e+04 0.000000000000000000e+00 1.235397886235060923e+03
2.375276552426477672e-01 5.724825087010019342e+04 0.000000000000000000e+00 1.972014484092107523e+04 0.000000000000000000e+00 2.676356477412550703e+03 3.646437405519423919e+04 0.000000000000000000e+00 1.233374273158727374e+04 0.000000000000000000e+00 8.500385304974512337e+02
2.424991024241769377e-01 5.605113798051761842e+04 0.000000000000000000e+00 1.690926827950635561e+04 0.000000000000000000e+00 8.959620481826009382e+02 3.558765850117333321e+04 0.000000000000000000e+00 1.148980602029274269e+04 0.000000000000000000e+00 -2.178882337548326120e+01
2.474998551644826128e-01 5.451765507524815621e+04 0.000000000000000000e+00 1.696766340057636990e+04 0.000000000000000000e+00 1.589808645533141316e+03 3.526783631123919622e+04 0.000000000000000000e+00 1.110672865834133881e+04 0.000000000000000000e+00 1.333853986551392836e+03
2.525200307756395035e-01 5.307810801113516936e+04 0.000000000000000000e+00 1.533682103309619561e+04 0.000000000000000000e+00 5.906734921125889741e+02 3.475242759047324944e+04 0.000000000000000000e+00 1.081737185276832679e+04 0.000000000000000000e+00 4.740873801422827682e+02
2.575182250600202005e-01 5.214337554578645359e+04 0.000000000000000000e+00 1.546539661724163670e+04 0.000000000000000000e+00 1.599871723418523288e+03 3.446513827583637612e+04 0.000000000000000000e+00 9.826601296475671916e+03 0.000000000000000000e+00 3.618557782579539435e+02
2.625255687975799335e-01 5.121905357448507857e+04 0.000000000000000000e+00 1.435218805271866222e+04 0.000000000000000000e+00 2.005323672048838944e+03 3.378903497461060033e+04 0.000000000000000000e+00 9.665970902036857296e+03 0.000000000000000000e+00 7.930628173674901973e+02
2.675305520911575030e-01 4.912506770135733677e+04 0.000000000000000000e+00 1.325871247290150495e+04 0.000000000000000000e+00 -8.930300603416135630e+01 3.323251587246792769e+04 0.000000000000000000e+00 9.024527581778766034e+03 0.000000000000000000e+00 -5.733676695985971037e+02
2.725404586615198799e-01 4.846653958851219068e+04 0.000000000000000000e+00 1.317851039297614625e+04 0.000000000000000000e+00 2.695347754799809536e+03 3.277678404823609890e+04 0.000000000000000000e+00 8.899699793727189899e+03 0.000000000000000000e+00 3.605234304754852701e+02
2.775333197047151201e-01 4.734796991237366456e+04 0.000000000000000000e+00 1.210075363817302969e+04 0.000000000000000000e+00 4.736196655207175468e+02 3.257237542326879702e+04 0.000000000000000000e+00 8.084991444154366945e+03 0.000000000000000000e+00 -4.447328559981389162e+02
2.825123907298719983e-01 4.621554894090039306e+04 0.000000000000000000e+00 1.268615959982708591e+04 0.000000000000000000e+00 1.018951003520039535e+03 3.196449863521274892e+04 0.000000000000000000e+00 8.080902513431729858e+03 0.000000000000000000e+00 -4.909768109677020931e+01
2.875104651677040102e-01 4.529826470024899027e+04 0.000000000000000000e+00 1.183962765753687017e+04 0.000000000000000000e+00 2.737111664432101179e+02 3.168545182915150144e+04 0.000000000000000000e+00 7.771966289982761737e+03 0.000000000000000000e+00 1.427951422141352111e+02
2.924971317655564174e-01 4.408817801616016368e+04 0.000000000000000000e+00 1.099616899975725028e+04 0.000000000000000000e+00 1.455659688587314577e+03 3.123209469534961681e+04 0.000000000000000000e+00 7.859714018194637902e+03 0.000000000000000000e+00 -8.421100232345767154e+02
2.975058823671092867e-01 4.343798667969097005e+04 0.000000000000000000e+00 1.036302282212947284e+04 0.000000000000000000e+00 1.087955665571441273e+02 3.071773519225645941e+04 0.000000000000000000e+00 7.099621703223514487e+03 0.000000000000000000e+00 6.403711371103808858e+01
3.025121359101998753e-01 4.208695170982663694e+04 0.000000000000000000e+00 9.710878042453849048e+03 0.000000000000000000e+00 5.116916691885348882e+02 3.037166192555445014e+04 0.000000000000000000e+00 7.438487224936232451e+03 0.000000000000000000e+00 -7.368067960745320306e+02
3.075010376196579687e-01 4.186367183989131445e+04 0.000000000000000000e+00 1.023423976589852282e+04 0.000000000000000000e+00 7.112538015362910073e+02 3.001630165647698232e+04 0.000000000000000000e+00 6.812300862204107943e+03 0.000000000000000000e+00 1.520803260699169357e+02
3.125134169243361515e-01 4.115921206515181984e+04 0.000000000000000000e+00 8.471287351699174906e+03 0.000000000000000000e+00 1.019879911522220027e+03 2.977003820631409690e+04 0.000000000000000000e+00 6.500772008847778125e+03 0.000000000000000000e+00 -1.946712648300824640e+02
3.175159688234982513e-01 3.992728818854319252e+04 0.000000000000000000e+00 8.299975911426354287e+03 0.000000000000000000e+00 8.367654507765912513e+02 2.932154551974143033e+04 0.000000000000000000e+00 6.844607951587075149e+03 0.000000000000000000e+00 -2.154469845074711998e+02
3.225221380836135188e-01 3.911409356239381304e+04 0.000000000000000000e+00 8.012329998112139947e+03 0.000000000000000000e+00 1.564101038323579587e+03 2.894907879932037031e+04 0.000000000000000000e+00 6.207745063243345612e+03 0.000000000000000000e+00 1.825554913158391557e+01
3.275181733526948968e-01 3.845869944465012668e+04 0.000000000000000000e+00 7.330845760829322899e+03 0.000000000000000000e+00 -4.549221399481673416e+02 2.873689803776379267e+04 0.000000000000000000e+00 5.844246723435764579e+03 0.000000000000000000e+00 -8.560304331728989382e+02
3.325123842131759710e-01 3.750035756157876312e+04 0.000000000000000000e+00 7.114475853296209607e+03 0.000000000000000000e+00 6.787692252951065939e+02 2.847874922831956064e+04 0.000000000000000000e+00 5.976421644413211652e+03 0.000000000000000000e+00 -2.647761637474759482e+02
3.374959366892091861e-01 3.696015807728690561e+04 0.000000000000000000e+00 7.420733629961812767e+03 0.000000000000000000e+00 8.019671373016151392e+02 2.807803524506884423e+04 0.000000000000000000e+00 5.473955786007077222e+03 0.000000000000000000e+00 -3.530297445958728986e+02
3.424919221947719805e-01 3.637180768237088341e+04 0.000000000000000000e+00 6.331766011884423278e+03 0.000000000000000000e+00 3.556311995266232771e+02 2.770063842518897582e+04 0.000000000000000000e+00 5.348692430139430144e+03 0.000000000000000000e+00 -4.146979806482261210e+02
3.475179778446125245e-01 3.579754801189270074e+04 0.000000000000000000e+00 6.485900349593230203e+03 0.000000000000000000e+00 1.141806776227660293e+03 2.754075342241970793e+04 0.000000000000000000e+00 5.241550756362923494e+03 0.000000000000000000e+00 -6.316370111412421693e+02
3.525052850529177828e-01 3.524682228963755188e+04 0.000000000000000000e+00 5.745439310234712138e+03 0.000000000000000000e+00 1.724524988024908225e+02 2.726275740060673706e+04 0.000000000000000000e+00 5.213446846559157166e+03 0.000000000000000000e+00 -6.347569535366437776e+02
3.575133254796376558e-01 3.486225113626783423e+04 0.000000000000000000e+00 5.530338542664653687e+03 0.000000000000000000e+00 4.815978416659640970e+02 2.710283817859907504e+04 0.000000000000000000e+00 4.946250185865058484e+03 0.000000000000000000e+00 4.295912808210253502e+02
3.625250227669692404e-01 3.418663550670079712e+04 0.000000000000000000e+00 5.732994428549916847e+03 0.000000000000000000e+00 1.997538473121517768e+02 2.678741249811775197e+04 0.000000000000000000e+00 4.752544978165939028e+03 0.000000000000000000e+00 -7.882680319229031056e+02
3.675230446100045678e-01 3.383818372955988889e+04 0.000000000000000000e+00 5.604131779046286283e+03 0.000000000000000000e+00 9.308349845810643046e+02 2.673746237123548417e+04 0.000000000000000000e+00 4.972167180631192423e+03 0.000000000000000000e+00 -2.233785476310245031e+02
3.725177060730277545e-01 3.326384355880839576e+04 0.000000000000000000e+00 4.207269026245068744e+03 0.000000000000000000e+00 4.554169477957573804e+02 2.647596271942363819e+04 0.000000000000000000e+00 4.421050488878723627e+03 0.000000000000000000e+00 -6.944076848304648593e+02
3.775163034622419089e-01 3.282353865991821658e+04 0.000000000000000000e+00 4.626090842015983981e+03 0.000000000000000000e+00 6.433770557367553238e+02 2.626668634197805659e+04 0.000000000000000000e+00 4.588296150212728207e+03 0.000000000000000000e+00 -2.888531729887395727e+02
3.825226892977953153e-01 3.244001210810810881e+04 0.000000000000000000e+00 3.637147243243243338e+03 0.000000000000000000e+00 9.757392432432432088e+02 2.609685102702702716e+04 0.000000000000000000e+00 4.271807567567567276e+03 0.000000000000000000e+00 1.418922567567567512e+02
3.875130067694269043e-01 3.193421959957850413e+04 0.000000000000000000e+00 4.459435616438356192e+03 0.000000000000000000e+00 1.328977239199157111e+03 2.585112075869336331e+04 0.000000000000000000e+00 4.132024025289779274e+03 0.000000000000000000e+00 -4.569546891464700025e+02
3.924957861003909865e-01 3.151592742252116295e+04 0.000000000000000000e+00 3.959784816400090222e+03 0.000000000000000000e+00 2.045850120683551722e+03 2.581137445370579007e+04 0.000000000000000000e+00 4.261121771312715282e+03 0.000000000000000000e+00 4.427570237827053035e+01
3.975064703251052212e-01 3.118552634904900697e+04 0.000000000000000000e+00 3.858867728145716228e+03 0.000000000000000000e+00 1.582389294343597157e+03 2.554053047518741369e+04 0.000000000000000000e+00 3.940510649897776148e+03 0.000000000000000000e+00 3.388427234991636396e+02
