3.798113400606732779e-03 6.910422631578947185e+05 0.000000000000000000e+00 1.376265473684210563e+06 0.000000000000000000e+00 3.416380842105262913e+06 1.519355957894736826e+08 0.000000000000000000e+00 5.811403183157894611e+08 0.000000000000000000e+00 7.650284058947367668e+08
8.299341265228576958e-03 6.498450000000000000e+05 0.000000000000000000e+00 -2.812157812500000000e+05 0.000000000000000000e+00 -1.114721093750000000e+04 1.852912400000000000e+07 0.000000000000000000e+00 3.249533600000000000e+07 0.000000000000000000e+00 -5.920250000000000000e+05
1.293222767532251419e-02 9.378526369426752208e+05 0.000000000000000000e+00 7.453511847133758711e+05 0.000000000000000000e+00 2.920611783439490682e+04 1.189166878980891779e+07 0.000000000000000000e+00 2.311234038216560706e+07 0.000000000000000000e+00 1.819224662420382258e+06
1.764839556552980082e-02 1.054553424657534109e+06 0.000000000000000000e+00 8.710303561643834691e+05 0.000000000000000000e+00 9.566140273972601863e+05 7.287852712328766473e+06 0.000000000000000000e+00 1.708505775342465565e+07 0.000000000000000000e+00 6.004901260273972526e+06
2.256548662787912635e-02 8.072538979206049116e+05 0.000000000000000000e+00 6.288000604914934374e+05 0.000000000000000000e+00 -1.413669376181474581e+04 3.659237383742911275e+06 0.000000000000000000e+00 6.303977739130434580e+06 0.000000000000000000e+00 -1.809703682419659803e+06
2.777643688250242340e-02 7.593363512195121730e+05 0.000000000000000000e+00 4.333198439024389954e+05 0.000000000000000000e+00 -1.061579512195121933e+05 2.394563590243902523e+06 0.000000000000000000e+00 4.615679375609756447e+06 0.000000000000000000e+00 -2.454970731707317173e+05
3.269804980233311648e-02 6.244339840000000549e+05 0.000000000000000000e+00 3.947772480000000214e+05 0.000000000000000000e+00 -9.254652800000000570e+04 1.368654976000000024e+06 0.000000000000000000e+00 2.507917824000000022e+06 0.000000000000000000e+00 -9.012698399999999674e+04
3.761648458559932462e-02 5.368925475387728075e+05 0.000000000000000000e+00 3.716821362103843712e+05 0.000000000000000000e+00 1.422008577208361530e+05 9.815616561024949187e+05 0.000000000000000000e+00 2.023324569116655504e+06 0.000000000000000000e+00 3.428665569790964364e+05
4.263843696389812976e-02 4.772265714285714203e+05 0.000000000000000000e+00 3.448271785714285797e+05 0.000000000000000000e+00 1.034861339285714203e+05 6.956337142857142026e+05 0.000000000000000000e+00 1.262414428571428405e+06 0.000000000000000000e+00 5.396926339285713766e+03
4.756514582339458480e-02 4.127301107719145366e+05 0.000000000000000000e+00 2.344460950719581451e+05 0.000000000000000000e+00 -6.219347928477976529e+04 5.115595638901003404e+05 0.000000000000000000e+00 9.074632847797644790e+05 0.000000000000000000e+00 1.061303619712167529e+04
5.262096060748640974e-02 3.803501573033707682e+05 0.000000000000000000e+00 1.851761573033707682e+05 0.000000000000000000e+00 -2.656084831460674104e+04 3.962794157303370885e+05 0.000000000000000000e+00 6.851884494382021949e+05 0.000000000000000000e+00 4.356452528089887346e+04
5.756031740041873956e-02 3.574415841584158479e+05 0.000000000000000000e+00 2.269496633663366374e+05 0.000000000000000000e+00 3.846387623762376461e+04 3.216118811881188303e+05 0.000000000000000000e+00 5.332335445544554386e+05 0.000000000000000000e+00 9.586159653465347219e+03
6.254738279606215923e-02 3.254942673534461646e+05 0.000000000000000000e+00 2.068866637233259680e+05 0.000000000000000000e+00 2.893600588668138153e+04 2.641274819720382220e+05 0.000000000000000000e+00 4.184869109639440430e+05 0.000000000000000000e+00 1.214998381162619444e+04
6.757793472572401483e-02 3.066667697715289542e+05 0.000000000000000000e+00 1.622121054481546453e+05 0.000000000000000000e+00 1.902211247803163496e+04 2.249894692442882224e+05 0.000000000000000000e+00 3.469621370826010243e+05 0.000000000000000000e+00 3.978678031634446234e+04
7.255917516659465827e-02 2.944922209410452051e+05 0.000000000000000000e+00 1.795693836711921322e+05 0.000000000000000000e+00 6.106116049841919448e+03 1.901777794309094315e+05 0.000000000000000000e+00 2.696735517946810578e+05 0.000000000000000000e+00 -4.139464757299609118e+03
7.753384299139773339e-02 2.644638767994643422e+05 0.000000000000000000e+00 1.371747974556411209e+05 0.000000000000000000e+00 -2.818887679946434446e+02 1.644877562772012025e+05 0.000000000000000000e+00 2.167470880482089124e+05 0.000000000000000000e+00 9.786084365584198167e+03
8.251793356505521260e-02 2.422460550458715588e+05 0.000000000000000000e+00 1.138599633027522941e+05 0.000000000000000000e+00 4.575456565366972654e+02 1.438117247706422058e+05 0.000000000000000000e+00 1.803240550458715588e+05 0.000000000000000000e+00 3.299194094036697606e+03
8.752751931716111489e-02 2.175741080730854010e+05 0.000000000000000000e+00 1.038427575482700631e+05 0.000000000000000000e+00 6.821179214720747041e+03 1.286445364779059310e+05 0.000000000000000000e+00 1.567170828041985224e+05 0.000000000000000000e+00 1.460912271608137962e+04
9.254701955136974967e-02 1.987988769371011877e+05 0.000000000000000000e+00 9.422335095715588250e+04 0.000000000000000000e+00 3.769515496809480283e+03 1.140442370100273401e+05 0.000000000000000000e+00 1.287372397447584226e+05 0.000000000000000000e+00 8.107275296262533629e+03
9.754963178921903511e-02 1.836822912174186204e+05 0.000000000000000000e+00 9.797127771380718332e+04 0.000000000000000000e+00 1.663611430964095052e+04 1.029701312676646048e+05 0.000000000000000000e+00 1.100361318957395561e+05 0.000000000000000000e+00 1.616224222757249152e+02
1.025319613041059119e-01 1.700211632270168921e+05 0.000000000000000000e+00 7.840015009380862466e+04 0.000000000000000000e+00 -9.785337711069418276e+01 9.531012082551594358e+04 0.000000000000000000e+00 9.827982889305816207e+04 0.000000000000000000e+00 6.016512945590994605e+03
1.075116003998943526e-01 1.564875423845623736e+05 0.000000000000000000e+00 7.668702412129566073e+04 0.000000000000000000e+00 1.190646623018607897e+03 8.713474844934527937e+04 0.000000000000000000e+00 8.337939627842867048e+04 0.000000000000000000e+00 -1.969183666436940030e+03
1.125102861506304813e-01 1.473507564350313041e+05 0.000000000000000000e+00 6.171036128932519205e+04 0.000000000000000000e+00 9.468709592641262134e+03 8.237843827780784341e+04 0.000000000000000000e+00 7.585403478395300044e+04 0.000000000000000000e+00 7.757256860168509775e+03
1.175500852175193622e-01 1.420812652538756956e+05 0.000000000000000000e+00 6.169919499359977635e+04 0.000000000000000000e+00 -1.115050277343194466e+03 7.571373858626084984e+04 0.000000000000000000e+00 6.647890541885934363e+04 0.000000000000000000e+00 5.766540748115488896e+03
1.225369446564099490e-01 1.369516700430321216e+05 0.000000000000000000e+00 5.858639232042370713e+04 0.000000000000000000e+00 -9.864117047335319512e+03 7.295944918901026540e+04 0.000000000000000000e+00 5.953024084740152466e+04 0.000000000000000000e+00 2.928870969877524203e+03
1.275260957852891452e-01 1.324701120543293655e+05 0.000000000000000000e+00 5.822921173902497685e+04 0.000000000000000000e+00 4.067741935483870748e+03 6.887079117147707439e+04 0.000000000000000000e+00 5.481994664079553331e+04 0.000000000000000000e+00 5.059976230899829716e+03
1.325302087090364789e-01 1.274614677066382283e+05 0.000000000000000000e+00 4.916564322989730863e+04 0.000000000000000000e+00 -7.364663037988889300e+02 6.578849492172156170e+04 0.000000000000000000e+00 4.754187262218730757e+04 0.000000000000000000e+00 2.158382582346669551e+03
1.375062694904859717e-01 1.197791831045406580e+05 0.000000000000000000e+00 5.204889545934530179e+04 0.000000000000000000e+00 1.288478901795142519e+04 6.251703822597676481e+04 0.000000000000000000e+00 4.309634973600844387e+04 0.000000000000000000e+00 5.573279408658922875e+03
1.425134422753508989e-01 1.139777216356306308e+05 0.000000000000000000e+00 5.343388135918602347e+04 0.000000000000000000e+00 3.626926473411403094e+03 5.953430140142062010e+04 0.000000000000000000e+00 3.883375388750239654e+04 0.000000000000000000e+00 1.347621040506815007e+03
1.475259222195813014e-01 1.067652846143332281e+05 0.000000000000000000e+00 4.320046653606087057e+04 0.000000000000000000e+00 1.556493143195589710e+03 5.670026187981229305e+04 0.000000000000000000e+00 3.368710811426488362e+04 0.000000000000000000e+00 2.543963005148298180e+03
1.525299430011916868e-01 1.025766330740615522e+05 0.000000000000000000e+00 4.249722556645248551e+04 0.000000000000000000e+00 5.252743320933378527e+03 5.587922353736895457e+04 0.000000000000000000e+00 3.618269056476157857e+04 0.000000000000000000e+00 3.727754819073385079e+03
1.574945685492469272e-01 9.592043676952319220e+04 0.000000000000000000e+00 4.012042932826464676e+04 0.000000000000000000e+00 7.799601245601973005e+02 5.318779180652727518e+04 0.000000000000000000e+00 3.150702891576009642e+04 0.000000000000000000e+00 1.919311036518784931e+03
1.625189323163163113e-01 9.231611328467153362e+04 0.000000000000000000e+00 3.911572788321167900e+04 0.000000000000000000e+00 5.811096642335766774e+03 5.051432175182482024e+04 0.000000000000000000e+00 2.826041226277372334e+04 0.000000000000000000e+00 4.419890218978102894e+03
1.675461007718098694e-01 8.754880182232345396e+04 0.000000000000000000e+00 3.664452164009111584e+04 0.000000000000000000e+00 9.624336560364464503e+02 4.925597722095671634e+04 0.000000000000000000e+00 2.636615034168564671e+04 0.000000000000000000e+00 5.592973376993165857e+02
1.725292014006662711e-01 8.397372976892904262e+04 0.000000000000000000e+00 3.238747034973794507e+04 0.000000000000000000e+00 3.754182153805584221e+03 4.766487602597488876e+04 0.000000000000000000e+00 2.410666947951346810e+04 0.000000000000000000e+00 3.160206216830932590e+03
1.775301965061671094e-01 8.266344674406865670e+04 0.000000000000000000e+00 2.951407370015143897e+04 0.000000000000000000e+00 2.832146895507319641e+03 4.672982937910146575e+04 0.000000000000000000e+00 2.330940535083291252e+04 0.000000000000000000e+00 2.572688036345280125e+03
1.825147654490652804e-01 8.008500434281662456e+04 0.000000000000000000e+00 2.920831315548465136e+04 0.000000000000000000e+00 1.439932051168424550e+03 4.557475754084315849e+04 0.000000000000000000e+00 2.085077042157818505e+04 0.000000000000000000e+00 2.750572247333746873e+03
1.875360723572403465e-01 7.707590793296089396e+04 0.000000000000000000e+00 2.958460245810055858e+04 0.000000000000000000e+00 4.632483575418994405e+03 4.410713743016759690e+04 0.000000000000000000e+00 2.007651575418994616e+04 0.000000000000000000e+00 9.178903351955307244e+02
1.925323683450522461e-01 7.466506501017457049e+04 0.000000000000000000e+00 2.648759644425404258e+04 0.000000000000000000e+00 4.182142015636713950e+03 4.322405569240655313e+04 0.000000000000000000e+00 1.878582842454749698e+04 0.000000000000000000e+00 1.416463210881439409e+03
1.975198663583639380e-01 7.280327244213987433e+04 0.000000000000000000e+00 2.536679296825597339e+04 0.000000000000000000e+00 6.637691969141266782e+03 4.240294382192993362e+04 0.000000000000000000e+00 1.705033656253951995e+04 0.000000000000000000e+00 3.360512760844821059e+03
2.025153694923672032e-01 6.980554048055583553e+04 0.000000000000000000e+00 2.330325349802181154e+04 0.000000000000000000e+00 3.414707324133938073e+03 4.114168329634275869e+04 0.000000000000000000e+00 1.606858400077197803e+04 0.000000000000000000e+00 1.294049213548200441e+03
2.075088499274508613e-01 6.724395832283771597e+04 0.000000000000000000e+00 2.266168201699146084e+04 0.000000000000000000e+00 1.212587968581831547e+03 4.043588559389956208e+04 0.000000000000000000e+00 1.554925791751585894e+04 0.000000000000000000e+00 2.827538757470974815e+02
2.125178062418619784e-01 6.560202757898412528e+04 0.000000000000000000e+00 2.091505672892302391e+04 0.000000000000000000e+00 1.476750043637633098e+03 3.946350427648804180e+04 0.000000000000000000e+00 1.562241368476173920e+04 0.000000000000000000e+00 1.832662244719846512e+03
2.175004174234404231e-01 6.364955407793956692e+04 0.000000000000000000e+00 2.278345324467637329e+04 0.000000000000000000e+00 -5.068078865415369023e+02 3.858477636562578846e+04 0.000000000000000000e+00 1.444410537833515809e+04 0.000000000000000000e+00 1.118590522683275822e+03
2.225093171556767890e-01 6.115331691653040616e+04 0.000000000000000000e+00 2.016199334134473247e+04 0.000000000000000000e+00 3.577535824747345487e+03 3.782076602115797868e+04 0.000000000000000000e+00 1.348605992789740230e+04 0.000000000000000000e+00 8.141877425582632668e+02
2.275289586476768322e-01 5.913790540333691024e+04 0.000000000000000000e+00 1.857758089698454205e+04 0.000000000000000000e+00 2.716713607837134532e+03 3.712360753099647991e+04 0.000000000000000000e+00 1.273517832542476754e+04 0.000000000000000000e+00 1.684511403643043195e+03
2.325285406108919262e-01 5.787337463845888124e+04 0.000000000000000000e+00 1.935107110763465971e+04 0.000000000000000000e+00 1.380458625143252220e+03 3.624930056573227193e+04 0.000000000000000000e+00 1.168730132974369371e+04 0.000000000000000000e+00 6.011228785039928653e+02
2.375276552426477672e-01 5.618360316400070587e+04 0.000000000000000000e+00 1.802922299173844294e+04 0.000000000000000000e+00 3.396153418878537650e+03 3.594415496572332631e+04 0.000000000000000000e+00 1.193753334505185558e+04 0.000000000000000000e+00 9.411225874494639356e+02
2.424991024241769377e-01 5.497205085003292334e+04 0.000000000000000000e+00 1.573735721641652526e+04 0.000000000000000000e+00 -6.650346934985565213e+02 3.522919021491398598e+04 0.000000000000000000e+00 1.102717525703577485e+04 0.000000000000000000e+00 2.198533756520858446e+02
2.474998551644826128e-01 5.341047761767531483e+04 0.000000000000000000e+00 1.643847787383925606e+04 0.000000000000000000e+00 2.043143515850144013e+03 3.459592033301312767e+04 0.000000000000000000e+00 1.089748984950368322e+04 0.000000000000000000e+00 1.478613768812039780e+03
2.525200307756395035e-01 5.223297939993814362e+04 0.000000000000000000e+00 1.549638948345190329e+04 0.000000000000000000e+00 8.511447571914630998e+02 3.397096640890813433e+04 0.000000000000000000e+00 1.069001719764924201e+04 0.000000000000000000e+00 5.563696257346118728e+02
2.575182250600202005e-01 5.134635928768348094e+04 0.000000000000000000e+00 1.573780648237836249e+04 0.000000000000000000e+00 1.856812934952685964e+03 3.360488213992996316e+04 0.000000000000000000e+00 9.557968199090977578e+03 0.000000000000000000e+00 3.771543849191565556e+01
2.625255687975799335e-01 4.995504718434415554e+04 0.000000000000000000e+00 1.445715433331431450e+04 0.000000000000000000e+00 2.078128601586124205e+03 3.310512922918925324e+04 0.000000000000000000e+00 9.027644206082044548e+03 0.000000000000000000e+00 -3.777753751355052145e+02
2.675305520911575030e-01 4.869026254815591528e+04 0.000000000000000000e+00 1.316886626807141511e+04 0.000000000000000000e+00 2.170511868104555106e+03 3.263210836635782107e+04 0.000000000000000000e+00 9.002879938139489241e+03 0.000000000000000000e+00 -7.959545435716158863e+02
2.725404586615198799e-01 4.789414460252816207e+04 0.000000000000000000e+00 1.337945945945945823e+04 0.000000000000000000e+00 1.279359390701856455e+03 3.236181139260591226e+04 0.000000000000000000e+00 8.962268789337282215e+03 0.000000000000000000e+00 7.884605701592003015e+02
2.775333197047151201e-01 4.654967963398557185e+04 0.000000000000000000e+00 1.158055243363403679e+04 0.000000000000000000e+00 1.155981285703207732e+03 3.181816899733760511e+04 0.000000000000000000e+00 8.390102721844546977e+03 0.000000000000000000e+00 -2.006515883888644680e+02
2.825123907298719983e-01 4.549047119125548488e+04 0.000000000000000000e+00 1.167983281664917013e+04 0.000000000000000000e+00 1.554781053541653819e+03 3.128538168344346559e+04 0.000000000000000000e+00 8.042677996665225692e+03 0.000000000000000000e+00 -1.707088495028716295e+02
2.875104651677040102e-01 4.440088258954223420e+04 0.000000000000000000e+00 1.057560160888718565e+04 0.000000000000000000e+00 6.976627561769776094e+02 3.085542846198046391e+04 0.000000000000000000e+00 7.441270254740470591e+03 0.000000000000000000e+00 -1.786868894847730189e+02
2.924971317655564174e-01 4.351494563571419712e+04 0.000000000000000000e+00 1.109814849322035843e+04 0.000000000000000000e+00 1.240308962073310113e+03 3.047612396398062629e+04 0.000000000000000000e+00 7.133482065449837137e+03 0.000000000000000000e+00 -7.516529378446173268e+02
2.975058823671092867e-01 4.305792238699938025e+04 0.000000000000000000e+00 9.908572240475978106e+03 0.000000000000000000e+00 1.052248468164461428e+03 3.022351549595950564e+04 0.000000000000000000e+00 6.588982861202379354e+03 0.000000000000000000e+00 1.271085494183464988e+02
3.025121359101998753e-01 4.191118758376205369e+04 0.000000000000000000e+00 9.631362932860663932e+03 0.000000000000000000e+00 2.416964463274393609e+02 2.988990359258138415e+04 0.000000000000000000e+00 7.201577104318879719e+03 0.000000000000000000e+00 -3.796154943582205874e+02
3.075010376196579687e-01 4.097756429952448525e+04 0.000000000000000000e+00 9.303638229607566245e+03 0.000000000000000000e+00 1.246856665099022848e+03 2.951458606887182032e+04 0.000000000000000000e+00 6.921912525474212998e+03 0.000000000000000000e+00 3.406246329100695220e+02
3.125134169243361515e-01 3.999687271264829906e+04 0.000000000000000000e+00 8.070363965413231199e+03 0.000000000000000000e+00 1.003337703599436963e+03 2.921639766740398045e+04 0.000000000000000000e+00 6.184314980896842826e+03 0.000000000000000000e+00 -8.655177156645887635e+02
3.175159688234982513e-01 3.939180351897515357e+04 0.000000000000000000e+00 7.970935898065644324e+03 0.000000000000000000e+00 1.384892888369305638e+03 2.891446701574795588e+04 0.000000000000000000e+00 6.235471505339372015e+03 0.000000000000000000e+00 -3.301183798174691333e+02
3.225221380836135188e-01 3.881101846328110696e+04 0.000000000000000000e+00 8.288093637908250457e+03 0.000000000000000000e+00 9.461646969983009967e+02 2.861320264300547569e+04 0.000000000000000000e+00 5.917742420237870647e+03 0.000000000000000000e+00 -2.291487634510100122e+02
3.275181733526948968e-01 3.817165671973342978e+04 0.000000000000000000e+00 7.539267530544242618e+03 0.000000000000000000e+00 -3.363734542761940247e+02 2.823740185116623616e+04 0.000000000000000000e+00 5.840405183265457708e+03 0.000000000000000000e+00 -8.464789337282487622e+02
3.325123842131759710e-01 3.735877271231219493e+04 0.000000000000000000e+00 6.492376064118416252e+03 0.000000000000000000e+00 1.028928578417855078e+03 2.802761290552140781e+04 0.000000000000000000e+00 5.778656253057812137e+03 0.000000000000000000e+00 1.187595915208553947e+02
3.374959366892091861e-01 3.666363199383386382e+04 0.000000000000000000e+00 6.755521984374452586e+03 0.000000000000000000e+00 -3.212938373681813573e+02 2.763853330063413159e+04 0.000000000000000000e+00 5.454902427915776570e+03 0.000000000000000000e+00 -8.409886837403216759e+02
3.424919221947719805e-01 3.584392569318854657e+04 0.000000000000000000e+00 6.166675145221645835e+03 0.000000000000000000e+00 8.292700164181717355e+02 2.743407105651351594e+04 0.000000000000000000e+00 5.497155105884706245e+03 0.000000000000000000e+00 -3.242273541741326426e+02
3.475179778446125245e-01 3.548127630934099579e+04 0.000000000000000000e+00 6.274312673571404957e+03 0.000000000000000000e+00 1.125921390531577799e+03 2.718680354167347105e+04 0.000000000000000000e+00 5.178618747345378324e+03 0.000000000000000000e+00 9.417224817852124374e+01
3.525052850529177828e-01 3.454230522114002815e+04 0.000000000000000000e+00 6.029860194794826384e+03 0.000000000000000000e+00 -1.697566022672840518e+02 2.698069346958326787e+04 0.000000000000000000e+00 5.177661312470062512e+03 0.000000000000000000e+00 -7.232051732396614625e+02
3.575133254796376558e-01 3.435218971265645087e+04 0.000000000000000000e+00 5.742969272865234416e+03 0.000000000000000000e+00 9.823404741283503654e+02 2.678845916717125147e+04 0.000000000000000000e+00 4.806951797717500995e+03 0.000000000000000000e+00 -1.974815706172252874e+02
3.625250227669692404e-01 3.388631639813281072e+04 0.000000000000000000e+00 5.085513145610600986e+03 0.000000000000000000e+00 5.647211564523414609e+02 2.632066062340009012e+04 0.000000000000000000e+00 4.783650173166691275e+03 0.000000000000000000e+00 -4.909473272097575318e+02
3.675230446100045678e-01 3.324182647682785318e+04 0.000000000000000000e+00 5.021794720381427396e+03 0.000000000000000000e+00 8.458323965327442693e+02 2.631514047634669623e+04 0.000000000000000000e+00 4.859704218883275644e+03 0.000000000000000000e+00 -2.340642856622123134e+02
3.725177060730277545e-01 3.270692389501972866e+04 0.000000000000000000e+00 4.586291726227915206e+03 0.000000000000000000e+00 9.654136886042656442e+02 2.603651666761964952e+04 0.000000000000000000e+00 4.341751729658642944e+03 0.000000000000000000e+00 -1.218764652067013685e+02
3.775163034622419089e-01 3.232575254618296822e+04 0.000000000000000000e+00 4.412074058239841179e+03 0.000000000000000000e+00 8.501565980099434228e+02 2.578083869232731740e+04 0.000000000000000000e+00 4.558914253797725905e+03 0.000000000000000000e+00 -4.633438191710166052e+02
3.825226892977953153e-01 3.211026335135135014e+04 0.000000000000000000e+00 3.811107027027027016e+03 0.000000000000000000e+00 1.403778918918918862e+03 2.560695005405405391e+04 0.000000000000000000e+00 4.260749837837837731e+03 0.000000000000000000e+00 2.042410675675675691e+02
3.875130067694269043e-01 3.120556375131717868e+04 0.000000000000000000e+00 4.096901159114858274e+03 0.000000000000000000e+00 5.220394625922023124e+02 2.543584910432033939e+04 0.000000000000000000e+00 4.457042360379346974e+03 0.000000000000000000e+00 1.040302226027397268e+02
3.924957861003909865e-01 3.122045598429504753e+04 0.000000000000000000e+00 4.199559591928684313e+03 0.000000000000000000e+00 1.360695137257426040e+03 2.535487997940334390e+04 0.000000000000000000e+00 4.204376738647701131e+03 0.000000000000000000e+00 4.944743024490715584e+02
3.975064703251052212e-01 3.080781493092125675e+04 0.000000000000000000e+00 3.549158639489498910e+03 0.000000000000000000e+00 1.701639303636701698e+03 2.513330316585093897e+04 0.000000000000000000e+00 4.091527414658323778e+03 0.000000000000000000e+00 3.731720215600025199e+02
