3.798113400606732779e-03 -2.796052631578947040e-02 5.130750315789473057e+07 6.990131578947368640e-02 -4.854551915789473057e+07 -9.272203947368420907e-02 1.917606938947368264e+08 0.000000000000000000e+00 -1.115582652631578892e+08 0.000000000000000000e+00 -4.839978105263157748e+06
8.299341265228576958e-03 4.394531250000000000e-03 4.413631600000000000e+07 -1.068115234375000000e-02 9.940760000000000000e+06 1.441955566406250000e-02 9.571785600000000000e+07 0.000000000000000000e+00 7.849407200000000000e+07 0.000000000000000000e+00 6.247640000000000000e+07
1.293222767532251419e-02 -4.578025477707006220e-03 2.234535622929936275e+07 1.005175159235668914e-02 -7.348524840764331166e+05 -1.400776273885350441e-02 8.291379526114650071e+07 0.000000000000000000e+00 5.456422155414012820e+07 0.000000000000000000e+00 3.677570119745223224e+07
1.764839556552980082e-02 0.000000000000000000e+00 1.846483813698630035e+07 3.424657534246575152e-03 7.769415013698630035e+06 -2.568493150684931364e-03 6.306698871232876182e+07 0.000000000000000000e+00 5.789408438356164098e+07 0.000000000000000000e+00 3.955965194520547986e+07
2.256548662787912635e-02 -4.725897920604915062e-04 1.282815225708884746e+07 1.004253308128544471e-03 1.059300778827977367e+06 7.384215500945179615e-05 4.474967107750472426e+07 0.000000000000000000e+00 3.091472840831758082e+07 0.000000000000000000e+00 -1.048048127032136172e+07
2.777643688250242340e-02 3.429878048780487599e-04 9.850813190243901685e+06 -1.276676829268292733e-03 2.659393248780487571e+06 1.167111280487804830e-03 3.847091574634146690e+07 0.000000000000000000e+00 3.641637213658536226e+07 0.000000000000000000e+00 1.254452948292682879e+07
3.269804980233311648e-02 -2.148437500000000011e-04 6.100355071999999695e+06 1.412109374999999953e-03 8.159633919999999925e+05 -2.381347656249999892e-03 2.869813043200000003e+07 0.000000000000000000e+00 2.157746995199999958e+07 0.000000000000000000e+00 3.336977919999999925e+06
3.761648458559932462e-02 -1.027267363452461218e-04 4.523847293324342929e+06 1.015414278489548119e-03 1.247652855023600860e+06 -6.943932274106540733e-04 2.362491321915037185e+07 0.000000000000000000e+00 2.202910278084962815e+07 0.000000000000000000e+00 9.930448183412002400e+06
4.263843696389812976e-02 -2.441406250000000000e-04 2.907431428571428638e+06 3.487723214285713821e-04 2.933762678571428405e+05 -3.487723214285714092e-05 1.827435771428571269e+07 0.000000000000000000e+00 1.282095657142857090e+07 0.000000000000000000e+00 1.791497285714285681e+06
4.756514582339458480e-02 -1.056203663323157413e-04 2.261130885303096380e+06 2.555331443523768141e-05 4.075185346707370481e+05 -2.252950556040122295e-04 1.509513188312254660e+07 0.000000000000000000e+00 1.207369238552115113e+07 0.000000000000000000e+00 2.286840519843000453e+06
5.262096060748640974e-02 4.389044943820224597e-05 1.550344808988763951e+06 -8.229459269662921120e-05 -2.414205898876404535e+04 7.447660639044943309e-04 1.339208485393258370e+07 0.000000000000000000e+00 1.086823694382022507e+07 0.000000000000000000e+00 2.991499865168539342e+06
5.756031740041873956e-02 -2.900680693069306797e-05 1.360309544554455439e+06 1.305306311881188194e-04 1.600907524752475147e+05 -7.372563428217821554e-05 1.193824443564356491e+07 0.000000000000000000e+00 9.185113980198020115e+06 0.000000000000000000e+00 7.042356435643564910e+05
6.254738279606215923e-02 2.452783909737551939e-04 1.169065787588913227e+06 -4.752268825116507051e-04 3.047211891096394393e+05 7.588300220750551599e-04 1.047696620848663151e+07 0.000000000000000000e+00 7.770023589894529432e+06 0.000000000000000000e+00 8.256408143242580118e+05
6.757793472572401483e-02 -8.066509226713532577e-05 9.371212934973636875e+05 -5.191742640597539347e-05 5.496561687170474033e+04 -3.313490292728471010e-04 9.091982622144112363e+06 0.000000000000000000e+00 5.954655831282951869e+06 0.000000000000000000e+00 4.113894973637961084e+05
7.255917516659465827e-02 -4.140901060070671663e-05 7.499187442811976653e+05 5.702819880974521364e-05 5.013425181327878090e+04 -1.019787695276176313e-04 8.288205342756183818e+06 0.000000000000000000e+00 5.515619743351311423e+06 0.000000000000000000e+00 1.740720729031058145e+05
7.753384299139773339e-02 3.293895944928021950e-05 5.956115112152661895e+05 3.273462347254770715e-05 7.008124807499162853e+04 1.962647056515735066e-05 7.408001328423167579e+06 0.000000000000000000e+00 4.433862749246736057e+06 0.000000000000000000e+00 1.291981434214931447e+06
8.251793356505521260e-02 1.371891126720183529e-04 4.620905321100917645e+05 -1.189905569094036814e-04 2.437861009174312130e+04 7.026742357726491542e-04 6.732863412844036706e+06 0.000000000000000000e+00 3.574461064220183529e+06 0.000000000000000000e+00 -2.884948073394495295e+05
8.752751931716111489e-02 -5.023912304004147112e-05 3.631706497343527735e+05 6.890479217960347985e-05 2.695845743164442320e+04 -7.439376437572890830e-05 5.855424937151743099e+06 0.000000000000000000e+00 3.091520091227161232e+06 0.000000000000000000e+00 9.306679797848905437e+05
9.254701955136974967e-02 -3.204762989972652869e-05 3.243947639015496825e+05 1.228492479489516967e-04 5.756869644484959281e+03 -2.256687272105742782e-04 5.356676083865086548e+06 0.000000000000000000e+00 2.877726570647219662e+06 0.000000000000000000e+00 9.770685141294439381e+04
9.754963178921903511e-02 -2.535198367005129204e-05 2.419141848633936897e+05 7.033130953627133111e-05 3.632923186433580850e+04 1.394359101852821062e-04 4.889855651627761312e+06 0.000000000000000000e+00 2.497203170522348955e+06 0.000000000000000000e+00 1.983062342719564622e+05
1.025319613041059119e-01 -5.313379455909943795e-05 1.895324818011257157e+05 8.593017120075047447e-05 -2.320534709193245817e+02 -9.724400504221388560e-05 4.438086700187616982e+06 0.000000000000000000e+00 2.056109388367729727e+06 0.000000000000000000e+00 4.345584150093808421e+05
1.075116003998943526e-01 -3.600695640937284856e-05 1.686204713990351593e+05 6.158199086836663779e-05 1.532718676774638152e+04 -1.287164563232253735e-04 4.147200000000000000e+06 0.000000000000000000e+00 1.683670186078566592e+06 0.000000000000000000e+00 -1.899029910406616182e+04
1.125102861506304813e-01 -2.657107521063616079e-05 1.373598503517044301e+05 3.200606786735719260e-05 8.827384401329520188e+03 -1.856955824379686264e-05 3.906494224008657504e+06 0.000000000000000000e+00 1.652376962819819106e+06 0.000000000000000000e+00 1.507452744840380328e+05
1.175500852175193622e-01 2.666761484852794709e-05 1.252386880955767410e+05 -4.055699758213625767e-05 1.075589020054046341e+04 8.097510133693643108e-05 3.648742840563219972e+06 0.000000000000000000e+00 1.442457141231688205e+06 0.000000000000000000e+00 4.723968709998577833e+04
1.225369446564099490e-01 1.913687520688513901e-05 1.008960317775571020e+05 -3.594629261833830343e-05 7.816358556769282586e+03 8.618059003641178359e-05 3.451248924726911820e+06 0.000000000000000000e+00 1.532394814961933298e+06 0.000000000000000000e+00 6.058926818934128096e+04
1.275260957852891452e-01 1.083621983385884054e-05 8.736916614115935226e+04 -5.006570420506912449e-05 7.489350958040261503e+03 3.296016866132063722e-05 3.331678005335920490e+06 0.000000000000000000e+00 1.332151602231384953e+06 0.000000000000000000e+00 1.404103031772980758e+05
1.325302087090364789e-01 1.315161887660625184e-06 7.145601256944054330e+04 -2.959114247236406431e-05 1.573366814432411275e+03 5.315445962628359994e-06 3.179520402222097386e+06 0.000000000000000000e+00 1.189983154256214621e+06 0.000000000000000000e+00 1.630640130183491274e+05
1.375062694904859717e-01 -4.408452679514255079e-06 6.480669736008447944e+04 5.246316492872228118e-06 1.708439957761351616e+04 -4.519630762440601606e-05 2.954085156494192313e+06 0.000000000000000000e+00 1.137494450686377939e+06 0.000000000000000000e+00 1.111122855332629260e+05
1.425134422753508989e-01 7.752132727010942832e-05 6.513256287195238838e+04 -8.431733238145517641e-05 2.170126319831061483e+04 1.525234457489441336e-04 2.869915202150124591e+06 0.000000000000000000e+00 1.043958662315223599e+06 0.000000000000000000e+00 6.512758686888078228e+04
1.475259222195813014e-01 -9.610346712834297975e-06 4.356826607134721417e+04 9.788316096405303462e-06 6.372628183516333593e+03 -1.356571626269989636e-04 2.733815847282336559e+06 0.000000000000000000e+00 9.711388517016720725e+05 0.000000000000000000e+00 1.991872941819672997e+04
1.525299430011916868e-01 1.593477870307744319e-05 4.450242272573553782e+04 -2.679189476242813570e-05 1.152980453161988407e+04 2.549151774391274862e-06 2.555103707811971661e+06 0.000000000000000000e+00 8.659572702062901808e+05 0.000000000000000000e+00 1.785653567805207858e+05
1.574945685492469272e-01 2.709272758523071593e-05 3.622891511303433072e+04 -1.012225376107089354e-04 6.118746956767905431e+03 3.851630113337646950e-05 2.442706508674727753e+06 0.000000000000000000e+00 8.260869352529622847e+05 0.000000000000000000e+00 3.626384891009826970e+04
1.625189323163163113e-01 -1.240305656934306633e-05 2.716254131386861627e+04 -9.266651459854015394e-07 4.876916496350365378e+03 -1.562856409671532944e-05 2.355167261897810269e+06 0.000000000000000000e+00 7.150005255474452861e+05 0.000000000000000000e+00 1.472748472992700990e+05
1.675461007718098694e-01 -3.145604578943621689e-06 2.726753530751708240e+04 -1.090534184136531860e-05 1.202229157175398541e+04 -6.254495955273882348e-05 2.253299316628701519e+06 0.000000000000000000e+00 7.327661047835990321e+05 0.000000000000000000e+00 1.340426970387243782e+05
1.725292014006662711e-01 2.816666735339684667e-07 1.962898796848732673e+04 -3.011016740078122658e-05 8.419102745821934150e+03 -1.071439907075106377e-05 2.162821396446583327e+06 0.000000000000000000e+00 6.125047038270100020e+05 0.000000000000000000e+00 1.371342811748030654e+05
1.775301965061671094e-01 -6.038814045936395469e-06 1.805905098435133914e+04 4.566082865345784972e-05 1.532416052498737918e+04 -3.689530520412670641e-05 2.095867089348813752e+06 0.000000000000000000e+00 6.670781706208984833e+05 0.000000000000000000e+00 7.077505906108026102e+04
1.825147654490652804e-01 9.809189340896333560e-06 1.374583639103075438e+04 -3.190871591479807262e-05 1.365747313066855713e+04 4.303060559396141839e-05 2.028218942243493162e+06 0.000000000000000000e+00 6.036516453661851119e+05 0.000000000000000000e+00 8.051978610889539414e+04
1.875360723572403465e-01 -1.014752094972067121e-05 8.949123575418994733e+03 2.056782472067039241e-05 6.876632849162011553e+03 -2.104519465782122989e-05 1.982566056759776548e+06 0.000000000000000000e+00 5.703373944134077756e+05 0.000000000000000000e+00 7.926485810055866023e+04
1.925323683450522461e-01 3.399194735996572442e-06 7.378281675056227868e+03 -3.119414861572239619e-05 8.480059119631572685e+03 8.831369400637249795e-06 1.911332136660597520e+06 0.000000000000000000e+00 5.241041910677947453e+05 0.000000000000000000e+00 2.904819963585734149e+04
1.975198663583639380e-01 -3.049364882382698570e-05 8.429385202984696662e+03 6.319188100733526660e-05 1.177646702921461838e+04 -1.026196502110471689e-04 1.853736982015935238e+06 0.000000000000000000e+00 4.684590589604147826e+05 0.000000000000000000e+00 8.634030767674211529e+04
2.025153694923672032e-01 1.602003522146096815e-06 3.732810190099392457e+03 -1.267467492521470629e-05 7.508543857956190550e+03 3.433706078717553193e-05 1.796288685515777441e+06 0.000000000000000000e+00 4.477117128244717023e+05 0.000000000000000000e+00 4.186698677988999407e+04
2.075088499274508613e-01 -5.613070771027502789e-06 1.116855526803911289e+03 1.442402648331768640e-06 8.103640752020884975e+03 -1.632207182869999465e-05 1.741273578602670226e+06 0.000000000000000000e+00 4.310509815200714511e+05 0.000000000000000000e+00 -2.661787977741647410e+04
2.125178062418619784e-01 2.795535870134404111e-05 2.712382963868039951e+03 -1.900623472682841876e-05 9.904582998778147157e+03 2.247934712646186179e-05 1.693192132658404764e+06 0.000000000000000000e+00 3.986046458369698375e+05 0.000000000000000000e+00 7.671871810089021164e+04
2.175004174234404231e-01 -2.959031226327750447e-06 2.868871307129029447e+03 3.575496065146031790e-06 9.046349633869203899e+03 -3.462477511362680175e-06 1.641240412759868661e+06 0.000000000000000000e+00 3.733753428162612836e+05 0.000000000000000000e+00 1.915050517633196068e+04
2.225093171556767890e-01 -7.695376371623884436e-07 2.483062193416205446e+03 2.847289257500837167e-06 7.989780500778156238e+03 -6.290970183802525958e-06 1.597172102992454777e+06 0.000000000000000000e+00 3.471058817596186418e+05 0.000000000000000000e+00 9.696444435688816884e+04
2.275289586476768322e-01 1.233222198836675382e-06 -1.480243838971376135e+03 -1.364018492652686469e-06 1.149303413439461292e+04 -6.267478121890785868e-05 1.569710493800704135e+06 0.000000000000000000e+00 3.515511673044543131e+05 0.000000000000000000e+00 5.057939690800551034e+04
2.325285406108919262e-01 -1.862597604733232838e-05 5.948944027067833531e+02 1.641874903361650480e-05 1.028474167318501895e+04 1.874255493890182554e-05 1.527341795281320112e+06 0.000000000000000000e+00 3.238411316100631375e+05 0.000000000000000000e+00 4.912585189092827932e+04
2.375276552426477672e-01 -1.006345167208648323e-05 -2.376226683072596188e+03 2.505563436566180327e-05 2.710873615749692362e+03 -3.563781512980093540e-05 1.496982234065741068e+06 0.000000000000000000e+00 2.886696319212515373e+05 0.000000000000000000e+00 5.819781782387063140e+04
2.424991024241769377e-01 1.137589055087535649e-05 -2.579762227136900037e+03 -1.379944984214880223e-05 6.696703256630594296e+03 1.046499496691033799e-05 1.448131592591967434e+06 0.000000000000000000e+00 2.920431127243259689e+05 0.000000000000000000e+00 2.297351597926831528e+04
2.474998551644826128e-01 1.368063060358629427e-06 -1.636640025616394496e+03 1.332884295949407544e-06 8.694609029779057892e+03 -1.645877580401457042e-05 1.421770127697726479e+06 0.000000000000000000e+00 2.605674400256164081e+05 0.000000000000000000e+00 1.903947127761767479e+04
2.525200307756395035e-01 -6.864331213269409957e-06 -2.477162759047324471e+03 1.631505785068048262e-05 6.683528611197030841e+03 -1.818311498366455268e-05 1.394319068605010863e+06 0.000000000000000000e+00 2.535594402721930237e+05 0.000000000000000000e+00 7.077411790906279930e+04
2.575182250600202005e-01 2.594028248640190511e-06 -4.660880470903807691e+03 1.196782037012890231e-05 6.608160464943000079e+03 -1.923009896454250763e-05 1.363221436018180335e+06 0.000000000000000000e+00 2.161412596974890039e+05 0.000000000000000000e+00 4.941965075627747137e+04
2.625255687975799335e-01 2.702303945341473036e-06 -2.824502767159240193e+03 -9.318769790894049560e-06 8.440747190049638448e+03 2.876073232548353811e-05 1.332499119301648811e+06 0.000000000000000000e+00 2.230567713812974107e+05 0.000000000000000000e+00 2.947300599075711580e+04
2.675305520911575030e-01 -4.355500303779290632e-06 -4.600350064207895230e+03 5.009499575399400497e-06 4.361431076621422108e+03 -2.674149083570372980e-05 1.309055945209262427e+06 0.000000000000000000e+00 2.124822835365432547e+05 0.000000000000000000e+00 2.065790729208378616e+04
2.725404586615198799e-01 -3.612330874477706354e-06 -3.549836145342994314e+03 8.307715375753687870e-06 7.502979425609561986e+03 -1.557474695735210494e-05 1.279316719521870138e+06 0.000000000000000000e+00 1.934748400063468434e+05 0.000000000000000000e+00 4.605461257735230174e+04
2.775333197047151201e-01 6.216003195517874373e-06 -4.273869775376741018e+03 -1.978077362066068656e-05 5.742268358880243795e+03 3.036927754114754179e-05 1.253477852095019072e+06 0.000000000000000000e+00 1.905886814692273911e+05 0.000000000000000000e+00 3.883186889652854734e+04
2.825123907298719983e-01 -4.414523250787377366e-06 -4.110212956215648774e+03 8.575754183906627266e-06 3.827853714568023406e+03 -1.865015458068301069e-05 1.223315766368183773e+06 0.000000000000000000e+00 1.608924761069598026e+05 0.000000000000000000e+00 3.178930945470265215e+04
2.875104651677040102e-01 5.728256380482665652e-07 -4.699605822639340658e+03 -3.629844094162995429e-06 9.288587626891399850e+03 -2.403821873952547212e-06 1.205982412564642727e+06 0.000000000000000000e+00 1.694468461980463471e+05 0.000000000000000000e+00 5.011827312775330211e+04
2.924971317655564174e-01 8.624463928608583628e-06 -3.788334439191297861e+03 -1.115310256736293296e-05 7.216183657191736529e+03 1.333179568021824268e-05 1.186150540267486591e+06 0.000000000000000000e+00 1.483318136147683836e+05 0.000000000000000000e+00 1.812759735981227277e+04
2.975058823671092867e-01 6.815709882281768771e-07 -3.624660332119704890e+03 -6.175466757156890835e-06 7.335735725068821012e+03 1.339378455171956884e-05 1.165631084983571665e+06 0.000000000000000000e+00 1.549605782790160738e+05 0.000000000000000000e+00 4.036721143770535127e+04
3.025121359101998753e-01 -1.393219597077515054e-06 -4.628659029008689686e+03 -1.076578779559897871e-06 5.271665211188448666e+03 -6.517523493904284172e-06 1.149354316199040273e+06 0.000000000000000000e+00 1.116787300159958540e+05 0.000000000000000000e+00 9.259682331070856890e+03
3.075010376196579687e-01 4.225290014108795032e-06 -4.947520719025970720e+03 -1.580911650206406609e-05 6.158662778909965709e+03 1.121385846135758035e-05 1.123804047363745747e+06 0.000000000000000000e+00 9.057642522861473844e+04 0.000000000000000000e+00 3.317853373046977504e+04
3.125134169243361515e-01 4.025644731550372148e-06 -4.156649426905288237e+03 -2.326037163181178473e-05 6.720869977880554870e+03 2.745047867861452067e-05 1.108920878021315206e+06 0.000000000000000000e+00 9.460361858033380122e+04 0.000000000000000000e+00 1.714608517997184754e+04
3.175159688234982513e-01 -1.496632806436718319e-06 -5.995278639565383855e+03 1.285569205528975990e-05 4.934727195921053863e+03 -6.072875426118222426e-06 1.091003125384365907e+06 0.000000000000000000e+00 1.064386790973661700e+05 0.000000000000000000e+00 3.077453998880057952e+03
3.225221380836135188e-01 5.613805573909760960e-06 -3.792738833301869363e+03 -1.491944880356805920e-05 6.259885671134605218e+03 8.843587393217860077e-06 1.077067441948272754e+06 0.000000000000000000e+00 9.231878089484614611e+04 0.000000000000000000e+00 3.592494106097791519e+04
3.275181733526948968e-01 -8.731575111069974661e-06 -4.602030359126250005e+03 2.602298627823028550e-05 4.229415771936320198e+03 -3.142146788805072136e-05 1.056861111588300671e+06 0.000000000000000000e+00 9.632272491669752344e+04 0.000000000000000000e+00 1.299880755275823685e+04
3.325123842131759710e-01 3.644181651796436511e-06 -3.982664543618847802e+03 6.195977504514442261e-06 3.936869619363619677e+03 3.720735527377976625e-06 1.044563255735342624e+06 0.000000000000000000e+00 9.235147908234520582e+04 0.000000000000000000e+00 4.778136374391774007e+04
3.374959366892091861e-01 -4.603885064858284201e-06 -4.168479837438251707e+03 1.065436940810794249e-05 6.169984654731458249e+03 -1.161208655786335655e-05 1.028648772728865268e+06 0.000000000000000000e+00 6.933844263041726663e+04 0.000000000000000000e+00 8.159327891251796245e+03
3.424919221947719805e-01 -5.176255740109510198e-06 -3.959353340722899702e+03 6.071520097675620341e-06 4.402275808615790083e+03 -1.405971979723141360e-05 1.019737175107718213e+06 0.000000000000000000e+00 7.100964948453608667e+04 0.000000000000000000e+00 1.352606122227870947e+04
3.475179778446125245e-01 5.583638955140980571e-08 -3.416458718593785761e+03 -6.010388503855326662e-06 3.371712614761328950e+03 8.962737601386120914e-06 1.004498064364360995e+06 0.000000000000000000e+00 5.612438879994772287e+04 0.000000000000000000e+00 2.621426366517463248e+04
3.525052850529177828e-01 -4.658279528580552360e-06 -3.667338463994890844e+03 2.814263519379690278e-05 5.419196678907871501e+03 -2.148314708531255156e-05 9.895096918409707723e+05 0.000000000000000000e+00 7.138340296982276777e+04 0.000000000000000000e+00 -6.650771068178189125e+03
3.575133254796376558e-01 -1.021688967280085205e-06 -3.931886166274498009e+03 3.676957547079427934e-06 5.389251680450061940e+03 -1.122875470770324496e-05 9.804815186823125696e+05 0.000000000000000000e+00 5.397492297905281885e+04 0.000000000000000000e+00 3.050870694637122506e+04
3.625250227669692404e-01 -3.095413435476584539e-06 -3.135897123927119083e+03 -4.848990880514982083e-06 5.319093389549766471e+03 4.169801293574009461e-06 9.681581544948049122e+05 0.000000000000000000e+00 6.388886492998042377e+04 0.000000000000000000e+00 -5.817068513778045599e+03
3.675230446100045678e-01 -1.032314608256967665e-06 -3.443895340783996289e+03 7.934583661395795773e-06 3.711312497721788532e+03 -1.261114682207714529e-05 9.601857837849659845e+05 0.000000000000000000e+00 5.230808103871866479e+04 0.000000000000000000e+00 2.077343446405528812e+04
3.725177060730277545e-01 -2.757034332294585410e-06 -3.142245754474241039e+03 -1.055699855087483673e-05 3.440415346789410705e+03 3.251730049513265736e-06 9.492614081994397566e+05 0.000000000000000000e+00 4.798243467322317156e+04 0.000000000000000000e+00 8.299248213162560205e+03
3.775163034622419089e-01 -1.003356841422966360e-06 -2.644934678425883249e+03 5.902297124209596987e-06 4.446396480509719368e+03 -3.453668725132911767e-06 9.379203093620924046e+05 0.000000000000000000e+00 4.427195553747388476e+04 0.000000000000000000e+00 2.052356312534046810e+04
3.825226892977953153e-01 -4.242768158783783477e-06 -2.558080864864864907e+03 1.467153188344594652e-05 3.149456864864864656e+03 -1.205609295819256674e-05 9.300756203243243508e+05 0.000000000000000000e+00 5.078087610810811020e+04 0.000000000000000000e+00 4.355493708108107967e+04
3.875130067694269043e-01 4.981214806704426034e-06 -2.422014541622761044e+03 9.079703038560326566e-06 4.611468493150685390e+03 3.671997842095297730e-06 9.189164510010537924e+05 0.000000000000000000e+00 3.978697576396206568e+04 0.000000000000000000e+00 3.024635616438356374e+04
3.924957861003909865e-01 5.675898287902680870e-06 -2.333261262189038916e+03 -5.367903807163776186e-06 3.942968055868439023e+03 2.004792645544363507e-05 9.140818831525762798e+05 0.000000000000000000e+00 3.386072034241946676e+04 0.000000000000000000e+00 3.646879129791137530e+04
3.975064703251052212e-01 4.440845517625921510e-06 -1.688099423827520013e+03 -1.688610332383371534e-05 4.468096103091506848e+03 1.847881801390868003e-05 9.038037034632303985e+05 0.000000000000000000e+00 3.214897198438758642e+04 0.000000000000000000e+00 3.687909259649340675e+04
