3.798113400606732779e-03 9.105905921052630583e+04 0.000000000000000000e+00 5.864748421052631456e+05 0.000000000000000000e+00 1.808301473684210330e+06 7.623789136842104793e+07 0.000000000000000000e+00 2.418015663157894611e+08 0.000000000000000000e+00 2.158886669473684132e+08
8.299341265228576958e-03 1.079530500000000000e+06 0.000000000000000000e+00 4.688239687500000000e+05 0.000000000000000000e+00 9.217481250000000000e+04 3.467684800000000000e+07 0.000000000000000000e+00 7.322368000000000000e+07 0.000000000000000000e+00 2.153408600000000000e+07
1.293222767532251419e-02 9.506767898089172086e+05 0.000000000000000000e+00 2.397543694267515966e+05 0.000000000000000000e+00 4.133399745222930214e+05 1.322720203821656108e+07 0.000000000000000000e+00 2.306700229299363121e+07 0.000000000000000000e+00 -5.717862726114650257e+06
1.764839556552980082e-02 9.456103013698629802e+05 0.000000000000000000e+00 7.733040000000000000e+05 0.000000000000000000e+00 6.855812602739725262e+05 7.052294136986301281e+06 0.000000000000000000e+00 1.406146893150684796e+07 0.000000000000000000e+00 2.062899726027397206e+06
2.256548662787912635e-02 7.623439243856333196e+05 0.000000000000000000e+00 4.482342230623818468e+05 0.000000000000000000e+00 -3.353446049149338505e+05 4.158686608695652336e+06 0.000000000000000000e+00 7.736243054820416495e+06 0.000000000000000000e+00 -9.382811342155010207e+05
2.777643688250242340e-02 7.571122731707317289e+05 0.000000000000000000e+00 5.334175999999999767e+05 0.000000000000000000e+00 6.636816585365853098e+04 2.234755278048780281e+06 0.000000000000000000e+00 4.403539043902439065e+06 0.000000000000000000e+00 5.112302829268292408e+05
3.269804980233311648e-02 6.724036480000000447e+05 0.000000000000000000e+00 5.495471999999999534e+05 0.000000000000000000e+00 -4.908934799999999814e+04 1.557703679999999935e+06 0.000000000000000000e+00 3.062387712000000291e+06 0.000000000000000000e+00 -7.015307200000000012e+04
3.761648458559932462e-02 5.464266055293324171e+05 0.000000000000000000e+00 3.803163964935940458e+05 0.000000000000000000e+00 1.622272906271071988e+05 9.401913310856372118e+05 0.000000000000000000e+00 1.728253583277140977e+06 0.000000000000000000e+00 -1.897560485502360098e+04
4.263843696389812976e-02 4.899941428571428405e+05 0.000000000000000000e+00 3.233765357142856810e+05 0.000000000000000000e+00 3.436823437500000000e+04 6.832567857142856810e+05 0.000000000000000000e+00 1.240277571428571362e+06 0.000000000000000000e+00 5.109903571428571013e+04
4.756514582339458480e-02 4.362224369821195141e+05 0.000000000000000000e+00 2.170387509812472854e+05 0.000000000000000000e+00 -1.158231556912341912e+05 5.311347440034889150e+05 0.000000000000000000e+00 8.993402808547754539e+05 0.000000000000000000e+00 -1.225580601831661625e+05
5.262096060748640974e-02 3.995408539325842867e+05 0.000000000000000000e+00 2.096597078651685442e+05 0.000000000000000000e+00 6.290267415730337234e+04 3.985660674157303292e+05 0.000000000000000000e+00 6.751784719101123046e+05 0.000000000000000000e+00 4.901452808988763718e+04
5.756031740041873956e-02 3.642380198019801755e+05 0.000000000000000000e+00 1.704991881188118714e+05 0.000000000000000000e+00 -2.482846287128712720e+04 3.213576435643564328e+05 0.000000000000000000e+00 4.798864554455445614e+05 0.000000000000000000e+00 -6.146534653465346491e+04
6.254738279606215923e-02 3.462307068923227489e+05 0.000000000000000000e+00 2.101299740004905325e+05 0.000000000000000000e+00 1.857859798871719249e+04 2.677329251900907257e+05 0.000000000000000000e+00 4.103069354917831370e+05 0.000000000000000000e+00 1.430914986509688424e+04
6.757793472572401483e-02 3.156391423550087493e+05 0.000000000000000000e+00 1.935342425307556987e+05 0.000000000000000000e+00 8.841291739894551256e+02 2.305758172231985664e+05 0.000000000000000000e+00 3.499465729349736357e+05 0.000000000000000000e+00 1.627121792618629115e+04
7.255917516659465827e-02 2.948293249023618991e+05 0.000000000000000000e+00 1.566189265389622597e+05 0.000000000000000000e+00 -2.024912925423098568e+04 1.920527044820532028e+05 0.000000000000000000e+00 2.703298820903849555e+05 0.000000000000000000e+00 6.998643853449879316e+03
7.753384299139773339e-02 2.625793157013726304e+05 0.000000000000000000e+00 1.369811369266822876e+05 0.000000000000000000e+00 -4.089410445262805752e+03 1.685942979578172090e+05 0.000000000000000000e+00 2.184166588550385204e+05 0.000000000000000000e+00 8.318043521928357222e+03
8.251793356505521260e-02 2.479179082568807353e+05 0.000000000000000000e+00 1.254742110091743234e+05 0.000000000000000000e+00 -7.587826261467890617e+03 1.484423486238532059e+05 0.000000000000000000e+00 1.842355229357798235e+05 0.000000000000000000e+00 1.900595326834862590e+03
8.752751931716111489e-02 2.194890656991058786e+05 0.000000000000000000e+00 1.165317340935596876e+05 0.000000000000000000e+00 1.871493689257483493e+04 1.287284239989633352e+05 0.000000000000000000e+00 1.547707927951276361e+05 0.000000000000000000e+00 1.401249915770377265e+04
9.254701955136974967e-02 2.047400401093892287e+05 0.000000000000000000e+00 9.921304649042844540e+04 0.000000000000000000e+00 4.677433910665451549e+03 1.142832743846855010e+05 0.000000000000000000e+00 1.261416517775752000e+05 0.000000000000000000e+00 1.849846627164995425e+03
9.754963178921903511e-02 1.825584825709201396e+05 0.000000000000000000e+00 8.442387187271013681e+04 0.000000000000000000e+00 6.825190411389092333e+03 1.045346039987438562e+05 0.000000000000000000e+00 1.098468920757877058e+05 0.000000000000000000e+00 3.357574793258662339e+03
1.025319613041059119e-01 1.682619917448405176e+05 0.000000000000000000e+00 8.665301013133207744e+04 0.000000000000000000e+00 3.179090431519699905e+03 9.734563302063789160e+04 0.000000000000000000e+00 1.024084052532833011e+05 0.000000000000000000e+00 1.223131407129455874e+04
1.075116003998943526e-01 1.618694748449345352e+05 0.000000000000000000e+00 8.278832253618194954e+04 0.000000000000000000e+00 7.812769124741557789e+03 8.992091523087525275e+04 0.000000000000000000e+00 8.656478015161957592e+04 0.000000000000000000e+00 3.295265678842177749e+03
1.125102861506304813e-01 1.497289226250289939e+05 0.000000000000000000e+00 7.217448249207698973e+04 0.000000000000000000e+00 1.551624395145706148e+04 8.339229187601454032e+04 0.000000000000000000e+00 7.777568709901832335e+04 0.000000000000000000e+00 8.924094303161475182e+03
1.175500852175193622e-01 1.456822050917365996e+05 0.000000000000000000e+00 7.093767828189447755e+04 0.000000000000000000e+00 4.513737163988052998e+03 7.881962736452852550e+04 0.000000000000000000e+00 6.758267557957617100e+04 0.000000000000000000e+00 3.142969136680415431e+03
1.225369446564099490e-01 1.369157910625620862e+05 0.000000000000000000e+00 6.478455822575306956e+04 0.000000000000000000e+00 9.355181065872228601e+02 7.347391512744124338e+04 0.000000000000000000e+00 6.062581238000662415e+04 0.000000000000000000e+00 4.722714862628268747e+03
1.275260957852891452e-01 1.339883385884065065e+05 0.000000000000000000e+00 6.108746058695124520e+04 0.000000000000000000e+00 3.095986417657045877e+03 7.021607955372301512e+04 0.000000000000000000e+00 5.370637302934756008e+04 0.000000000000000000e+00 5.567588163958283076e+03
1.325302087090364789e-01 1.273682814656865521e+05 0.000000000000000000e+00 5.965642511643566104e+04 0.000000000000000000e+00 -5.139609225071544643e+03 6.752829223949273000e+04 0.000000000000000000e+00 5.045354402109869989e+04 0.000000000000000000e+00 2.941485214073284169e+03
1.375062694904859717e-01 1.239928565997888072e+05 0.000000000000000000e+00 5.424165913410770736e+04 0.000000000000000000e+00 6.652993875395986834e+03 6.417727391763463675e+04 0.000000000000000000e+00 4.400433537486800196e+04 0.000000000000000000e+00 4.739207180570221681e+03
1.425134422753508989e-01 1.162778022653100343e+05 0.000000000000000000e+00 4.966326588596659712e+04 0.000000000000000000e+00 2.836712804760990366e+03 6.076026569399116852e+04 0.000000000000000000e+00 3.986777961220963334e+04 0.000000000000000000e+00 4.638296410059512709e+03
1.475259222195813014e-01 1.093298799945327773e+05 0.000000000000000000e+00 4.483119959907057637e+04 0.000000000000000000e+00 2.836787461843364326e+03 5.925941628320196469e+04 0.000000000000000000e+00 3.732552662991480611e+04 0.000000000000000000e+00 3.875820492960955107e+03
1.525299430011916868e-01 1.033396442340209614e+05 0.000000000000000000e+00 4.229139262766316824e+04 0.000000000000000000e+00 3.940406831247886203e+03 5.650577206628339627e+04 0.000000000000000000e+00 3.375273858640513936e+04 0.000000000000000000e+00 3.726369631383158321e+03
1.574945685492469272e-01 9.806015448699801345e+04 0.000000000000000000e+00 4.284851635863630509e+04 0.000000000000000000e+00 2.789202733853681821e+03 5.453781469648562052e+04 0.000000000000000000e+00 3.207038007036842100e+04 0.000000000000000000e+00 1.551357301734945395e+03
1.625189323163163113e-01 9.349903883211679931e+04 0.000000000000000000e+00 4.073257109489051800e+04 0.000000000000000000e+00 8.044624233576642837e+03 5.248867036496350920e+04 0.000000000000000000e+00 2.898049401459854198e+04 0.000000000000000000e+00 3.915799416058394399e+03
1.675461007718098694e-01 9.126421867881547951e+04 0.000000000000000000e+00 3.679879954441913287e+04 0.000000000000000000e+00 -1.305180381548974992e+03 5.124983599088837946e+04 0.000000000000000000e+00 2.870609339407744847e+04 0.000000000000000000e+00 2.856941059225512618e+03
1.725292014006662711e-01 8.662446095526915451e+04 0.000000000000000000e+00 3.660828269110327528e+04 0.000000000000000000e+00 8.495604970827702346e+03 4.979416448561163270e+04 0.000000000000000000e+00 2.547095573062597032e+04 0.000000000000000000e+00 3.240703563305534772e+03
1.775301965061671094e-01 8.445000302877333888e+04 0.000000000000000000e+00 3.225370015143866840e+04 0.000000000000000000e+00 3.330949015648662225e+03 4.797308026249369141e+04 0.000000000000000000e+00 2.239269661786976212e+04 0.000000000000000000e+00 2.339150933871781945e+03
1.825147654490652804e-01 8.165121852935093921e+04 0.000000000000000000e+00 3.161664852728293408e+04 0.000000000000000000e+00 9.737077609382847641e+02 4.691249726727525558e+04 0.000000000000000000e+00 2.181779077668468744e+04 0.000000000000000000e+00 2.009051522940116286e+02
1.875360723572403465e-01 7.839608134078212606e+04 0.000000000000000000e+00 3.021978815642457994e+04 0.000000000000000000e+00 3.315249832402234460e+03 4.556202905027932866e+04 0.000000000000000000e+00 2.099081653631285008e+04 0.000000000000000000e+00 2.602801340782123134e+03
1.925323683450522461e-01 7.672426518153582583e+04 0.000000000000000000e+00 2.705962600406982892e+04 0.000000000000000000e+00 5.379268501660061474e+02 4.436371768233907642e+04 0.000000000000000000e+00 1.799470322373353338e+04 0.000000000000000000e+00 1.982897932954910402e+03
1.975198663583639380e-01 7.445570436322245223e+04 0.000000000000000000e+00 2.745595952953079541e+04 0.000000000000000000e+00 6.046621575818894598e+03 4.355463624636398163e+04 0.000000000000000000e+00 1.841526627039332016e+04 0.000000000000000000e+00 3.199950828379916402e+03
2.025153694923672032e-01 7.105571128051723645e+04 0.000000000000000000e+00 2.374131043134227730e+04 0.000000000000000000e+00 1.506524172536910328e+03 4.226373984367461526e+04 0.000000000000000000e+00 1.687518749396892963e+04 0.000000000000000000e+00 7.955089621731158900e+01
2.075088499274508613e-01 6.890682983352034353e+04 0.000000000000000000e+00 2.311139966566672229e+04 0.000000000000000000e+00 9.369596281114749559e+01 4.130253021594265738e+04 0.000000000000000000e+00 1.644522420939339281e+04 0.000000000000000000e+00 1.007072660239529228e+03
2.125178062418619784e-01 6.730025624018153758e+04 0.000000000000000000e+00 2.426596194798394208e+04 0.000000000000000000e+00 3.002290452085879224e+03 4.023356536917437916e+04 0.000000000000000000e+00 1.430235782859137726e+04 0.000000000000000000e+00 7.540636236690522765e+02
2.175004174234404231e-01 6.488990219678478752e+04 0.000000000000000000e+00 2.429003888561568965e+04 0.000000000000000000e+00 1.488083073815335524e+02 3.968892315461661929e+04 0.000000000000000000e+00 1.461188654153690732e+04 0.000000000000000000e+00 -9.507240972982071980e+02
2.225093171556767890e-01 6.298255117117472400e+04 0.000000000000000000e+00 2.170792096294399380e+04 0.000000000000000000e+00 2.296112369732668867e+03 3.848491558479935338e+04 0.000000000000000000e+00 1.363631953665215406e+04 0.000000000000000000e+00 7.105101948346170957e+02
2.275289586476768322e-01 6.086881983774682885e+04 0.000000000000000000e+00 2.143296127353436532e+04 0.000000000000000000e+00 4.258026174804837183e+02 3.800546150313791441e+04 0.000000000000000000e+00 1.373153528241236927e+04 0.000000000000000000e+00 -3.631894803306290953e+01
2.325285406108919262e-01 5.926535280956105998e+04 0.000000000000000000e+00 1.907211642078838850e+04 0.000000000000000000e+00 8.489708766121551662e+02 3.751408902552162181e+04 0.000000000000000000e+00 1.201518418132537954e+04 0.000000000000000000e+00 4.773956669637822756e+02
2.375276552426477672e-01 5.832460734751274867e+04 0.000000000000000000e+00 1.941921096853577183e+04 0.000000000000000000e+00 2.317213710669713691e+03 3.715892423976094142e+04 0.000000000000000000e+00 1.144266113552469687e+04 0.000000000000000000e+00 5.284653893478642885e+02
2.424991024241769377e-01 5.667953147738592088e+04 0.000000000000000000e+00 1.906121249978896958e+04 0.000000000000000000e+00 2.532823527425590328e+03 3.614156379045464564e+04 0.000000000000000000e+00 1.160730808839667043e+04 0.000000000000000000e+00 -7.825529687842926023e+02
2.474998551644826128e-01 5.481897355107268959e+04 0.000000000000000000e+00 1.666572193403778510e+04 0.000000000000000000e+00 2.526761191162343948e+03 3.559046352865834342e+04 0.000000000000000000e+00 1.127938520653218075e+04 0.000000000000000000e+00 7.728232468780018962e+02
2.525200307756395035e-01 5.330118750386637839e+04 0.000000000000000000e+00 1.437919158676152256e+04 0.000000000000000000e+00 6.913635632539437665e+02 3.491083006495515292e+04 0.000000000000000000e+00 1.030037339931951828e+04 0.000000000000000000e+00 1.499177234766470868e+01
2.575182250600202005e-01 5.237180895611354936e+04 0.000000000000000000e+00 1.460639749646076962e+04 0.000000000000000000e+00 -1.162993636837791428e+03 3.445381941733104759e+04 0.000000000000000000e+00 1.021918581327769971e+04 0.000000000000000000e+00 2.689905074137545853e+02
2.625255687975799335e-01 5.099493490043932252e+04 0.000000000000000000e+00 1.451231311690534676e+04 0.000000000000000000e+00 1.519666685684943104e+03 3.419697061676270823e+04 0.000000000000000000e+00 9.402651452045414771e+03 0.000000000000000000e+00 1.634770496947566585e+02
2.675305520911575030e-01 4.975092992364092788e+04 0.000000000000000000e+00 1.365059350188481221e+04 0.000000000000000000e+00 1.298627635630549094e+03 3.342123638171248604e+04 0.000000000000000000e+00 9.097902100219549538e+03 0.000000000000000000e+00 -3.061680727965645019e+02
2.725404586615198799e-01 4.853520410429999174e+04 0.000000000000000000e+00 1.273247453324165508e+04 0.000000000000000000e+00 2.393050827735758958e+03 3.313762394880202919e+04 0.000000000000000000e+00 9.297611255090707346e+03 0.000000000000000000e+00 1.056896585920558493e+02
2.775333197047151201e-01 4.768740300359293906e+04 0.000000000000000000e+00 1.245024985137126168e+04 0.000000000000000000e+00 -3.555676583865380849e+02 3.254410008529997140e+04 0.000000000000000000e+00 8.230087833122237498e+03 0.000000000000000000e+00 -7.943426990978881577e+02
2.825123907298719983e-01 4.642045960600259423e+04 0.000000000000000000e+00 1.193495698141172215e+04 0.000000000000000000e+00 7.921667387142592816e+02 3.226759454085098696e+04 0.000000000000000000e+00 8.688866547273513788e+03 0.000000000000000000e+00 7.058607886123634323e+00
2.875104651677040102e-01 4.545187205516184622e+04 0.000000000000000000e+00 1.161496724765370527e+04 0.000000000000000000e+00 1.049347443018578815e+03 3.167996935452978141e+04 0.000000000000000000e+00 7.620786822447807026e+03 0.000000000000000000e+00 -3.433634600651215862e+01
2.924971317655564174e-01 4.443404390294651239e+04 0.000000000000000000e+00 1.141232324960408732e+04 0.000000000000000000e+00 -4.591065669467916166e+01 3.133176451005097624e+04 0.000000000000000000e+00 7.331407922875076110e+03 0.000000000000000000e+00 -8.096879631021049590e+02
2.975058823671092867e-01 4.365911659710505046e+04 0.000000000000000000e+00 1.053957197406979867e+04 0.000000000000000000e+00 6.159132403871769839e+02 3.092608329633247558e+04 0.000000000000000000e+00 7.429990942189858288e+03 0.000000000000000000e+00 -3.049570864044045493e+02
3.025121359101998753e-01 4.264792771605205053e+04 0.000000000000000000e+00 1.044934883922009431e+04 0.000000000000000000e+00 9.556189529203234088e+02 3.058073615494358091e+04 0.000000000000000000e+00 6.929510699926505367e+03 0.000000000000000000e+00 -8.277770956724741609e+02
3.075010376196579687e-01 4.169535956524011272e+04 0.000000000000000000e+00 8.997899022835345022e+03 0.000000000000000000e+00 6.938800020901918515e+02 3.006107523645294714e+04 0.000000000000000000e+00 6.961268997230496097e+03 0.000000000000000000e+00 -2.328867638605842387e+02
3.125134169243361515e-01 4.109315551980696182e+04 0.000000000000000000e+00 8.828061934446008308e+03 0.000000000000000000e+00 4.280518801528252766e+02 3.006538797506535411e+04 0.000000000000000000e+00 6.786971566458878442e+03 0.000000000000000000e+00 -4.410137542730745963e+02
3.175159688234982513e-01 4.001183098702242569e+04 0.000000000000000000e+00 8.341849947441325639e+03 0.000000000000000000e+00 8.023490485406372272e+02 2.969295438693008327e+04 0.000000000000000000e+00 6.868215854053894873e+03 0.000000000000000000e+00 -1.797294849249933577e+02
3.225221380836135188e-01 3.970371757598641125e+04 0.000000000000000000e+00 7.214695110439872224e+03 0.000000000000000000e+00 4.924386256371531658e+02 2.906842303190485472e+04 0.000000000000000000e+00 6.244977307910137824e+03 0.000000000000000000e+00 -7.627180668302813729e+02
3.275181733526948968e-01 3.833718948537578399e+04 0.000000000000000000e+00 7.183119733432062276e+03 0.000000000000000000e+00 1.371534801925213003e+02 2.893774098482043701e+04 0.000000000000000000e+00 6.348484857460200146e+03 0.000000000000000000e+00 -1.253562088115512779e+03
3.325123842131759710e-01 3.820705893236787961e+04 0.000000000000000000e+00 7.168624531876851506e+03 0.000000000000000000e+00 2.822625937358228612e+02 2.866390215003069170e+04 0.000000000000000000e+00 5.909266534420950848e+03 0.000000000000000000e+00 -1.231888637839472800e+01
3.374959366892091861e-01 3.739861065760431666e+04 0.000000000000000000e+00 7.473282556143362854e+03 0.000000000000000000e+00 7.151257751462705414e+01 2.840060035735557176e+04 0.000000000000000000e+00 6.007811932873209116e+03 0.000000000000000000e+00 -6.409573625757628861e+02
3.424919221947719805e-01 3.678345928376768279e+04 0.000000000000000000e+00 6.491198759886323387e+03 0.000000000000000000e+00 3.561418463359141242e+02 2.823303922859595696e+04 0.000000000000000000e+00 5.469029861070598599e+03 0.000000000000000000e+00 -8.885223145455000804e+02
3.475179778446125245e-01 3.621778965596105263e+04 0.000000000000000000e+00 5.948036462247197960e+03 0.000000000000000000e+00 5.168253340739046280e+02 2.778269337079752950e+04 0.000000000000000000e+00 5.275634462704610087e+03 0.000000000000000000e+00 -5.150608357565262168e+02
3.525052850529177828e-01 3.540630419926552713e+04 0.000000000000000000e+00 5.869729905795944433e+03 0.000000000000000000e+00 -8.273410825482995961e+02 2.759555740060673998e+04 0.000000000000000000e+00 5.280930416733194761e+03 0.000000000000000000e+00 -1.037822129969663138e+03
3.575133254796376558e-01 3.488868091759854724e+04 0.000000000000000000e+00 5.962782350100788790e+03 0.000000000000000000e+00 5.165932046201837693e+02 2.731641710418407092e+04 0.000000000000000000e+00 5.079550367514620120e+03 0.000000000000000000e+00 -9.896786259015414089e+02
3.625250227669692404e-01 3.425582605029363185e+04 0.000000000000000000e+00 5.825181990664056684e+03 0.000000000000000000e+00 -5.945535310947145717e+02 2.705221310043667836e+04 0.000000000000000000e+00 5.076838307483812059e+03 0.000000000000000000e+00 -8.784722782713446350e+02
3.675230446100045678e-01 3.400909301664370287e+04 0.000000000000000000e+00 4.914728663181914271e+03 0.000000000000000000e+00 7.357492144726578545e+02 2.681444396328616494e+04 0.000000000000000000e+00 4.740614453703095933e+03 0.000000000000000000e+00 -4.965485787605070982e+02
3.725177060730277545e-01 3.353156841443193116e+04 0.000000000000000000e+00 5.005244439361885270e+03 0.000000000000000000e+00 6.047038138258334357e+02 2.675528069071988284e+04 0.000000000000000000e+00 4.989041340271027366e+03 0.000000000000000000e+00 -6.024674366744811778e+02
3.775163034622419089e-01 3.284368382510119409e+04 0.000000000000000000e+00 4.620646333979217161e+03 0.000000000000000000e+00 1.128310079229904659e+03 2.642432067079940316e+04 0.000000000000000000e+00 4.921101799049793044e+03 0.000000000000000000e+00 -2.456634280552471807e+02
3.825226892977953153e-01 3.271310529729729751e+04 0.000000000000000000e+00 4.684908108108107626e+03 0.000000000000000000e+00 1.013440216216216186e+03 2.631700237837837631e+04 0.000000000000000000e+00 4.356791783783784012e+03 0.000000000000000000e+00 9.837878378378378841e+01
3.875130067694269043e-01 3.197620063224446858e+04 0.000000000000000000e+00 4.111611801896733596e+03 0.000000000000000000e+00 -8.916012908324552200e+01 2.614877471022128884e+04 0.000000000000000000e+00 4.721077766069547579e+03 0.000000000000000000e+00 -8.675398840885143272e+02
3.924957861003909865e-01 3.171921480384900133e+04 0.000000000000000000e+00 4.028386522060953666e+03 0.000000000000000000e+00 7.887619476716120062e+02 2.588882283654619823e+04 0.000000000000000000e+00 4.352891011489074117e+03 0.000000000000000000e+00 -5.112455829820101627e+01
3.975064703251052212e-01 3.163516391797286633e+04 0.000000000000000000e+00 4.077373347376247239e+03 0.000000000000000000e+00 1.241716374450158128e+03 2.570375922185738455e+04 0.000000000000000000e+00 4.249553212316461213e+03 0.000000000000000000e+00 -3.672035933337463689e+02
