3.798113400606732779e-03 1.809210526315789547e-02 1.019797557894736826e+08 -3.207236842105262720e-02 -6.113734736842105165e+06 2.487664473684210453e-02 1.836519477894736826e+08 0.000000000000000000e+00 1.632139856842105091e+08 0.000000000000000000e+00 2.866921633684210181e+08
8.299341265228576958e-03 8.300781250000000000e-03 5.181672000000000000e+07 -9.033203125000000000e-03 5.198605000000000000e+06 1.922607421875000000e-02 1.362060960000000000e+08 0.000000000000000000e+00 8.087824000000000000e+06 0.000000000000000000e+00 3.652388800000000000e+07
1.293222767532251419e-02 2.189490445859872559e-03 3.162519643312102184e+07 -8.260350318471337480e-03 -1.121973564331210218e+07 9.081409235668790395e-03 1.037630809681528658e+08 0.000000000000000000e+00 1.969026119745222852e+07 0.000000000000000000e+00 -2.177751072611464933e+07
1.764839556552980082e-02 3.076840753424657363e-04 3.063809402739726007e+07 -1.270869006849314998e-04 1.028946498630136997e+07 1.051811322773972632e-03 9.217493917808218300e+07 0.000000000000000000e+00 6.641533545205479115e+07 0.000000000000000000e+00 4.675847013698630035e+07
2.256548662787912635e-02 7.974952741020794201e-04 2.257758947448015213e+07 -1.668832703213610691e-03 6.527308945179584436e+06 -1.465766776937618265e-03 7.358316110396975279e+07 0.000000000000000000e+00 5.934054061247637123e+07 0.000000000000000000e+00 6.587685746691871434e+06
2.777643688250242340e-02 -5.859374999999999783e-04 1.478791367804878019e+07 1.274294969512195170e-03 5.453446868292682804e+06 -8.437738185975609661e-04 5.726423789268292487e+07 0.000000000000000000e+00 5.025241537560975552e+07 0.000000000000000000e+00 2.477215594146341458e+07
3.269804980233311648e-02 -2.812500000000000330e-04 9.639293951999999583e+06 1.562499906867742552e-05 2.225524479999999981e+06 -2.460937500000000017e-04 4.434219007999999821e+07 0.000000000000000000e+00 3.836219392000000179e+07 0.000000000000000000e+00 9.923590143999999389e+06
3.761648458559932462e-02 1.876738452461227313e-04 7.281193774780849926e+06 -1.320301963924477363e-04 1.457367088334457250e+06 3.805334151635198924e-04 3.635427310047201812e+07 0.000000000000000000e+00 2.892026786783546954e+07 0.000000000000000000e+00 6.130901362103843130e+06
4.263843696389812976e-02 -1.525878906250000000e-04 4.504962285714285448e+06 2.506801060267856911e-04 1.766773214285714130e+04 -9.313310895647321274e-04 2.953490057142857090e+07 0.000000000000000000e+00 2.271570742857142910e+07 0.000000000000000000e+00 7.035749142857142724e+06
4.756514582339458480e-02 2.384976013955516887e-04 3.388522955080680549e+06 -4.190743567378979765e-04 5.347566471870911773e+05 3.177128761447884980e-04 2.384715136502398551e+07 0.000000000000000000e+00 1.962082604099433124e+07 0.000000000000000000e+00 1.817761995638901135e+06
5.262096060748640974e-02 1.206987359550561764e-04 2.592194157303370535e+06 -2.331680126404494385e-04 3.435693932584269787e+05 1.302997717696629177e-05 2.064012080898876488e+07 0.000000000000000000e+00 1.394014346067415737e+07 0.000000000000000000e+00 5.892081617977527902e+06
5.756031740041873956e-02 -1.450340346534653398e-04 2.145155801980197895e+06 4.592744430693069591e-04 2.696072277227722807e+05 -4.749864634900989981e-04 1.771814019801980257e+07 0.000000000000000000e+00 1.320686510891089216e+07 0.000000000000000000e+00 3.075108118811881170e+06
6.254738279606215923e-02 -1.360528574932548464e-04 1.777339494726514444e+06 3.324671940152072475e-04 3.365686377238165005e+05 -5.032518549178317552e-04 1.563039226097620651e+07 0.000000000000000000e+00 1.061901613146921620e+07 0.000000000000000000e+00 1.748341733627667185e+06
6.757793472572401483e-02 -2.304103965289982332e-04 1.434154629173989408e+06 2.988470040641475985e-04 1.291511423550087784e+05 -1.288013424730887358e-03 1.363791634446397051e+07 0.000000000000000000e+00 8.000450811950790696e+06 0.000000000000000000e+00 5.060917539543057792e+05
7.255917516659465827e-02 -1.743537288450808961e-05 1.066931157150827581e+06 -6.465617444671750052e-05 8.602130853635857056e+04 -1.004350125534684743e-04 1.207200055941975117e+07 0.000000000000000000e+00 6.835582595499348827e+06 0.000000000000000000e+00 5.448425575599777512e+05
7.753384299139773339e-02 1.487565910612654934e-04 8.898185470371610718e+05 -2.175769480247740316e-04 1.339525570806829783e+05 2.503115714973217659e-04 1.081742081285570934e+07 0.000000000000000000e+00 6.016511828590559773e+06 0.000000000000000000e+00 1.090388761968530249e+06
8.251793356505521260e-02 -6.159511181192661570e-05 7.157502385321101174e+05 1.691065797018348785e-04 7.702277981651376467e+04 -2.130630913130734114e-04 9.780162348623853177e+06 0.000000000000000000e+00 5.673668697247706354e+06 0.000000000000000000e+00 1.100278165137614822e+06
8.752751931716111489e-02 4.049501101464299854e-06 5.786100920046650572e+05 3.320590903200726016e-04 7.029133186471427325e+04 -2.247473111312686385e-04 8.706004210962809622e+06 0.000000000000000000e+00 4.967727736685240641e+06 0.000000000000000000e+00 7.112508674355320400e+05
9.254701955136974967e-02 -2.225529854147675321e-06 4.149757374658158515e+05 -6.075696501823153593e-05 4.467121604375569586e+04 -1.162839348792160415e-05 7.667554246125797741e+06 0.000000000000000000e+00 3.517923996353691909e+06 0.000000000000000000e+00 2.283949826800364535e+05
9.754963178921903511e-02 6.215325028786768764e-05 3.864954707421752391e+05 2.077227049094525332e-04 4.223109975923793536e+04 -1.279866272375170162e-04 6.917129111273945309e+06 0.000000000000000000e+00 3.161859242541609798e+06 0.000000000000000000e+00 -9.298644614257301146e+04
1.025319613041059119e-01 -3.701043621013132951e-05 2.879917868667917210e+05 3.407891651031894677e-05 5.885753395872420515e+04 -7.493697232645402735e-05 6.265409512945590541e+06 0.000000000000000000e+00 2.507121254784239922e+06 0.000000000000000000e+00 1.019020727954971808e+05
1.075116003998943526e-01 3.861493689696760662e-05 2.501622825637491478e+05 -2.856159275930392807e-05 1.727373949000689026e+04 1.018900118722002057e-04 5.757509866299103945e+06 0.000000000000000000e+00 2.427879299793246202e+06 0.000000000000000000e+00 3.247217643004824276e+04
1.125102861506304813e-01 4.831104583752029312e-06 2.140648570766019984e+05 -3.623328437814022111e-05 5.572075380691041210e+04 5.434992656721032658e-06 5.347158454664914869e+06 0.000000000000000000e+00 2.248340688567674253e+06 0.000000000000000000e+00 5.905562031382855494e+05
1.175500852175193622e-01 5.277965438771156901e-06 1.665680694069122546e+05 -2.430641978381453504e-05 2.773618091309913507e+04 -4.163342474399090050e-05 5.001110556108661927e+06 0.000000000000000000e+00 1.816065674868439790e+06 0.000000000000000000e+00 1.561348951784952369e+05
1.225369446564099490e-01 -1.241310824230387459e-05 1.489373426017875026e+05 -7.137537239324727467e-05 5.378357047335319658e+04 1.031839622641509476e-04 4.754881393975504674e+06 0.000000000000000000e+00 1.954730107381661888e+06 0.000000000000000000e+00 2.891210274743462796e+05
1.275260957852891452e-01 1.421143584768372554e-06 1.174398758185787010e+05 -3.671287593984962202e-05 2.776858986175115206e+04 -2.670565653043900154e-05 4.419884022313849069e+06 0.000000000000000000e+00 1.553506351685665781e+06 0.000000000000000000e+00 -5.812110016977928171e+04
1.325302087090364789e-01 3.726292015038437668e-06 8.785297704954828077e+04 7.342987206105156817e-06 1.711669064586723471e+04 5.707254608327253951e-05 4.204378399416418746e+06 0.000000000000000000e+00 1.263979953537960770e+06 0.000000000000000000e+00 1.295592714213568252e+05
1.375062694904859717e-01 -1.319957761351636717e-05 7.955916367476239975e+04 1.649947201689545897e-06 2.333555902851108840e+04 1.691195881731784407e-05 3.986598737909186631e+06 0.000000000000000000e+00 1.309127339387539541e+06 0.000000000000000000e+00 2.652443573389651719e+05
1.425134422753508989e-01 4.124472067575350161e-06 7.407354348243425193e+04 -7.217826118256862569e-06 2.964966173929736760e+04 3.437841206325590096e-05 3.734234894989441149e+06 0.000000000000000000e+00 9.669088055288923206e+05 0.000000000000000000e+00 1.188928700326358230e+05
1.475259222195813014e-01 5.570441705772472750e-05 6.260115577019454213e+04 -4.671696318738894873e-05 3.117548207207617816e+04 4.366923749373547765e-05 3.511351191216000821e+06 0.000000000000000000e+00 1.034073913162330864e+06 0.000000000000000000e+00 7.249868331131259038e+04
1.525299430011916868e-01 -2.906239431856611502e-05 4.826786066959756135e+04 8.388463814677036960e-05 1.460595197835644103e+04 -9.527841773757186091e-05 3.311063310111599509e+06 0.000000000000000000e+00 8.709807399391274666e+05 0.000000000000000000e+00 4.743102874535001320e+04
1.574945685492469272e-01 8.767617381809357741e-06 3.607705649694665772e+04 -1.038686203340477867e-05 1.549651409390544541e+04 8.461540648885833269e-06 3.161979812189104967e+06 0.000000000000000000e+00 7.628678662191126496e+05 0.000000000000000000e+00 8.176049565252556931e+04
1.625189323163163113e-01 3.189866560218978408e-05 3.145924437956204565e+04 -3.291443316605839842e-05 2.493989138686131628e+04 1.142337548471715470e-04 3.021487948613138869e+06 0.000000000000000000e+00 6.680913845255475026e+05 0.000000000000000000e+00 1.316008735766423342e+05
1.675461007718098694e-01 1.244338606919134339e-05 3.376431207289293525e+04 7.820563870301821285e-06 2.061925968109339374e+04 1.780481707805381422e-05 2.837429940774487332e+06 0.000000000000000000e+00 5.943362551252846606e+05 0.000000000000000000e+00 6.109096583143507451e+04
1.725292014006662711e-01 -1.744723852061838781e-05 2.682885611629363848e+04 -4.509885824241025980e-05 1.478714546593269006e+04 5.633333470679368540e-08 2.728334029073408805e+06 0.000000000000000000e+00 5.630151959653228987e+05 0.000000000000000000e+00 7.221678399314369017e+04
1.775301965061671094e-01 -3.885175771390711875e-05 1.530359313478041440e+04 1.268536078093450230e-04 1.910024634023220642e+04 -2.488911843913664329e-04 2.625203109540636186e+06 0.000000000000000000e+00 5.171258798586572520e+05 0.000000000000000000e+00 1.192150469459868764e+05
1.825147654490652804e-01 -3.739032172294602647e-05 1.236390510797955722e+04 7.154938107477326094e-05 1.578613820201483031e+04 -9.059074861886614184e-05 2.521432207273479085e+06 0.000000000000000000e+00 4.813447997872906271e+05 0.000000000000000000e+00 1.384326598717835150e+05
1.875360723572403465e-01 9.056389664804469547e-06 7.161658547486033967e+03 -4.249956354748603477e-05 1.441097832402234599e+04 5.560677810754190246e-05 2.430023165139664896e+06 0.000000000000000000e+00 3.535869997765363078e+05 0.000000000000000000e+00 1.048745403351955320e+05
1.925323683450522461e-01 1.045906072614330039e-07 2.580788047552747230e+03 6.223141132055264130e-06 1.225348441683624151e+04 9.282416394452179032e-07 2.333600695726678707e+06 0.000000000000000000e+00 3.582042094891292509e+05 0.000000000000000000e+00 1.267221522973117681e+05
1.975198663583639380e-01 -7.113949664853926456e-06 2.912792209434678171e+03 2.361436069305678344e-05 1.810215758188946347e+04 -5.901120051852788327e-05 2.250577271177437622e+06 0.000000000000000000e+00 3.013424661692171358e+05 0.000000000000000000e+00 1.016822028076387942e+05
2.025153694923672032e-01 -1.636458377309900830e-05 -2.462448711763003303e+03 8.388284802678400230e-05 1.427277815304448632e+04 -7.671616453122738954e-05 2.183532620283701923e+06 0.000000000000000000e+00 2.643451108752291766e+05 0.000000000000000000e+00 8.250357772845702129e+04
2.075088499274508613e-01 -6.798300854152831547e-06 7.447461586022121764e+02 1.395440701641897024e-05 1.826688002931141091e+04 -1.162867251368247463e-05 2.100451011014678515e+06 0.000000000000000000e+00 2.100021891959971690e+05 0.000000000000000000e+00 1.003113157617531979e+05
2.125178062418619784e-01 5.071170252225519896e-06 -5.358466049921452395e+03 2.663429754320125861e-06 1.538275999301797856e+04 3.595097482381306102e-05 2.048883510560307186e+06 0.000000000000000000e+00 2.098383159364636231e+05 0.000000000000000000e+00 1.445578244021644350e+05
2.175004174234404231e-01 1.439445398640686777e-05 -5.105569901523441331e+03 -3.047904907257385892e-05 1.143282753976937965e+04 3.438204208334210468e-05 1.960762026092079934e+06 0.000000000000000000e+00 2.194436050837471557e+05 0.000000000000000000e+00 6.653493544314452447e+04
2.225093171556767890e-01 6.541069915880302035e-06 -2.982206024310001794e+03 -2.143162319497252002e-05 1.465740454285770647e+04 1.295708996572171603e-05 1.908594305076732300e+06 0.000000000000000000e+00 1.834800783278501185e+05 0.000000000000000000e+00 1.233106222493646783e+05
2.275289586476768322e-01 -8.898819275696465188e-06 -6.238894229297413403e+03 5.953567016732358922e-06 1.300886208480024470e+04 -3.126673725431224158e-05 1.839827524261442013e+06 0.000000000000000000e+00 1.000404053268023854e+05 0.000000000000000000e+00 9.203267595285474090e+04
2.325285406108919262e-01 -1.570373183199025017e-05 -6.292381205318974935e+03 3.897509913957761561e-05 1.422966707292670981e+04 -7.666227909610173112e-05 1.793594387353792088e+06 0.000000000000000000e+00 9.900706979790079640e+04 0.000000000000000000e+00 9.022781540028742165e+04
2.375276552426477672e-01 2.059896291088064753e-07 -6.271147829143962554e+03 -2.537105598523466536e-05 1.000787203374934143e+04 1.556079989892775477e-05 1.745234537387941731e+06 0.000000000000000000e+00 7.380024608894357516e+04 0.000000000000000000e+00 1.135920914044647652e+05
2.424991024241769377e-01 1.167265291307210605e-05 -4.510504347238870650e+03 -3.010489296507014805e-05 1.509772890111930792e+04 3.807625974963280602e-05 1.703147267773031956e+06 0.000000000000000000e+00 9.277832775648709503e+04 0.000000000000000000e+00 7.691761659885536938e+04
2.474998551644826128e-01 -1.130410963016330404e-05 -7.447477937880243189e+03 3.610904729026576804e-05 1.138322074927953872e+04 -4.413175995136887772e-05 1.656670284726224840e+06 0.000000000000000000e+00 5.730525161703490448e+04 0.000000000000000000e+00 1.110865726544988865e+05
2.525200307756395035e-01 6.041215589236004106e-07 -6.717783854005568173e+03 1.033047865759356639e-05 1.184956733683885068e+04 -9.741460137643055933e-06 1.624744470646458445e+06 0.000000000000000000e+00 2.758114741725951171e+04 0.000000000000000000e+00 7.036781193937519856e+04
2.575182250600202005e-01 2.630410131510319410e-06 -8.539393010952984696e+03 -7.258185632590715903e-07 1.112290815885552547e+04 -9.527505576615006640e-07 1.578620923269503051e+06 0.000000000000000000e+00 2.270222153341777812e+04 0.000000000000000000e+00 8.519960014902018884e+04
2.625255687975799335e-01 2.530798185923860170e-06 -6.627963256689678929e+03 -2.426762966378658792e-06 1.098760723455240441e+04 1.843131914137161444e-05 1.542597838763051201e+06 0.000000000000000000e+00 -2.595128612997090022e+04 0.000000000000000000e+00 8.829227043989273079e+04
2.675305520911575030e-01 -3.236285055439720147e-06 -7.281773408265557919e+03 -2.589028044351776371e-06 8.402124245729828544e+03 -9.533556392482842528e-06 1.504373174410737120e+06 0.000000000000000000e+00 6.089189820632136616e+03 0.000000000000000000e+00 7.354157716684386833e+04
2.725404586615198799e-01 3.099050616173903604e-06 -6.402114772306552368e+03 -1.198299571587242795e-05 9.207248109165917413e+03 1.983392394351298442e-05 1.461551024276722921e+06 0.000000000000000000e+00 5.839358544454434195e+03 0.000000000000000000e+00 1.225800628338710521e+05
2.775333197047151201e-01 8.959563996788326784e-06 -7.550592188590482692e+03 -2.472123402846886485e-05 1.276601318272287790e+04 4.263267090134040423e-05 1.423392239046708215e+06 0.000000000000000000e+00 9.100707731279240988e+02 0.000000000000000000e+00 5.055957980717036844e+04
2.825123907298719983e-01 -1.413612363366886944e-05 -6.695255283147039336e+03 3.256615512875934373e-06 1.063538190576174929e+04 -3.339237054591490318e-05 1.412756411387636792e+06 0.000000000000000000e+00 -1.034951260421169718e+04 0.000000000000000000e+00 1.016610543321188161e+05
2.875104651677040102e-01 -1.188320940971557061e-05 -7.064034476153993637e+03 2.708939203606828240e-05 9.563346485347634371e+03 -4.010583175779005357e-05 1.383212570771882776e+06 0.000000000000000000e+00 -2.670061061099406288e+04 0.000000000000000000e+00 8.382492242865351727e+04
2.924971317655564174e-01 5.023411581453952722e-07 -7.038602503785732551e+03 1.075518063871966992e-05 1.158719818747182399e+04 -3.429607260877480635e-06 1.349127108069680631e+06 0.000000000000000000e+00 -2.438521698320405994e+04 0.000000000000000000e+00 5.204633376874082023e+04
2.975058823671092867e-01 -4.081295857938903733e-06 -5.434974869016960838e+03 7.073162144236745918e-07 1.169375863600035518e+04 -4.289290185360425256e-06 1.329656498001953587e+06 0.000000000000000000e+00 -3.405042678270136093e+04 0.000000000000000000e+00 5.343345280170499609e+04
3.025121359101998753e-01 7.852692274436902915e-06 -5.059949332065193630e+03 -1.574760332454282148e-05 9.891403916821580424e+03 3.600206095175305626e-05 1.300116546625740360e+06 0.000000000000000000e+00 -4.500479944663006609e+04 0.000000000000000000e+00 5.902554736068479542e+04
3.075010376196579687e-01 -2.480061530020379380e-06 -5.188717479228719640e+03 5.342848604796990697e-06 1.101934923969274314e+04 1.580656499843235725e-06 1.288796672080263495e+06 0.000000000000000000e+00 -7.156699453414851450e+04 0.000000000000000000e+00 7.980717395621049218e+04
3.125134169243361515e-01 -1.865542680474562698e-06 -5.341694429921576557e+03 1.691752651819827016e-05 9.398488156042631090e+03 8.235389069726523040e-06 1.259369272471345263e+06 0.000000000000000000e+00 -5.142836147194852674e+04 0.000000000000000000e+00 5.834984371606675995e+04
3.175159688234982513e-01 2.715045411676867342e-06 -4.067484473087011793e+03 -5.885796325313633165e-06 8.517925238970046848e+03 1.100049097231091089e-05 1.242607476731734583e+06 0.000000000000000000e+00 -6.077301325264512707e+04 0.000000000000000000e+00 5.130420976314212749e+04
3.225221380836135188e-01 -2.894474466679252560e-06 -3.300906626392297767e+03 1.114925753964508287e-05 8.555201510288843565e+03 3.537434957287143713e-07 1.220010805210496532e+06 0.000000000000000000e+00 -7.205406350764584204e+04 0.000000000000000000e+00 5.825652376817066397e+04
3.275181733526948968e-01 1.175056691965938482e-06 -5.242248056275453564e+03 -3.226886454091077390e-06 6.879687819326175486e+03 6.496707671927064399e-06 1.194114492706404999e+06 0.000000000000000000e+00 -7.636132632358385308e+04 0.000000000000000000e+00 4.380682236208811810e+04
3.325123842131759710e-01 -2.623463310709234296e-06 -3.827590488982983061e+03 1.738261617459992700e-05 6.998775203038686413e+03 -8.406809996486296830e-06 1.181795742921444355e+06 0.000000000000000000e+00 -7.919004079454175371e+04 0.000000000000000000e+00 6.305656859727621486e+04
3.374959366892091861e-01 1.578108303699681322e-06 -3.394380969064219244e+03 1.945905902935921216e-07 7.563044108888344454e+03 -1.405435884290807020e-06 1.170195399782783817e+06 0.000000000000000000e+00 -5.699102799285289075e+04 0.000000000000000000e+00 7.029596048067827360e+04
3.424919221947719805e-01 -1.497533107201493453e-06 -3.160520381034928505e+03 1.790528715132220497e-06 6.215308936652526427e+03 -1.440561738992741178e-06 1.140535192259290488e+06 0.000000000000000000e+00 -7.376583173457566591e+04 0.000000000000000000e+00 6.962111473551743256e+04
3.475179778446125245e-01 -1.435792874179109210e-06 -2.670123305126277955e+03 7.019431829320089331e-07 6.125803378312150926e+03 -7.023420142859476676e-06 1.129629077792661730e+06 0.000000000000000000e+00 -8.216173920998464746e+04 0.000000000000000000e+00 7.846775129872250545e+04
3.525052850529177828e-01 -5.893990499760498548e-06 -3.086330001596678812e+03 7.936616836979082886e-06 7.306531438607696145e+03 -1.884751591689286346e-05 1.116988421395497397e+06 0.000000000000000000e+00 -8.544865527702379040e+04 0.000000000000000000e+00 4.475912093246048607e+04
3.575133254796376558e-01 -1.140698890941282068e-05 -2.813123284101448007e+03 2.962523760069287607e-05 6.280537682703436076e+03 -3.250318198105326366e-05 1.099990875888128532e+06 0.000000000000000000e+00 -7.130501496884365042e+04 0.000000000000000000e+00 7.082945942010101862e+04
3.625250227669692404e-01 -1.249010350003764517e-06 -2.459544044571600352e+03 4.181289615409953161e-06 6.164482216533654537e+03 -6.656448554963954908e-06 1.093351367565125693e+06 0.000000000000000000e+00 -7.458691257340762240e+04 0.000000000000000000e+00 7.104418250263514346e+04
3.675230446100045678e-01 1.896210647882356896e-06 -5.940672309341032360e+02 7.184486958434942005e-06 6.475348103434449513e+03 -5.598276605225010054e-06 1.071693171955762664e+06 0.000000000000000000e+00 -8.092476358360853919e+04 0.000000000000000000e+00 5.597750208866434696e+04
3.725177060730277545e-01 -4.837024790582651891e-06 -1.928831379724398403e+03 -9.614720994267825211e-06 6.993440448281777208e+03 1.373369538754717376e-05 1.060900418777517276e+06 0.000000000000000000e+00 -6.879253839556292223e+04 0.000000000000000000e+00 6.492283103665161616e+04
3.775163034622419089e-01 4.309720661145627188e-07 -8.563789795960584570e+02 -8.619441322291254377e-07 6.143645182421856589e+03 8.080726239648050647e-08 1.050682225388047285e+06 0.000000000000000000e+00 -8.411849208045731939e+04 0.000000000000000000e+00 4.341501989367057104e+04
3.825226892977953153e-01 4.434121621621621393e-06 -8.093905945945946314e+02 -1.528188344594594707e-05 3.270689945945945965e+03 1.502454603040540543e-05 1.040935188756756717e+06 0.000000000000000000e+00 -9.111000562162161805e+04 0.000000000000000000e+00 6.587515156756756187e+04
3.875130067694269043e-01 -1.890867854320337314e-06 -2.254825289778714705e+03 1.871573284378293038e-06 4.267173024236038145e+03 -6.503877951297418528e-06 1.030403183140147594e+06 0.000000000000000000e+00 -8.847055173867229314e+04 0.000000000000000000e+00 6.933927924130664906e+04
3.924957861003909865e-01 1.005696263637241371e-06 -5.232500498825346540e+02 -2.614810285456827607e-06 4.514544717278666212e+03 -1.171636147137386241e-05 1.016750450410324149e+06 0.000000000000000000e+00 -8.732283003250410547e+04 0.000000000000000000e+00 7.463085209667557501e+04
3.975064703251052212e-01 1.051221946440741078e-06 -1.029226640232947148e+03 -1.950432661777461254e-06 3.519742271234743839e+03 7.163812868820086511e-07 1.010141354909856920e+06 0.000000000000000000e+00 -8.613863765565950598e+04 0.000000000000000000e+00 6.641298199615885096e+04
