3.798113400606732779e-03 -1.541940789473684125e-04 -4.143094736842105165e+06 3.854851973684210583e-04 -6.748252631578946603e+04 -2.120168585526315604e-04
8.299341265228576958e-03 6.866455078125000000e-05 -1.661587375000000000e+06 -1.716613769531250000e-04 3.833145312500000000e+05 2.927780151367187500e-04
1.293222767532251419e-02 -1.026323646496815330e-04 -1.310172127388535067e+06 2.643560907643312057e-04 1.009186369426751626e+05 -3.421078821656051280e-04
1.764839556552980082e-02 4.535831817208903943e-05 -9.652155616438355064e+05 -1.090062807684075261e-04 -1.762514931506849243e+05 1.437304771109802889e-04
2.256548662787912635e-02 3.692107750472589807e-05 -7.553068884688090766e+05 -9.968690926275992751e-05 5.291266540642722020e+02 1.119170161862003760e-04
2.777643688250242340e-02 9.825171493902439281e-06 -5.380362536585365888e+05 -2.694478849085365875e-05 -7.193876585365853680e+04 3.851913824314024423e-05
3.269804980233311648e-02 2.197265624999999919e-05 -4.087676159999999800e+05 -6.665039062500000499e-05 -4.642226400000000285e+04 5.902099609374999821e-05
3.761648458559932462e-02 -4.609533041132838884e-06 -2.934478111935266061e+05 6.255794841537424320e-06 -2.624548347943358021e+04 -4.058035337997302385e-05
4.263843696389812976e-02 1.008169991629464262e-05 -2.374009642857142608e+05 -1.185280936104910569e-05 -2.206867410714285506e+04 1.284054347446986535e-05
4.756514582339458480e-02 5.749495747928478233e-06 -2.011889821194941178e+05 -6.707745039249891413e-06 -2.506537112952463940e+04 1.525213455353249100e-05
5.262096060748640974e-02 1.984499813465589907e-05 -1.586600112359550549e+05 -5.207704694083567515e-05 -3.104642415730336870e+04 5.219491680016678477e-05
5.756031740041873956e-02 3.814697265625000000e-06 -1.282182178217821784e+05 -1.195397707495358956e-05 -1.368858415841584247e+04 1.529183718237546287e-05
6.254738279606215923e-02 -4.670828734363502148e-06 -1.077575001226391905e+05 1.389272136374785267e-05 -6.261686534216334621e+03 -1.952166881285258499e-05
6.757793472572401483e-02 -3.499599248956502369e-06 -9.594317750439366500e+04 2.259319821644331951e-06 -1.506754657293497257e+04 -5.066709065898231299e-06
7.255917516659465827e-02 1.611863899479263514e-06 -8.145442588804166007e+04 1.475650048819044197e-07 -7.342146922075507064e+03 -1.122345373669099856e-05
7.753384299139773339e-02 -8.663845413458319626e-06 -6.969046133244058001e+04 1.773636278038165378e-05 -9.827610311349180847e+03 -2.924047827042183001e-05
8.251793356505521260e-02 3.219744481077981830e-06 -5.867606422018349258e+04 -9.729227888474771606e-06 -6.984876720183486214e+03 8.346837594968463660e-06
8.752751931716111489e-02 -5.061876376830374817e-07 -5.020595568225994793e+04 -1.265469094207593704e-06 -6.236663988596605122e+03 2.973852371387845099e-06
9.254701955136974967e-02 1.425730062813354661e-06 -4.366500638103919482e+04 -2.535017599490086352e-06 -6.934961257976298839e+03 4.178953909721826781e-06
9.754963178921903511e-02 3.552344486025332292e-06 -3.815788129383439809e+04 -3.181776176332042155e-06 -6.228572804354653272e+03 6.577587497055898449e-06
1.025319613041059119e-01 3.893424601313320822e-07 -3.275157973733583640e+04 -5.141610723499061724e-06 -7.415983489681050742e+03 2.218679460307223150e-06
1.075116003998943526e-01 1.156765538852515595e-06 -2.945948173673328711e+04 -1.819276711104410790e-06 -4.809960716747071274e+03 4.971462804477515595e-06
1.125102861506304813e-01 -1.844689347897503296e-06 -2.689694859704723058e+04 7.282040942403571792e-06 -3.920624874391281082e+03 -1.021007246807847628e-05
1.175500852175193622e-01 2.072556329780614549e-07 -2.318774114635187289e+04 -3.271600698580394107e-07 -3.562834020765182686e+03 1.719489305800317459e-06
1.225369446564099490e-01 -2.157747331181727916e-06 -2.038310599139357873e+04 3.539675397219463882e-06 -2.989895796094008801e+03 -9.204772322906322417e-06
1.275260957852891452e-01 -4.959198967681299783e-07 -1.796124181421294998e+04 8.549066877122241295e-07 -3.521210768857627954e+03 -1.207416912840316416e-06
1.325302087090364789e-01 -3.219406704169238356e-07 -1.681908579765445393e+04 3.024187361469614534e-06 -2.297151450535884578e+03 1.056496258583623219e-05
1.375062694904859717e-01 9.011064185008579171e-07 -1.468547581837381222e+04 -1.866059670856157652e-06 -2.532573178458289476e+03 4.871644339314735509e-06
1.425134422753508989e-01 1.596475338656651905e-06 -1.385909157227874857e+04 -2.960070329747792117e-06 -2.143948166634670542e+03 1.989369384156327839e-06
1.475259222195813014e-01 -1.612847538612237435e-06 -1.209807171169529283e+04 -2.330286616132853409e-06 -1.959653742767324275e+03 -4.586882784380837332e-06
1.525299430011916868e-01 -7.908046749503297020e-07 -1.090136827866080421e+04 3.132902370500613012e-06 -2.533963138315860760e+03 -3.473961075133554698e-06
1.574945685492469272e-01 -3.110134544222914121e-07 -1.001612294253245454e+04 1.833992036791766007e-06 -1.859661746269260220e+03 -2.157964385148319499e-06
1.625189323163163113e-01 8.910241788321168648e-08 -8.878214890510949772e+03 -1.563747433850365137e-06 -1.821949051094890592e+03 -1.670670335310219122e-08
1.675461007718098694e-01 1.545104459097825225e-07 -7.812973234624145334e+03 -1.098816378513066787e-06 -1.194895928246013682e+03 1.212289230155510297e-06
1.725292014006662711e-01 -7.081904934568349172e-07 -7.303641625737548566e+03 -6.438095395062135852e-08 -1.460829350298315603e+03 -2.124571480370504752e-06
1.775301965061671094e-01 5.776926702107521379e-09 -6.970669863705199532e+03 -6.383504005828811338e-07 -1.747562089853609223e+03 -2.674235652517273492e-07
1.825147654490652804e-01 8.420756290806227731e-07 -5.992999025081981927e+03 -2.926528364021093909e-06 -8.438921090726461216e+02 3.241630539999335341e-06
1.875360723572403465e-01 7.774310405027932596e-07 -5.318716871508379882e+03 -2.434586679469273632e-06 -1.276791061452513986e+03 3.319425955831005558e-06
1.925323683450522461e-01 4.412416243841704836e-07 -4.984893648923636647e+03 -1.573761793636874833e-06 -1.239173074863446345e+03 3.358747587094690301e-06
1.975198663583639380e-01 -9.695226539774882013e-07 -4.322956772480080872e+03 1.293726089224737408e-06 -1.162681876818009187e+03 -1.775399764449221932e-08
2.025153694923672032e-01 1.741148129538381910e-07 -3.989876676638039498e+03 -6.060888784957602339e-07 -1.289993534690726619e+03 9.071547403237102728e-07
2.075088499274508613e-01 8.162433591334814513e-07 -3.664219102796033894e+03 -9.671924734937828772e-07 -8.361886006091277750e+02 2.385834613083651890e-06
2.125178062418619784e-01 -8.524535817196074614e-08 -3.504137545819514798e+03 1.261173003754871419e-06 -9.491815325536742876e+02 -1.800864113003489072e-06
2.175004174234404231e-01 7.334968355626893905e-07 -2.982836798249305502e+03 -1.874839744827942303e-06 -5.875418735796649798e+02 2.629668029728646923e-06
2.225093171556767890e-01 -1.300097765909113256e-07 -2.701137014637221455e+03 -9.928087621633118333e-07 -5.110495853115580758e+02 -1.028561450725812486e-06
2.275289586476768322e-01 -8.895899715566642968e-07 -2.548240318383591330e+03 1.195121939142502563e-06 -7.771617939690801222e+02 -1.781114151699335351e-06
2.325285406108919262e-01 -4.441100631218962480e-08 -2.285629672748440498e+03 1.143583412538882695e-06 -5.246167391264802973e+02 2.881164034503301916e-07
2.375276552426477672e-01 2.869907593052381872e-08 -2.009166883459307428e+03 1.245727646348765296e-06 -6.132452100544911673e+02 -4.878507638610421634e-07
2.424991024241769377e-01 -1.401377821484645309e-07 -1.724737899481707927e+03 6.306200196680903891e-07 -3.906666216467172035e+02 7.429363303606098601e-07
2.474998551644826128e-01 -2.931563700768491753e-08 -1.693905091258405491e+03 -4.885939501280820140e-09 -4.187498559077809546e+02 -4.780891802003282203e-07
2.525200307756395035e-01 -1.536409736158971117e-07 -1.426304484998453518e+03 -1.084668106093260759e-06 -4.452356016084132762e+02 -4.029056438159323559e-07
2.575182250600202005e-01 4.586391109315624781e-07 -1.322876208926309573e+03 -1.343059944827602295e-06 -2.815489456821399017e+02 1.672145444726315127e-07
2.625255687975799335e-01 -2.611762833770753807e-07 -1.131251668853768479e+03 7.713406235736292477e-07 -3.213850345181719490e+02 -5.802466429027358119e-07
2.675305520911575030e-01 2.528347699562281563e-07 -1.020906090774775180e+03 1.184952288528189226e-06 -3.311154775548528733e+02 2.052175549478051735e-07
2.725404586615198799e-01 -2.057963299802982829e-07 -8.414414238112867679e+02 3.090980171860950856e-07 -4.036874173586502366e+02 -1.125221698333454404e-06
2.775333197047151201e-01 9.308228135420166275e-08 -8.594595083619819889e+02 -1.648660746019334480e-07 -2.657387494507198653e+02 1.642941707546301064e-06
2.825123907298719983e-01 5.427692521459890621e-07 -7.826450441548818162e+02 -6.279538708855678816e-07 -3.445073797319829509e+02 -4.321423247120669458e-07
2.875104651677040102e-01 4.639595410212363429e-07 -5.831494445508523086e+02 -1.142363373837327511e-06 -1.627969737598161259e+02 1.640389235488666454e-06
2.924971317655564174e-01 -3.217241125200846209e-07 -5.012597533204637443e+02 -1.100635121779236798e-07 -4.043747124576633496e+02 -1.135911888502930264e-07
2.975058823671092867e-01 -2.256094821868617351e-07 -3.292241141994494456e+02 7.997957769417125747e-07 -1.644957042003374568e+02 -5.425975797189275857e-07
3.025121359101998753e-01 -4.894739304126496930e-07 -3.545171631144351636e+02 8.212871204363192172e-07 -1.371457675846266966e+02 -1.844927513317490681e-06
3.075010376196579687e-01 -1.386582754856429934e-07 -2.618113183884621549e+02 3.236821560287336171e-07 -3.028573757642263899e+02 3.658816340625326600e-08
3.125134169243361515e-01 -9.204980331288961027e-08 -1.402361451839935569e+02 -2.644897681857027756e-07 -2.887531268851799950e+02 -2.514493793830434549e-07
3.175159688234982513e-01 9.593800041261015204e-08 -1.189256515801986467e+02 -6.068078526097591753e-07 -2.809120256211256219e+02 6.086066901174956512e-07
3.225221380836135188e-01 -3.917680408721918415e-07 1.387789668680385269e+01 8.509432299532755308e-07 -1.008171795355861917e+02 -1.258698863669883967e-06
3.275181733526948968e-01 -3.410771527761708852e-08 4.993282580525731262e+00 -3.101824831406481231e-07 -9.690222139948167523e+01 1.069043839873759191e-07
3.325123842131759710e-01 1.476783982849569134e-07 5.107219103872190402e+01 -6.710680157360541998e-07 -2.522839428200361169e+02 -2.568083911352375662e-07
3.374959366892091861e-01 1.005028323494376946e-07 1.853246198717724269e+01 1.058487276871737420e-07 -1.772504466944610044e+02 5.567749994252093259e-07
3.424919221947719805e-01 -1.561625896436340106e-07 1.646216736534182417e+02 3.247876660829326144e-07 -1.738452358132828977e+02 -2.568162457535169929e-07
3.475179778446125245e-01 1.394040216813657888e-07 4.572977995229849313e+01 6.627455389277268272e-08 -2.358101578070375979e+02 4.335966729352851672e-07
3.525052850529177828e-01 9.842808208925435576e-08 2.241215232316781112e+02 3.776324931642184245e-07 -2.178783330672201828e+02 -5.039566529743134639e-07
3.575133254796376558e-01 -1.160159633175188462e-07 1.850550083926696345e+02 5.697880779062013564e-07 -2.767966521295920188e+02 -1.405757942617516514e-07
3.625250227669692404e-01 3.549891447306504709e-08 1.984271946995934286e+02 -5.566091929514568099e-08 -2.404957235356120862e+02 3.087486493409783586e-09
3.675230446100045678e-01 7.003720661191668362e-07 2.455392107546165619e+02 -1.847709659822007888e-06 -2.874399609241154963e+02 1.611156102229503502e-06
3.725177060730277545e-01 3.127838000403825531e-07 2.588579392761164399e+02 -2.759215530342286747e-07 -2.468968208588255493e+02 3.899436809778199875e-07
3.775163034622419089e-01 -1.473049054102509391e-07 2.765817364381710490e+02 8.455301570548403164e-07 -2.595437902096937819e+02 -6.709738441436929985e-07
3.825226892977953153e-01 3.808511270059121685e-07 2.575737027027026897e+02 -7.236583812816722962e-07 -2.537572162162162215e+02 9.193678159971494943e-07
3.875130067694269043e-01 -9.004132639620654000e-08 2.933386722866175091e+02 1.623959636788724941e-07 -3.237422813487881967e+02 -6.170242679382903935e-07
3.924957861003909865e-01 4.596346204904579878e-07 2.705234769735783402e+02 -6.540954214671901543e-07 -2.101463650114247343e+02 9.867412461682973207e-07
3.975064703251052212e-01 1.920465273556083902e-07 3.231727402267517846e+02 -1.261797205945844643e-07 -3.137649711913760484e+02 -3.929674666016956085e-08
