3.798113400606732779e-03 1.265442105263157748e+06 0.000000000000000000e+00 -1.682853789473684039e+06 0.000000000000000000e+00 -5.703677894736841554e+05 5.029211621052630991e+07 0.000000000000000000e+00 1.292565827368420959e+08 0.000000000000000000e+00 4.026253473684210330e+07
8.299341265228576958e-03 3.136038125000000000e+05 0.000000000000000000e+00 -2.915199375000000000e+05 0.000000000000000000e+00 3.962563750000000000e+05 2.498678400000000000e+07 0.000000000000000000e+00 5.295916000000000000e+07 0.000000000000000000e+00 2.936876800000000000e+07
1.293222767532251419e-02 1.026313681528662448e+06 0.000000000000000000e+00 1.101430929936305853e+06 0.000000000000000000e+00 4.509461401273885858e+05 1.526725136305732653e+07 0.000000000000000000e+00 3.348354445859872922e+07 0.000000000000000000e+00 5.106236738853503019e+06
1.764839556552980082e-02 9.818437260273972061e+05 0.000000000000000000e+00 6.192731506849314319e+05 0.000000000000000000e+00 1.201472328767123254e+05 6.949493917808218859e+06 0.000000000000000000e+00 1.370991956164383516e+07 0.000000000000000000e+00 -2.841530958904109430e+05
2.256548662787912635e-02 8.884305784499055007e+05 0.000000000000000000e+00 7.288084688090737909e+05 0.000000000000000000e+00 -1.570219886578449805e+05 4.328345406427221373e+06 0.000000000000000000e+00 8.363950699432892725e+06 0.000000000000000000e+00 -1.928116022684310097e+06
2.777643688250242340e-02 7.139745560975610279e+05 0.000000000000000000e+00 6.136528000000000466e+05 0.000000000000000000e+00 3.729034926829268225e+05 2.387981112195122056e+06 0.000000000000000000e+00 5.047310985365853645e+06 0.000000000000000000e+00 9.118164292682927335e+05
3.269804980233311648e-02 6.457324799999999814e+05 0.000000000000000000e+00 4.697972160000000149e+05 0.000000000000000000e+00 1.099616880000000092e+05 1.483623807999999961e+06 0.000000000000000000e+00 2.738516479999999981e+06 0.000000000000000000e+00 -1.300797600000000093e+05
3.761648458559932462e-02 5.467320188806473743e+05 0.000000000000000000e+00 3.281397599460553029e+05 0.000000000000000000e+00 1.786325016857720811e+03 9.437358867161159869e+05 0.000000000000000000e+00 1.824563441672285786e+06 0.000000000000000000e+00 1.441937046527309576e+05
4.263843696389812976e-02 4.570828928571428405e+05 0.000000000000000000e+00 2.107592857142857101e+05 0.000000000000000000e+00 -5.121539285714285506e+04 6.675400000000000000e+05 0.000000000000000000e+00 1.181239785714285681e+06 0.000000000000000000e+00 -4.611601339285713766e+04
4.756514582339458480e-02 4.027407239424334839e+05 0.000000000000000000e+00 1.959719354557348415e+05 0.000000000000000000e+00 -3.466745050152638578e+04 4.773225503706934396e+05 0.000000000000000000e+00 7.490230649803751148e+05 0.000000000000000000e+00 -1.264348329699084134e+05
5.262096060748640974e-02 3.811255730337078567e+05 0.000000000000000000e+00 2.410382921348314558e+05 0.000000000000000000e+00 7.885693820224718365e+04 3.927992359550561523e+05 0.000000000000000000e+00 6.906764943820224144e+05 0.000000000000000000e+00 6.126638764044943673e+04
5.756031740041873956e-02 3.652137821782178362e+05 0.000000000000000000e+00 2.133626336633663450e+05 0.000000000000000000e+00 -7.162394183168316886e+03 3.257541782178218127e+05 0.000000000000000000e+00 5.363034851485148538e+05 0.000000000000000000e+00 3.946704826732673155e+03
6.254738279606215923e-02 3.355440726024036994e+05 0.000000000000000000e+00 1.895705116507235507e+05 0.000000000000000000e+00 -1.638719646799116890e+04 2.639523571253372356e+05 0.000000000000000000e+00 3.919131125827814103e+05 0.000000000000000000e+00 -2.742942163355408047e+04
6.757793472572401483e-02 3.151183971880492172e+05 0.000000000000000000e+00 1.510628752196836576e+05 0.000000000000000000e+00 -3.250635852372583395e+04 2.191182284710017557e+05 0.000000000000000000e+00 3.085058980667837895e+05 0.000000000000000000e+00 -2.872035500878734456e+04
7.255917516659465827e-02 2.886429280267807189e+05 0.000000000000000000e+00 1.602535718802306219e+05 0.000000000000000000e+00 2.786167453970615679e+04 1.942422614840989409e+05 0.000000000000000000e+00 2.762471623581923195e+05 0.000000000000000000e+00 9.643658545657430295e+03
7.753384299139773339e-02 2.631528945430197637e+05 0.000000000000000000e+00 1.357689079343823250e+05 0.000000000000000000e+00 1.404590291262136088e+04 1.658476116504854581e+05 0.000000000000000000e+00 2.277456176765986020e+05 0.000000000000000000e+00 1.520464948108470162e+04
8.251793356505521260e-02 2.378467339449541469e+05 0.000000000000000000e+00 1.202824770642201911e+05 0.000000000000000000e+00 -7.517309633027522977e+03 1.435146238532110292e+05 0.000000000000000000e+00 1.804605871559633233e+05 0.000000000000000000e+00 -9.613061209862386249e+02
8.752751931716111489e-02 2.159741329532201635e+05 0.000000000000000000e+00 1.184734876247246430e+05 0.000000000000000000e+00 1.726098950369314480e+04 1.299231100168459379e+05 0.000000000000000000e+00 1.573361005572113500e+05 0.000000000000000000e+00 1.139321627575482808e+03
9.254701955136974967e-02 1.961718432087511464e+05 0.000000000000000000e+00 9.197840656335459789e+04 0.000000000000000000e+00 1.839039744758432062e+04 1.138133454876937030e+05 0.000000000000000000e+00 1.293076681859617092e+05 0.000000000000000000e+00 5.716430720145852320e+03
9.754963178921903511e-02 1.815170371611012379e+05 0.000000000000000000e+00 9.576746822987543419e+04 0.000000000000000000e+00 7.849986391709410782e+03 1.033488453888830700e+05 0.000000000000000000e+00 1.111477609128022596e+05 0.000000000000000000e+00 6.788230294148434950e+03
1.025319613041059119e-01 1.672937425891181920e+05 0.000000000000000000e+00 8.264010806754221267e+04 0.000000000000000000e+00 2.772656660412757788e+02 9.495992195121951227e+04 0.000000000000000000e+00 9.835926454033771006e+04 0.000000000000000000e+00 1.256437148217636059e+04
1.075116003998943526e-01 1.548916333563060034e+05 0.000000000000000000e+00 7.135659269469331775e+04 0.000000000000000000e+00 -9.477098552722260138e+03 8.914186629910406191e+04 0.000000000000000000e+00 8.435271123363196966e+04 0.000000000000000000e+00 -4.628994141971053978e+03
1.125102861506304813e-01 1.507430582051480305e+05 0.000000000000000000e+00 7.236808533663136768e+04 0.000000000000000000e+00 1.065157980984772439e+04 8.263843549509160221e+04 0.000000000000000000e+00 7.502108000309190538e+04 0.000000000000000000e+00 1.106468454819510043e+04
1.175500852175193622e-01 1.398934865595221345e+05 0.000000000000000000e+00 6.213318162423553440e+04 0.000000000000000000e+00 5.629327833878538513e+03 7.700413369364244863e+04 0.000000000000000000e+00 6.714223069264685910e+04 0.000000000000000000e+00 7.222673872848812607e+03
1.225369446564099490e-01 1.398788152267461119e+05 0.000000000000000000e+00 6.234360966567361902e+04 0.000000000000000000e+00 2.376591857000993059e+03 7.258616034425687394e+04 0.000000000000000000e+00 5.973054538232374034e+04 0.000000000000000000e+00 8.657832505792785014e+03
1.275260957852891452e-01 1.322811389764734486e+05 0.000000000000000000e+00 4.895439243269463623e+04 0.000000000000000000e+00 4.833629881154499344e+03 6.913390831918505137e+04 0.000000000000000000e+00 5.214160950764006702e+04 0.000000000000000000e+00 6.667980111569245310e+03
1.325302087090364789e-01 1.264291503282644117e+05 0.000000000000000000e+00 5.176232803995286667e+04 0.000000000000000000e+00 -2.699926378991077854e+03 6.650591549295774894e+04 0.000000000000000000e+00 4.615565366702205210e+04 0.000000000000000000e+00 2.824370349587565215e+03
1.375062694904859717e-01 1.209233300950369594e+05 0.000000000000000000e+00 5.173138585005280038e+04 0.000000000000000000e+00 9.406412671594509447e+03 6.309845153115100402e+04 0.000000000000000000e+00 4.261226779303062358e+04 0.000000000000000000e+00 5.744323548046462747e+03
1.425134422753508989e-01 1.149821370704549772e+05 0.000000000000000000e+00 4.984881244000767765e+04 0.000000000000000000e+00 2.098843588020733364e+02 6.022250105586485006e+04 0.000000000000000000e+00 3.615562296026108379e+04 0.000000000000000000e+00 -1.827994216740257372e+01
1.475259222195813014e-01 1.075640876577520685e+05 0.000000000000000000e+00 4.255369009977675887e+04 0.000000000000000000e+00 2.732849059182650763e+03 5.800019463301289215e+04 0.000000000000000000e+00 3.655968435919631884e+04 0.000000000000000000e+00 3.295900861087065550e+03
1.525299430011916868e-01 1.013282651335813280e+05 0.000000000000000000e+00 3.978277443354751449e+04 0.000000000000000000e+00 2.969552587081501315e+03 5.588562461954683386e+04 0.000000000000000000e+00 3.348957997970916040e+04 0.000000000000000000e+00 3.747423063916131014e+03
1.574945685492469272e-01 9.684800841185747413e+04 0.000000000000000000e+00 3.929346867796335573e+04 0.000000000000000000e+00 -2.005631091519391703e+03 5.318965017996521783e+04 0.000000000000000000e+00 2.850928102883487372e+04 0.000000000000000000e+00 2.642884296517976054e+03
1.625189323163163113e-01 9.294770452554745134e+04 0.000000000000000000e+00 3.691747970802919735e+04 0.000000000000000000e+00 3.107470656934307044e+03 5.098686131386861962e+04 0.000000000000000000e+00 2.701347737226277604e+04 0.000000000000000000e+00 2.236787153284671604e+03
1.675461007718098694e-01 8.993900683371297782e+04 0.000000000000000000e+00 3.613651252847380238e+04 0.000000000000000000e+00 -1.019394291002277896e+03 4.941145785876992886e+04 0.000000000000000000e+00 2.547027562642368866e+04 0.000000000000000000e+00 5.237275056947607936e+02
1.725292014006662711e-01 8.565047618419752689e+04 0.000000000000000000e+00 3.528917638527211238e+04 0.000000000000000000e+00 6.730168968586215669e+03 4.777327751590467233e+04 0.000000000000000000e+00 2.345226489105712608e+04 0.000000000000000000e+00 2.114100932854270468e+03
1.775301965061671094e-01 8.238259464916709112e+04 0.000000000000000000e+00 3.275493185259969687e+04 0.000000000000000000e+00 3.732376829883896789e+03 4.656332357395254803e+04 0.000000000000000000e+00 2.234960928823826180e+04 0.000000000000000000e+00 1.199423144876325068e+03
1.825147654490652804e-01 8.057572962273626763e+04 0.000000000000000000e+00 2.939331170787911105e+04 0.000000000000000000e+00 4.552852373777659523e+02 4.581655422612189432e+04 0.000000000000000000e+00 2.079700883334810351e+04 0.000000000000000000e+00 9.549232178203196781e+02
1.875360723572403465e-01 7.823397899441340996e+04 0.000000000000000000e+00 2.973101050279329502e+04 0.000000000000000000e+00 2.107399329608938388e+03 4.464808044692737167e+04 0.000000000000000000e+00 2.003239687150837926e+04 0.000000000000000000e+00 2.431831731843575653e+03
1.925323683450522461e-01 7.520427032237335516e+04 0.000000000000000000e+00 2.800179586590981853e+04 0.000000000000000000e+00 1.181799400235621761e+03 4.309241940666166920e+04 0.000000000000000000e+00 1.802216386419620903e+04 0.000000000000000000e+00 6.038411159901467045e+02
1.975198663583639380e-01 7.260774503604401252e+04 0.000000000000000000e+00 2.550432619198178509e+04 0.000000000000000000e+00 3.694378348298975197e+03 4.239751106614391756e+04 0.000000000000000000e+00 1.708159757177184656e+04 0.000000000000000000e+00 1.507562109523207255e+03
2.025153694923672032e-01 7.077258091286307899e+04 0.000000000000000000e+00 2.307852475151983163e+04 0.000000000000000000e+00 2.006068344108848862e+02 4.171061816076425748e+04 0.000000000000000000e+00 1.640571417543182542e+04 0.000000000000000000e+00 9.004853806812699304e+02
2.075088499274508613e-01 6.850802463990474644e+04 0.000000000000000000e+00 2.228704115047287632e+04 0.000000000000000000e+00 2.280657308388101683e+03 4.014399963360736729e+04 0.000000000000000000e+00 1.522384263436304900e+04 0.000000000000000000e+00 -7.923330051065974544e+01
2.125178062418619784e-01 6.629657671495898103e+04 0.000000000000000000e+00 2.381378390644091633e+04 0.000000000000000000e+00 4.221534648280677175e+03 4.014866678303368826e+04 0.000000000000000000e+00 1.522397765753185558e+04 0.000000000000000000e+00 1.741346133705707871e+03
2.175004174234404231e-01 6.382687517885700072e+04 0.000000000000000000e+00 2.081129197878966443e+04 0.000000000000000000e+00 3.107974412928204856e+03 3.889962124400302855e+04 0.000000000000000000e+00 1.374661257469910015e+04 0.000000000000000000e+00 8.791177510310579919e+02
2.225093171556767890e-01 6.214239750989933236e+04 0.000000000000000000e+00 2.066821378617442679e+04 0.000000000000000000e+00 3.975229487204743691e+03 3.830428179113887018e+04 0.000000000000000000e+00 1.365538803412068410e+04 0.000000000000000000e+00 2.067598195465022400e+03
2.275289586476768322e-01 6.007309107607531041e+04 0.000000000000000000e+00 1.997380805143119505e+04 0.000000000000000000e+00 1.906786927904485083e+03 3.754266646257461980e+04 0.000000000000000000e+00 1.245043073626205478e+04 0.000000000000000000e+00 1.097353512934333367e+03
2.325285406108919262e-01 5.825163975042293896e+04 0.000000000000000000e+00 1.891195517799647132e+04 0.000000000000000000e+00 3.136648172739344773e+03 3.668488661706656421e+04 0.000000000000000000e+00 1.197929863751296216e+04 0.000000000000000000e+00 2.952316227966456381e+02
2.375276552426477672e-01 5.660356646159254888e+04 0.000000000000000000e+00 1.786730827913517351e+04 0.000000000000000000e+00 3.115684584285463188e+03 3.609542626120583736e+04 0.000000000000000000e+00 1.050732177887150647e+04 0.000000000000000000e+00 5.753107400246088901e+02
2.424991024241769377e-01 5.500314702952746302e+04 0.000000000000000000e+00 1.654222315263451310e+04 0.000000000000000000e+00 -9.840745530363142279e+02 3.551052528151537263e+04 0.000000000000000000e+00 1.032901740583796163e+04 0.000000000000000000e+00 5.248516874039809181e+02
2.474998551644826128e-01 5.416071828370157164e+04 0.000000000000000000e+00 1.772284393211655333e+04 0.000000000000000000e+00 1.571438744796669880e+03 3.480831918027537904e+04 0.000000000000000000e+00 1.064199295549151429e+04 0.000000000000000000e+00 1.223563752801793044e+03
2.525200307756395035e-01 5.275602152799258329e+04 0.000000000000000000e+00 1.596835533560160911e+04 0.000000000000000000e+00 -1.656134240643365274e+02 3.431381874420043459e+04 0.000000000000000000e+00 1.002381243427157460e+04 0.000000000000000000e+00 6.730950819672131047e+02
2.575182250600202005e-01 5.142835329707174969e+04 0.000000000000000000e+00 1.443466615006333268e+04 0.000000000000000000e+00 1.018541807614931827e+03 3.387804926607555535e+04 0.000000000000000000e+00 1.029247895089784652e+04 0.000000000000000000e+00 1.516650026078533564e+01
2.625255687975799335e-01 5.063181422947452666e+04 0.000000000000000000e+00 1.345007725223940179e+04 0.000000000000000000e+00 1.531406857990528806e+03 3.322730142066525877e+04 0.000000000000000000e+00 9.045839675928567885e+03 0.000000000000000000e+00 1.763983853483197208e+02
2.675305520911575030e-01 4.885295568964802806e+04 0.000000000000000000e+00 1.433921321163750690e+04 0.000000000000000000e+00 1.212209856257162954e+02 3.310963615525883506e+04 0.000000000000000000e+00 9.139239060493502620e+03 0.000000000000000000e+00 1.899962027588682645e+02
2.725404586615198799e-01 4.803650711376738764e+04 0.000000000000000000e+00 1.217901687205796770e+04 0.000000000000000000e+00 1.032913418310678480e+03 3.251823176601258456e+04 0.000000000000000000e+00 8.471656000423123260e+03 0.000000000000000000e+00 1.869415097582905716e+01
2.775333197047151201e-01 4.680325773515651235e+04 0.000000000000000000e+00 1.227146607387494441e+04 0.000000000000000000e+00 6.877030527050429782e+02 3.197844113009537978e+04 0.000000000000000000e+00 8.278835991418305639e+03 0.000000000000000000e+00 -2.416140305528988961e+02
2.825123907298719983e-01 4.560236625702464517e+04 0.000000000000000000e+00 1.181587026492928999e+04 0.000000000000000000e+00 -3.307542765392453816e+02 3.176194039399740723e+04 0.000000000000000000e+00 8.355002581362317869e+03 0.000000000000000000e+00 6.465582906194034649e+02
2.875104651677040102e-01 4.460839839111280889e+04 0.000000000000000000e+00 1.128506569622677671e+04 0.000000000000000000e+00 1.093408542424822826e+03 3.130980578433250412e+04 0.000000000000000000e+00 7.638925876268914180e+03 0.000000000000000000e+00 -6.582012545489369586e+02
2.924971317655564174e-01 4.363503117594700598e+04 0.000000000000000000e+00 1.013316071160226056e+04 0.000000000000000000e+00 -4.868750765816272974e+02 3.082158443630142210e+04 0.000000000000000000e+00 7.467409679917695939e+03 0.000000000000000000e+00 -4.486478863470852616e+02
2.975058823671092867e-01 4.304667507326170016e+04 0.000000000000000000e+00 1.057034295355652284e+04 0.000000000000000000e+00 9.849272711126898230e+02 3.031659426338690901e+04 0.000000000000000000e+00 7.458077257792380806e+03 0.000000000000000000e+00 -2.251232128585383236e+02
3.025121359101998753e-01 4.222877489083913679e+04 0.000000000000000000e+00 9.343335264363840906e+03 0.000000000000000000e+00 4.235728675803034662e+02 3.022473390687821666e+04 0.000000000000000000e+00 6.955727292378193852e+03 0.000000000000000000e+00 -5.959182914703211509e+02
3.075010376196579687e-01 4.102822653498459113e+04 0.000000000000000000e+00 8.695086753409625089e+03 0.000000000000000000e+00 8.622064482416262763e+02 2.977979227674139474e+04 0.000000000000000000e+00 6.992472048910488411e+03 0.000000000000000000e+00 2.466587030360035726e+02
3.125134169243361515e-01 4.035484801930424146e+04 0.000000000000000000e+00 8.656834586768551162e+03 0.000000000000000000e+00 1.177110315704805998e+03 2.944531510154836360e+04 0.000000000000000000e+00 6.449891815805349324e+03 0.000000000000000000e+00 -1.408161673034385615e+02
3.175159688234982513e-01 3.956224970773447421e+04 0.000000000000000000e+00 8.138753956636637668e+03 0.000000000000000000e+00 -2.370594256859643849e+02 2.932837362831684368e+04 0.000000000000000000e+00 6.621381615270504881e+03 0.000000000000000000e+00 3.376878505958287064e+02
3.225221380836135188e-01 3.899654717764772795e+04 0.000000000000000000e+00 8.034204417594865845e+03 0.000000000000000000e+00 1.283068302812913089e+03 2.874155303001699212e+04 0.000000000000000000e+00 5.924065093449122287e+03 0.000000000000000000e+00 -3.421760241646214808e+02
3.275181733526948968e-01 3.821022495372084086e+04 0.000000000000000000e+00 8.066984376156979124e+03 0.000000000000000000e+00 -6.046448722695298557e+02 2.855932114031839956e+04 0.000000000000000000e+00 5.817453091447611769e+03 0.000000000000000000e+00 -7.417929655683080910e+02
3.325123842131759710e-01 3.757804773299412045e+04 0.000000000000000000e+00 7.720913954295168878e+03 0.000000000000000000e+00 8.386540114039692071e+02 2.817740718930411094e+04 0.000000000000000000e+00 5.842410311607674885e+03 0.000000000000000000e+00 -7.092059030217850477e+02
3.374959366892091861e-01 3.674354062291980517e+04 0.000000000000000000e+00 6.668351329572925351e+03 0.000000000000000000e+00 -1.546850015765686805e+02 2.786152990225274334e+04 0.000000000000000000e+00 5.596228567424587709e+03 0.000000000000000000e+00 -6.393271905546018843e+02
3.424919221947719805e-01 3.599913992115943984e+04 0.000000000000000000e+00 6.741142738084325174e+03 0.000000000000000000e+00 1.189731192025935798e+03 2.776434346481760804e+04 0.000000000000000000e+00 5.501068531282034201e+03 0.000000000000000000e+00 -3.047680370700647927e+02
3.475179778446125245e-01 3.567879870617832057e+04 0.000000000000000000e+00 6.143573953670728770e+03 0.000000000000000000e+00 1.208304374816218569e+03 2.727693508021040907e+04 0.000000000000000000e+00 4.604086124089260011e+03 0.000000000000000000e+00 3.592936909857222076e+02
3.525052850529177828e-01 3.483494555324924295e+04 0.000000000000000000e+00 5.950092160306562619e+03 0.000000000000000000e+00 7.078765767204215820e+01 2.706704799616797027e+04 0.000000000000000000e+00 5.304461120868593753e+03 0.000000000000000000e+00 -4.568903081590292459e+02
3.575133254796376558e-01 3.432162770270788315e+04 0.000000000000000000e+00 5.301448199216684770e+03 0.000000000000000000e+00 6.068090533528524020e+02 2.690746774378980990e+04 0.000000000000000000e+00 4.601294448574779381e+03 0.000000000000000000e+00 -1.901983429267806684e+02
3.625250227669692404e-01 3.389862876072880317e+04 0.000000000000000000e+00 5.129606745971991586e+03 0.000000000000000000e+00 8.267181448577021001e+02 2.673462237614817059e+04 0.000000000000000000e+00 4.954485167896400526e+03 0.000000000000000000e+00 -1.022010540581237706e+03
3.675230446100045678e-01 3.348487614548476995e+04 0.000000000000000000e+00 5.094959706639255273e+03 0.000000000000000000e+00 3.658129752349291834e+02 2.647363319700515422e+04 0.000000000000000000e+00 4.886905233689827583e+03 0.000000000000000000e+00 -2.558210382812443129e+02
3.725177060730277545e-01 3.307952107038710528e+04 0.000000000000000000e+00 5.000558522499857645e+03 0.000000000000000000e+00 8.364780719309280812e+02 2.611744708102235745e+04 0.000000000000000000e+00 4.308425638973068999e+03 0.000000000000000000e+00 -1.216775276602435873e+01
3.775163034622419089e-01 3.251809897876859395e+04 0.000000000000000000e+00 4.277288834030933685e+03 0.000000000000000000e+00 8.048437122899441647e+02 2.600150168596272124e+04 0.000000000000000000e+00 4.400566759296929376e+03 0.000000000000000000e+00 -4.982120934209528400e+02
3.825226892977953153e-01 3.215802464864864669e+04 0.000000000000000000e+00 4.007350918918918978e+03 0.000000000000000000e+00 9.274909189189189647e+02 2.587520172972972796e+04 0.000000000000000000e+00 4.299501405405405421e+03 0.000000000000000000e+00 -1.893413108108107963e+02
3.875130067694269043e-01 3.171560800842992830e+04 0.000000000000000000e+00 4.116356164383561918e+03 0.000000000000000000e+00 1.048619704952581742e+03 2.575755194942044545e+04 0.000000000000000000e+00 4.252989251844046521e+03 0.000000000000000000e+00 -4.169355374077977103e+02
3.924957861003909865e-01 3.128924882695588167e+04 0.000000000000000000e+00 4.082236076336369479e+03 0.000000000000000000e+00 2.025350471470408593e+03 2.560463836771473871e+04 0.000000000000000000e+00 4.125336645962733201e+03 0.000000000000000000e+00 2.263689505358349834e+02
3.975064703251052212e-01 3.107207176754848115e+04 0.000000000000000000e+00 4.031392156619788238e+03 0.000000000000000000e+00 1.696826912830679703e+03 2.548193009107242688e+04 0.000000000000000000e+00 4.107017706461805574e+03 0.000000000000000000e+00 4.438928814819404067e+01
