3.798113400606732779e-03 9.567834736842104467e+05 0.000000000000000000e+00 2.568957684210526291e+06 0.000000000000000000e+00 5.060999578947368078e+06 1.739280437894736826e+08 0.000000000000000000e+00 6.644638989473683834e+08 0.000000000000000000e+00 8.729145667368420362e+08
8.299341265228576958e-03 7.386641875000000000e+05 0.000000000000000000e+00 6.610393750000000000e+04 0.000000000000000000e+00 -9.609769531250000000e+04 2.141549200000000000e+07 0.000000000000000000e+00 3.777940800000000000e+07 0.000000000000000000e+00 -9.450620000000000000e+05
1.293222767532251419e-02 1.009182369426751626e+06 0.000000000000000000e+00 1.001856713375796215e+06 0.000000000000000000e+00 7.226161146496815491e+04 1.351455388535031863e+07 0.000000000000000000e+00 2.647465579617834464e+07 0.000000000000000000e+00 2.139788025477706920e+06
1.764839556552980082e-02 1.097632767123287544e+06 0.000000000000000000e+00 1.063213260273972526e+06 0.000000000000000000e+00 1.035913205479452037e+06 8.210160219178081490e+06 0.000000000000000000e+00 1.944200416438356042e+07 0.000000000000000000e+00 7.037242301369862631e+06
2.256548662787912635e-02 8.421074631379962666e+05 0.000000000000000000e+00 7.338591455576559529e+05 0.000000000000000000e+00 3.643332703213610785e+03 4.045835614366729744e+06 0.000000000000000000e+00 6.987520967863894068e+06 0.000000000000000000e+00 -2.022313981096408330e+06
2.777643688250242340e-02 7.907158634146341356e+05 0.000000000000000000e+00 5.475364682926828973e+05 0.000000000000000000e+00 -8.878452682926828857e+04 2.647611629268292803e+06 0.000000000000000000e+00 5.162520039024390280e+06 0.000000000000000000e+00 -2.190170146341463551e+05
3.269804980233311648e-02 6.372272000000000698e+05 0.000000000000000000e+00 4.542815680000000284e+05 0.000000000000000000e+00 -7.251683199999999488e+04 1.502540415999999968e+06 0.000000000000000000e+00 2.782748927999999840e+06 0.000000000000000000e+00 -6.375448000000000320e+04
3.761648458559932462e-02 5.449187430883344496e+05 0.000000000000000000e+00 4.216975104517869186e+05 0.000000000000000000e+00 1.465576372218476026e+05 1.060485178691840963e+06 0.000000000000000000e+00 2.197262845583277289e+06 0.000000000000000000e+00 3.726479190829399740e+05
4.263843696389812976e-02 4.868451785714285215e+05 0.000000000000000000e+00 3.827178928571428405e+05 0.000000000000000000e+00 9.538475000000000000e+04 7.221342857142856810e+05 0.000000000000000000e+00 1.317807714285714319e+06 0.000000000000000000e+00 -1.462013392857142753e+04
4.756514582339458480e-02 4.023813135630178731e+05 0.000000000000000000e+00 2.492858334060183261e+05 0.000000000000000000e+00 -4.659966157871783798e+04 5.283129385085041868e+05 0.000000000000000000e+00 9.499677697339729639e+05 0.000000000000000000e+00 1.495421892716964794e+04
5.262096060748640974e-02 3.709369213483146159e+05 0.000000000000000000e+00 2.176272808988764009e+05 0.000000000000000000e+00 -4.029557584269662698e+02 4.052535730337078567e+05 0.000000000000000000e+00 7.121474606741572497e+05 0.000000000000000000e+00 5.211983146067415510e+04
5.756031740041873956e-02 3.447306930693069589e+05 0.000000000000000000e+00 2.448202772277227778e+05 0.000000000000000000e+00 4.007682178217821638e+04 3.169860990099009941e+05 0.000000000000000000e+00 5.318116435643564910e+05 0.000000000000000000e+00 3.322350247524752376e+03
6.254738279606215923e-02 3.115513092960509821e+05 0.000000000000000000e+00 2.268430316409124061e+05 0.000000000000000000e+00 2.051188030414520472e+04 2.600757655138582049e+05 0.000000000000000000e+00 4.258797978906058124e+05 0.000000000000000000e+00 2.087525533480500235e+04
6.757793472572401483e-02 2.932122319859402487e+05 0.000000000000000000e+00 1.805668892794376006e+05 0.000000000000000000e+00 1.636246045694200257e+04 2.148992196836555086e+05 0.000000000000000000e+00 3.387760984182776883e+05 0.000000000000000000e+00 3.724482601054481347e+04
7.255917516659465827e-02 2.832763310396131710e+05 0.000000000000000000e+00 1.914097645527245768e+05 0.000000000000000000e+00 1.636515677887297716e+04 1.803170541193974495e+05 0.000000000000000000e+00 2.603092936581737013e+05 0.000000000000000000e+00 -3.659489678259252287e+03
7.753384299139773339e-02 2.475779899564780935e+05 0.000000000000000000e+00 1.445417609641781019e+05 0.000000000000000000e+00 5.329497154335454070e+03 1.523622202879143006e+05 0.000000000000000000e+00 2.030906622028791462e+05 0.000000000000000000e+00 5.142838634081018427e+03
8.251793356505521260e-02 2.284531926605504705e+05 0.000000000000000000e+00 1.276472018348623969e+05 0.000000000000000000e+00 4.891139334862386022e+03 1.323362018348623824e+05 0.000000000000000000e+00 1.652380550458715588e+05 0.000000000000000000e+00 -3.407074254587156048e+01
8.752751931716111489e-02 2.022250885058960994e+05 0.000000000000000000e+00 1.131212730335622764e+05 0.000000000000000000e+00 4.343486847220422533e+03 1.158801897110276041e+05 0.000000000000000000e+00 1.418076952183491085e+05 0.000000000000000000e+00 1.254124141505766602e+04
9.254701955136974967e-02 1.832888386508660042e+05 0.000000000000000000e+00 1.003888860528714722e+05 0.000000000000000000e+00 9.884167730173199743e+03 1.019994749316317175e+05 0.000000000000000000e+00 1.140540309936189587e+05 0.000000000000000000e+00 7.440436189608021778e+03
9.754963178921903511e-02 1.688918396315293503e+05 0.000000000000000000e+00 1.008504000837433268e+05 0.000000000000000000e+00 1.251888035172197306e+04 9.066238124149481882e+04 0.000000000000000000e+00 9.660033246100701217e+04 0.000000000000000000e+00 1.947708363864754574e+03
1.025319613041059119e-01 1.542799729831144505e+05 0.000000000000000000e+00 8.431153470919324900e+04 0.000000000000000000e+00 1.159317073170731760e+02 8.330857185741087596e+04 0.000000000000000000e+00 8.781106791744841030e+04 0.000000000000000000e+00 7.321944465290806875e+03
1.075116003998943526e-01 1.403498497587870515e+05 0.000000000000000000e+00 7.855632804962094815e+04 0.000000000000000000e+00 -1.039138740523776647e+02 7.534628807718814642e+04 0.000000000000000000e+00 7.143407305306685157e+04 0.000000000000000000e+00 -6.361598035837353109e+02
1.125102861506304813e-01 1.309157820205611933e+05 0.000000000000000000e+00 6.171750483110459027e+04 0.000000000000000000e+00 8.304246734173302684e+03 7.021408487284532748e+04 0.000000000000000000e+00 6.420403617531112832e+04 0.000000000000000000e+00 4.695881889155136378e+03
1.175500852175193622e-01 1.253969995733181713e+05 0.000000000000000000e+00 6.133523424832883029e+04 0.000000000000000000e+00 5.529588963163135304e+03 6.476937903569905029e+04 0.000000000000000000e+00 5.494007680273076403e+04 0.000000000000000000e+00 4.866659081211776538e+03
1.225369446564099490e-01 1.200099612048990530e+05 0.000000000000000000e+00 5.354275590863952675e+04 0.000000000000000000e+00 -9.445359814630917754e+03 6.197462985766302882e+04 0.000000000000000000e+00 5.008540854021847190e+04 0.000000000000000000e+00 2.140225223435948465e+03
1.275260957852891452e-01 1.144520320155226800e+05 0.000000000000000000e+00 5.378000485083676904e+04 0.000000000000000000e+00 1.309742663109386285e+03 5.724962600048508466e+04 0.000000000000000000e+00 4.389625418384671502e+04 0.000000000000000000e+00 2.846541353383458500e+03
1.325302087090364789e-01 1.086851296784692240e+05 0.000000000000000000e+00 4.513874283149093390e+04 0.000000000000000000e+00 -4.662059817069749442e+03 5.529679007912013913e+04 0.000000000000000000e+00 3.820718119073003618e+04 0.000000000000000000e+00 6.459462431962291475e+02
1.375062694904859717e-01 1.021845355860612472e+05 0.000000000000000000e+00 4.716505681098204514e+04 0.000000000000000000e+00 8.892118268215417629e+03 5.189621795142555493e+04 0.000000000000000000e+00 3.259584540654698867e+04 0.000000000000000000e+00 2.800840549102428668e+03
1.425134422753508989e-01 9.644484853138797916e+04 0.000000000000000000e+00 4.292617546554040746e+04 0.000000000000000000e+00 4.637100787099251647e+03 4.972619082357457955e+04 0.000000000000000000e+00 2.975853177193319061e+04 0.000000000000000000e+00 4.536334709157227962e+02
1.475259222195813014e-01 9.006903202879402670e+04 0.000000000000000000e+00 3.649291430133490940e+04 0.000000000000000000e+00 -1.625297371178641470e+03 4.718165784318192163e+04 0.000000000000000000e+00 2.604830033258918411e+04 0.000000000000000000e+00 2.173217185293179682e+03
1.525299430011916868e-01 8.684106323977003922e+04 0.000000000000000000e+00 3.587747852553263510e+04 0.000000000000000000e+00 6.219201217450117838e+03 4.552768346296922391e+04 0.000000000000000000e+00 2.438692999661819340e+04 0.000000000000000000e+00 1.085538129861345851e+03
1.574945685492469272e-01 8.021408565535648086e+04 0.000000000000000000e+00 3.278056602094876143e+04 0.000000000000000000e+00 3.317281999433816964e+03 4.289554770089375961e+04 0.000000000000000000e+00 2.093671986088081758e+04 0.000000000000000000e+00 7.348031706232053466e+02
1.625189323163163113e-01 7.728109781021898380e+04 0.000000000000000000e+00 3.085321343065693873e+04 0.000000000000000000e+00 3.610273576642336138e+03 4.143043270072992891e+04 0.000000000000000000e+00 2.008979153284671702e+04 0.000000000000000000e+00 2.923442043795620521e+03
1.675461007718098694e-01 7.311161275626423594e+04 0.000000000000000000e+00 2.815622779043280025e+04 0.000000000000000000e+00 -3.945953160592254871e+00 4.021956264236901916e+04 0.000000000000000000e+00 1.830458428246013500e+04 0.000000000000000000e+00 -4.123206506264236850e+02
1.725292014006662711e-01 6.995068991660350002e+04 0.000000000000000000e+00 2.768667172100075913e+04 0.000000000000000000e+00 4.859443188186043699e+03 3.921327276922570309e+04 0.000000000000000000e+00 1.761426324290470438e+04 0.000000000000000000e+00 2.313511553548472421e+03
1.775301965061671094e-01 6.766098738011105161e+04 0.000000000000000000e+00 2.310233215547703003e+04 0.000000000000000000e+00 2.392779404341241843e+03 3.792995053003533394e+04 0.000000000000000000e+00 1.516194144371529546e+04 0.000000000000000000e+00 8.510284578495709411e+02
1.825147654490652804e-01 6.508814180625720473e+04 0.000000000000000000e+00 2.190511885136931596e+04 0.000000000000000000e+00 -4.358320482141274397e+02 3.657761564595704840e+04 0.000000000000000000e+00 1.387272557534934640e+04 0.000000000000000000e+00 1.149217643061833542e+03
1.875360723572403465e-01 6.161977921787709784e+04 0.000000000000000000e+00 2.109476111731843775e+04 0.000000000000000000e+00 3.095898770949720529e+03 3.557770011173184321e+04 0.000000000000000000e+00 1.267133407821229048e+04 0.000000000000000000e+00 3.110381005586592096e+02
1.925323683450522461e-01 6.030840569776159100e+04 0.000000000000000000e+00 1.932844553925243599e+04 0.000000000000000000e+00 4.290704937346042243e+03 3.492383078076469974e+04 0.000000000000000000e+00 1.237303802077755063e+04 0.000000000000000000e+00 -5.665499625147263032e+02
1.975198663583639380e-01 5.775962848109269544e+04 0.000000000000000000e+00 1.650698004299987224e+04 0.000000000000000000e+00 4.002786796509421947e+03 3.418364082458581106e+04 0.000000000000000000e+00 1.129697452889844317e+04 0.000000000000000000e+00 1.644303326166687611e+03
2.025153694923672032e-01 5.589189230917688110e+04 0.000000000000000000e+00 1.666966090900318522e+04 0.000000000000000000e+00 2.336114059635241119e+03 3.331754588439641520e+04 0.000000000000000000e+00 9.992866158448327042e+03 0.000000000000000000e+00 -1.524363842516645775e+02
2.075088499274508613e-01 5.410936856809178425e+04 0.000000000000000000e+00 1.515757100002289917e+04 0.000000000000000000e+00 -5.671167647530285194e+02 3.282538294900272740e+04 0.000000000000000000e+00 9.972328928988526968e+03 0.000000000000000000e+00 3.622125764272138326e+02
2.125178062418619784e-01 5.201893524175249331e+04 0.000000000000000000e+00 1.475785931227090259e+04 0.000000000000000000e+00 3.017312969104556032e+03 3.184944807121661870e+04 0.000000000000000000e+00 9.027817071042067255e+03 0.000000000000000000e+00 5.679499912724734259e+02
2.175004174234404231e-01 4.984769362848245510e+04 0.000000000000000000e+00 1.519302550290379622e+04 0.000000000000000000e+00 5.292027186263782141e+02 3.118636613079707240e+04 0.000000000000000000e+00 8.650108240047135041e+03 0.000000000000000000e+00 -2.907881701876946750e+02
2.225093171556767890e-01 4.832760142629183974e+04 0.000000000000000000e+00 1.330259813636453146e+04 0.000000000000000000e+00 3.611628454916175997e+03 3.032398195465022582e+04 0.000000000000000000e+00 7.638059770296094030e+03 0.000000000000000000e+00 3.575468174385847533e+02
2.275289586476768322e-01 4.685421092912903987e+04 0.000000000000000000e+00 1.128966416653910892e+04 0.000000000000000000e+00 1.570046073779274593e+03 2.970581846012551614e+04 0.000000000000000000e+00 7.456083881830705650e+03 0.000000000000000000e+00 -2.306637695163018620e+01
2.325285406108919262e-01 4.534224612082295062e+04 0.000000000000000000e+00 1.194826318374474795e+04 0.000000000000000000e+00 7.914792352609463251e+02 2.927605624579339201e+04 0.000000000000000000e+00 6.160016007858404009e+03 0.000000000000000000e+00 -6.944926418423590349e+02
2.375276552426477672e-01 4.372972290384953521e+04 0.000000000000000000e+00 1.031434754789945509e+04 0.000000000000000000e+00 2.470432061873791554e+03 2.879243789769731302e+04 0.000000000000000000e+00 6.503090174020038830e+03 0.000000000000000000e+00 -3.821853401300755877e+02
2.424991024241769377e-01 4.264023095234076027e+04 0.000000000000000000e+00 9.532391200850877794e+03 0.000000000000000000e+00 1.191177215403575701e+03 2.825933705873415238e+04 0.000000000000000000e+00 6.607489743892762817e+03 0.000000000000000000e+00 -4.414280890719700210e+02
2.474998551644826128e-01 4.135213576689080946e+04 0.000000000000000000e+00 9.460853794428434412e+03 0.000000000000000000e+00 2.333984758245277135e+03 2.780048927313480453e+04 0.000000000000000000e+00 6.148643227665706036e+03 0.000000000000000000e+00 1.288538824847902617e+02
2.525200307756395035e-01 4.034957104856170918e+04 0.000000000000000000e+00 7.837033591091865674e+03 0.000000000000000000e+00 5.806058768945252950e+02 2.735001695020105399e+04 0.000000000000000000e+00 5.999189359727807641e+03 0.000000000000000000e+00 -4.301594494277761100e+02
2.575182250600202005e-01 3.898228602935697563e+04 0.000000000000000000e+00 7.981733224051858997e+03 0.000000000000000000e+00 1.190822621265181397e+03 2.689207421205573337e+04 0.000000000000000000e+00 5.575626018925564495e+03 0.000000000000000000e+00 -4.142769391252514879e+02
2.625255687975799335e-01 3.792228401894220588e+04 0.000000000000000000e+00 6.430540765675814328e+03 0.000000000000000000e+00 7.422460204256290126e+02 2.652281120556855240e+04 0.000000000000000000e+00 5.262892679865350146e+03 0.000000000000000000e+00 3.420912734637987285e+01
2.675305520911575030e-01 3.704722376106377487e+04 0.000000000000000000e+00 6.808714599356540020e+03 0.000000000000000000e+00 3.338901423620220612e+02 2.632699355159415063e+04 0.000000000000000000e+00 4.910336615070214066e+03 0.000000000000000000e+00 -1.101171207246516815e+03
2.725404586615198799e-01 3.649387168773469602e+04 0.000000000000000000e+00 6.016452319246839579e+03 0.000000000000000000e+00 8.546615539218278172e+02 2.593932490611942558e+04 0.000000000000000000e+00 4.879942455175331816e+03 0.000000000000000000e+00 -3.892871158830062654e+02
2.775333197047151201e-01 3.504308610127432621e+04 0.000000000000000000e+00 6.650824514694858408e+03 0.000000000000000000e+00 1.104376767389562247e+03 2.540658226277560971e+04 0.000000000000000000e+00 4.202585881562281429e+03 0.000000000000000000e+00 -8.631367125907927402e+02
2.825123907298719983e-01 3.401900258136232151e+04 0.000000000000000000e+00 5.240444340146977083e+03 0.000000000000000000e+00 1.486260087692212664e+03 2.518088280121040225e+04 0.000000000000000000e+00 3.900833397146915559e+03 0.000000000000000000e+00 -7.338069042178719883e+02
2.875104651677040102e-01 3.328986784140969394e+04 0.000000000000000000e+00 4.468520206856924233e+03 0.000000000000000000e+00 3.793567324267381764e+02 2.453054204175445193e+04 0.000000000000000000e+00 3.845905382110706796e+03 0.000000000000000000e+00 -3.235215236544723325e+02
2.924971317655564174e-01 3.256113800876209280e+04 0.000000000000000000e+00 4.975327700008091597e+03 0.000000000000000000e+00 -4.195505669930295767e+02 2.430926391473719195e+04 0.000000000000000000e+00 3.823844455490179826e+03 0.000000000000000000e+00 -6.622429111421932930e+02
2.975058823671092867e-01 3.189891057632536831e+04 0.000000000000000000e+00 3.510968830476866970e+03 0.000000000000000000e+00 3.750623390462658904e+02 2.399651327590800065e+04 0.000000000000000000e+00 3.555808187549951072e+03 0.000000000000000000e+00 -5.916247224935618760e+02
3.025121359101998753e-01 3.132482780683930469e+04 0.000000000000000000e+00 4.267203666075828551e+03 0.000000000000000000e+00 2.748098007003588350e+02 2.381256253512602052e+04 0.000000000000000000e+00 2.972986208983615143e+03 0.000000000000000000e+00 -1.290646664649172180e+03
3.075010376196579687e-01 3.044732662381773844e+04 0.000000000000000000e+00 3.011051011130271490e+03 0.000000000000000000e+00 1.134278434446360507e+03 2.348714185086482030e+04 0.000000000000000000e+00 3.216345299681246161e+03 0.000000000000000000e+00 -6.116383550190730602e+02
3.125134169243361515e-01 2.967160201085863810e+04 0.000000000000000000e+00 2.593894067967021783e+03 0.000000000000000000e+00 8.963605871707219421e+02 2.323342851397546838e+04 0.000000000000000000e+00 3.046945988337020026e+03 0.000000000000000000e+00 -1.106233018298813704e+03
3.175159688234982513e-01 2.924915750901356660e+04 0.000000000000000000e+00 2.559881168276173867e+03 0.000000000000000000e+00 -1.322896523268265412e+02 2.273124625949249094e+04 0.000000000000000000e+00 2.651524005069210489e+03 0.000000000000000000e+00 -1.076675698244441946e+03
3.225221380836135188e-01 2.855364410043420867e+04 0.000000000000000000e+00 2.373199320370020814e+03 0.000000000000000000e+00 2.426884085331319909e+02 2.272550228431187497e+04 0.000000000000000000e+00 2.787206343213139917e+03 0.000000000000000000e+00 -5.180012837455163890e+02
3.275181733526948968e-01 2.799296023694927862e+04 0.000000000000000000e+00 1.852215179563124821e+03 0.000000000000000000e+00 -3.627403554239170944e+02 2.251971862273232182e+04 0.000000000000000000e+00 2.778109737134394891e+03 0.000000000000000000e+00 -1.027994002221399569e+03
3.325123842131759710e-01 2.770278118078226908e+04 0.000000000000000000e+00 1.809005684193671868e+03 0.000000000000000000e+00 9.656888193066885151e+02 2.228389172456123197e+04 0.000000000000000000e+00 2.580621507423254570e+03 0.000000000000000000e+00 -6.354991149025503319e+02
3.374959366892091861e-01 2.708726062432119943e+04 0.000000000000000000e+00 2.002380408506463937e+03 0.000000000000000000e+00 -3.030922818204113014e+02 2.189332754090319941e+04 0.000000000000000000e+00 2.317493886416984878e+03 0.000000000000000000e+00 -9.976916932347686497e+02
3.424919221947719805e-01 2.648214379651468334e+04 0.000000000000000000e+00 1.691472251623065631e+03 0.000000000000000000e+00 3.272530648642792244e+02 2.152905829701056064e+04 0.000000000000000000e+00 2.524532748835310031e+03 0.000000000000000000e+00 -1.028968388768970499e+03
3.475179778446125245e-01 2.617214624105596522e+04 0.000000000000000000e+00 1.788735518018753737e+03 0.000000000000000000e+00 7.922947038259221699e+02 2.150051007939360352e+04 0.000000000000000000e+00 1.923885255007024398e+03 0.000000000000000000e+00 -6.241746659260952583e+02
3.525052850529177828e-01 2.543146019479482857e+04 0.000000000000000000e+00 1.293285262653680320e+03 0.000000000000000000e+00 -8.715097397413380520e+01 2.121136988663579905e+04 0.000000000000000000e+00 1.965331247006227159e+03 0.000000000000000000e+00 -8.527025387194635186e+02
3.575133254796376558e-01 2.531102261805305534e+04 0.000000000000000000e+00 1.293425696131707582e+03 0.000000000000000000e+00 5.979182500325742922e+02 2.115351794651685123e+04 0.000000000000000000e+00 2.212802538495144745e+03 0.000000000000000000e+00 -2.397961386055138746e+02
3.625250227669692404e-01 2.475989519650654984e+04 0.000000000000000000e+00 7.743303719319379752e+02 0.000000000000000000e+00 3.472117452190934728e+02 2.075099918686944511e+04 0.000000000000000000e+00 1.853140069266676619e+03 0.000000000000000000e+00 -7.259627766902574422e+02
3.675230446100045678e-01 2.451292988940649957e+04 0.000000000000000000e+00 7.559625862986534912e+02 0.000000000000000000e+00 7.587878310697024062e+02 2.063022869598816033e+04 0.000000000000000000e+00 1.766360270906691767e+03 0.000000000000000000e+00 -5.438961281339078369e+02
3.725177060730277545e-01 2.416587157641946396e+04 0.000000000000000000e+00 6.840514609182915819e+02 0.000000000000000000e+00 5.873499914231803132e+02 2.039980147521299295e+04 0.000000000000000000e+00 1.737718909028532380e+03 0.000000000000000000e+00 -6.128380124649780782e+02
3.775163034622419089e-01 2.366751695271719291e+04 0.000000000000000000e+00 4.021491508126409258e+02 0.000000000000000000e+00 1.694178084553271617e+02 2.033513204294550451e+04 0.000000000000000000e+00 1.532433178643093015e+03 0.000000000000000000e+00 -8.671513229118540949e+02
3.825226892977953153e-01 2.338737989189189102e+04 0.000000000000000000e+00 3.815380270270269989e+02 0.000000000000000000e+00 1.596088432432432455e+03 2.019317448648648497e+04 0.000000000000000000e+00 1.583233189189189261e+03 0.000000000000000000e+00 -3.526604324324324011e+02
3.875130067694269043e-01 2.311077934668071612e+04 0.000000000000000000e+00 2.567603530031612422e+02 0.000000000000000000e+00 8.507900948366702778e+02 2.004213951527924291e+04 0.000000000000000000e+00 1.607991464699684002e+03 0.000000000000000000e+00 -3.904815595363540979e+02
3.924957861003909865e-01 2.280039823641103430e+04 0.000000000000000000e+00 -1.623832394683487337e+02 0.000000000000000000e+00 1.403943178965661673e+03 1.987473503041225558e+04 0.000000000000000000e+00 1.176151333955524251e+03 0.000000000000000000e+00 -1.892637820615968991e+01
3.975064703251052212e-01 2.260175483551205252e+04 0.000000000000000000e+00 1.275686264791524707e+02 0.000000000000000000e+00 1.029392280527848470e+03 1.970926886809987263e+04 0.000000000000000000e+00 1.395765219007496626e+03 0.000000000000000000e+00 -1.707858620903289761e+02
