3.798113400606732779e-03 2.887922368421052306e+04 0.000000000000000000e+00 3.904203289473683981e+04 0.000000000000000000e+00 9.292003289473683981e+04
8.299341265228576958e-03 3.798855078125000000e+04 0.000000000000000000e+00 3.151069531250000000e+04 0.000000000000000000e+00 3.805886718750000000e+04
1.293222767532251419e-02 3.704180573248407745e+04 0.000000000000000000e+00 2.311758598726114724e+04 0.000000000000000000e+00 -3.639726910828025666e+03
1.764839556552980082e-02 3.773626712328766735e+04 0.000000000000000000e+00 2.174667636986301295e+04 0.000000000000000000e+00 1.756436643835616269e+04
2.256548662787912635e-02 3.576972400756143907e+04 0.000000000000000000e+00 2.464356710775047395e+04 0.000000000000000000e+00 -3.728195415879017219e+03
2.777643688250242340e-02 3.259509268292682827e+04 0.000000000000000000e+00 1.931063170731707214e+04 0.000000000000000000e+00 4.214634146341463747e+03
3.269804980233311648e-02 2.847151000000000204e+04 0.000000000000000000e+00 1.712413799999999901e+04 0.000000000000000000e+00 1.626366999999999962e+03
3.761648458559932462e-02 2.556503034389750610e+04 0.000000000000000000e+00 1.516850842886041755e+04 0.000000000000000000e+00 -3.834141942009440527e+02
4.263843696389812976e-02 2.375885267857142753e+04 0.000000000000000000e+00 1.411829910714285688e+04 0.000000000000000000e+00 1.205668945312500000e+03
4.756514582339458480e-02 2.099984125599651088e+04 0.000000000000000000e+00 1.220031661578717831e+04 0.000000000000000000e+00 -4.505652856519843226e+03
5.262096060748640974e-02 1.873997612359550476e+04 0.000000000000000000e+00 1.083294452247190929e+04 0.000000000000000000e+00 3.304977176966291950e+02
5.756031740041873956e-02 1.798682920792079312e+04 0.000000000000000000e+00 8.882018564356436400e+03 0.000000000000000000e+00 -2.437734568378712936e+02
6.254738279606215923e-02 1.677431837135148089e+04 0.000000000000000000e+00 9.885279372087317824e+03 0.000000000000000000e+00 1.229240250183958779e+03
6.757793472572401483e-02 1.599219332161687089e+04 0.000000000000000000e+00 9.007803163444639722e+03 0.000000000000000000e+00 2.000654519991212510e+02
7.255917516659465827e-02 1.486734015250139601e+04 0.000000000000000000e+00 7.668023061186535415e+03 0.000000000000000000e+00 -8.374864236563139457e+02
7.753384299139773339e-02 1.374578774690324826e+04 0.000000000000000000e+00 7.369881486441246125e+03 0.000000000000000000e+00 4.127109139604954891e+01
8.251793356505521260e-02 1.270499885321100919e+04 0.000000000000000000e+00 6.596115252293578123e+03 0.000000000000000000e+00 8.751585794151377229e+01
8.752751931716111489e-02 1.179915407541790955e+04 0.000000000000000000e+00 5.936308928340028615e+03 0.000000000000000000e+00 9.817013087987560311e+02
9.254701955136974967e-02 1.056960528714676366e+04 0.000000000000000000e+00 5.156925250683682862e+03 0.000000000000000000e+00 1.175765582269826837e+02
9.754963178921903511e-02 9.583398722914267637e+03 0.000000000000000000e+00 4.723039464042709369e+03 0.000000000000000000e+00 1.415046320527582964e+02
1.025319613041059119e-01 9.047450656660412278e+03 0.000000000000000000e+00 4.091125703564728155e+03 0.000000000000000000e+00 1.142803939962476534e+02
1.075116003998943526e-01 8.692858028945554906e+03 0.000000000000000000e+00 4.218503790489317907e+03 0.000000000000000000e+00 5.007759734665747828e+02
1.125102861506304813e-01 8.223647522609569933e+03 0.000000000000000000e+00 3.625766406431166615e+03 0.000000000000000000e+00 5.450418953389503258e+02
1.175500852175193622e-01 7.866550419570474332e+03 0.000000000000000000e+00 3.439103683686531440e+03 0.000000000000000000e+00 3.240524107523823432e+02
1.225369446564099490e-01 7.512037073816617522e+03 0.000000000000000000e+00 3.408421052631579187e+03 0.000000000000000000e+00 1.344496193313472361e+02
1.275260957852891452e-01 7.276950278923113729e+03 0.000000000000000000e+00 3.041610235265583015e+03 0.000000000000000000e+00 2.648792747999029871e+02
1.325302087090364789e-01 6.936897817181976279e+03 0.000000000000000000e+00 2.977246843611469558e+03 0.000000000000000000e+00 1.942472539419785704e+01
1.375062694904859717e-01 6.704742555438226191e+03 0.000000000000000000e+00 3.076682365364308225e+03 0.000000000000000000e+00 7.708484688489968448e+02
1.425134422753508989e-01 6.354932616625072114e+03 0.000000000000000000e+00 2.695107122288347000e+03 0.000000000000000000e+00 1.214972523516989753e+02
1.475259222195813014e-01 6.020192992847054484e+03 0.000000000000000000e+00 2.653344571506674583e+03 0.000000000000000000e+00 3.135054899995444089e+02
1.525299430011916868e-01 5.751586743320933238e+03 0.000000000000000000e+00 2.447341055123436036e+03 0.000000000000000000e+00 4.044827527899898314e+02
1.574945685492469272e-01 5.445934241921785542e+03 0.000000000000000000e+00 2.376461681562664126e+03 0.000000000000000000e+00 5.833726796619080091e+01
1.625189323163163113e-01 5.261863941605839500e+03 0.000000000000000000e+00 2.168461167883212056e+03 0.000000000000000000e+00 2.110586313868613217e+02
1.675461007718098694e-01 5.019639521640090607e+03 0.000000000000000000e+00 2.069802249430523716e+03 0.000000000000000000e+00 -6.856992543422551023e+01
1.725292014006662711e-01 4.893195240135808490e+03 0.000000000000000000e+00 2.024471503444638756e+03 0.000000000000000000e+00 3.363560009229653929e+02
1.775301965061671094e-01 4.726332155477031847e+03 0.000000000000000000e+00 1.880588591620393800e+03 0.000000000000000000e+00 2.833222488642099961e+02
1.825147654490652804e-01 4.551484061567550270e+03 0.000000000000000000e+00 1.750247156489113422e+03 0.000000000000000000e+00 2.719192590623061392e+02
1.875360723572403465e-01 4.433344357541899626e+03 0.000000000000000000e+00 1.722329944134078232e+03 0.000000000000000000e+00 3.287346368715083713e+02
1.925323683450522461e-01 4.306902859590874868e+03 0.000000000000000000e+00 1.642440077112562903e+03 0.000000000000000000e+00 2.269318839027524746e+02
1.975198663583639380e-01 4.144714708486150812e+03 0.000000000000000000e+00 1.485314076135070081e+03 0.000000000000000000e+00 2.763562160111293338e+02
2.025153694923672032e-01 4.065189616906301580e+03 0.000000000000000000e+00 1.408768503329151827e+03 0.000000000000000000e+00 1.332355043182476173e+01
2.075088499274508613e-01 3.948687444182372019e+03 0.000000000000000000e+00 1.394504202065538493e+03 0.000000000000000000e+00 1.959322860610501778e+02
2.125178062418619784e-01 3.800057601675685419e+03 0.000000000000000000e+00 1.368082387851283102e+03 0.000000000000000000e+00 2.837717969977308599e+02
2.175004174234404231e-01 3.709466879892265297e+03 0.000000000000000000e+00 1.296537160171702681e+03 0.000000000000000000e+00 3.389079728137362224e+01
2.225093171556767890e-01 3.616604558617836574e+03 0.000000000000000000e+00 1.208317566635803132e+03 0.000000000000000000e+00 2.263437481531096864e+02
2.275289586476768322e-01 3.509097811112811996e+03 0.000000000000000000e+00 1.130101255166079909e+03 0.000000000000000000e+00 7.969157546303382844e+01
2.325285406108919262e-01 3.395575864515307785e+03 0.000000000000000000e+00 1.081121496007130872e+03 0.000000000000000000e+00 1.451231968420861165e+02
2.375276552426477672e-01 3.351720442960098353e+03 0.000000000000000000e+00 1.096353383722974286e+03 0.000000000000000000e+00 1.570158024257338809e+02
2.424991024241769377e-01 3.228870663312680335e+03 0.000000000000000000e+00 9.966050005908869025e+02 0.000000000000000000e+00 3.138482560397076071e+01
2.474998551644826128e-01 3.170473262888248428e+03 0.000000000000000000e+00 9.566368235670829563e+02 0.000000000000000000e+00 1.286980147294268306e+02
2.525200307756395035e-01 3.115585771729044609e+03 0.000000000000000000e+00 8.866619857717290643e+02 0.000000000000000000e+00 4.436380296937829115e+01
2.575182250600202005e-01 3.025499739214663350e+03 0.000000000000000000e+00 8.830620073019894107e+02 0.000000000000000000e+00 9.039844273899113603e+01
2.625255687975799335e-01 2.958250014263707271e+03 0.000000000000000000e+00 8.230529468819535168e+02 0.000000000000000000e+00 1.033208692303303451e+02
2.675305520911575030e-01 2.910060893939602920e+03 0.000000000000000000e+00 8.564054072713714731e+02 0.000000000000000000e+00 1.790757687687272792e+01
2.725404586615198799e-01 2.847133019516581044e+03 0.000000000000000000e+00 8.038217591368276089e+02 0.000000000000000000e+00 5.889504548579891008e+01
2.775333197047151201e-01 2.789317755318324089e+03 0.000000000000000000e+00 7.066250678522501403e+02 0.000000000000000000e+00 7.397165876134101481e+00
2.825123907298719983e-01 2.749361427777434983e+03 0.000000000000000000e+00 7.482716729450997946e+02 0.000000000000000000e+00 -1.371306274316062535e+01
2.875104651677040102e-01 2.675329630339015239e+03 0.000000000000000000e+00 6.665456330204941651e+02 0.000000000000000000e+00 1.369414683489752882e+01
2.924971317655564174e-01 2.639954871747448124e+03 0.000000000000000000e+00 6.438068177877446487e+02 0.000000000000000000e+00 1.298163630373718291e+01
2.975058823671092867e-01 2.569634668324305039e+03 0.000000000000000000e+00 6.161826214368172714e+02 0.000000000000000000e+00 7.696692678270134991e+01
3.025121359101998753e-01 2.531506809044140027e+03 0.000000000000000000e+00 6.213437378409926168e+02 0.000000000000000000e+00 -8.280324024037005870e+01
3.075010376196579687e-01 2.493060688718190249e+03 0.000000000000000000e+00 5.710598317395621280e+02 0.000000000000000000e+00 4.248373830798976059e+01
3.125134169243361515e-01 2.463545385079428797e+03 0.000000000000000000e+00 5.434266639855218273e+02 0.000000000000000000e+00 -5.620433340036195347e+01
3.175159688234982513e-01 2.418345669067010022e+03 0.000000000000000000e+00 5.313289780039492598e+02 0.000000000000000000e+00 3.988218813549331276e+00
3.225221380836135188e-01 2.362539248631300779e+03 0.000000000000000000e+00 5.207925240702285237e+02 0.000000000000000000e+00 1.606000448367000288e+01
3.275181733526948968e-01 2.333573047019622209e+03 0.000000000000000000e+00 4.744541281007034286e+02 0.000000000000000000e+00 -1.517273579229914837e+01
3.325123842131759710e-01 2.304278961367052943e+03 0.000000000000000000e+00 4.528331480114217698e+02 0.000000000000000000e+00 1.689136902114448890e+00
3.374959366892091861e-01 2.259741442735522014e+03 0.000000000000000000e+00 4.261516308727183855e+02 0.000000000000000000e+00 -3.442917265178853370e+01
3.424919221947719805e-01 2.233380059838818852e+03 0.000000000000000000e+00 4.349589379026410825e+02 0.000000000000000000e+00 -4.152373967613698369e+01
3.475179778446125245e-01 2.201553370144084511e+03 0.000000000000000000e+00 4.179418433691639052e+02 0.000000000000000000e+00 -1.740486653379945636e+01
3.525052850529177828e-01 2.165187545904518629e+03 0.000000000000000000e+00 3.811779019639150761e+02 0.000000000000000000e+00 -6.594903400926074255e+01
3.575133254796376558e-01 2.147423657364472092e+03 0.000000000000000000e+00 3.893484375838309006e+02 0.000000000000000000e+00 2.358981593610840921e+00
3.625250227669692404e-01 2.114743683180243806e+03 0.000000000000000000e+00 3.657101641319078453e+02 0.000000000000000000e+00 -3.095675350097876688e+01
3.675230446100045678e-01 2.081378037311637399e+03 0.000000000000000000e+00 3.536033651918436362e+02 0.000000000000000000e+00 -3.848317768592028898e+01
3.725177060730277545e-01 2.065891474641203331e+03 0.000000000000000000e+00 3.444716107267425400e+02 0.000000000000000000e+00 5.259345159814740711e+00
3.775163034622419089e-01 2.035498858785968878e+03 0.000000000000000000e+00 3.520356913826273626e+02 0.000000000000000000e+00 5.090876062777114797e+00
3.825226892977953153e-01 2.004440432432432317e+03 0.000000000000000000e+00 3.117856756756756909e+02 0.000000000000000000e+00 4.055253378378378670e+01
3.875130067694269043e-01 1.991710853530031727e+03 0.000000000000000000e+00 2.953046364594309807e+02 0.000000000000000000e+00 8.384169191253951325e+00
3.924957861003909865e-01 1.969274212338686539e+03 0.000000000000000000e+00 3.005859492163614846e+02 0.000000000000000000e+00 5.062793421941879046e+01
3.975064703251052212e-01 1.952034694256861485e+03 0.000000000000000000e+00 2.809595440183384198e+02 0.000000000000000000e+00 3.691601511678334901e+01
