3.798113400606732779e-03 3.375251315789473301e+04 0.000000000000000000e+00 7.161912500000000000e+04 0.000000000000000000e+00 7.907367105263157282e+04
8.299341265228576958e-03 2.855072460937500000e+04 0.000000000000000000e+00 9.935491210937500000e+03 0.000000000000000000e+00 8.327978515625000000e+03
1.293222767532251419e-02 3.661849044585987576e+04 0.000000000000000000e+00 2.067465286624203873e+04 0.000000000000000000e+00 5.651118630573248993e+03
1.764839556552980082e-02 3.901131849315068393e+04 0.000000000000000000e+00 3.490791438356164144e+04 0.000000000000000000e+00 2.637072773972602590e+04
2.256548662787912635e-02 3.379393572778828093e+04 0.000000000000000000e+00 1.685617202268430992e+04 0.000000000000000000e+00 -1.113829962192816674e+04
2.777643688250242340e-02 3.363834390243902453e+04 0.000000000000000000e+00 1.951133292682926913e+04 0.000000000000000000e+00 -2.523446646341463293e+03
3.269804980233311648e-02 2.763840000000000146e+04 0.000000000000000000e+00 1.481536800000000039e+04 0.000000000000000000e+00 -3.704273125000000277e+02
3.761648458559932462e-02 2.484407282535401100e+04 0.000000000000000000e+00 1.657277006068779519e+04 0.000000000000000000e+00 7.535156439649359527e+03
4.263843696389812976e-02 2.323110937500000000e+04 0.000000000000000000e+00 1.334830580357142753e+04 0.000000000000000000e+00 2.463366350446428442e+03
4.756514582339458480e-02 2.004465067597034431e+04 0.000000000000000000e+00 1.120412734409071163e+04 0.000000000000000000e+00 2.714162668992586305e+02
5.262096060748640974e-02 1.879565589887640454e+04 0.000000000000000000e+00 9.886056179775279816e+03 0.000000000000000000e+00 1.833990519662921315e+03
5.756031740041873956e-02 1.798540099009900950e+04 0.000000000000000000e+00 1.027324690594059393e+04 0.000000000000000000e+00 2.216335860148514712e+03
6.254738279606215923e-02 1.677232278636252158e+04 0.000000000000000000e+00 9.509591366200636912e+03 0.000000000000000000e+00 1.160879445670836276e+03
6.757793472572401483e-02 1.564244112478031457e+04 0.000000000000000000e+00 8.458413884007029992e+03 0.000000000000000000e+00 1.282447385764499131e+03
7.255917516659465827e-02 1.522329328621908098e+04 0.000000000000000000e+00 8.179319323042588621e+03 0.000000000000000000e+00 8.108527989585270461e+02
7.753384299139773339e-02 1.373252092400401853e+04 0.000000000000000000e+00 6.624799464345497654e+03 0.000000000000000000e+00 7.093275025108805494e+02
8.251793356505521260e-02 1.270882224770642279e+04 0.000000000000000000e+00 6.079894495412844662e+03 0.000000000000000000e+00 1.583254730504587258e+02
8.752751931716111489e-02 1.149332434884022405e+04 0.000000000000000000e+00 5.907260852662951947e+03 0.000000000000000000e+00 9.634112349358559868e+02
9.254701955136974967e-02 1.067982041932543325e+04 0.000000000000000000e+00 5.230941203281677190e+03 0.000000000000000000e+00 6.503715246125797194e+02
9.754963178921903511e-02 9.899858055061236882e+03 0.000000000000000000e+00 5.302310059667120186e+03 0.000000000000000000e+00 8.418097456296451355e+02
1.025319613041059119e-01 9.354162851782364669e+03 0.000000000000000000e+00 4.896315196998123611e+03 0.000000000000000000e+00 7.082213414634146602e+02
1.075116003998943526e-01 8.600239834596830406e+03 0.000000000000000000e+00 4.411237767057202291e+03 0.000000000000000000e+00 -3.015345289886285229e+01
1.125102861506304813e-01 8.172845636546340756e+03 0.000000000000000000e+00 3.612676509237071969e+03 0.000000000000000000e+00 4.101004096776687220e+02
1.175500852175193622e-01 7.844251457829612264e+03 0.000000000000000000e+00 3.465451571611435156e+03 0.000000000000000000e+00 4.693265893898449690e+02
1.225369446564099490e-01 7.555801125455147485e+03 0.000000000000000000e+00 3.383449718636213220e+03 0.000000000000000000e+00 1.068641385302879998e+00
1.275260957852891452e-01 7.308443851564394208e+03 0.000000000000000000e+00 3.445361629881154386e+03 0.000000000000000000e+00 3.943626606839679880e+02
1.325302087090364789e-01 7.020731047640423640e+03 0.000000000000000000e+00 3.041027551764771943e+03 0.000000000000000000e+00 -4.879084016048481942e+01
1.375062694904859717e-01 6.650873072861668334e+03 0.000000000000000000e+00 2.927690179514255306e+03 0.000000000000000000e+00 6.363369588173178499e+02
1.425134422753508989e-01 6.358964484545977939e+03 0.000000000000000000e+00 2.811201190247648356e+03 0.000000000000000000e+00 3.262427769245536524e+02
1.475259222195813014e-01 5.951236776162922979e+03 0.000000000000000000e+00 2.370689689735295360e+03 0.000000000000000000e+00 -7.156999179917080767e+01
1.525299430011916868e-01 5.798482921880284266e+03 0.000000000000000000e+00 2.435341224213730129e+03 0.000000000000000000e+00 4.983457473791004304e+02
1.574945685492469272e-01 5.448517329235248326e+03 0.000000000000000000e+00 2.372367371698952411e+03 0.000000000000000000e+00 2.721450236583491460e+02
1.625189323163163113e-01 5.222307737226277823e+03 0.000000000000000000e+00 2.195533284671533238e+03 0.000000000000000000e+00 2.288995255474452790e+02
1.675461007718098694e-01 5.013362186788154759e+03 0.000000000000000000e+00 2.100115461275626330e+03 0.000000000000000000e+00 1.153737631691343921e+02
1.725292014006662711e-01 4.852802584302996365e+03 0.000000000000000000e+00 1.990390480271615615e+03 0.000000000000000000e+00 3.168822559910340715e+02
1.775301965061671094e-01 4.711310954063604186e+03 0.000000000000000000e+00 1.778972993437657806e+03 0.000000000000000000e+00 1.400409988642099961e+02
1.825147654490652804e-01 4.556843392714703441e+03 0.000000000000000000e+00 1.679558509852580528e+03 0.000000000000000000e+00 9.517913380011226820e+01
1.875360723572403465e-01 4.404586815642458532e+03 0.000000000000000000e+00 1.722835642458100665e+03 0.000000000000000000e+00 2.301339944134078337e+02
1.925323683450522461e-01 4.331054085894827040e+03 0.000000000000000000e+00 1.578087180036414111e+03 0.000000000000000000e+00 2.157396915497483008e+02
1.975198663583639380e-01 4.156951764259516494e+03 0.000000000000000000e+00 1.403505754394839869e+03 0.000000000000000000e+00 2.359756165423042660e+02
2.025153694923672032e-01 4.047665733860851560e+03 0.000000000000000000e+00 1.401561516935250438e+03 0.000000000000000000e+00 1.527339452861140785e+02
2.075088499274508613e-01 3.948620760722709747e+03 0.000000000000000000e+00 1.362276122649934678e+03 0.000000000000000000e+00 4.024497498225286130e+00
2.125178062418619784e-01 3.827992668877640426e+03 0.000000000000000000e+00 1.372368127072787729e+03 0.000000000000000000e+00 2.005407139116774431e+02
2.175004174234404231e-01 3.693873579665011675e+03 0.000000000000000000e+00 1.370548522851611779e+03 0.000000000000000000e+00 7.194946237690430735e+01
2.225093171556767890e-01 3.588538602470400747e+03 0.000000000000000000e+00 1.240859005929749173e+03 0.000000000000000000e+00 1.733696735682906080e+02
2.275289586476768322e-01 3.506271850604622614e+03 0.000000000000000000e+00 1.111979488749426082e+03 0.000000000000000000e+00 7.079104641818460664e+01
2.325285406108919262e-01 3.407750859512852003e+03 0.000000000000000000e+00 1.157791788696269123e+03 0.000000000000000000e+00 3.220395466865552692e+01
2.375276552426477672e-01 3.318574652838811744e+03 0.000000000000000000e+00 1.045080260151168886e+03 0.000000000000000000e+00 1.259728423272982951e+02
2.424991024241769377e-01 3.258084378640285195e+03 0.000000000000000000e+00 9.900607431668157687e+02 0.000000000000000000e+00 4.458948981142268764e+01
2.474998551644826128e-01 3.175486391290425672e+03 0.000000000000000000e+00 1.018529170669228279e+03 0.000000000000000000e+00 1.368348543067563128e+02
2.525200307756395035e-01 3.104886359418496795e+03 0.000000000000000000e+00 9.052458397772967373e+02 0.000000000000000000e+00 5.632316637024436190e+00
2.575182250600202005e-01 3.040675717159675060e+03 0.000000000000000000e+00 8.939909097682735819e+02 0.000000000000000000e+00 8.882648833916995557e+01
2.625255687975799335e-01 2.971649683345695394e+03 0.000000000000000000e+00 8.170011981514235231e+02 0.000000000000000000e+00 4.857950233924801609e+01
2.675305520911575030e-01 2.910562847792767116e+03 0.000000000000000000e+00 7.829452783032545540e+02 0.000000000000000000e+00 5.807508181328619656e+01
2.725404586615198799e-01 2.875103612418680768e+03 0.000000000000000000e+00 7.865551383085629595e+02 0.000000000000000000e+00 7.168912307610936807e+01
2.775333197047151201e-01 2.803825574482384127e+03 0.000000000000000000e+00 7.816264378214904127e+02 0.000000000000000000e+00 4.879339959159407414e+01
2.825123907298719983e-01 2.741647674921262478e+03 0.000000000000000000e+00 7.062775767306861781e+02 0.000000000000000000e+00 5.684509355894522287e+01
2.875104651677040102e-01 2.667140203026240215e+03 0.000000000000000000e+00 6.445855200153226860e+02 0.000000000000000000e+00 3.285633738747366550e+01
2.924971317655564174e-01 2.637544579176732896e+03 0.000000000000000000e+00 6.839024378966349786e+02 0.000000000000000000e+00 -5.041766752592215539e+01
2.975058823671092867e-01 2.586122369238966257e+03 0.000000000000000000e+00 6.191142882514874373e+02 0.000000000000000000e+00 1.901241563804280332e+01
3.025121359101998753e-01 2.549254247546582519e+03 0.000000000000000000e+00 6.449352384246249130e+02 0.000000000000000000e+00 -1.628071500367472169e+01
3.075010376196579687e-01 2.492470251345561337e+03 0.000000000000000000e+00 5.679817735277212023e+02 0.000000000000000000e+00 3.461934472487850911e+01
3.125134169243361515e-01 2.452286828875930041e+03 0.000000000000000000e+00 5.036475366981701427e+02 0.000000000000000000e+00 1.023846961089885355e+01
3.175159688234982513e-01 2.420769144619858253e+03 0.000000000000000000e+00 5.098269591614189835e+02 0.000000000000000000e+00 1.334422370347083664e+01
3.225221380836135188e-01 2.368365791957712190e+03 0.000000000000000000e+00 4.886176703794600940e+02 0.000000000000000000e+00 -1.304646498017745948e+01
3.275181733526948968e-01 2.345957793409848364e+03 0.000000000000000000e+00 5.000265457238060094e+02 0.000000000000000000e+00 -2.913391799333580323e+01
3.325123842131759710e-01 2.302529475079391887e+03 0.000000000000000000e+00 4.440908403533273372e+02 0.000000000000000000e+00 2.451126386578542338e+01
3.374959366892091861e-01 2.258305153627859909e+03 0.000000000000000000e+00 4.499995445468240973e+02 0.000000000000000000e+00 -5.294030059909610486e+01
3.424919221947719805e-01 2.232876947053479853e+03 0.000000000000000000e+00 4.248774137629283132e+02 0.000000000000000000e+00 -3.952789005658852517e+01
3.475179778446125245e-01 2.201448296141405535e+03 0.000000000000000000e+00 4.385441238932270380e+02 0.000000000000000000e+00 6.560496781781945685e+01
3.525052850529177828e-01 2.165177327159508422e+03 0.000000000000000000e+00 3.819258182979402818e+02 0.000000000000000000e+00 -3.799560913300335585e+01
3.575133254796376558e-01 2.151750871841252319e+03 0.000000000000000000e+00 4.010978991500027178e+02 0.000000000000000000e+00 4.941118716036513803e+01
3.625250227669692404e-01 2.114267369372082612e+03 0.000000000000000000e+00 3.643622346032223618e+02 0.000000000000000000e+00 -2.014593622948351026e+01
3.675230446100045678e-01 2.084934059444918148e+03 0.000000000000000000e+00 3.492688289628122789e+02 0.000000000000000000e+00 2.242904008923299131e+01
3.725177060730277545e-01 2.055191720510034884e+03 0.000000000000000000e+00 3.330484876207902403e+02 0.000000000000000000e+00 -1.118599548287495082e+01
3.775163034622419089e-01 2.040929906703167035e+03 0.000000000000000000e+00 3.274518035319022715e+02 0.000000000000000000e+00 5.894677322594659152e+00
3.825226892977953153e-01 2.012932324324324327e+03 0.000000000000000000e+00 3.290632972972973107e+02 0.000000000000000000e+00 5.304336148648648930e+01
3.875130067694269043e-01 1.994912539515279377e+03 0.000000000000000000e+00 3.102080611169652684e+02 0.000000000000000000e+00 3.430668466807165373e+01
3.924957861003909865e-01 1.968358896791426787e+03 0.000000000000000000e+00 2.919593730891771202e+02 0.000000000000000000e+00 7.488565635760950556e+01
3.975064703251052212e-01 1.948180856204696283e+03 0.000000000000000000e+00 2.904874790905148529e+02 0.000000000000000000e+00 5.043690601573632648e+01
