3.798113400606732779e-03 -4.111842105263157666e-03 1.118070433684210479e+08 9.868421052631578400e-03 4.157870147368420660e+07 -1.398026315789473520e-02 2.797243014736841917e+08 0.000000000000000000e+00 -6.700750821052630991e+07 0.000000000000000000e+00 2.397594947368421126e+06
8.299341265228576958e-03 1.477050781250000000e-02 7.727517600000000000e+07 -3.399658203125000000e-02 5.917180800000000000e+07 5.155944824218750000e-02 1.702726720000000000e+08 0.000000000000000000e+00 1.319110880000000000e+08 0.000000000000000000e+00 1.711636800000000000e+08
1.293222767532251419e-02 1.194267515923567047e-03 3.384780800000000000e+07 5.971337579617835237e-04 5.600212789808917791e+06 -5.423964968152866772e-03 1.183819267261146605e+08 0.000000000000000000e+00 8.995142114649681747e+07 0.000000000000000000e+00 5.209351826751592755e+07
1.764839556552980082e-02 -5.351027397260273676e-04 3.008641402739726007e+07 -1.070205479452054735e-04 1.178353972602739744e+07 -2.862799657534246308e-03 9.296876361643834412e+07 0.000000000000000000e+00 7.314085523287670314e+07 0.000000000000000000e+00 2.274107616438356042e+07
2.256548662787912635e-02 3.544423440453686432e-04 1.567344368998109736e+07 -1.048558601134215538e-03 1.318141580340264598e+06 1.820209120982986799e-03 5.736369409451796114e+07 0.000000000000000000e+00 2.933611723251418024e+07 0.000000000000000000e+00 -1.447397964461247623e+07
2.777643688250242340e-02 -5.001905487804878155e-04 1.158239281951219589e+07 7.741044207317073541e-04 3.082064858536585234e+06 -1.654797065548780548e-03 4.924715207804878056e+07 0.000000000000000000e+00 4.441348745365853608e+07 0.000000000000000000e+00 1.015358626341463439e+07
3.269804980233311648e-02 9.402770996093749983e-04 8.218960895999999717e+06 -2.303817749023437562e-03 1.508313472000000067e+06 2.536716461181640677e-03 4.081280614400000125e+07 0.000000000000000000e+00 3.636140851200000197e+07 0.000000000000000000e+00 1.373585152000000002e+06
3.761648458559932462e-02 1.527730950775455095e-04 5.910610859069453552e+06 -2.976441335131490076e-04 9.122843964935940458e+05 7.157946308159136763e-04 3.185143783142279088e+07 0.000000000000000000e+00 2.747451520431557670e+07 0.000000000000000000e+00 5.563164137559002265e+06
4.263843696389812976e-02 1.307896205357142785e-05 4.419373428571428172e+06 -2.768380301339285637e-04 8.998982857142856810e+05 -1.912798200334821274e-04 2.621569371428571269e+07 0.000000000000000000e+00 2.063894628571428359e+07 0.000000000000000000e+00 3.015438285714285448e+06
4.756514582339458480e-02 6.814217182730048151e-06 3.200266382904491853e+06 4.991414086349760465e-04 3.959043349324029987e+05 -4.629408798517226304e-04 2.192141866201482713e+07 0.000000000000000000e+00 1.714246737723506242e+07 0.000000000000000000e+00 2.192571617967727943e+05
5.262096060748640974e-02 -5.726332075140449195e-05 2.253083685393258464e+06 -1.421296194698033690e-04 2.315711235955056036e+05 1.414009694303019517e-04 1.772727802247190848e+07 0.000000000000000000e+00 1.355351730337078683e+07 0.000000000000000000e+00 2.570929977528089657e+06
5.756031740041873956e-02 7.251701732673266991e-05 1.817190336633663392e+06 -6.526531559405940970e-05 1.599730396039604093e+05 8.037302753712871649e-05 1.551200950495049544e+07 0.000000000000000000e+00 1.033390510891089030e+07 0.000000000000000000e+00 6.678212277227722807e+05
6.254738279606215923e-02 -1.935399803777287106e-04 1.535045949472651351e+06 4.167816409124355565e-04 2.854850527348540490e+05 -5.664876900907529463e-04 1.344716197203826159e+07 0.000000000000000000e+00 8.339540391464311630e+06 0.000000000000000000e+00 1.302377426539121894e+06
6.757793472572401483e-02 1.950121512521968252e-04 1.193209138840070227e+06 -2.191473184863795972e-04 1.183448435852372495e+05 6.634757472676845388e-04 1.172866114586994611e+07 0.000000000000000000e+00 7.632825813708259724e+06 0.000000000000000000e+00 6.175895957820737967e+05
7.255917516659465827e-02 -2.424606541751906405e-04 9.118348640505858930e+05 2.894090280360796089e-04 4.925742086665426905e+04 -1.085397366677515380e-04 1.062955953728845157e+07 0.000000000000000000e+00 6.082816714152873494e+06 0.000000000000000000e+00 1.538224467175004829e+05
7.753384299139773339e-02 -6.604138767994644074e-05 7.496193371275527170e+05 3.220334993304318724e-04 5.773585269501172297e+04 -3.772042130482089191e-04 9.403420453967191279e+06 0.000000000000000000e+00 5.602957069969870150e+06 0.000000000000000000e+00 1.381534810847003711e+06
8.251793356505521260e-02 -1.791857798165137714e-05 6.144899082568808226e+05 -1.254300458715596400e-04 7.416182568807339703e+04 3.516520928899082628e-04 8.329092110091743991e+06 0.000000000000000000e+00 4.161304366972477175e+06 0.000000000000000000e+00 3.392261284403669997e+05
8.752751931716111489e-02 2.125988078268757593e-05 4.851090859142154222e+05 1.412263509135674566e-04 5.292313593365297857e+04 -1.328742548917973411e-05 7.430721484514708631e+06 0.000000000000000000e+00 3.689251329791369848e+06 0.000000000000000000e+00 6.306244354023584165e+05
9.254701955136974967e-02 -3.154688568254329607e-05 3.839772470373746473e+05 1.527548053640610662e-04 5.654612944393801445e+04 -1.948242743882463534e-04 6.583110709206927568e+06 0.000000000000000000e+00 3.080060616226071026e+06 0.000000000000000000e+00 4.802033473108477774e+05
9.754963178921903511e-02 1.210352768763739152e-04 2.901657766146759968e+05 -1.995446456610488898e-04 3.170430566314246971e+04 4.009293546529885729e-04 5.873024710143410601e+06 0.000000000000000000e+00 2.558758079765518662e+06 0.000000000000000000e+00 1.853990294148435059e+05
1.025319613041059119e-01 -3.133061679174484177e-05 2.785975234521576203e+05 1.135047783771106939e-04 4.924943789868667955e+04 -1.379875483700750485e-04 5.386021751594746485e+06 0.000000000000000000e+00 2.070232903564727865e+06 0.000000000000000000e+00 -1.550598243902439135e+05
1.075116003998943526e-01 -7.470602170916609385e-05 2.148460592694693187e+05 1.241735225706409396e-04 4.324634596829772636e+04 -1.856713850361819387e-04 4.976045783597518690e+06 0.000000000000000000e+00 1.872779909028256312e+06 0.000000000000000000e+00 3.576581557546519325e+05
1.125102861506304813e-01 8.756377058050552757e-06 1.784504821828863060e+05 -5.691645087732859800e-05 2.315500904382778026e+04 5.401023952616526591e-05 4.663094160315374844e+06 0.000000000000000000e+00 1.519667449331375305e+06 0.000000000000000000e+00 3.064152591790987062e+05
1.175500852175193622e-01 2.382029138813824691e-05 1.464496953491679742e+05 -7.288453589460958744e-05 1.214697425686246606e+04 5.483701920512729251e-05 4.381234173232826404e+06 0.000000000000000000e+00 1.530969277769876411e+06 0.000000000000000000e+00 2.653779160859052790e+05
1.225369446564099490e-01 4.241145316120490175e-05 1.139521334657398256e+05 -6.982373386295929161e-05 8.557843892750744999e+03 -6.251810244952003186e-05 4.083125191393578425e+06 0.000000000000000000e+00 1.223776874942072202e+06 0.000000000000000000e+00 2.770458777888116892e+05
1.275260957852891452e-01 -3.996966332161047843e-05 9.746523987387823581e+04 8.381786434331797535e-05 1.960904584040747068e+04 -1.929276434218105596e-04 3.897332078583555762e+06 0.000000000000000000e+00 1.046426419597380562e+06 0.000000000000000000e+00 2.630904176570458221e+05
1.325302087090364789e-01 5.479841198585937772e-06 8.684090006172492576e+04 -1.643952359575781374e-06 2.250523315189944333e+04 3.422160828516917933e-05 3.617268594130520243e+06 0.000000000000000000e+00 1.043712100555524346e+06 0.000000000000000000e+00 3.714537231356264965e+04
1.375062694904859717e-01 1.278709081309398123e-05 7.713469904963040608e+04 -2.041809662090812968e-05 2.823561900739176417e+04 9.306733434530094527e-06 3.461493484266103245e+06 0.000000000000000000e+00 9.122229930306229508e+05 0.000000000000000000e+00 4.438785621964096790e+05
1.425134422753508989e-01 1.368574822422729845e-05 6.426933691687463579e+04 -7.058471515645997174e-05 1.289071069303129116e+04 9.258971101698982306e-05 3.261264451526204590e+06 0.000000000000000000e+00 8.387767018621616298e+05 0.000000000000000000e+00 -9.720606642349778849e+04
1.475259222195813014e-01 6.050959041414187395e-06 4.639871119413185079e+04 4.235671328989931261e-05 2.624589293361884484e+04 -6.771735044876759616e-05 3.060237132990113460e+06 0.000000000000000000e+00 7.218825371543122455e+05 0.000000000000000000e+00 1.151053165064467612e+05
1.525299430011916868e-01 -1.717323300642542976e-05 4.712714237402773142e+04 1.585221508285424363e-05 2.464389584037876193e+04 -6.278963317974298295e-05 2.887140469394656830e+06 0.000000000000000000e+00 7.014513845113290008e+05 0.000000000000000000e+00 2.149492918498478248e+05
1.574945685492469272e-01 -2.385423828203987406e-05 3.789663962470174010e+04 7.677589274881707420e-05 2.130698912120353998e+04 -7.701285538075787040e-05 2.724539866542645264e+06 0.000000000000000000e+00 5.719606312128441641e+05 0.000000000000000000e+00 6.657311732114691404e+04
1.625189323163163113e-01 -5.559990875912408813e-06 2.552446364963503947e+04 4.205634124087591390e-06 1.444779678832116952e+04 -8.910241788321168648e-08 2.584883050510948990e+06 0.000000000000000000e+00 5.016858160583942081e+05 0.000000000000000000e+00 1.673237862773722736e+05
1.675461007718098694e-01 2.015967575455580969e-06 2.268247835990888416e+04 -1.087927329513097879e-05 1.553547038724373488e+04 8.124696909702447829e-06 2.479287398633257486e+06 0.000000000000000000e+00 4.278299043280181941e+05 0.000000000000000000e+00 6.936283371298405109e+04
1.725292014006662711e-01 1.326247651382800044e-05 2.121523947654679432e+04 2.607428635000165107e-05 1.806380749579721305e+04 2.171247671984705412e-05 2.358236389359528199e+06 0.000000000000000000e+00 3.818223165111909620e+05 0.000000000000000000e+00 2.161312720440386620e+05
1.775301965061671094e-01 5.422608531044926734e-06 1.587726905603230625e+04 -6.655019560827865052e-06 2.162163149924280515e+04 1.096845816506814789e-05 2.281622162544169463e+06 0.000000000000000000e+00 3.441903523472993402e+05 0.000000000000000000e+00 1.526330863200403692e+05
1.825147654490652804e-01 -1.181069672479246013e-05 8.649960471505804890e+03 1.394744109408697489e-05 1.223832054122721456e+04 -5.788593765002289617e-06 2.174869391946586315e+06 0.000000000000000000e+00 2.841144858636887511e+05 0.000000000000000000e+00 1.306548702768176299e+05
1.875360723572403465e-01 5.618899894160265768e-06 6.406305251396647691e+03 -1.579305979126658581e-05 1.844223284916201010e+04 1.940023965675737795e-05 2.068868776759776520e+06 0.000000000000000000e+00 2.250961662569832406e+05 0.000000000000000000e+00 1.206167311731843656e+05
1.925323683450522461e-01 -8.622188186114382834e-06 6.228354289386312303e+03 1.010279897015904435e-05 1.611035150476598392e+04 -3.154469057287204056e-05 2.024395028810110176e+06 0.000000000000000000e+00 2.056418635536039365e+05 0.000000000000000000e+00 1.162546119738674024e+05
1.975198663583639380e-01 5.557773175667130097e-06 1.490877197420007576e+02 -1.982272432654609687e-05 1.865195538130770001e+04 2.340131272132287856e-05 1.941696911394966301e+06 0.000000000000000000e+00 1.467370502086758497e+05 0.000000000000000000e+00 1.606517040596939332e+05
2.025153694923672032e-01 3.486713548200328399e-06 9.189500144745730950e+02 -1.455938495126893808e-05 1.187870153430473874e+04 2.236915212173116172e-05 1.887447313712245552e+06 0.000000000000000000e+00 1.503734563350381213e+05 0.000000000000000000e+00 4.679345517707228282e+04
2.075088499274508613e-01 -9.850827388994481498e-06 -1.874916118986008541e+03 1.085156411012388623e-05 1.352157072522842282e+04 -3.338071942839886206e-05 1.811173742838168982e+06 0.000000000000000000e+00 9.484576940163502877e+04 0.000000000000000000e+00 1.131540400741945195e+05
2.125178062418619784e-01 -6.545878014320643849e-06 -3.120021644266015301e+03 3.102421240357958101e-05 1.359269820212951709e+04 -2.337078458040583328e-05 1.730783960900680861e+06 0.000000000000000000e+00 1.058476774306161678e+05 0.000000000000000000e+00 9.224428137545820209e+04
2.175004174234404231e-01 -1.546299304035855685e-05 -3.715709452066324502e+03 3.717796698773251520e-05 1.241165423785876737e+04 -5.453016789871959380e-05 1.688950142243918963e+06 0.000000000000000000e+00 9.459871189293831412e+04 0.000000000000000000e+00 7.310112212776702654e+04
2.225093171556767890e-01 8.080145190205079134e-06 -5.913526368668860414e+03 -2.500997320777762468e-06 1.052500998798290129e+04 2.961757981028742645e-05 1.640148915584799368e+06 0.000000000000000000e+00 7.112097176966568804e+04 0.000000000000000000e+00 1.507613608872953628e+05
2.275289586476768322e-01 -5.353305454041022379e-06 -6.213273534363998806e+03 2.384696714038343947e-05 1.342397061074544763e+04 -3.977959068084628282e-05 1.583432846165620722e+06 0.000000000000000000e+00 1.751025011480177636e+04 0.000000000000000000e+00 7.505970059696924000e+04
2.325285406108919262e-01 8.011745538719008687e-06 -8.327144161679370882e+03 -1.519744636003128855e-05 9.031571425972750149e+03 4.288548824536591068e-05 1.547027600603932980e+06 0.000000000000000000e+00 1.497346668364469951e+04 0.000000000000000000e+00 1.540255040110599948e+05
2.375276552426477672e-01 1.011065762875725133e-05 -4.109310177535595358e+03 -1.964626087625241858e-05 1.036339996484443691e+04 4.157342774982422543e-05 1.506009273756372044e+06 0.000000000000000000e+00 2.117004127263139526e+04 0.000000000000000000e+00 1.052604051327122579e+05
2.424991024241769377e-01 -6.050654829233703889e-06 -6.460194553711613480e+03 1.380769324109871184e-05 9.087649924872959673e+03 -1.230945548195262770e-05 1.458552732699677581e+06 0.000000000000000000e+00 -3.997294805260581052e+04 0.000000000000000000e+00 7.193482443907957349e+04
2.474998551644826128e-01 -4.033831652257444938e-06 -5.883832724943964422e+03 7.817503202049312224e-08 1.046731168747998709e+04 2.380429725024015339e-06 1.423335736151136691e+06 0.000000000000000000e+00 -3.252749484470060997e+04 0.000000000000000000e+00 1.279463326288824901e+05
2.525200307756395035e-01 -2.537310547479121725e-06 -5.953973151871326991e+03 9.968005722239407410e-06 1.377867442004330405e+04 -2.401383196721311685e-06 1.391167188369935146e+06 0.000000000000000000e+00 -1.492743482833281814e+04 0.000000000000000000e+00 7.310813634395299596e+04
2.575182250600202005e-01 -3.419896989792116890e-06 -8.180261500633335345e+03 1.291556841889575942e-05 1.179776314730645936e+04 -1.606805856959242956e-05 1.340191423470680369e+06 0.000000000000000000e+00 -3.778472256910811120e+04 0.000000000000000000e+00 8.183030367334773473e+04
2.625255687975799335e-01 9.471993210475266845e-07 -6.389790380555714364e+03 2.980891980943686860e-06 1.256668682603982415e+04 1.701476427440520354e-05 1.319215688708849251e+06 0.000000000000000000e+00 -4.301350647572316666e+04 0.000000000000000000e+00 9.721987425115535734e+04
2.675305520911575030e-01 5.933189268306153743e-07 -7.985146407809888842e+03 -1.510266359205202848e-06 1.217064000773256339e+04 7.821022217312657832e-07 1.291468387125281151e+06 0.000000000000000000e+00 -5.159963303461702890e+04 0.000000000000000000e+00 7.366455586086907715e+04
2.725404586615198799e-01 -5.914021592531866405e-06 -6.192171365102871277e+03 1.097580426561590870e-05 8.967017083619823097e+03 -8.942052298751783962e-06 1.259545021843761439e+06 0.000000000000000000e+00 -6.051254667583434639e+04 0.000000000000000000e+00 8.100849674723646604e+04
2.775333197047151201e-01 1.332812055729314736e-05 -7.582192674541835913e+03 -2.605041745289114966e-05 1.012222358931941017e+04 1.792228332514798247e-05 1.229228265825729584e+06 0.000000000000000000e+00 -5.793498301755111606e+04 0.000000000000000000e+00 5.761588792100705177e+04
2.825123907298719983e-01 -4.878892499845612467e-06 -7.441574408695115380e+03 1.984424693540418739e-05 9.472286148335701000e+03 -1.185272354373803547e-05 1.206893318149817875e+06 0.000000000000000000e+00 -6.465644009139751870e+04 0.000000000000000000e+00 6.827403801642685721e+04
2.875104651677040102e-01 -9.308416618284332478e-07 -7.408060524803677254e+03 1.461947473432113094e-05 8.660672668071250882e+03 -4.978432004147163612e-06 1.181256764604481868e+06 0.000000000000000000e+00 -7.954913771308178548e+04 0.000000000000000000e+00 8.896547328098065918e+04
2.924971317655564174e-01 -3.296261082661919572e-06 -5.641830560982093630e+03 1.715861933440451241e-06 7.827820180559248001e+03 -5.892631113525759934e-06 1.159881292720988393e+06 0.000000000000000000e+00 -6.390310298350460653e+04 0.000000000000000000e+00 8.004138630662705691e+04
2.975058823671092867e-01 4.211377000821419126e-06 -4.668343486368883532e+03 -5.937662167824793678e-06 9.462810762809696826e+03 5.128042554571641214e-06 1.132404326436373405e+06 0.000000000000000000e+00 -8.112387319065802149e+04 0.000000000000000000e+00 9.686144534233193554e+04
3.025121359101998753e-01 -7.301209517260386588e-06 -5.515636332194890201e+03 -3.278551798046993067e-06 8.166030348882452017e+03 -3.566068257036688032e-05 1.112165377372357529e+06 0.000000000000000000e+00 -7.520078855215944350e+04 0.000000000000000000e+00 5.738484423500929552e+04
3.075010376196579687e-01 -2.696939338715577393e-06 -6.418297371583843415e+03 1.696749915085959133e-07 9.371726310288970126e+03 1.036548350381460041e-07 1.090277076992214192e+06 0.000000000000000000e+00 -9.740183978680043947e+04 0.000000000000000000e+00 7.986354559230810264e+04
3.125134169243361515e-01 -2.589667799869294493e-07 -5.117356927408003685e+03 -1.120859771673285747e-05 7.388478906092901525e+03 -5.315876141319374365e-07 1.075254607842348749e+06 0.000000000000000000e+00 -8.211345940076412808e+04 0.000000000000000000e+00 3.666616497084255388e+04
3.175159688234982513e-01 2.302512009902643649e-07 -4.741308131367212809e+03 9.785676042086235879e-06 7.159252979143539051e+03 -1.390141625978721147e-05 1.057945241367114941e+06 0.000000000000000000e+00 -7.686531846626912011e+04 0.000000000000000000e+00 7.575690644556001644e+04
3.225221380836135188e-01 -3.797845478572777117e-06 -3.806905040589012970e+03 5.991746507457051345e-06 6.433911421559373593e+03 -5.212819461487634815e-06 1.041479720596564119e+06 0.000000000000000000e+00 -8.004795710779687215e+04 0.000000000000000000e+00 6.130590568246177281e+04
3.275181733526948968e-01 -8.530459638791188296e-06 -3.945468493150684935e+03 1.684285587224639187e-05 9.136856571640133552e+03 -2.098069372816202199e-05 1.023885657756386558e+06 0.000000000000000000e+00 -8.931340510921880195e+04 0.000000000000000000e+00 5.058814009626064217e+04
3.325123842131759710e-01 -9.409068537787879713e-07 -3.551514379497763002e+03 3.672685754406584494e-06 8.515144862431838192e+03 -3.983448339768173295e-06 1.010330756380262785e+06 0.000000000000000000e+00 -9.944236277431350027e+04 0.000000000000000000e+00 5.446947276657445036e+04
3.374959366892091861e-01 -8.279722699085590110e-06 -2.481039274077707432e+03 1.313807238202011155e-05 6.874883789370423983e+03 -2.417200035910731411e-05 9.899331562905091560e+05 0.000000000000000000e+00 -9.507945653925657098e+04 0.000000000000000000e+00 4.570680306905371253e+04
3.424919221947719805e-01 -3.629890031586229082e-06 -3.728382301710990305e+03 1.088967009475868682e-05 5.456374300977589883e+03 -1.605778706798123304e-05 9.778015550092092017e+05 0.000000000000000000e+00 -1.065456856211819540e+05 0.000000000000000000e+00 3.741189022327047132e+04
3.475179778446125245e-01 6.320479881542620377e-06 -2.381420720750154942e+03 -2.010857832639387921e-05 7.176759826183552832e+03 9.199169813392871274e-06 9.642173630868755281e+05 0.000000000000000000e+00 -9.062287921063808608e+04 0.000000000000000000e+00 6.362188832619988534e+04
3.525052850529177828e-01 1.169442559476289260e-07 -2.554483155037522010e+03 -1.352655227127574690e-06 4.783931534408430707e+03 8.456044240479801372e-06 9.501589234552131966e+05 0.000000000000000000e+00 -9.805345272233753349e+04 0.000000000000000000e+00 3.220968047261695756e+04
3.575133254796376558e-01 4.116695472557120115e-08 -2.142155850725448545e+03 1.390881702159867055e-05 6.920891355167048459e+03 2.384408729957232142e-06 9.384070962589387782e+05 0.000000000000000000e+00 -9.835589419871082646e+04 0.000000000000000000e+00 5.437947326225751749e+04
3.625250227669692404e-01 1.029353636500526906e-07 -2.377384369823821544e+03 -4.639443890227374739e-06 5.158294473723836745e+03 3.633985963145610328e-06 9.300569663604878588e+05 0.000000000000000000e+00 -9.870472615569943446e+04 0.000000000000000000e+00 4.666244336696280516e+04
3.675230446100045678e-01 1.495076329199746346e-06 -1.963025464937413062e+03 -3.823123756096494064e-06 6.294265089050732968e+03 -4.052724763795026298e-06 9.120209875992388697e+05 0.000000000000000000e+00 -1.031289213160407962e+05 0.000000000000000000e+00 5.548376580714301235e+04
3.725177060730277545e-01 -3.083341560230716708e-06 -1.047355823660586793e+03 1.166591963832623459e-05 4.861309394476528723e+03 -1.423973333461390176e-05 9.090497496712219436e+05 0.000000000000000000e+00 -9.864590908571102773e+04 0.000000000000000000e+00 5.980836411458631483e+04
3.775163034622419089e-01 9.414046069189978613e-06 -2.356187090145564980e+03 -1.787187286668827312e-05 5.495077926645106345e+03 2.014457712158928645e-05 8.934299556615938200e+05 0.000000000000000000e+00 -9.516502597554837121e+04 0.000000000000000000e+00 4.518915721171416226e+04
3.825226892977953153e-01 2.540382179054053941e-06 -7.598476756756756458e+02 -2.543681376689189297e-06 3.977936432432432412e+03 1.335927602407094536e-05 8.899550789189189672e+05 0.000000000000000000e+00 -1.014039870270270330e+05 0.000000000000000000e+00 6.105988843243243173e+04
3.875130067694269043e-01 3.202898610379346783e-06 -1.566007692307692423e+03 -4.971567521733403685e-06 3.653483245521601930e+03 -4.662854402660695963e-08 8.745942996838778490e+05 0.000000000000000000e+00 -9.541061327713383071e+04 0.000000000000000000e+00 5.072899304531085363e+04
3.924957861003909865e-01 -1.351404354262543165e-06 -1.181865156244971558e+03 -5.094480135487401110e-06 4.473258713352428458e+03 -2.367314720577350160e-06 8.707020096418112516e+05 0.000000000000000000e+00 -1.090200036301612417e+05 0.000000000000000000e+00 6.943027796479259268e+04
3.975064703251052212e-01 1.388520499039712563e-06 -4.372663899386655544e+02 -4.704029141626913248e-07 3.021928455486029634e+03 -1.017303022485440912e-05 8.605084683229044313e+05 0.000000000000000000e+00 -9.967221778080664808e+04 0.000000000000000000e+00 6.429123191871631570e+04
