3.798113400606732779e-03 3.952078947368420631e+04 0.000000000000000000e+00 2.980557236842104976e+04 0.000000000000000000e+00 -3.922634868421052670e+04
8.299341265228576958e-03 4.324908203125000000e+04 0.000000000000000000e+00 -3.552354003906250000e+03 0.000000000000000000e+00 4.171759277343750000e+03
1.293222767532251419e-02 4.505624840764331748e+04 0.000000000000000000e+00 1.613420222929936426e+04 0.000000000000000000e+00 -1.533775477707006394e+04
1.764839556552980082e-02 4.305833219178082072e+04 0.000000000000000000e+00 2.173517123287670984e+04 0.000000000000000000e+00 8.090386130136986139e+03
2.256548662787912635e-02 4.368496786389414046e+04 0.000000000000000000e+00 2.088711909262759946e+04 0.000000000000000000e+00 -1.335955293005671047e+04
2.777643688250242340e-02 3.957554390243902162e+04 0.000000000000000000e+00 1.912145853658536726e+04 0.000000000000000000e+00 1.336276067073170680e+03
3.269804980233311648e-02 3.587939600000000064e+04 0.000000000000000000e+00 1.596900000000000000e+04 0.000000000000000000e+00 -4.487300625000000309e+02
3.761648458559932462e-02 3.113267700606877770e+04 0.000000000000000000e+00 1.023377747808496315e+04 0.000000000000000000e+00 3.587596089008765830e+03
4.263843696389812976e-02 2.903753794642856883e+04 0.000000000000000000e+00 1.107843080357142753e+04 0.000000000000000000e+00 1.604200892857142662e+03
4.756514582339458480e-02 2.624749760139555292e+04 0.000000000000000000e+00 1.353705800261665900e+04 0.000000000000000000e+00 -1.500044810292193688e+03
5.262096060748640974e-02 2.355569241573033651e+04 0.000000000000000000e+00 1.183839185393258413e+04 0.000000000000000000e+00 5.031806179775280725e+03
5.756031740041873956e-02 2.179953712871287280e+04 0.000000000000000000e+00 9.583291460396039838e+03 0.000000000000000000e+00 1.317719678217821865e+03
6.254738279606215923e-02 2.091819082658817570e+04 0.000000000000000000e+00 7.399918567574196459e+03 0.000000000000000000e+00 -2.963962855653666750e+01
6.757793472572401483e-02 1.973785588752196782e+04 0.000000000000000000e+00 9.632217926186291152e+03 0.000000000000000000e+00 8.706683875219682704e+02
7.255917516659465827e-02 1.854971917426073924e+04 0.000000000000000000e+00 8.218029384415101958e+03 0.000000000000000000e+00 -9.271853263901804212e+02
7.753384299139773339e-02 1.734052092400401671e+04 0.000000000000000000e+00 7.632841647137596738e+03 0.000000000000000000e+00 8.201500669568129069e+02
8.251793356505521260e-02 1.586615022935779962e+04 0.000000000000000000e+00 7.066204701834863044e+03 0.000000000000000000e+00 2.420642201834862419e+02
8.752751931716111489e-02 1.462162187378515046e+04 0.000000000000000000e+00 6.257090579240638363e+03 0.000000000000000000e+00 1.217029933912142042e+03
9.254701955136974967e-02 1.351408295350957087e+04 0.000000000000000000e+00 6.152973564266180801e+03 0.000000000000000000e+00 3.347591727438468752e+02
9.754963178921903511e-02 1.249160096304825674e+04 0.000000000000000000e+00 5.518155553229352336e+03 0.000000000000000000e+00 6.814181932377263138e+02
1.025319613041059119e-01 1.147460487804877994e+04 0.000000000000000000e+00 5.424814258911819707e+03 0.000000000000000000e+00 1.355914540337711060e+03
1.075116003998943526e-01 1.097798621640248166e+04 0.000000000000000000e+00 4.678844589937973979e+03 0.000000000000000000e+00 2.115260596140592781e+02
1.125102861506304813e-01 1.066061559867047981e+04 0.000000000000000000e+00 4.360498724588390360e+03 0.000000000000000000e+00 -1.024145860709592739e+02
1.175500852175193622e-01 1.027378409899018698e+04 0.000000000000000000e+00 4.535431375337790087e+03 0.000000000000000000e+00 -5.771742995306500035e+01
1.225369446564099490e-01 9.814908440913604863e+03 0.000000000000000000e+00 4.045599205561072722e+03 0.000000000000000000e+00 3.954282687851704736e+02
1.275260957852891452e-01 9.426762066456463799e+03 0.000000000000000000e+00 4.104703371331554990e+03 0.000000000000000000e+00 5.556488600533591580e+02
1.325302087090364789e-01 9.216948992761348563e+03 0.000000000000000000e+00 3.874394478424330828e+03 0.000000000000000000e+00 -4.164610852365187270e+02
1.375062694904859717e-01 8.763814149947202168e+03 0.000000000000000000e+00 3.546120802534318955e+03 0.000000000000000000e+00 8.253919746568109304e+02
1.425134422753508989e-01 8.342102514878095462e+03 0.000000000000000000e+00 3.203526396621232379e+03 0.000000000000000000e+00 3.267211556920714202e+02
1.475259222195813014e-01 7.867581757711057435e+03 0.000000000000000000e+00 3.097005239418652309e+03 0.000000000000000000e+00 2.458400838306984326e+02
1.525299430011916868e-01 7.532566790666215638e+03 0.000000000000000000e+00 3.142368955021981492e+03 0.000000000000000000e+00 5.281561126141359637e+02
1.574945685492469272e-01 7.187800865450721176e+03 0.000000000000000000e+00 2.834021434059934109e+03 0.000000000000000000e+00 1.110550916002749915e+02
1.625189323163163113e-01 6.919089635036497384e+03 0.000000000000000000e+00 2.761892262773722905e+03 0.000000000000000000e+00 3.524137591240876191e+02
1.675461007718098694e-01 6.595539863325740043e+03 0.000000000000000000e+00 2.444123291571753725e+03 0.000000000000000000e+00 2.319029043280182236e+02
1.725292014006662711e-01 6.359962817681379420e+03 0.000000000000000000e+00 2.420566568876289693e+03 0.000000000000000000e+00 4.530930876487457795e+02
1.775301965061671094e-01 6.308967188288743273e+03 0.000000000000000000e+00 2.361921251892983491e+03 0.000000000000000000e+00 4.334661155981827392e+02
1.825147654490652804e-01 6.160074211941268914e+03 0.000000000000000000e+00 2.113896186002540617e+03 0.000000000000000000e+00 1.770170906082897488e+02
1.875360723572403465e-01 5.935062793296089694e+03 0.000000000000000000e+00 2.273903240223463854e+03 0.000000000000000000e+00 3.882986312849162118e+02
1.925323683450522461e-01 5.758910570847167037e+03 0.000000000000000000e+00 2.041951162043482782e+03 0.000000000000000000e+00 1.551503427225018754e+02
1.975198663583639380e-01 5.635717212596433455e+03 0.000000000000000000e+00 2.045044441633995120e+03 0.000000000000000000e+00 4.313724547868976629e+02
2.025153694923672032e-01 5.456595194441764761e+03 0.000000000000000000e+00 1.762981762038019951e+03 0.000000000000000000e+00 -5.453780502147061782e+00
2.075088499274508613e-01 5.322119764592732281e+03 0.000000000000000000e+00 1.860455334447777659e+03 0.000000000000000000e+00 1.207505438640683337e+02
2.125178062418619784e-01 5.176904171757723816e+03 0.000000000000000000e+00 1.729421888636760514e+03 0.000000000000000000e+00 2.253341769942398400e+02
2.175004174234404231e-01 5.018530090059759459e+03 0.000000000000000000e+00 1.716577224139382224e+03 0.000000000000000000e+00 5.789040800437673795e+01
2.225093171556767890e-01 4.890622958570555966e+03 0.000000000000000000e+00 1.598371978487421529e+03 0.000000000000000000e+00 1.598102283248950926e+02
2.275289586476768322e-01 4.767091382213378893e+03 0.000000000000000000e+00 1.581912291443441063e+03 0.000000000000000000e+00 1.669549403030766825e+02
2.325285406108919262e-01 4.665974642097029573e+03 0.000000000000000000e+00 1.485807505502701360e+03 0.000000000000000000e+00 9.834016699106834380e+01
2.375276552426477672e-01 4.550893865354192712e+03 0.000000000000000000e+00 1.532075514150114259e+03 0.000000000000000000e+00 9.267075057127790672e+01
2.424991024241769377e-01 4.437957219793021068e+03 0.000000000000000000e+00 1.408948255195583670e+03 0.000000000000000000e+00 3.794664291864332739e+01
2.474998551644826128e-01 4.348069932756964590e+03 0.000000000000000000e+00 1.398887351905219248e+03 0.000000000000000000e+00 1.402685558757604838e+02
2.525200307756395035e-01 4.303716919270028484e+03 0.000000000000000000e+00 1.348145375811939402e+03 0.000000000000000000e+00 8.127305134549953891e+01
2.575182250600202005e-01 4.211393130169138203e+03 0.000000000000000000e+00 1.313774651665300553e+03 0.000000000000000000e+00 1.607456970419491711e+02
2.625255687975799335e-01 4.133097050265305370e+03 0.000000000000000000e+00 1.265369087693273286e+03 0.000000000000000000e+00 1.255358732241684265e+02
2.675305520911575030e-01 4.040847820383590260e+03 0.000000000000000000e+00 1.183818947542839624e+03 0.000000000000000000e+00 5.735151406360033377e+01
2.725404586615198799e-01 3.967733432062198972e+03 0.000000000000000000e+00 1.118514624213254365e+03 0.000000000000000000e+00 6.682726635637594370e+01
2.775333197047151201e-01 3.885713753974202973e+03 0.000000000000000000e+00 1.108053454648848401e+03 0.000000000000000000e+00 6.108124822291726019e+01
2.825123907298719983e-01 3.805187525473970254e+03 0.000000000000000000e+00 1.078702451676650526e+03 0.000000000000000000e+00 1.072481627863891873e+01
2.875104651677040102e-01 3.754233288642022671e+03 0.000000000000000000e+00 1.052458628615207772e+03 0.000000000000000000e+00 1.414163713847921713e+02
2.924971317655564174e-01 3.670584470979898015e+03 0.000000000000000000e+00 1.013314499069460908e+03 0.000000000000000000e+00 -6.111987625564969662e+00
2.975058823671092867e-01 3.599867152117928981e+03 0.000000000000000000e+00 9.536398188437971157e+02 0.000000000000000000e+00 5.728099746914128332e+01
3.025121359101998753e-01 3.548600925165362241e+03 0.000000000000000000e+00 9.112817431152998324e+02 0.000000000000000000e+00 8.206024923263154136e+00
3.075010376196579687e-01 3.476348769399592584e+03 0.000000000000000000e+00 9.448530490672519591e+02 0.000000000000000000e+00 8.661210221037781309e+01
3.125134169243361515e-01 3.416451397546752560e+03 0.000000000000000000e+00 8.518269857229037143e+02 0.000000000000000000e+00 2.845263422481399473e+01
3.175159688234982513e-01 3.391188611959799800e+03 0.000000000000000000e+00 8.663969113182894262e+02 0.000000000000000000e+00 3.608858101403856722e+01
3.225221380836135188e-01 3.328313233905984816e+03 0.000000000000000000e+00 7.683449499716821265e+02 0.000000000000000000e+00 6.573434963186710434e+01
3.275181733526948968e-01 3.272731284709366719e+03 0.000000000000000000e+00 7.868793780081451814e+02 0.000000000000000000e+00 6.073033135875602007e+00
3.325123842131759710e-01 3.239327859665353117e+03 0.000000000000000000e+00 7.399343515660443700e+02 0.000000000000000000e+00 1.001697874876575725e+02
3.374959366892091861e-01 3.194252321059454516e+03 0.000000000000000000e+00 7.188306765231405961e+02 0.000000000000000000e+00 1.417678261745436785e+01
3.424919221947719805e-01 3.136900615889790060e+03 0.000000000000000000e+00 6.909201343456484210e+02 0.000000000000000000e+00 4.791330038586870899e+01
3.475179778446125245e-01 3.098237658052079496e+03 0.000000000000000000e+00 6.758453294997875673e+02 0.000000000000000000e+00 3.768912340314307130e+01
3.525052850529177828e-01 3.056493565384001158e+03 0.000000000000000000e+00 6.636969503432859483e+02 0.000000000000000000e+00 -6.560340890946829973e+01
3.575133254796376558e-01 3.041920917291965452e+03 0.000000000000000000e+00 6.014520314859240671e+02 0.000000000000000000e+00 1.843593787125108463e+01
3.625250227669692404e-01 2.975130492395723195e+03 0.000000000000000000e+00 6.202983285649751224e+02 0.000000000000000000e+00 3.044048336093961638e+01
3.675230446100045678e-01 2.947656569633080380e+03 0.000000000000000000e+00 5.880288403356444178e+02 0.000000000000000000e+00 2.709583069060793648e+01
3.725177060730277545e-01 2.913732288867288389e+03 0.000000000000000000e+00 5.998783806964378300e+02 0.000000000000000000e+00 1.852800331637029174e+01
3.775163034622419089e-01 2.865878348652953719e+03 0.000000000000000000e+00 5.519843333034525585e+02 0.000000000000000000e+00 6.400547506912792528e+01
3.825226892977953153e-01 2.858564108108108030e+03 0.000000000000000000e+00 5.518585405405405027e+02 0.000000000000000000e+00 9.951730405405405122e+01
3.875130067694269043e-01 2.820428240252897922e+03 0.000000000000000000e+00 5.536440990516333613e+02 0.000000000000000000e+00 7.390702054794520848e+01
3.924957861003909865e-01 2.785852669520162181e+03 0.000000000000000000e+00 5.445662536607344464e+02 0.000000000000000000e+00 1.230116435490619011e+02
3.975064703251052212e-01 2.776952704293414627e+03 0.000000000000000000e+00 5.237564463168329212e+02 0.000000000000000000e+00 9.305557276500836394e+01
