3.798113400606732779e-03 -9.868421052631578400e-03 1.041372564210526198e+08 2.138157894736841813e-02 -5.516783157894736528e+07 -3.741776315789473173e-02 1.796329633684210479e+08 0.000000000000000000e+00 5.510614905263157934e+07 0.000000000000000000e+00 2.095524648421052396e+08
8.299341265228576958e-03 1.113891601562500000e-03 5.969498800000000000e+07 1.284027099609375000e-02 5.889481600000000000e+07 -4.053115844726562500e-03 1.081601760000000000e+08 0.000000000000000000e+00 4.672323200000000000e+07 0.000000000000000000e+00 1.047092960000000000e+08
1.293222767532251419e-02 -4.329219745222929842e-03 2.651914435668789968e+07 8.036425159235669607e-03 3.313286522292993963e+06 -1.729821855095541386e-02 9.084075536305733025e+07 0.000000000000000000e+00 5.208713294267515838e+07 0.000000000000000000e+00 2.394442354140127450e+07
1.764839556552980082e-02 -1.070205479452054735e-03 2.795639232876712084e+07 2.354452054794520417e-03 5.857380821917807683e+06 -3.264126712328767159e-03 8.403820712328766286e+07 0.000000000000000000e+00 4.953491638356164098e+07 0.000000000000000000e+00 1.128857600000000000e+07
2.256548662787912635e-02 -5.316635160680529106e-04 1.832204679017013311e+07 2.215264650283553776e-03 4.368969073724007234e+06 -1.868206521739130491e-03 6.315557359546314180e+07 0.000000000000000000e+00 4.395344042344045639e+07 0.000000000000000000e+00 1.039587835160680488e+07
2.777643688250242340e-02 -4.858993902439024369e-04 1.211179457560975663e+07 1.062309451219512271e-03 3.886336936585365795e+06 -1.068264100609756179e-03 4.626316612682926655e+07 0.000000000000000000e+00 3.739379262439024448e+07 0.000000000000000000e+00 1.586891676097561046e+07
3.269804980233311648e-02 -2.812500000000000330e-04 7.920492543999999762e+06 2.031250000000000178e-04 9.463923200000000652e+05 -3.867187500000000182e-04 3.800208179200000316e+07 0.000000000000000000e+00 2.803104767999999970e+07 0.000000000000000000e+00 9.269600256000000983e+06
3.761648458559932462e-02 -2.950101146325016886e-04 5.391218794335805811e+06 4.214430209035738176e-04 5.811510721510451986e+05 -8.639581928523264046e-04 2.899120075522589311e+07 0.000000000000000000e+00 2.202737931220499054e+07 0.000000000000000000e+00 1.821929041132838931e+06
4.263843696389812976e-02 -1.678466796875000000e-04 4.255724857142857276e+06 -1.035417829241071409e-04 5.472183571428571595e+05 -3.136226109095981911e-04 2.415320457142857090e+07 0.000000000000000000e+00 1.829970742857142910e+07 0.000000000000000000e+00 2.441252571428571362e+06
4.756514582339458480e-02 5.451373746184038521e-05 3.172025329262974206e+06 -1.362843436546009630e-05 4.387893589184474549e+05 5.792084605320540759e-05 2.017712464718709141e+07 0.000000000000000000e+00 1.373089772350632399e+07 0.000000000000000000e+00 1.108560718709114706e+06
5.262096060748640974e-02 -6.857882724719100933e-06 2.310499775280898903e+06 1.954496576544943851e-04 2.693743820224719238e+05 3.423797950316011230e-04 1.687399119101123512e+07 0.000000000000000000e+00 1.128040629213483073e+07 0.000000000000000000e+00 3.050831820224719122e+06
5.756031740041873956e-02 6.768254950495050095e-05 1.776544950495049590e+06 -5.172880569306930951e-04 8.116173267326732457e+04 -5.197052908415841457e-05 1.495794819801980257e+07 0.000000000000000000e+00 9.205758732673266903e+06 0.000000000000000000e+00 1.160193821782178245e+06
6.254738279606215923e-02 -2.788724284093696071e-04 1.432651851851851679e+06 2.851900236846946122e-04 3.064816090262447688e+04 -5.114782023201802467e-04 1.309926217905322462e+07 0.000000000000000000e+00 7.474747400539611466e+06 0.000000000000000000e+00 3.250205700269805966e+05
6.757793472572401483e-02 8.967555470123021830e-05 1.173216731107205618e+06 -6.421027158391914976e-04 1.458581792618629115e+05 8.563693671737697410e-04 1.159422380316344462e+07 0.000000000000000000e+00 6.522401743409490213e+06 0.000000000000000000e+00 5.443519437609841116e+05
7.255917516659465827e-02 -4.649432769202157455e-05 9.661399055235261330e+05 -5.957085735540264260e-05 1.175591802120141365e+05 -1.689051748186721352e-04 9.989867480007439852e+06 0.000000000000000000e+00 5.738865074204946868e+06 0.000000000000000000e+00 2.955153401525014197e+05
7.753384299139773339e-02 -1.263613680113826712e-04 7.589345831938399933e+05 3.734444310763307840e-04 1.880683093404753890e+04 -4.277773672895045362e-04 9.134040233009709045e+06 0.000000000000000000e+00 4.985487126883160323e+06 0.000000000000000000e+00 7.085381506528289756e+05
8.251793356505521260e-02 6.089516735951835285e-05 6.124880733944954118e+05 -1.052016511969610171e-04 2.898090137614679043e+04 -4.253912409511181143e-05 8.012498788990826346e+06 0.000000000000000000e+00 4.004324403669725172e+06 0.000000000000000000e+00 6.215120183486238966e+04
8.752751931716111489e-02 4.530379357263185250e-05 4.855180489827653510e+05 -2.156359336529739621e-04 3.297431022418038629e+04 2.181668718413891470e-04 7.207252492937670089e+06 0.000000000000000000e+00 3.453915243747570552e+06 0.000000000000000000e+00 3.051933010237138951e+05
9.254701955136974967e-02 1.390956158842297160e-05 3.908694694621695671e+05 -4.901729503760255259e-05 4.412415314494074846e+04 3.448180317770054698e-05 6.309463278030993417e+06 0.000000000000000000e+00 2.716982840474020224e+06 0.000000000000000000e+00 3.055912780309935915e+05
9.754963178921903511e-02 4.037916753899298793e-05 3.123766238877839642e+05 -9.931230699780173299e-05 1.421953983041976426e+04 1.387331082186224192e-04 5.570290306291216984e+06 0.000000000000000000e+00 2.307927709410656244e+06 0.000000000000000000e+00 3.003478396315293503e+05
1.025319613041059119e-01 0.000000000000000000e+00 2.602911699812382867e+05 3.517823639774859284e-05 3.003826191369606022e+04 1.583020637898686542e-04 5.228993176735459827e+06 0.000000000000000000e+00 2.135958333958724048e+06 0.000000000000000000e+00 1.736022574108818080e+05
1.075116003998943526e-01 5.922639558924879574e-05 2.149394569262577570e+05 -1.251830634045485765e-04 1.940730117160578811e+04 6.562015420399723966e-05 4.790213072363886982e+06 0.000000000000000000e+00 1.780826861474844860e+06 0.000000000000000000e+00 -9.201629221226739901e+03
1.125102861506304813e-01 2.415552291876014656e-06 1.953331845095462631e+05 -3.140217979438818756e-05 2.939776949833810068e+04 4.800910180103578890e-05 4.400346382623483427e+06 0.000000000000000000e+00 1.458762997294581495e+06 0.000000000000000000e+00 -5.147874654092911805e+04
1.175500852175193622e-01 -1.722283458967429888e-05 1.476714754657943558e+05 -1.758395854074811524e-04 1.196602133409187991e+04 1.493108643862892896e-05 4.078165709571896121e+06 0.000000000000000000e+00 1.305635827620537719e+06 0.000000000000000000e+00 1.362501652680984407e+05
1.225369446564099490e-01 -4.590263985435286701e-05 1.267454813637868356e+05 1.225147922873220929e-04 2.455105461767626912e+04 -2.222883823651109110e-04 3.916960192783846520e+06 0.000000000000000000e+00 1.262424892419728683e+06 0.000000000000000000e+00 3.729275339291625642e+03
1.275260957852891452e-01 -9.948005093378606820e-06 1.033085733689061308e+05 2.036972471501333987e-05 1.940323065728838264e+04 -4.085787806209070707e-05 3.648994817365995608e+06 0.000000000000000000e+00 1.053638876546204090e+06 0.000000000000000000e+00 1.142356691729323211e+05
1.325302087090364789e-01 -6.466212614331406977e-06 9.028216149486560607e+04 3.676973444251164250e-05 1.854561876437910178e+04 -5.656566077240334433e-05 3.479399040682340972e+06 0.000000000000000000e+00 8.849991107120811939e+05 0.000000000000000000e+00 -1.355836678076426615e+05
1.375062694904859717e-01 1.129182616156282922e-05 6.730581288278775173e+04 -1.853612559398099232e-05 2.921678394931361981e+04 4.362692425092396930e-05 3.250404372544878628e+06 0.000000000000000000e+00 8.351382302006335231e+05 0.000000000000000000e+00 2.346001841605068475e+05
1.425134422753508989e-01 2.003356851572998587e-05 6.004845766941831243e+04 -5.397404835306080829e-05 2.151541101938951761e+04 3.167648740180007197e-05 3.104348688807832543e+06 0.000000000000000000e+00 7.794286872720291140e+05 0.000000000000000000e+00 1.269975995392589684e+05
1.475259222195813014e-01 -1.143453289443710506e-05 5.370507121053351148e+04 -7.223332355688185996e-05 2.384895457651829201e+04 1.452285785371770809e-04 2.889732758667821065e+06 0.000000000000000000e+00 6.280352628365757409e+05 0.000000000000000000e+00 1.682786124197002209e+05
1.525299430011916868e-01 -3.550235669597564652e-05 4.398906729793709383e+04 3.987822856780520606e-05 2.035692255664524782e+04 -6.202591969267839467e-05 2.724186816367940512e+06 0.000000000000000000e+00 5.229413811295231571e+05 0.000000000000000000e+00 2.045133310787960654e+05
1.574945685492469272e-01 1.800916002750030110e-05 4.124627751041371812e+04 -3.996769725401382929e-05 1.702806228009867482e+04 7.657842388886641522e-05 2.593356881789137144e+06 0.000000000000000000e+00 5.453096718566748314e+05 0.000000000000000000e+00 2.753749925182998049e+04
1.625189323163163113e-01 -2.612482892335766743e-05 2.936522510948905256e+04 3.651417084854015235e-05 1.966006890510949233e+04 -1.324373788207117034e-04 2.471285124671533238e+06 0.000000000000000000e+00 4.497849366423357860e+05 0.000000000000000000e+00 9.255568817518248397e+04
1.675461007718098694e-01 -1.463314395287585315e-05 2.436846013667425723e+04 3.769511785485477897e-05 1.909128246013667376e+04 -7.079782681476011052e-05 2.359609293849658221e+06 0.000000000000000000e+00 3.403675990888382657e+05 0.000000000000000000e+00 -1.273850911161731165e+04
1.725292014006662711e-01 -1.199900029254705498e-05 1.963325154102251690e+04 -1.069126216542506009e-05 1.158733744272670447e+04 -3.467014965481508224e-05 2.255430664337277878e+06 0.000000000000000000e+00 3.689517196822362603e+05 0.000000000000000000e+00 1.315752576721495425e+05
1.775301965061671094e-01 1.978019702801615267e-05 1.247527814235234655e+04 -5.148397076918223206e-05 1.606650782433114546e+04 6.828327361891090475e-05 2.165719810196870007e+06 0.000000000000000000e+00 3.286005209490156267e+05 0.000000000000000000e+00 1.182862311963654647e+05
1.825147654490652804e-01 -1.771424192738337971e-05 8.246537741144495158e+03 1.081895883187095690e-05 1.099890454666312144e+04 -4.968787159517267730e-05 2.063404319182250649e+06 0.000000000000000000e+00 2.372325506809654762e+05 0.000000000000000000e+00 7.236140364560253511e+04
1.875360723572403465e-01 -5.510212988826815421e-06 7.958181005586592619e+03 -6.301283170391061413e-06 1.394487418994413383e+04 1.217293339734636943e-05 1.996926541229050374e+06 0.000000000000000000e+00 2.287091986592178873e+05 0.000000000000000000e+00 1.260479070391061541e+05
1.925323683450522461e-01 -1.459038971296990360e-05 3.220306308236049972e+03 1.006946071409446246e-04 1.518370011781085850e+04 -2.837673913261754187e-05 1.915042532719288720e+06 0.000000000000000000e+00 2.062976836242904537e+05 0.000000000000000000e+00 7.701928071114918566e+04
1.975198663583639380e-01 -1.976097129126090682e-06 1.998730036676362488e+03 1.897053243961047055e-05 9.732042999873528970e+03 -1.556176489186796529e-05 1.847219021929935319e+06 0.000000000000000000e+00 1.583886731250790472e+05 0.000000000000000000e+00 1.757066409004679299e+05
2.025153694923672032e-01 1.036590514329827318e-05 1.370000096497153436e+03 -4.429068561227443873e-06 1.094039563832866952e+04 4.035635343288623367e-05 1.790256146675673081e+06 0.000000000000000000e+00 1.534319065907555923e+05 0.000000000000000000e+00 7.704946598475344945e+04
2.075088499274508613e-01 -3.108433614234354034e-06 2.110604227255032129e+03 8.128889343699191174e-06 1.459803521949208880e+04 -2.972299875913119282e-05 1.727306714786232915e+06 0.000000000000000000e+00 1.423466459044173243e+05 0.000000000000000000e+00 9.332580860564703471e+04
2.125178062418619784e-01 3.568995870788968518e-06 -1.501580904171757766e+03 -6.876975625654564576e-06 1.381358422063187390e+04 1.306412294494021610e-06 1.671314209111537784e+06 0.000000000000000000e+00 5.724628521556990745e+04 0.000000000000000000e+00 8.884008238785128924e+04
2.175004174234404231e-01 -1.767199204612406376e-06 -2.424089891423280733e+03 1.354167762604158024e-05 1.275005403585556815e+04 -2.311743145568555037e-07 1.617604034677215852e+06 0.000000000000000000e+00 7.766739096035687544e+04 0.000000000000000000e+00 6.690638969783688663e+04
2.225093171556767890e-01 -1.054266562912472181e-05 -3.755248320561060609e+03 3.274382646125963250e-05 9.764321427867851526e+03 -4.983718122672918418e-05 1.560408080219065771e+06 0.000000000000000000e+00 5.611270258663147251e+04 0.000000000000000000e+00 1.438259652883118833e+05
2.275289586476768322e-01 1.160349977996326460e-05 -4.726265421705189510e+03 -2.078726812433032422e-05 1.348712322057247911e+04 2.910918231837402638e-05 1.517296364916577470e+06 0.000000000000000000e+00 6.926229297413133281e+03 0.000000000000000000e+00 1.038371737333537458e+05
2.325285406108919262e-01 1.040993987957724743e-05 -5.320665781383589092e+03 -1.778216692740072511e-05 1.176412507958452443e+04 2.873836218461790380e-05 1.489273203354374040e+06 0.000000000000000000e+00 1.351435679333491134e+04 0.000000000000000000e+00 7.510926745857058268e+04
2.375276552426477672e-01 -4.870796438301986743e-06 -4.364007171734927397e+03 1.025442122407277319e-05 1.385916006328001458e+04 -2.172600512639523762e-05 1.432235482650729595e+06 0.000000000000000000e+00 1.434773802074178275e+04 0.000000000000000000e+00 1.380039166110036895e+05
2.424991024241769377e-01 3.449862460537200557e-06 -6.600255938412708929e+03 1.827973717142471325e-06 1.208888828862289665e+04 -1.759605027101657950e-05 1.391375926257322775e+06 0.000000000000000000e+00 -3.883836320969729422e+04 0.000000000000000000e+00 7.554137187041007564e+04
2.474998551644826128e-01 1.970010806916426342e-06 -6.559043483829650540e+03 -4.049466658661543647e-06 1.122968427793788032e+04 -3.013647484390009672e-06 1.360729366378482198e+06 0.000000000000000000e+00 -4.289875529939161061e+04 0.000000000000000000e+00 1.239046639769452449e+05
2.525200307756395035e-01 4.172214516316115428e-06 -7.199076028456542190e+03 1.717970683188988734e-07 1.244154259201979585e+04 2.171958595320716196e-05 1.322684551562016830e+06 0.000000000000000000e+00 -1.873412236313022004e+04 0.000000000000000000e+00 1.023702507887411193e+05
2.575182250600202005e-01 -1.542591833693465427e-06 -6.589011966321436375e+03 4.089323634602488540e-06 1.037320926905595661e+04 7.658386344162133787e-06 1.294619219432233134e+06 0.000000000000000000e+00 -3.488989494076447590e+04 0.000000000000000000e+00 6.587574124133819714e+04
2.625255687975799335e-01 2.089410267016603046e-06 -6.516400524904433041e+03 -4.889220024818850814e-06 1.200947018885148645e+04 1.214992070270154683e-05 1.261520910138643114e+06 0.000000000000000000e+00 -6.862172967421692738e+04 0.000000000000000000e+00 9.537023883151708287e+04
2.675305520911575030e-01 5.407292946797199796e-06 -5.977626600019330908e+03 -5.912962486709655685e-06 9.776327197912207339e+03 1.858841228718189522e-05 1.232728531227130210e+06 0.000000000000000000e+00 -6.212491956752874830e+04 0.000000000000000000e+00 5.814813360765523248e+04
2.725404586615198799e-01 4.390321706246363651e-06 -5.229645316549425843e+03 -6.327228341355053722e-06 1.021357253927116835e+04 1.432665274435394297e-05 1.197440372348865494e+06 0.000000000000000000e+00 -7.545304490400380746e+04 0.000000000000000000e+00 8.516743724546463636e+04
2.775333197047151201e-01 -4.127173695298162408e-06 -5.399149895313670640e+03 1.317666464186936194e-05 8.015002042029622316e+03 -6.348527121513686403e-06 1.178727943133352324e+06 0.000000000000000000e+00 -7.901914090004394529e+04 0.000000000000000000e+00 8.432814164964975498e+04
2.825123907298719983e-01 -8.201846476872723041e-06 -6.487012412770950505e+03 -1.017993886247143851e-05 7.843396232940159280e+03 -1.359335438152288080e-05 1.148745042129315203e+06 0.000000000000000000e+00 -7.833382464027666720e+04 0.000000000000000000e+00 9.408984128944606346e+04
2.875104651677040102e-01 2.682928243511779248e-06 -5.996504884121815849e+03 -3.574315078229745067e-06 7.907425397433441503e+03 6.108922397604026717e-06 1.120417317755219294e+06 0.000000000000000000e+00 -8.555671020877225965e+04 0.000000000000000000e+00 8.337054204175445193e+04
2.924971317655564174e-01 -4.221923441491636541e-06 -6.062828699904055611e+03 1.933731244725982171e-05 1.030727660705822382e+04 -1.976345578928203931e-05 1.104705248055115575e+06 0.000000000000000000e+00 -7.481995575026875304e+04 0.000000000000000000e+00 6.512593362540313683e+04
2.975058823671092867e-01 1.951217143237722851e-06 -5.205627564159488429e+03 -2.926825714856584489e-06 8.930303170233548371e+03 1.002708809719385536e-06 1.083605147677825997e+06 0.000000000000000000e+00 -7.969308871325814107e+04 0.000000000000000000e+00 9.662563253707485273e+04
3.025121359101998753e-01 -6.656713519938070098e-06 -3.844085599412044303e+03 1.250434378428164553e-05 9.162543772426613941e+03 -1.368490279063574079e-05 1.065866110068738926e+06 0.000000000000000000e+00 -7.772300445289870549e+04 0.000000000000000000e+00 7.298333007652068045e+04
3.075010376196579687e-01 2.842375045722945258e-06 -4.533302565710404451e+03 -4.197223474160004148e-06 7.577040163034958823e+03 -1.598070512129644416e-05 1.050935186413753545e+06 0.000000000000000000e+00 -1.092566209541725548e+05 0.000000000000000000e+00 8.505138418769922282e+04
3.125134169243361515e-01 6.873051980695756861e-07 -4.592005147798109647e+03 -2.032459657148602298e-06 7.713882163683892941e+03 -4.688403315403177660e-06 1.024580506897245185e+06 0.000000000000000000e+00 -1.031764938668811665e+05 0.000000000000000000e+00 7.412957973054493777e+04
3.175159688234982513e-01 3.300267214193789124e-06 -3.753997268913754851e+03 -6.274345226984704341e-06 7.348970026819660234e+03 1.319627195675452561e-05 1.005504321285771788e+06 0.000000000000000000e+00 -1.051049872778536374e+05 0.000000000000000000e+00 6.339373437730251317e+04
3.225221380836135188e-01 -6.772978071313951876e-06 -4.036681593354729557e+03 1.737491261268170724e-05 6.388425750424768921e+03 -2.787343191384864216e-05 9.941687941098735901e+05 0.000000000000000000e+00 -1.029529542004908581e+05 0.000000000000000000e+00 7.491224527090806805e+04
3.275181733526948968e-01 -3.807070695749259553e-06 -3.617558533876342153e+03 5.707781388114355847e-06 8.230080118474639676e+03 -9.318044211236867628e-06 9.767375283228433691e+05 0.000000000000000000e+00 -9.817588626434653997e+04 0.000000000000000000e+00 6.342869159570529155e+04
3.325123842131759710e-01 -3.127307257799087566e-06 -3.341480950390065573e+03 7.575033135557789750e-06 7.230401380574112409e+03 3.909134072248859457e-06 9.569857279237126932e+05 0.000000000000000000e+00 -1.056625681880854390e+05 0.000000000000000000e+00 8.321329677895692294e+04
3.374959366892091861e-01 -7.146392887485548105e-06 -2.847525487860421435e+03 9.791541900597345560e-06 7.298548295554076503e+03 -2.015028329652848374e-05 9.465428648705462692e+05 0.000000000000000000e+00 -9.649750621868760209e+04 0.000000000000000000e+00 6.702742444732508739e+04
3.424919221947719805e-01 -7.528359370442291375e-07 -2.995507121486136384e+03 5.984028353640750405e-06 5.317856003466984475e+03 -1.157230916740284595e-06 9.274107427847553045e+05 0.000000000000000000e+00 -1.051991728575119487e+05 0.000000000000000000e+00 7.490544339897824102e+04
3.475179778446125245e-01 -1.030580218577449586e-05 -2.293647596954944675e+03 2.436061909857221966e-05 6.017047603489397261e+03 -2.186792313645571087e-05 9.181208021694383351e+05 0.000000000000000000e+00 -1.000197612310909171e+05 0.000000000000000000e+00 7.669405194890058192e+04
3.525052850529177828e-01 -3.056143222098036159e-06 -3.033685837458087008e+03 6.642433737825323505e-06 5.501842822928309033e+03 -1.243507254909787721e-05 9.010097356538400054e+05 0.000000000000000000e+00 -9.843103943796902604e+04 0.000000000000000000e+00 5.176355969982436363e+04
3.575133254796376558e-01 -3.443054395229591634e-07 -2.446493703581638783e+03 -8.450453070030887945e-06 5.797570709199745579e+03 4.054945040468763105e-06 8.977050289489618735e+05 0.000000000000000000e+00 -1.131689174145978905e+05 0.000000000000000000e+00 7.546703644488047576e+04
3.625250227669692404e-01 8.720095806354463791e-06 -1.181643366962806795e+03 -1.463887921623249416e-05 5.188415238668874736e+03 2.604448513495708192e-05 8.882995385032374179e+05 0.000000000000000000e+00 -1.106620964312603464e+05 0.000000000000000000e+00 6.767611528384279518e+04
3.675230446100045678e-01 -2.555868581822423481e-06 -1.131903214283110628e+03 -1.041213872121251885e-05 4.708779388928985099e+03 7.506529069523726753e-06 8.759001973915388808e+05 0.000000000000000000e+00 -1.116972218504180928e+05 0.000000000000000000e+00 7.215887298150456627e+04
3.725177060730277545e-01 -3.517836211332837970e-06 -1.780454914517697034e+03 5.304673652009834833e-06 3.384161015495454649e+03 -1.009283960632397576e-05 8.601033810966893798e+05 0.000000000000000000e+00 -1.058896888329807407e+05 0.000000000000000000e+00 6.133529967408085213e+04
3.775163034622419089e-01 -5.213751909206253257e-06 -1.723863440467242754e+03 1.321956308267423414e-05 4.377052151067776322e+03 -1.129765493822877435e-05 8.519802014880602947e+05 0.000000000000000000e+00 -1.041988933464808506e+05 0.000000000000000000e+00 6.021471781328221550e+04
3.825226892977953153e-01 2.735034839527026789e-06 -1.654904216216216128e+03 -6.929964632601351211e-06 3.880420324324324156e+03 1.448636441617398608e-05 8.417828531891892198e+05 0.000000000000000000e+00 -1.025876756756756804e+05 0.000000000000000000e+00 6.921932108108108514e+04
3.875130067694269043e-01 2.553314755663857019e-06 -8.827050052687039852e+02 -2.251033159905163368e-06 4.159099262381454537e+03 1.102684672187829312e-05 8.394966187565858709e+05 0.000000000000000000e+00 -9.842825711275027425e+04 0.000000000000000000e+00 5.825362950474183890e+04
3.924957861003909865e-01 -3.708504972162327490e-06 -1.086122717471760097e+03 1.266548732018150885e-05 3.541642145914459888e+03 -1.108937270701252028e-05 8.297738042931162054e+05 0.000000000000000000e+00 -1.078282578444308601e+05 0.000000000000000000e+00 8.117224569240177516e+04
3.975064703251052212e-01 -5.548031797905954369e-06 -1.264427135865188120e+03 1.292624856731305544e-05 3.999199454804535435e+03 -1.431401279157115602e-05 8.227934971067468869e+05 0.000000000000000000e+00 -9.483584313239576295e+04 0.000000000000000000e+00 9.100289459141317639e+04
