3.798113400606732779e-03 -1.973684210526315680e-02 1.342260715789473616e+07 4.276315789473683626e-02 -5.882384168421052396e+07 -5.509868421052631360e-02 9.820248926315788925e+07 0.000000000000000000e+00 2.134738863157894462e+07 0.000000000000000000e+00 1.723842829473684132e+08
8.299341265228576958e-03 1.318359375000000000e-02 2.871541200000000000e+07 -3.686523437500000000e-02 3.204426250000000000e+06 4.595947265625000000e-02 8.397996800000000000e+07 0.000000000000000000e+00 -3.005374400000000000e+07 0.000000000000000000e+00 8.552830000000000000e+06
1.293222767532251419e-02 3.980891719745223130e-04 2.189020616560509801e+07 -2.985668789808917619e-04 -4.583158216560509754e+05 1.915804140127388543e-03 6.255357064968153089e+07 0.000000000000000000e+00 2.228023602547770739e+07 0.000000000000000000e+00 -1.384357666242038272e+07
1.764839556552980082e-02 2.463980896832191573e-03 1.827571550684931502e+07 -3.912520735231164205e-03 5.765685479452054715e+05 6.951423540507276934e-03 5.551567956164383143e+07 0.000000000000000000e+00 2.596228909589041024e+07 0.000000000000000000e+00 1.355708230136986263e+07
2.256548662787912635e-02 1.281161389413988747e-03 1.516949244612476416e+07 -2.110039579395085046e-03 3.764345466918714810e+06 3.829177250708884657e-03 4.711992716824197024e+07 0.000000000000000000e+00 3.860377793572779000e+07 0.000000000000000000e+00 4.515694336483932100e+06
2.777643688250242340e-02 -2.858231707317072999e-04 8.550380643902439624e+06 4.287347560975609769e-04 1.997571902439024299e+06 -6.645388719512195603e-04 3.482327289756097645e+07 0.000000000000000000e+00 2.677400101463414729e+07 0.000000000000000000e+00 9.731687648780487478e+06
3.269804980233311648e-02 3.671875000000000009e-04 6.599884799999999814e+06 -8.320312499999999801e-04 5.054997760000000126e+05 -1.103515625000000031e-04 2.784344268800000101e+07 0.000000000000000000e+00 2.179318169599999860e+07 0.000000000000000000e+00 1.391524351999999955e+06
3.761648458559932462e-02 6.321645313553607805e-05 4.419706562373567373e+06 -5.268037761294672719e-05 6.713202966958867619e+05 3.951028320971004370e-05 2.209088250303439051e+07 0.000000000000000000e+00 1.694311228590694442e+07 0.000000000000000000e+00 2.619443614295347128e+06
4.263843696389812976e-02 1.912798200334821274e-04 2.892476000000000000e+06 -1.018796648297991009e-03 3.320750714285714203e+05 8.591924394880021392e-04 1.741116685714285448e+07 0.000000000000000000e+00 1.381500914285714179e+07 0.000000000000000000e+00 2.552537428571428638e+06
4.756514582339458480e-02 -3.100468818142172061e-04 2.417415033580462448e+06 6.933465983427823968e-04 3.987171251635412336e+05 -5.625988061491495875e-04 1.498404507631923258e+07 0.000000000000000000e+00 1.253040978281727061e+07 0.000000000000000000e+00 1.166803230702136876e+06
5.262096060748640974e-02 -4.251887289325842240e-05 1.732044764044943731e+06 3.038042047050561493e-04 1.441399325842696708e+05 -4.726795668012640102e-04 1.340387667415730283e+07 0.000000000000000000e+00 1.067811379775280878e+07 0.000000000000000000e+00 2.852189662921348121e+06
5.756031740041873956e-02 -2.296372215346534796e-04 1.524181386138613801e+06 1.099841429455445573e-04 2.672975049504950293e+05 1.782710009282178107e-05 1.156818502970297076e+07 0.000000000000000000e+00 8.425667168316831812e+06 0.000000000000000000e+00 6.523244752475247951e+05
6.254738279606215923e-02 -5.748712288447387103e-05 1.145104011773362756e+06 2.471946284032376542e-04 1.138280971302428225e+05 -1.566524098601912950e-04 1.047348405592347309e+07 0.000000000000000000e+00 7.532481711062055081e+06 0.000000000000000000e+00 1.571996350257542217e+06
6.757793472572401483e-02 9.525346001757468268e-05 9.706557188049209071e+05 -8.710113686291739380e-05 1.832861581722319825e+05 1.807455857315465493e-04 9.168399297012301162e+06 0.000000000000000000e+00 6.104429328646748327e+06 0.000000000000000000e+00 1.943243585237258347e+06
7.255917516659465827e-02 -9.952692021573368651e-05 7.739387048540078104e+05 3.977444439278408363e-04 1.142172542309838173e+05 -1.780769074297935723e-04 8.323613613539148122e+06 0.000000000000000000e+00 5.822380967825924978e+06 0.000000000000000000e+00 5.285270686256276676e+05
7.753384299139773339e-02 -1.438525276196853055e-04 6.013822243053230923e+05 3.491693170405088943e-04 1.680541345831938543e+03 -5.299657892534315705e-04 7.369653608302645385e+06 0.000000000000000000e+00 4.205628336123201065e+06 0.000000000000000000e+00 5.050516611985269701e+05
8.251793356505521260e-02 -2.967764478211009339e-05 5.108201100917431759e+05 1.537078017488532314e-04 3.683766972477064701e+04 -2.818676309848050857e-04 6.616264807339450344e+06 0.000000000000000000e+00 3.911263706422018353e+06 0.000000000000000000e+00 1.416191284403669706e+05
8.752751931716111489e-02 -4.353213684074122173e-05 3.819009791369703598e+05 -5.314970195671893643e-05 3.022062252170532884e+04 9.199960314889206209e-05 5.894468304263315164e+06 0.000000000000000000e+00 3.361517986782428809e+06 0.000000000000000000e+00 9.006043509135674685e+05
9.254701955136974967e-02 -3.110177971171376575e-05 3.143636536007292452e+05 1.169237747122834926e-04 5.253778486782132859e+03 -3.820261090260368875e-05 5.254450639927073382e+06 0.000000000000000000e+00 2.673076856882406399e+06 0.000000000000000000e+00 1.995292470373746473e+05
9.754963178921903511e-02 -3.189443106877420546e-05 2.476021656024285476e+05 5.683751177640531668e-05 -1.326166607348476828e+04 1.630500562650476399e-04 4.831081288809797727e+06 0.000000000000000000e+00 2.672416827384067699e+06 0.000000000000000000e+00 3.963112605464251828e+05
1.025319613041059119e-01 1.172607879924953095e-05 1.933962446529080626e+05 -3.957551594746716356e-05 5.342436397748592753e+03 -6.962359287054409000e-06 4.391779230018761940e+06 0.000000000000000000e+00 2.000649702063789824e+06 0.000000000000000000e+00 1.908707181988742959e+05
1.075116003998943526e-01 2.153687112336319753e-05 1.689543542384562315e+05 -1.615265334252239730e-05 2.162295658166781504e+04 3.028622501722949705e-05 4.049035732598207891e+06 0.000000000000000000e+00 1.825625626464507310e+06 0.000000000000000000e+00 2.480588614748449181e+05
1.125102861506304813e-01 2.655692158392595085e-05 1.514674548968076124e+05 -6.729813606926837960e-05 1.124548689804436981e+04 -1.839086870658044728e-05 3.827049807528793812e+06 0.000000000000000000e+00 1.604642431475612568e+06 0.000000000000000000e+00 4.401950968539846945e+05
1.175500852175193622e-01 -1.319491359692789098e-05 1.200816316313468997e+05 3.965418770445171677e-05 9.182751244488692464e+03 -1.456475396903000961e-04 3.646734454842838924e+06 0.000000000000000000e+00 1.636135432228701422e+06 0.000000000000000000e+00 3.091517678850803641e+05
1.225369446564099490e-01 2.586064217146640258e-06 1.132089369083085185e+05 -2.818809996689838139e-05 9.798248526977822621e+03 -5.463060658722277676e-05 3.487456968156239949e+06 0.000000000000000000e+00 1.595148761866931571e+06 0.000000000000000000e+00 2.350089956967891703e+04
1.275260957852891452e-01 1.347125689728353148e-05 8.700671937909288681e+04 -1.236098847168324060e-05 1.800126897889886095e+04 7.732279405355626828e-05 3.277973017705554143e+06 0.000000000000000000e+00 1.355215072520009708e+06 0.000000000000000000e+00 1.393644627698278055e+05
1.325302087090364789e-01 -2.904315835250547171e-05 7.027604376858762407e+04 6.493611820324336607e-05 7.596952808484372326e+03 -7.495052799365916219e-05 3.127162577184220776e+06 0.000000000000000000e+00 1.207455337410919601e+06 0.000000000000000000e+00 1.907301130127377692e+05
1.375062694904859717e-01 3.454576953537486438e-05 7.029418035902851261e+04 1.098246106124604060e-05 1.702718310454065431e+04 5.555681593189017576e-05 3.003868641182682011e+06 0.000000000000000000e+00 1.220382222597676795e+06 0.000000000000000000e+00 1.900368287222808867e+05
1.425134422753508989e-01 1.239685070311000105e-05 5.096455212132846646e+04 -2.358682463644653466e-05 -2.195054521021309029e+03 5.212711679155067795e-05 2.845120208869264461e+06 0.000000000000000000e+00 1.214184360913803102e+06 0.000000000000000000e+00 4.211138875023996661e+04
1.475259222195813014e-01 6.569572948226570385e-07 5.342909763542758446e+04 3.003615703858233843e-05 1.387628557109663234e+04 -9.611085355295407846e-05 2.649080208847783506e+06 0.000000000000000000e+00 1.047408166932434309e+06 0.000000000000000000e+00 1.871396506446762942e+05
1.525299430011916868e-01 -9.453534515556306830e-06 4.142414068312478776e+04 4.658652271094014205e-05 1.104788028407169440e+04 5.867177262111091990e-06 2.577980082516063470e+06 0.000000000000000000e+00 9.555977869462292874e+05 0.000000000000000000e+00 2.752169685492052813e+05
1.574945685492469272e-01 8.214704573947506153e-06 4.246766627573098231e+04 2.424917600194119541e-05 1.842942338334613669e+04 -3.021273557245116393e-06 2.400467699276094791e+06 0.000000000000000000e+00 9.278095969587899745e+05 0.000000000000000000e+00 6.545564476078779990e+04
1.625189323163163113e-01 1.388215670620438070e-05 3.227356963503649968e+04 -5.323869468521898424e-05 1.043760817518248223e+04 3.423537651117701302e-05 2.308730132554744836e+06 0.000000000000000000e+00 7.637879217518249061e+05 0.000000000000000000e+00 1.566088502189781284e+05
1.675461007718098694e-01 6.395483342824600906e-06 2.954244419134396230e+04 -8.619999288154897352e-06 1.330027334851936212e+04 3.176886834424829032e-05 2.207509138952163979e+06 0.000000000000000000e+00 7.298756810933940578e+05 0.000000000000000000e+00 4.485396355353074796e+03
1.725292014006662711e-01 1.905676236938392233e-05 2.237668009361505756e+04 -4.571047730494116407e-05 1.672191080199096905e+04 4.574266778191647768e-05 2.155968491544978227e+06 0.000000000000000000e+00 7.447620824735471979e+05 0.000000000000000000e+00 1.387285746118601237e+05
1.775301965061671094e-01 2.526442611055022662e-05 2.065100454316001924e+04 -6.913825877082281819e-05 7.041434124179707396e+03 1.478893235739525507e-04 2.058327357900050469e+06 0.000000000000000000e+00 6.257456072690560250e+05 0.000000000000000000e+00 1.168543644623927248e+05
1.825147654490652804e-01 -1.130941829891577367e-05 1.581402865668114282e+04 2.319584773553133017e-05 1.569691937723418778e+04 -3.808273508818576857e-05 2.007538916009335546e+06 0.000000000000000000e+00 6.215409244586250279e+05 0.000000000000000000e+00 7.770899701616000675e+04
1.875360723572403465e-01 -2.284556127793296221e-06 1.489433117318435689e+04 -4.981696272695531062e-06 1.454076871508379918e+04 -4.273313383816340891e-06 1.942217939664804609e+06 0.000000000000000000e+00 6.087815579888267675e+05 0.000000000000000000e+00 1.293385796648044779e+05
1.925323683450522461e-01 -1.584547700010709859e-05 1.334200792545785589e+04 3.464563865534968579e-05 1.186354503587876206e+04 -6.455201541916568786e-05 1.878530357930812752e+06 0.000000000000000000e+00 5.571584877369604073e+05 0.000000000000000000e+00 5.017683624290457374e+04
1.975198663583639380e-01 -1.363507019097002613e-05 3.412847148096623187e+03 -7.410364234222839847e-06 1.462073565195396441e+04 -4.915541608701150943e-06 1.815884699633236276e+06 0.000000000000000000e+00 4.894309726571392384e+05 0.000000000000000000e+00 8.685999382825344219e+04
2.025153694923672032e-01 -1.385261869149860200e-05 8.898157676348548193e+03 -1.908268901379909439e-05 1.055348991604747789e+04 5.041599319695069207e-06 1.753804197240181500e+06 0.000000000000000000e+00 4.784145193476792774e+05 0.000000000000000000e+00 7.508898967480460124e+04
2.075088499274508613e-01 -1.878477867594861460e-06 1.681754104742494746e+03 4.919822986557970298e-06 7.652713274863175684e+03 -5.109907056493164434e-05 1.705630340241361177e+06 0.000000000000000000e+00 4.178260481348325266e+05 0.000000000000000000e+00 3.023833144793789688e+04
2.125178062418619784e-01 2.710306117996160057e-05 3.642095653691743792e+03 -2.821104795775877125e-05 1.033399755629254651e+04 1.122688910041019371e-04 1.665166098097399343e+06 0.000000000000000000e+00 4.399011234072264051e+05 0.000000000000000000e+00 8.909111677430616692e+04
2.175004174234404231e-01 -3.513849581264203444e-06 2.200937294840501636e+03 3.030952124189883023e-06 6.493216395926268888e+03 -1.140716812163327963e-05 1.615020634626714978e+06 0.000000000000000000e+00 3.661183105799175100e+05 0.000000000000000000e+00 7.317639121286087902e+04
2.225093171556767890e-01 4.113238790760869536e-05 3.330361498000433585e+03 -1.098094136153986384e-06 1.126249837473651132e+04 2.818153540515695000e-05 1.568208886034554103e+06 0.000000000000000000e+00 3.708564442780875252e+05 0.000000000000000000e+00 3.109813470971809147e+04
2.275289586476768322e-01 -2.429074028011633384e-05 -5.726741160263278516e+02 7.156425790218888430e-05 9.651505280881678118e+03 -8.730652612218735493e-05 1.524821424766569864e+06 0.000000000000000000e+00 3.499806055410990375e+05 0.000000000000000000e+00 6.853888137149854447e+04
2.325285406108919262e-01 6.448478116529933449e-06 -1.083164826369308685e+03 -2.393753240227020727e-05 7.725192803740018462e+03 3.998989063381114668e-05 1.493169443908828078e+06 0.000000000000000000e+00 3.209332197260473622e+05 0.000000000000000000e+00 3.442538031397231680e+04
2.375276552426477672e-01 5.922201836878186092e-06 7.060516786781508927e+02 -2.572295493496220935e-05 9.507817050448233203e+03 6.408637763117419747e-05 1.457655162172613898e+06 0.000000000000000000e+00 2.724196033046229859e+05 0.000000000000000000e+00 3.595428876779750863e+04
2.424991024241769377e-01 1.616530534077288066e-05 -5.117652322185268190e+02 -2.550919805049550070e-05 7.408994310603886333e+03 2.860768563079280112e-05 1.422790371583407978e+06 0.000000000000000000e+00 2.897863642226461670e+05 0.000000000000000000e+00 1.593994050613678155e+04
2.474998551644826128e-01 1.092886947646493840e-05 -5.058674351585014847e+03 -1.149954721021453705e-05 7.328135254562920636e+03 3.940217051412904108e-05 1.388536786423310870e+06 0.000000000000000000e+00 2.448892393211655435e+05 0.000000000000000000e+00 8.945190854947165644e+04
2.525200307756395035e-01 1.298861351685740989e-06 -2.134910980513455343e+03 -1.321515910145375925e-06 6.945864769563872869e+03 8.372747230706774368e-06 1.358517139993813820e+06 0.000000000000000000e+00 2.561326480668110307e+05 0.000000000000000000e+00 3.981947367769873381e+04
2.575182250600202005e-01 5.901141401534907943e-06 -3.693258982192086933e+03 5.064358095521942852e-06 8.934534475821474189e+03 7.015882292675657938e-05 1.343300367126145633e+06 0.000000000000000000e+00 2.173265849042545306e+05 0.000000000000000000e+00 2.078214904999627470e+04
2.625255687975799335e-01 1.211857954869629606e-06 -3.610018599874479150e+03 -2.437645311519369903e-07 7.011409140183716772e+03 1.760154032439236526e-05 1.298866909339875681e+06 0.000000000000000000e+00 2.150616023278370558e+05 0.000000000000000000e+00 3.605392366063787631e+04
2.675305520911575030e-01 8.845845818201903061e-06 -2.945075710084091497e+03 -1.963346266966763660e-05 7.706079507325222949e+03 1.240575937918559509e-05 1.285636786236036336e+06 0.000000000000000000e+00 2.110219937311000831e+05 0.000000000000000000e+00 2.396460429985777591e+04
2.725404586615198799e-01 -1.004608908076373788e-05 -3.519745067964245663e+03 1.181513047416300807e-05 6.942407785476278150e+03 -2.555748305025916140e-05 1.257690480774316238e+06 0.000000000000000000e+00 1.865409865129317041e+05 0.000000000000000000e+00 3.752595165811604238e+04
2.775333197047151201e-01 -5.900470038384987096e-06 -4.493064026675627247e+03 2.151620598489156362e-05 5.107165507793315555e+03 -1.701118133392676989e-05 1.234794239305192837e+06 0.000000000000000000e+00 1.840787762297412555e+05 0.000000000000000000e+00 5.410171602864011220e+04
2.825123907298719983e-01 -1.700676990057432268e-06 -3.829354807632927987e+03 -2.888738575310319239e-06 7.795565194837276067e+03 -6.945938735101587489e-06 1.216570127635397948e+06 0.000000000000000000e+00 1.710761570555178332e+05 0.000000000000000000e+00 6.249811014635954052e+04
2.875104651677040102e-01 -1.139806116524612006e-06 -4.610499138096150091e+03 3.878263375969641404e-06 4.485828002298409956e+03 -2.654433090598664165e-06 1.187286420226010261e+06 0.000000000000000000e+00 1.718340670369660947e+05 0.000000000000000000e+00 4.094376096533230884e+04
2.924971317655564174e-01 -8.449491165659064673e-06 -4.639905674554092002e+03 2.279443558618178423e-05 6.451136228600492359e+03 -3.846225875884300518e-05 1.166006093238853617e+06 0.000000000000000000e+00 1.658049995260608557e+05 0.000000000000000000e+00 2.455812033430047450e+04
2.975058823671092867e-01 -3.577231429269159019e-07 -4.460269958263031185e+03 3.333329286364443610e-06 7.537131693455287859e+03 1.126014893076769373e-06 1.149553075570553308e+06 0.000000000000000000e+00 1.477178651984726021e+05 0.000000000000000000e+00 2.646673936595328996e+04
3.025121359101998753e-01 7.082199618477368102e-06 -4.443743547620077152e+03 -1.559456026274263932e-05 5.392963209545630889e+03 2.122153145737862637e-05 1.127039164411396021e+06 0.000000000000000000e+00 1.483332462928537570e+05 0.000000000000000000e+00 3.100637724266136138e+04
3.075010376196579687e-01 8.960880754559230954e-06 -5.698272790928567701e+03 -2.636213552280921831e-05 5.767670502168574785e+03 2.435410216465485993e-05 1.112039022041072370e+06 0.000000000000000000e+00 1.215859084286983416e+05 0.000000000000000000e+00 3.881393957255578425e+04
3.125134169243361515e-01 3.313792919264025864e-06 -5.337727729740598988e+03 9.843192300924995200e-07 4.858807802131510471e+03 -5.821843226862557996e-06 1.095142405147798127e+06 0.000000000000000000e+00 1.178580655539915606e+05 0.000000000000000000e+00 1.955049555600241365e+04
3.175159688234982513e-01 -1.803634407757070805e-06 -4.851436531716949503e+03 1.245275245355679776e-05 6.580175929109645949e+03 -2.574496241072393599e-05 1.084583103810749482e+06 0.000000000000000000e+00 1.175184132192433462e+05 0.000000000000000000e+00 2.082523193602577885e+04
3.225221380836135188e-01 -2.790771161742495871e-06 -3.850582895978856413e+03 3.695294432579762428e-06 6.128183047007740242e+03 -1.584384854118487133e-05 1.063535717878044350e+06 0.000000000000000000e+00 1.010880447045497567e+05 0.000000000000000000e+00 1.451182541060977928e+04
3.275181733526948968e-01 -8.027670958094223864e-07 -4.266930174009626171e+03 2.156059550426925364e-06 4.144078193261754677e+03 4.052886341466412854e-06 1.051968962014068849e+06 0.000000000000000000e+00 9.103378008145131753e+04 0.000000000000000000e+00 -1.847250647908182145e+03
3.325123842131759710e-01 6.150370940338205490e-06 -4.864662675573978959e+03 -1.723493777631497065e-05 4.982458951937874190e+03 2.428875303557291219e-05 1.037080004340980551e+06 0.000000000000000000e+00 7.554950158783813822e+04 0.000000000000000000e+00 2.522171927733350094e+04
3.374959366892091861e-01 8.741608056265984312e-06 -3.522891637178993278e+03 -1.325782043758539872e-06 5.688712188627684554e+03 2.088106718919700139e-05 1.020917775426549488e+06 0.000000000000000000e+00 9.346784850926672516e+04 0.000000000000000000e+00 2.678327463826507665e+04
3.424919221947719805e-01 9.245639183591829952e-06 -4.527832117944145466e+03 -7.292335130720316606e-06 4.683451183025111277e+03 1.832850302944436684e-05 1.006718142763086711e+06 0.000000000000000000e+00 7.917275723607998225e+04 0.000000000000000000e+00 2.975803662002350393e+04
3.475179778446125245e-01 3.480800641499493512e-06 -3.654391217695298110e+03 -1.650663266113552470e-06 4.755290750481915893e+03 3.016573408994725322e-05 9.973193917731237598e+05 0.000000000000000000e+00 7.274561976018558198e+04 0.000000000000000000e+00 2.285868722841179988e+04
3.525052850529177828e-01 -3.492735110969184121e-06 -2.700198626856139072e+03 9.885687769439566115e-06 6.685882676033849748e+03 1.255201680504550444e-06 9.829158708606099244e+05 0.000000000000000000e+00 6.776363736228644848e+04 0.000000000000000000e+00 2.397034328596519117e+02
3.575133254796376558e-01 -4.207449895474856823e-06 -3.193138459887637964e+03 1.237347673285634361e-06 5.412087835610978800e+03 -3.676372789199803151e-06 9.658149560898591299e+05 0.000000000000000000e+00 5.611540563036996900e+04 0.000000000000000000e+00 1.462035364180545912e+04
3.625250227669692404e-01 -7.940728053004065612e-07 -2.761661677458213944e+03 2.911600286101490407e-06 4.859749073934648550e+03 -2.889542708176479263e-06 9.571874616473421920e+05 0.000000000000000000e+00 6.611631549465440912e+04 0.000000000000000000e+00 1.107286830296642074e+04
3.675230446100045678e-01 3.759049056273647967e-06 -4.003841567701157146e+03 -7.688963978741551909e-06 4.633172801434726352e+03 1.073607192587246439e-05 9.539947079587953631e+05 0.000000000000000000e+00 5.446225919850695209e+04 0.000000000000000000e+00 2.740611677565630816e+04
3.725177060730277545e-01 6.840237077591629739e-07 -3.227764194636628872e+03 8.864388865858540678e-07 3.414902853222025442e+03 -4.077967869982560739e-06 9.420840985762479249e+05 0.000000000000000000e+00 4.697195631539825263e+04 0.000000000000000000e+00 3.044223729201212336e+04
3.775163034622419089e-01 7.021814405327504336e-06 -4.135184393984319286e+03 -1.756800389038484233e-05 3.673495011067362611e+03 3.385003595653819191e-05 9.250521455513339024e+05 0.000000000000000000e+00 4.884099974486453721e+04 0.000000000000000000e+00 1.759259163845236253e+04
3.825226892977953153e-01 -7.555162584459459159e-07 -2.149672000000000025e+03 4.105851456925675751e-06 4.567987459459459387e+03 -8.198093723606419378e-06 9.180546905945945764e+05 0.000000000000000000e+00 3.523230097297297471e+04 0.000000000000000000e+00 3.839610810810810653e+04
3.875130067694269043e-01 -6.290029801106427913e-06 -2.784763751317176229e+03 1.909519271930980240e-05 4.597700316122233744e+03 -1.983321001959299266e-05 9.107464632244468667e+05 0.000000000000000000e+00 4.416501074815595348e+04 0.000000000000000000e+00 2.635891253951528051e+04
3.924957861003909865e-01 -3.821645801821517337e-06 -1.557046181572426349e+03 1.516087117433141330e-05 2.726521932224117791e+03 -8.579846249155215348e-06 9.002235279245647835e+05 0.000000000000000000e+00 4.781581396067325841e+04 0.000000000000000000e+00 4.887116042866797943e+04
3.975064703251052212e-01 -2.111519190260826403e-06 -1.968817198438758624e+03 4.020356739049625502e-06 5.016298667988353372e+03 -7.150578060141874862e-06 8.950214490799827036e+05 0.000000000000000000e+00 3.832991998017471633e+04 0.000000000000000000e+00 2.961999776965491765e+04
