3.798113400606732779e-03 6.596176315789473301e+04 0.000000000000000000e+00 7.678187368421051651e+05 0.000000000000000000e+00 2.432636631578947417e+06 8.745438989473684132e+07 0.000000000000000000e+00 2.767914307368420959e+08 0.000000000000000000e+00 2.458042475789473653e+08
8.299341265228576958e-03 1.108898875000000000e+06 0.000000000000000000e+00 6.735596250000000000e+05 0.000000000000000000e+00 -1.561185625000000000e+05 3.960139200000000000e+07 0.000000000000000000e+00 8.424171200000000000e+07 0.000000000000000000e+00 2.658328800000000000e+07
1.293222767532251419e-02 9.879762547770701349e+05 0.000000000000000000e+00 4.235242038216560613e+05 0.000000000000000000e+00 2.669009681528662331e+05 1.519234119745223038e+07 0.000000000000000000e+00 2.641125910828025639e+07 0.000000000000000000e+00 -6.580596585987261496e+06
1.764839556552980082e-02 9.716587397260273574e+05 0.000000000000000000e+00 9.817221917808218859e+05 0.000000000000000000e+00 5.731517808219178114e+05 7.903996493150684051e+06 0.000000000000000000e+00 1.578834235616438277e+07 0.000000000000000000e+00 2.439816109589040745e+06
2.256548662787912635e-02 8.610316219281663653e+05 0.000000000000000000e+00 6.078370964083175641e+05 0.000000000000000000e+00 -2.761766049149338505e+05 4.626987069943289272e+06 0.000000000000000000e+00 8.608338268431002274e+06 0.000000000000000000e+00 -1.079780052930056816e+06
2.777643688250242340e-02 7.998391414634146495e+05 0.000000000000000000e+00 6.263648000000000466e+05 0.000000000000000000e+00 1.483540487804878103e+04 2.481561912195121869e+06 0.000000000000000000e+00 4.883183765853658319e+06 0.000000000000000000e+00 5.211200390243902220e+05
3.269804980233311648e-02 6.885474560000000056e+05 0.000000000000000000e+00 5.997911680000000633e+05 0.000000000000000000e+00 -4.327653600000000006e+04 1.698220928000000073e+06 0.000000000000000000e+00 3.371029248000000138e+06 0.000000000000000000e+00 -5.148812800000000425e+04
3.761648458559932462e-02 5.554531948752528988e+05 0.000000000000000000e+00 4.317805529332433944e+05 0.000000000000000000e+00 1.448310505731625017e+05 1.014575557653405238e+06 0.000000000000000000e+00 1.884115635873229941e+06 0.000000000000000000e+00 -3.527113688469318731e+04
4.263843696389812976e-02 4.887125000000000000e+05 0.000000000000000000e+00 3.697671071428571013e+05 0.000000000000000000e+00 7.005423660714285506e+04 7.128115714285713620e+05 0.000000000000000000e+00 1.310671428571428405e+06 0.000000000000000000e+00 2.890040178571428260e+04
4.756514582339458480e-02 4.354836040122110862e+05 0.000000000000000000e+00 2.638849507195813349e+05 0.000000000000000000e+00 -1.133135769733972993e+05 5.440866358482338255e+05 0.000000000000000000e+00 9.296133693850850686e+05 0.000000000000000000e+00 -1.371190649803750566e+05
5.262096060748640974e-02 3.834176179775280762e+05 0.000000000000000000e+00 2.428297977528089832e+05 0.000000000000000000e+00 6.138681460674157279e+04 4.074455280898876372e+05 0.000000000000000000e+00 7.131192359550561523e+05 0.000000000000000000e+00 4.000044101123595465e+04
5.756031740041873956e-02 3.526118019801980117e+05 0.000000000000000000e+00 2.065959405940594152e+05 0.000000000000000000e+00 -3.639075990099010232e+04 3.242653663366336841e+05 0.000000000000000000e+00 4.946654257425742690e+05 0.000000000000000000e+00 -6.496089603960396198e+04
6.254738279606215923e-02 3.312461986754966783e+05 0.000000000000000000e+00 2.202136080451312009e+05 0.000000000000000000e+00 1.067268383615403400e+04 2.625407466274221078e+05 0.000000000000000000e+00 4.123035094432180049e+05 0.000000000000000000e+00 1.417356978170223010e+04
6.757793472572401483e-02 3.045158242530755815e+05 0.000000000000000000e+00 2.109032970123022678e+05 0.000000000000000000e+00 3.937429701230228147e+02 2.234014903339191515e+05 0.000000000000000000e+00 3.513819894551844918e+05 0.000000000000000000e+00 1.749814762741651793e+04
7.255917516659465827e-02 2.795242432583224727e+05 0.000000000000000000e+00 1.704160743909243029e+05 0.000000000000000000e+00 -7.742225032546029979e+03 1.777371054491352115e+05 0.000000000000000000e+00 2.572064898642365588e+05 0.000000000000000000e+00 9.554188580993119103e+03
7.753384299139773339e-02 2.454588764646803029e+05 0.000000000000000000e+00 1.524733364579846093e+05 0.000000000000000000e+00 -7.558694342149314025e+02 1.564163749581520096e+05 0.000000000000000000e+00 2.061438285905591038e+05 0.000000000000000000e+00 4.486765316370941036e+03
8.251793356505521260e-02 2.270486788990825880e+05 0.000000000000000000e+00 1.292452568807339558e+05 0.000000000000000000e+00 -6.737533256880734370e+03 1.355888532110091764e+05 0.000000000000000000e+00 1.720170458715596469e+05 0.000000000000000000e+00 -7.974224483944954045e+02
8.752751931716111489e-02 2.024533388622521888e+05 0.000000000000000000e+00 1.188275651159777190e+05 0.000000000000000000e+00 1.535261785668005723e+04 1.176325888298561622e+05 0.000000000000000000e+00 1.461679554230918875e+05 0.000000000000000000e+00 1.307507373331605595e+04
9.254701955136974967e-02 1.855245360072925978e+05 0.000000000000000000e+00 1.015208386508659896e+05 0.000000000000000000e+00 -2.124076116681859730e+03 1.029675332725615299e+05 0.000000000000000000e+00 1.159450647219689999e+05 0.000000000000000000e+00 -1.467064038286235245e+03
9.754963178921903511e-02 1.626810861509473471e+05 0.000000000000000000e+00 8.703974542028682481e+04 0.000000000000000000e+00 9.259229980110960241e+03 9.220150319271432818e+04 0.000000000000000000e+00 9.596644907358945056e+04 0.000000000000000000e+00 4.286423113158170054e+03
1.025319613041059119e-01 1.533034386491557234e+05 0.000000000000000000e+00 9.117906491557223490e+04 0.000000000000000000e+00 9.818196622889305218e+03 8.437455609756096965e+04 0.000000000000000000e+00 8.745385065666041919e+04 0.000000000000000000e+00 8.133993245778611708e+03
1.075116003998943526e-01 1.462207691247415496e+05 0.000000000000000000e+00 7.562095658166780777e+04 0.000000000000000000e+00 6.784063404548586732e+03 7.755011440385940659e+04 0.000000000000000000e+00 7.548636250861475128e+04 0.000000000000000000e+00 1.996217263955892577e+03
1.125102861506304813e-01 1.341146441988096340e+05 0.000000000000000000e+00 7.095100255082322110e+04 0.000000000000000000e+00 1.255220221071345804e+04 7.286176145938008267e+04 0.000000000000000000e+00 6.612209693128237268e+04 0.000000000000000000e+00 4.993840612197573137e+03
1.175500852175193622e-01 1.277845973545726156e+05 0.000000000000000000e+00 6.554456094438912987e+04 0.000000000000000000e+00 -9.422029583274072593e+02 6.682245825629355386e+04 0.000000000000000000e+00 5.650434931019770011e+04 0.000000000000000000e+00 3.926845683402076702e+03
1.225369446564099490e-01 1.196054117179741879e+05 0.000000000000000000e+00 5.921202462760675553e+04 0.000000000000000000e+00 -2.591103343263820079e+03 6.302253081761006615e+04 0.000000000000000000e+00 5.065071433300231729e+04 0.000000000000000000e+00 3.087285799404171030e+03
1.275260957852891452e-01 1.161520989570700913e+05 0.000000000000000000e+00 5.924737133155469201e+04 0.000000000000000000e+00 4.114939121998544579e+03 5.958303371331554808e+04 0.000000000000000000e+00 4.332985884065001301e+04 0.000000000000000000e+00 4.561106475867087283e+03
1.325302087090364789e-01 1.090809593176589406e+05 0.000000000000000000e+00 5.274910094831939932e+04 0.000000000000000000e+00 -4.482517030469670317e+03 5.624079097693732183e+04 0.000000000000000000e+00 3.783854822961674654e+04 0.000000000000000000e+00 -1.145098198754278656e+02
1.375062694904859717e-01 1.045914424498416047e+05 0.000000000000000000e+00 4.872125364308342250e+04 0.000000000000000000e+00 5.513697148891234974e+03 5.337099894403378858e+04 0.000000000000000000e+00 3.345348257655755151e+04 0.000000000000000000e+00 2.769397465681098311e+03
1.425134422753508989e-01 9.701495104626606917e+04 0.000000000000000000e+00 4.086637742368976615e+04 0.000000000000000000e+00 6.770126223843348043e+02 5.064962027260510513e+04 0.000000000000000000e+00 2.979771933192551296e+04 0.000000000000000000e+00 3.193839316567479273e+03
1.475259222195813014e-01 9.275335222561392584e+04 0.000000000000000000e+00 4.137187552963688358e+04 0.000000000000000000e+00 4.028146703722265102e+03 4.880269278782632318e+04 0.000000000000000000e+00 2.770977520615973481e+04 0.000000000000000000e+00 2.249722174130939948e+03
1.525299430011916868e-01 8.588581941156576795e+04 0.000000000000000000e+00 3.519443219479201798e+04 0.000000000000000000e+00 4.039495096381467647e+03 4.618511193777476728e+04 0.000000000000000000e+00 2.348333581332431277e+04 0.000000000000000000e+00 9.419630537707134863e+02
1.574945685492469272e-01 8.191624701743033074e+04 0.000000000000000000e+00 3.686599037489383772e+04 0.000000000000000000e+00 2.229989242528410159e+03 4.477981154203906044e+04 0.000000000000000000e+00 2.240338803736805858e+04 0.000000000000000000e+00 6.833684636227604869e+02
1.625189323163163113e-01 7.806804087591241114e+04 0.000000000000000000e+00 3.398476846715328429e+04 0.000000000000000000e+00 6.202778394160584867e+03 4.348598189781021938e+04 0.000000000000000000e+00 2.115248116788321204e+04 0.000000000000000000e+00 2.463284379562043796e+03
1.675461007718098694e-01 7.527585421412299911e+04 0.000000000000000000e+00 2.900727562642368866e+04 0.000000000000000000e+00 -2.299502135535307389e+03 4.154613667425968015e+04 0.000000000000000000e+00 1.929828929384965886e+04 0.000000000000000000e+00 1.349973376993166312e+03
1.725292014006662711e-01 7.146492692092165817e+04 0.000000000000000000e+00 2.891726406698091523e+04 0.000000000000000000e+00 5.191869466328246745e+03 4.057708435244091379e+04 0.000000000000000000e+00 1.860186992781092704e+04 0.000000000000000000e+00 1.388015558558855673e+03
1.775301965061671094e-01 6.847868349318526452e+04 0.000000000000000000e+00 2.537762746087834239e+04 0.000000000000000000e+00 4.881995456839979852e+03 3.876667945482079813e+04 0.000000000000000000e+00 1.471026047450782426e+04 0.000000000000000000e+00 1.146446113074204959e+03
1.825147654490652804e-01 6.727424975627049571e+04 0.000000000000000000e+00 2.243336228544417827e+04 0.000000000000000000e+00 1.773325770332949332e+03 3.789428485331914999e+04 0.000000000000000000e+00 1.414820975508877746e+04 0.000000000000000000e+00 -4.298496632101391768e+00
1.875360723572403465e-01 6.287505877094971947e+04 0.000000000000000000e+00 2.130556603351955346e+04 0.000000000000000000e+00 2.088418994413407745e+03 3.670166525139664736e+04 0.000000000000000000e+00 1.341204290502793265e+04 0.000000000000000000e+00 1.803695083798882706e+03
1.925323683450522461e-01 6.109283581450144266e+04 0.000000000000000000e+00 2.007449416300738812e+04 0.000000000000000000e+00 2.175704830245260837e+03 3.592869658348505618e+04 0.000000000000000000e+00 1.192118753346899393e+04 0.000000000000000000e+00 3.085860019278140598e+01
1.975198663583639380e-01 5.867521295055014343e+04 0.000000000000000000e+00 1.991743781459466118e+04 0.000000000000000000e+00 3.733183457695712605e+03 3.498558745415454177e+04 0.000000000000000000e+00 1.160325827747565381e+04 0.000000000000000000e+00 6.122134817250537253e+02
2.025153694923672032e-01 5.621029894818102912e+04 0.000000000000000000e+00 1.708350554858631949e+04 0.000000000000000000e+00 -7.275909968155939396e+02 3.397491845990543516e+04 0.000000000000000000e+00 1.079572710605037173e+04 0.000000000000000000e+00 3.264104988902827813e+02
2.075088499274508613e-01 5.396078902654056583e+04 0.000000000000000000e+00 1.603347363118001340e+04 0.000000000000000000e+00 1.628444525865030073e+03 3.350614925919989037e+04 0.000000000000000000e+00 1.006682012411550568e+04 0.000000000000000000e+00 -1.662685658018273784e+02
2.125178062418619784e-01 5.293034595915518003e+04 0.000000000000000000e+00 1.545368476173852468e+04 0.000000000000000000e+00 1.602710769767847978e+03 3.276392529237214330e+04 0.000000000000000000e+00 8.506372490836098223e+03 0.000000000000000000e+00 5.848693052888811508e+02
2.175004174234404231e-01 5.158368218163454731e+04 0.000000000000000000e+00 1.529980035350559774e+04 0.000000000000000000e+00 -6.909513088123895841e+01 3.209556097971551208e+04 0.000000000000000000e+00 8.781549027859608032e+03 0.000000000000000000e+00 -7.106179614510563169e+02
2.225093171556767890e-01 4.939788325683103176e+04 0.000000000000000000e+00 1.420659293552136478e+04 0.000000000000000000e+00 2.392384704793049877e+03 3.102033513918165772e+04 0.000000000000000000e+00 7.804298890880794715e+03 0.000000000000000000e+00 7.722951084494001179e+02
2.275289586476768322e-01 4.760333323128730990e+04 0.000000000000000000e+00 1.273941405173733438e+04 0.000000000000000000e+00 1.192285779886728960e+03 3.062712015919179612e+04 0.000000000000000000e+00 6.960232052655747793e+03 0.000000000000000000e+00 -2.205932381754171274e+02
2.325285406108919262e-01 4.605875087770360551e+04 0.000000000000000000e+00 1.167913324723045844e+04 0.000000000000000000e+00 1.592716861004493239e+03 2.998335444672839731e+04 0.000000000000000000e+00 7.215196987612101111e+03 0.000000000000000000e+00 -4.609219434995361553e+02
2.375276552426477672e-01 4.469666401828089147e+04 0.000000000000000000e+00 1.109409456846545982e+04 0.000000000000000000e+00 2.421663420636315550e+03 2.936923663209702863e+04 0.000000000000000000e+00 6.679834909474424421e+03 0.000000000000000000e+00 1.353677975039550176e+02
2.424991024241769377e-01 4.330955730758192658e+04 0.000000000000000000e+00 1.055312167204092293e+04 0.000000000000000000e+00 6.729035503857646745e+02 2.881556537740786371e+04 0.000000000000000000e+00 6.474283456856819612e+03 0.000000000000000000e+00 -6.785351408843043828e+02
2.474998551644826128e-01 4.154929593339737767e+04 0.000000000000000000e+00 9.994544732628883139e+03 0.000000000000000000e+00 9.114272174191482918e+02 2.853486007044508369e+04 0.000000000000000000e+00 6.062610566762728013e+03 0.000000000000000000e+00 -6.135225104066602171e+02
2.525200307756395035e-01 4.093530269099907309e+04 0.000000000000000000e+00 8.747357871945561783e+03 0.000000000000000000e+00 1.877778657593566550e+03 2.797500575317043331e+04 0.000000000000000000e+00 5.355954222084751564e+03 0.000000000000000000e+00 -8.825167955459326095e+02
2.575182250600202005e-01 3.967056952537068719e+04 0.000000000000000000e+00 7.748997064302212493e+03 0.000000000000000000e+00 7.573207361597496856e+02 2.753469315252216620e+04 0.000000000000000000e+00 5.352175843826838900e+03 0.000000000000000000e+00 5.214368899485880604e+01
2.625255687975799335e-01 3.876997090203685366e+04 0.000000000000000000e+00 7.162066297712101004e+03 0.000000000000000000e+00 7.771787527814229861e+02 2.717888880013693051e+04 0.000000000000000000e+00 5.364372225708906626e+03 0.000000000000000000e+00 -4.987480458720830825e+02
2.675305520911575030e-01 3.762152966680935060e+04 0.000000000000000000e+00 7.005066928100965015e+03 0.000000000000000000e+00 6.823089987710746982e+02 2.668214180969608060e+04 0.000000000000000000e+00 4.727833087087999047e+03 0.000000000000000000e+00 -1.357241463111528446e+03
2.725404586615198799e-01 3.676279557835721789e+04 0.000000000000000000e+00 6.160974877029671006e+03 0.000000000000000000e+00 1.243560903369122570e+03 2.639170677526841610e+04 0.000000000000000000e+00 4.585269794256095338e+03 0.000000000000000000e+00 -3.842617284603585972e+02
2.775333197047151201e-01 3.549791340760461753e+04 0.000000000000000000e+00 5.960153643342724536e+03 0.000000000000000000e+00 4.553119652596479341e+02 2.588061436658308958e+04 0.000000000000000000e+00 4.331637604363222636e+03 0.000000000000000000e+00 -8.151163956884740855e+02
2.825123907298719983e-01 3.464500028407336504e+04 0.000000000000000000e+00 5.705603359476317564e+03 0.000000000000000000e+00 8.841906502809856647e+02 2.576913896127956468e+04 0.000000000000000000e+00 3.744371123324893688e+03 0.000000000000000000e+00 -8.901822762922250831e+02
2.875104651677040102e-01 3.418431105152269447e+04 0.000000000000000000e+00 5.369651407776287670e+03 0.000000000000000000e+00 9.884975100555449217e+02 2.508725378280022778e+04 0.000000000000000000e+00 4.014329438804826623e+03 0.000000000000000000e+00 -5.712714039456042201e+02
2.924971317655564174e-01 3.286251187737692089e+04 0.000000000000000000e+00 4.069478273936815640e+03 0.000000000000000000e+00 -3.049215226161439887e+02 2.483401227617935729e+04 0.000000000000000000e+00 3.655523101642603251e+03 0.000000000000000000e+00 -6.783901328185506827e+02
2.975058823671092867e-01 3.262727501998046137e+04 0.000000000000000000e+00 4.224698339401474186e+03 0.000000000000000000e+00 7.415416037652073555e+02 2.451038309208773717e+04 0.000000000000000000e+00 3.506969185685107732e+03 0.000000000000000000e+00 -6.929901873723470089e+02
3.025121359101998753e-01 3.158419229605291548e+04 0.000000000000000000e+00 4.046946176127275066e+03 0.000000000000000000e+00 4.755528943841597993e+02 2.423784116553542844e+04 0.000000000000000000e+00 3.411655354286455349e+03 0.000000000000000000e+00 -1.013206778781721482e+03
3.075010376196579687e-01 3.086787187124418779e+04 0.000000000000000000e+00 3.794788315827977385e+03 0.000000000000000000e+00 1.861616554318858903e+02 2.399482903276375873e+04 0.000000000000000000e+00 3.608006103359983626e+03 0.000000000000000000e+00 -5.620973820348017398e+02
3.125134169243361515e-01 3.029123474763724153e+04 0.000000000000000000e+00 3.867036879147396121e+03 0.000000000000000000e+00 1.469081138145988348e+02 2.370002493464709551e+04 0.000000000000000000e+00 3.118710154836115180e+03 0.000000000000000000e+00 -7.417534687311482458e+02
3.175159688234982513e-01 2.941445055063807376e+04 0.000000000000000000e+00 2.885542336748828347e+03 0.000000000000000000e+00 7.532623512884242700e+02 2.334940511440107730e+04 0.000000000000000000e+00 3.020323289878279866e+03 0.000000000000000000e+00 -7.601528622373293729e+02
3.225221380836135188e-01 2.922229609212762080e+04 0.000000000000000000e+00 2.178202303190485509e+03 0.000000000000000000e+00 8.077428733245233161e+02 2.317574234472342869e+04 0.000000000000000000e+00 2.752449764017368580e+03 0.000000000000000000e+00 -5.177609967906362272e+02
3.275181733526948968e-01 2.839976660496112527e+04 0.000000000000000000e+00 2.151796075527582161e+03 0.000000000000000000e+00 5.606517493520918549e+01 2.283017667530544350e+04 0.000000000000000000e+00 2.753933209922251081e+03 0.000000000000000000e+00 -8.903078119215105062e+02
3.325123842131759710e-01 2.794115765409146479e+04 0.000000000000000000e+00 2.047573872279103853e+03 0.000000000000000000e+00 7.301466504176414674e+02 2.270046871914390431e+04 0.000000000000000000e+00 2.579538681871958943e+03 0.000000000000000000e+00 -7.182081001983685837e+02
3.374959366892091861e-01 2.745421518410819044e+04 0.000000000000000000e+00 2.162634341169463823e+03 0.000000000000000000e+00 -8.851672914549978088e+01 2.249180590687734366e+04 0.000000000000000000e+00 2.603299162666853590e+03 0.000000000000000000e+00 -1.092076305924394774e+03
3.424919221947719805e-01 2.694523264632591599e+04 0.000000000000000000e+00 1.392084141046262630e+03 0.000000000000000000e+00 1.970553800765070207e+02 2.221039221928676852e+04 0.000000000000000000e+00 2.327142388052238402e+03 0.000000000000000000e+00 -5.143019443448982884e+02
3.475179778446125245e-01 2.658488528767928801e+04 0.000000000000000000e+00 1.366579017871728638e+03 0.000000000000000000e+00 3.085320964158525570e+01 2.205692553990917077e+04 0.000000000000000000e+00 2.407194955402359028e+03 0.000000000000000000e+00 -4.452481785212532941e+02
3.525052850529177828e-01 2.610997055724094025e+04 0.000000000000000000e+00 9.736185853424876768e+02 0.000000000000000000e+00 -1.949131566342008739e+02 2.177628867954654197e+04 0.000000000000000000e+00 2.009336228644419634e+03 0.000000000000000000e+00 -1.250052818138272414e+03
3.575133254796376558e-01 2.556923589150079351e+04 0.000000000000000000e+00 7.196576097370297020e+02 0.000000000000000000e+00 6.548774210360923007e+02 2.155544094856328229e+04 0.000000000000000000e+00 1.818566884595044257e+03 0.000000000000000000e+00 -7.050661066443884692e+02
3.625250227669692404e-01 2.520792603523565413e+04 0.000000000000000000e+00 9.766962204487275585e+02 0.000000000000000000e+00 4.746980499924709562e+01 2.141025026351452834e+04 0.000000000000000000e+00 1.859629694323143895e+03 0.000000000000000000e+00 -1.023014244842644075e+03
3.675230446100045678e-01 2.496212479496096057e+04 0.000000000000000000e+00 9.133847443664384400e+02 0.000000000000000000e+00 2.897309450386020444e+02 2.122113072195612767e+04 0.000000000000000000e+00 2.054734582886803764e+03 0.000000000000000000e+00 -6.756733664311907432e+02
3.725177060730277545e-01 2.443533466750528896e+04 0.000000000000000000e+00 5.980017725427411506e+02 0.000000000000000000e+00 -3.582950711876036820e+01 2.105201669620904795e+04 0.000000000000000000e+00 1.722120189833609857e+03 0.000000000000000000e+00 -8.673833266624735643e+02
3.775163034622419089e-01 2.409478263148095721e+04 0.000000000000000000e+00 1.214495004171809569e+03 0.000000000000000000e+00 1.023745595465484257e+02 2.071914881293053986e+04 0.000000000000000000e+00 1.905835982374966306e+03 0.000000000000000000e+00 -4.883281179967039520e+02
3.825226892977953153e-01 2.388843935135134961e+04 0.000000000000000000e+00 4.670530270270270421e+02 0.000000000000000000e+00 1.213858054054054037e+03 2.064653837837837636e+04 0.000000000000000000e+00 1.462203027027027019e+03 0.000000000000000000e+00 -3.032491081081080893e+02
3.875130067694269043e-01 2.349707565858798989e+04 0.000000000000000000e+00 1.709815463645943225e+02 0.000000000000000000e+00 9.145711275026344538e+02 2.044311738672286810e+04 0.000000000000000000e+00 1.549408008429926440e+03 0.000000000000000000e+00 -1.032811380400421513e+03
3.924957861003909865e-01 2.313027598236410995e+04 0.000000000000000000e+00 3.160080841888456575e+02 0.000000000000000000e+00 7.653663566440318391e+02 2.030051576609918629e+04 0.000000000000000000e+00 1.386543532970746355e+03 0.000000000000000000e+00 -3.459734174363595685e+02
3.975064703251052212e-01 2.297326966111145521e+04 0.000000000000000000e+00 3.748519174772318934e+02 0.000000000000000000e+00 6.996929558267765970e+02 2.021704370237284093e+04 0.000000000000000000e+00 1.376340102843690147e+03 0.000000000000000000e+00 -4.939769778824112905e+02
