3.798113400606732779e-03 7.401315789473683800e-03 1.848400707368420959e+08 -1.521381578947368293e-02 3.730905734736841917e+08 2.168996710526315680e-02 1.221560858947368413e+08 0.000000000000000000e+00 5.837325473684210330e+06 0.000000000000000000e+00 3.402847124210526347e+08
8.299341265228576958e-03 -7.476806640625000000e-03 3.628060400000000000e+07 1.771545410156250000e-02 -1.029944100000000000e+07 -2.157211303710937500e-02 1.500888480000000000e+08 0.000000000000000000e+00 5.749216000000000000e+06 0.000000000000000000e+00 1.023797280000000000e+08
1.293222767532251419e-02 -3.284235668789809055e-03 4.119869961783439666e+07 4.926353503184714017e-03 1.205956647133758105e+07 -1.200487659235668914e-02 1.044567333503184766e+08 0.000000000000000000e+00 6.225012096815286577e+07 0.000000000000000000e+00 1.395668952866242081e+07
1.764839556552980082e-02 -1.591930650684931364e-03 3.270580953424657509e+07 5.692155393835615987e-03 1.826892800000000000e+07 -6.014889233732876629e-03 9.372930104109588265e+07 0.000000000000000000e+00 9.225758860273972154e+07 0.000000000000000000e+00 8.404682695890410244e+07
2.256548662787912635e-02 -5.316635160680529106e-04 1.842606312287334725e+07 3.692107750472589916e-03 3.929945769376181532e+06 -4.039165879017013634e-03 6.583345167485822737e+07 0.000000000000000000e+00 5.122611296786389500e+07 0.000000000000000000e+00 1.046302003780718311e+06
2.777643688250242340e-02 -5.811737804878048521e-04 1.262995605853658542e+07 8.241234756097560706e-04 1.181735180487804813e+06 -2.347322789634146475e-03 5.191530146341463178e+07 0.000000000000000000e+00 3.839765229268292338e+07 0.000000000000000000e+00 1.229336975609756075e+07
3.269804980233311648e-02 -4.921875000000000035e-04 8.300451839999999851e+06 1.074218750000000087e-03 8.289081600000000326e+05 -2.043945312499999972e-03 3.831243980799999833e+07 0.000000000000000000e+00 3.315605299200000241e+07 0.000000000000000000e+00 4.549431296000000089e+06
3.761648458559932462e-02 3.141067515171948603e-04 5.750460159136884846e+06 -6.957102368509777328e-04 1.644760124072825303e+06 1.224736466410991133e-03 3.064301287660148367e+07 0.000000000000000000e+00 2.553123802022926509e+07 0.000000000000000000e+00 1.164246294268374890e+07
4.263843696389812976e-02 -2.828325544084821274e-04 4.235255142857142724e+06 8.640289306640625000e-04 7.787536428571428405e+05 -1.290253230503627139e-03 2.570461257142857090e+07 0.000000000000000000e+00 2.298465600000000000e+07 0.000000000000000000e+00 9.229682285714285448e+06
4.756514582339458480e-02 1.856874182293938248e-04 2.939204661142608151e+06 -4.335545682511992996e-04 1.836747806367204466e+05 8.592301978848670193e-04 2.000190051809856296e+07 0.000000000000000000e+00 1.282472515656345524e+07 0.000000000000000000e+00 -7.944339816833842779e+05
5.262096060748640974e-02 -8.092301615168538762e-05 2.204891146067415830e+06 4.217597875702247057e-04 8.697750561797752744e+04 -3.938139154669943851e-04 1.750786157303370908e+07 0.000000000000000000e+00 1.056719460674157366e+07 0.000000000000000000e+00 1.488804943820224609e+06
5.756031740041873956e-02 -2.507880182549505010e-04 1.790938138613861520e+06 1.158761506033415814e-03 2.316551089108910819e+05 -9.455161519569925399e-04 1.500634613861386105e+07 0.000000000000000000e+00 1.182235500990099087e+07 0.000000000000000000e+00 3.479425267326732632e+06
6.254738279606215923e-02 -7.832620493009564749e-05 1.417644613195977407e+06 3.443239131101299912e-04 2.562523267108167638e+05 -3.613604615066224918e-04 1.300172473485405929e+07 0.000000000000000000e+00 9.185250362521460280e+06 0.000000000000000000e+00 2.022670253617856186e+06
6.757793472572401483e-02 -2.025208699472758978e-04 1.174736646748681786e+06 4.513812609841827720e-04 1.390080843585237162e+05 -6.835079360720562125e-04 1.166094487170474418e+07 0.000000000000000000e+00 6.830078650263619609e+06 0.000000000000000000e+00 1.420300372583479621e+06
7.255917516659465827e-02 5.085317091314859949e-05 9.941613598660964053e+05 -7.410033475915938337e-05 1.201123719546215434e+05 1.500168541937883695e-04 1.065612297712479159e+07 0.000000000000000000e+00 6.652984941789101809e+06 0.000000000000000000e+00 8.438914071043332806e+05
7.753384299139773339e-02 1.284864621694007346e-04 7.182356826247071149e+05 -2.322891383495145684e-04 1.457276732507532688e+04 4.101023053021426415e-04 9.180275529963174835e+06 0.000000000000000000e+00 5.182733798459993675e+06 0.000000000000000000e+00 1.074102808168731164e+06
8.251793356505521260e-02 -5.011602279243119714e-05 6.122752660550458822e+05 2.977563700544725114e-04 4.007350458715596324e+04 -5.211086448179472999e-05 8.220753027522936463e+06 0.000000000000000000e+00 4.175575192660550587e+06 0.000000000000000000e+00 4.671740917431192938e+05
8.752751931716111489e-02 -1.564119800440585929e-04 4.798167826875729370e+05 3.852087922767915380e-04 4.941755811843981064e+04 -5.018850427627317068e-04 7.226731979784891009e+06 0.000000000000000000e+00 3.250144684203706216e+06 0.000000000000000000e+00 2.448688599196579016e+05
9.254701955136974967e-02 -5.697356426618049093e-05 3.836310519598905812e+05 -9.792331358249771413e-05 2.695892798541476805e+04 -1.023743732907930749e-05 6.456249057429352775e+06 0.000000000000000000e+00 2.919017947128532454e+06 0.000000000000000000e+00 3.814815679124885937e+05
9.754963178921903511e-02 -2.126295404584947030e-05 3.239095136606301530e+05 1.872775567884434110e-04 8.023174793258661521e+04 -1.494540327645765701e-04 5.854826601905160584e+06 0.000000000000000000e+00 2.606142707003035583e+06 0.000000000000000000e+00 4.578267233329844312e+05
1.025319613041059119e-01 -4.003356590056285450e-05 2.679586101313320687e+05 5.024807985459661956e-05 3.269412983114446615e+04 7.798300451454033791e-06 5.310929314821763895e+06 0.000000000000000000e+00 2.092301352345215855e+06 0.000000000000000000e+00 8.928744465290807057e+03
1.075116003998943526e-01 -4.576585113714679178e-05 2.156611219848380424e+05 1.406626895244658746e-04 2.399293728463128718e+04 -1.781839571847002057e-04 4.820784871123363264e+06 0.000000000000000000e+00 1.886005987594762119e+06 0.000000000000000000e+00 6.092574500344589615e+04
1.125102861506304813e-01 -4.691455466877947193e-05 1.712421736105743330e+05 5.931313166692433146e-05 1.219525144933137562e+04 -2.766986843090554109e-04 4.445611662672953680e+06 0.000000000000000000e+00 1.566638472597974818e+06 0.000000000000000000e+00 4.147606449717863579e+05
1.175500852175193622e-01 -9.722567913525815032e-06 1.559498768311762251e+05 5.208518525103114942e-05 3.122812231546010662e+04 -6.698154823282605392e-05 4.195211633053619415e+06 0.000000000000000000e+00 1.448232670174939558e+06 0.000000000000000000e+00 1.696929916085905279e+05
1.225369446564099490e-01 1.680941741145316316e-06 1.250544577292287431e+05 2.424435203574975384e-05 2.364899145978152956e+04 -3.505733304369414464e-05 3.995424421582257841e+06 0.000000000000000000e+00 1.168243466931479750e+06 0.000000000000000000e+00 -2.156360283349884266e+05
1.275260957852891452e-01 -3.419626750848896518e-06 1.136815018190637784e+05 2.864492538048750655e-06 2.973356876061120420e+04 -1.720916059680451032e-07 3.751423875818578526e+06 0.000000000000000000e+00 1.104863464467620710e+06 0.000000000000000000e+00 2.803645112781954958e+04
1.325302087090364789e-01 7.589580060041523484e-06 8.775501442118849081e+04 -1.308312086162392649e-05 1.691113540205375466e+04 -2.565593151162953768e-05 3.522865918635317590e+06 0.000000000000000000e+00 8.293044511531338794e+05 0.000000000000000000e+00 -7.611873632231637021e+04
1.375062694904859717e-01 6.793141994456177105e-06 7.288121309398098674e+04 -6.894974673310454323e-05 1.123780190073917584e+04 -8.040592310421066508e-05 3.319240961351636797e+06 0.000000000000000000e+00 8.840663991552270018e+05 0.000000000000000000e+00 3.062822386483632727e+05
1.425134422753508989e-01 1.891164180984833892e-05 6.139360030716068286e+04 -3.529235757822998587e-05 2.198169015166058671e+04 5.858625095987713121e-05 3.129902098675369285e+06 0.000000000000000000e+00 7.506050236129774712e+05 0.000000000000000000e+00 7.107234401996544329e+04
1.475259222195813014e-01 2.580556061779579981e-06 4.567919012255683629e+04 1.953213984691785471e-05 9.927089890200009904e+03 3.727346277165246734e-05 2.953628791106656194e+06 0.000000000000000000e+00 6.741749327987607103e+05 0.000000000000000000e+00 9.489993712697617593e+04
1.525299430011916868e-01 1.651272404463983669e-05 4.491067162664862553e+04 2.609010399053094116e-05 2.399908014879945767e+04 -3.211724826682448166e-05 2.808909051065268926e+06 0.000000000000000000e+00 5.816139492729117628e+05 0.000000000000000000e+00 1.900506513358133088e+05
1.574945685492469272e-01 2.211651231447405672e-05 3.622363505479839660e+04 -2.780361548105309775e-05 1.596602386055728493e+04 1.086868605168439343e-04 2.601921757431148086e+06 0.000000000000000000e+00 5.004204388724875171e+05 0.000000000000000000e+00 5.172477567031989020e+04
1.625189323163163113e-01 1.692945939781022202e-05 3.036724321167883318e+04 -3.291443316605839842e-05 1.416587678832116944e+04 2.498877309534671754e-05 2.500107211678832304e+06 0.000000000000000000e+00 4.185003912408759352e+05 0.000000000000000000e+00 1.596634440875912551e+05
1.675461007718098694e-01 1.181774095956719823e-05 2.408071070615034114e+04 -2.231467557659453106e-05 1.568373917995444208e+04 1.110520069582858761e-05 2.400429485193621833e+06 0.000000000000000000e+00 3.642380683371298364e+05 0.000000000000000000e+00 5.505540774487471208e+04
1.725292014006662711e-01 3.154666743580446488e-06 2.267537488874971314e+04 -5.247047746975640600e-06 1.815403447934865108e+04 -1.920966713501664840e-05 2.303182001648152713e+06 0.000000000000000000e+00 3.326638694663282949e+05 0.000000000000000000e+00 1.982707468767511891e+05
1.775301965061671094e-01 2.212177798460373488e-05 1.277976173649671910e+04 -2.695899127650176522e-05 1.092766986370519953e+04 2.653534998501388311e-05 2.208516522968197707e+06 0.000000000000000000e+00 2.821827198384653893e+05 0.000000000000000000e+00 1.192973972741039906e+05
1.825147654490652804e-01 2.423446778339094418e-06 9.732705131613933190e+03 -5.712410263227864778e-06 1.174551827232709911e+04 1.922889616384531388e-05 2.127176264468669891e+06 0.000000000000000000e+00 2.271757114242665994e+05 0.000000000000000000e+00 6.839420154214304057e+04
1.875360723572403465e-01 2.749650837988826829e-05 6.505132513966480474e+03 -5.641148743016759790e-05 1.521299664804469285e+04 8.715411138268156041e-05 2.028627750614525052e+06 0.000000000000000000e+00 2.171884978770949820e+05 0.000000000000000000e+00 1.353779200000000128e+05
1.925323683450522461e-01 -7.530523722823176706e-06 5.396464388990038969e+03 2.280075238299239369e-05 1.545557159687265630e+04 -1.961073886151868694e-05 1.958636176930491580e+06 0.000000000000000000e+00 1.399411511192031612e+05 0.000000000000000000e+00 1.101934891292706452e+05
1.975198663583639380e-01 7.607973947135449339e-06 1.411739977235361039e+03 -2.277451941317819480e-05 1.114628921209055261e+04 3.580440985835335648e-05 1.907155618464651518e+06 0.000000000000000000e+00 8.570477237890475953e+04 0.000000000000000000e+00 1.923514520298469579e+05
2.025153694923672032e-01 6.555257059369873800e-06 -1.668615024606774284e+02 9.667973461775065418e-06 1.432628235067065543e+04 -2.729074842023605809e-05 1.838317843095628778e+06 0.000000000000000000e+00 1.023147119559973071e+05 0.000000000000000000e+00 8.901973250989096414e+04
2.075088499274508613e-01 7.491548638622364037e-06 -2.358321738533055395e+03 -1.863942026952758246e-05 9.545134168403215881e+03 1.873166695052554616e-05 1.774746365614051232e+06 0.000000000000000000e+00 8.008603778424054326e+04 0.000000000000000000e+00 4.320528045066293998e+04
2.125178062418619784e-01 -3.318633473882876904e-06 -1.688509862105079492e+03 -1.057381612465089943e-06 1.324987816372839916e+04 1.047460336630247396e-05 1.717078554721591994e+06 0.000000000000000000e+00 6.086320684238087415e+04 0.000000000000000000e+00 1.042111028102635755e+05
2.175004174234404231e-01 2.465859355273125372e-06 -4.429902196784782973e+03 -6.657820259237438505e-06 8.963410487332716002e+03 8.609958915495329496e-06 1.652365391465364955e+06 0.000000000000000000e+00 8.494995640097635624e+04 0.000000000000000000e+00 4.655153471929972147e+04
2.225093171556767890e-01 -1.251941543458560705e-05 -3.466696400780126623e+03 1.587171376647426071e-05 1.145630637694292818e+04 -2.834303309873722099e-05 1.606864003467228729e+06 0.000000000000000000e+00 4.346827146825318778e+04 0.000000000000000000e+00 1.260723115777860949e+05
2.275289586476768322e-01 -2.035750887322057480e-05 -3.830895453849686419e+03 5.705988317723481286e-05 1.406113454768100564e+04 -8.315958291378865727e-05 1.556506019286698429e+06 0.000000000000000000e+00 1.205851523036889739e+04 0.000000000000000000e+00 1.057524420633705886e+05
2.325285406108919262e-01 -1.207979371691557784e-05 -5.589288705364451744e+03 1.854603623597038574e-05 1.274351030505884773e+04 -3.211803976497553255e-05 1.514262431957506575e+06 0.000000000000000000e+00 7.002503192476307049e+03 0.000000000000000000e+00 7.954264093282156682e+04
2.375276552426477672e-01 6.934984179996484271e-06 -4.254646370188082074e+03 -2.918186412374758413e-06 1.132478706275268087e+04 1.780952001669889291e-05 1.469712046686588088e+06 0.000000000000000000e+00 -1.917047917032870600e+03 0.000000000000000000e+00 1.147528797328177170e+05
2.424991024241769377e-01 1.384891023584826077e-06 -5.659817466614893419e+03 4.682250603548697467e-06 1.039692441713234257e+04 -1.048560346428511118e-05 1.422550833758209134e+06 0.000000000000000000e+00 -2.121398868873769607e+04 0.000000000000000000e+00 9.002558762851788197e+04
2.474998551644826128e-01 2.018479326769132340e-05 -5.459242010886967364e+03 -1.406368826048671180e-05 1.096539993595901433e+04 3.382047322786583410e-05 1.392832143451809185e+06 0.000000000000000000e+00 -1.807389510086455266e+04 0.000000000000000000e+00 1.122091199487672129e+05
2.525200307756395035e-01 -9.363884163315806364e-07 -5.830567274976801855e+03 7.173943512217754717e-06 1.176608029693782919e+04 -5.455972829028766460e-06 1.355910295081967255e+06 0.000000000000000000e+00 -4.412561855861429649e+04 0.000000000000000000e+00 6.863996634704609460e+04
2.575182250600202005e-01 4.584117241636241222e-06 -6.947027613441620815e+03 -6.403211385142686998e-07 1.142437910736904814e+04 1.288646291259965732e-05 1.316202249251173576e+06 0.000000000000000000e+00 -3.339790382236793084e+04 0.000000000000000000e+00 5.774944555547276832e+04
2.625255687975799335e-01 3.189833007645347122e-06 -5.040341416100873175e+03 -2.769861543975010105e-05 9.583122724938666579e+03 2.009838559347720509e-05 1.282384055685513653e+06 0.000000000000000000e+00 -6.512284635134364362e+04 0.000000000000000000e+00 8.972551697381182748e+04
2.675305520911575030e-01 8.090712638599300366e-07 -6.199616575302743513e+03 8.225557849242622798e-06 8.644220654230126456e+03 -1.412503581488794546e-05 1.255051253310503671e+06 0.000000000000000000e+00 -4.919631686941632506e+04 0.000000000000000000e+00 5.279746460280857718e+04
2.725404586615198799e-01 -4.106242066430422001e-06 -6.831689004072565695e+03 7.579761298725339561e-06 1.128816459512349866e+04 -8.745133457515734702e-06 1.238046383667424787e+06 0.000000000000000000e+00 -6.332256878404823510e+04 0.000000000000000000e+00 7.315172581583539431e+04
2.775333197047151201e-01 5.566004891824126429e-06 -8.248768216713624497e+03 -1.454607854382609020e-05 7.694892858066016743e+03 1.754206587080285362e-05 1.205279047948923428e+06 0.000000000000000000e+00 -5.150284984620156320e+04 0.000000000000000000e+00 8.331875244914312498e+04
2.825123907298719983e-01 -3.377230902241709438e-07 -5.136434953374915494e+03 3.015384734144383502e-07 1.005330560118569701e+04 -8.488308026616439878e-06 1.176462666287902277e+06 0.000000000000000000e+00 -8.530991870561354153e+04 0.000000000000000000e+00 9.099985662940777547e+04
2.875104651677040102e-01 -2.586483110575081229e-06 -5.994728212986017752e+03 7.541717137671183773e-06 9.441100938517525719e+03 -7.010903584046099295e-06 1.153271027006320655e+06 0.000000000000000000e+00 -9.258121585903083906e+04 0.000000000000000000e+00 7.449592645087148412e+04
2.924971317655564174e-01 1.512667757111976665e-06 -6.342519182975181138e+03 2.195625960882682462e-05 9.687897259244702582e+03 -1.460458142360910389e-05 1.125217113040261669e+06 0.000000000000000000e+00 -7.439496893964789342e+04 0.000000000000000000e+00 4.412937937093250366e+04
2.975058823671092867e-01 -3.523030953068111115e-06 -4.433875854719829476e+03 -2.022219767061095590e-05 6.483963413551194208e+03 4.570455155653361159e-06 1.102778254151496338e+06 0.000000000000000000e+00 -8.939254133735902724e+04 0.000000000000000000e+00 7.540917502886067086e+04
3.025121359101998753e-01 -7.092754312394622015e-06 -5.362983009813669923e+03 1.300338290605680745e-05 8.512960096839738981e+03 -2.326254539362759748e-05 1.084342025506895501e+06 0.000000000000000000e+00 -7.033584782326748245e+04 0.000000000000000000e+00 5.051662133068176627e+04
3.075010376196579687e-01 5.409187699221404013e-07 -4.883918022678581110e+03 1.683992396927418111e-07 1.004039839055233460e+04 -1.694070836272665762e-05 1.068575832450227346e+06 0.000000000000000000e+00 -9.905892509797774255e+04 0.000000000000000000e+00 9.419504014213304617e+04
3.125134169243361515e-01 4.457665141765534165e-06 -3.436226020510758190e+03 -9.416081213553186921e-06 6.651504685300623350e+03 1.759746773200281545e-05 1.043985893746229704e+06 0.000000000000000000e+00 -9.888126378443595604e+04 0.000000000000000000e+00 7.646110500703800062e+04
3.175159688234982513e-01 6.485408827892446331e-06 -4.019133165014588485e+03 -1.471688926329439751e-05 7.449428102680984011e+03 1.781088977660107595e-05 1.030660411234784988e+06 0.000000000000000000e+00 -1.003261261211698438e+05 0.000000000000000000e+00 5.372878938216541428e+04
3.225221380836135188e-01 2.498097390032093990e-06 -4.727105909005097601e+03 8.835521580611667349e-06 8.311918142344724401e+03 -1.139699321254955735e-05 1.012892006796299829e+06 0.000000000000000000e+00 -1.026452225788182113e+05 0.000000000000000000e+00 6.734306905795734201e+04
3.275181733526948968e-01 -7.723738025268418419e-06 -4.006395557201036809e+03 1.177994333695853397e-05 7.811157941503147413e+03 -2.693760973221723384e-05 9.961523560162902577e+05 0.000000000000000000e+00 -1.085660647167715651e+05 0.000000000000000000e+00 3.348694439096630958e+04
3.325123842131759710e-01 -1.945880071519432047e-06 -2.941039024346851420e+03 -4.829952320378590872e-06 7.187784623322096195e+03 1.168396739372158996e-05 9.850758851063451730e+05 0.000000000000000000e+00 -1.007714394797939894e+05 0.000000000000000000e+00 6.940498693258137791e+04
3.374959366892091861e-01 -2.980871240321620086e-06 -4.078729776127246623e+03 1.094197857727814203e-05 6.746668535192517083e+03 -7.135166507276302618e-06 9.679846205374348210e+05 0.000000000000000000e+00 -9.589935073398031818e+04 0.000000000000000000e+00 3.525183365448621771e+04
3.424919221947719805e-01 6.511013509571711066e-08 -3.530274541833001422e+03 3.597334964038370215e-06 5.548644092375134278e+03 1.133323289009825990e-05 9.508712314628841123e+05 0.000000000000000000e+00 -9.188632798006484518e+04 0.000000000000000000e+00 5.282051334705681802e+04
3.475179778446125245e-01 8.080323230796876890e-06 -3.415365112555950873e+03 -2.211519857589766948e-05 5.929760904368281444e+03 2.672868026258290623e-05 9.415206090110104997e+05 0.000000000000000000e+00 -8.865387813245336292e+04 0.000000000000000000e+00 5.240152383441696293e+04
3.525052850529177828e-01 -2.276514849113843036e-06 -2.401622736707648073e+03 4.147622944275905853e-06 5.988187641705253554e+03 -3.375790855021555195e-06 9.194348686571930302e+05 0.000000000000000000e+00 -9.512237330352865683e+04 0.000000000000000000e+00 3.634839891425834503e+04
3.575133254796376558e-01 -7.484900859194763316e-07 -2.074747890335783723e+03 -1.166147553862544242e-05 5.446477454760061846e+03 1.043769424814709778e-05 9.170473436089246534e+05 0.000000000000000000e+00 -9.367335318959769211e+04 0.000000000000000000e+00 5.664342831740387192e+04
3.625250227669692404e-01 4.676206520102393735e-06 -1.893263183255533704e+03 -3.157909906264116747e-06 4.219350579731967628e+03 3.151476446035988444e-06 8.999758831501279492e+05 0.000000000000000000e+00 -1.059378883903026581e+05 0.000000000000000000e+00 5.480564107815087482e+04
3.675230446100045678e-01 1.794091595039695573e-06 -1.743364987715883444e+03 -7.389948712901602894e-06 4.739467605654338513e+03 9.144883546938448686e-06 8.937598073033994297e+05 0.000000000000000000e+00 -1.076506492283241823e+05 0.000000000000000000e+00 5.868761693968754116e+04
3.725177060730277545e-01 1.530328550267310893e-06 -2.119423866430327962e+03 -9.291903683208016941e-07 4.967793698896449314e+03 2.762051087804298771e-06 8.833719938246898819e+05 0.000000000000000000e+00 -8.999382926410887740e+04 0.000000000000000000e+00 5.444521241923495108e+04
3.775163034622419089e-01 -2.693575413216016794e-07 -1.532321415519131733e+03 -4.026895242757945237e-06 4.780150074816750930e+03 2.858556907275497994e-06 8.719531336289227474e+05 0.000000000000000000e+00 -1.019833488391336432e+05 0.000000000000000000e+00 4.685646795981271862e+04
3.825226892977953153e-01 6.862331081081081081e-07 -1.017917081081081051e+03 -2.207163217905405477e-06 3.849316756756756604e+03 5.696889516469594343e-06 8.614658490810811054e+05 0.000000000000000000e+00 -9.983038270270270004e+04 0.000000000000000000e+00 6.746580410810810281e+04
3.875130067694269043e-01 2.849164828108535487e-06 -1.429397681770284635e+03 -9.206725624012117729e-06 4.522153424657534742e+03 1.431737483741109178e-05 8.566305989462592406e+05 0.000000000000000000e+00 -9.872165226554268156e+04 0.000000000000000000e+00 5.028744699683877843e+04
3.924957861003909865e-01 2.110390753226273806e-06 -1.136571145367360714e+03 -1.154193602564927755e-06 4.482083146139735618e+03 5.036141895194381338e-06 8.453571379911821568e+05 0.000000000000000000e+00 -1.024412460464068572e+05 0.000000000000000000e+00 6.947989449361182051e+04
3.975064703251052212e-01 1.222140047085062882e-06 -1.276514317576358508e+03 -2.789141394585218161e-06 4.271350325258658813e+03 -6.246829696115482351e-07 8.406907408462921157e+05 0.000000000000000000e+00 -9.849387869400905038e+04 0.000000000000000000e+00 6.555421389009355335e+04
