3.798113400606732779e-03 8.713571648848683854e-05 -1.277204000000000000e+06 -2.499630576685855292e-04 3.330778684210526408e+05 3.246006212736430750e-04
8.299341265228576958e-03 3.910064697265625000e-05 -1.530784875000000000e+06 -9.393692016601562500e-05 2.140075625000000000e+05 1.252889633178710938e-04
1.293222767532251419e-02 9.330214968152867558e-06 -1.306297375796178356e+06 -3.887589570063694760e-05 1.119582929936305736e+05 2.915692177547770731e-05
1.764839556552980082e-02 8.779029323630136499e-06 -1.028370301369862980e+06 8.151955800513697331e-06 -1.500703972602739523e+05 -6.317765745398115770e-05
2.256548662787912635e-02 1.522994447069943262e-05 -8.017103364839319838e+05 -3.069064567580340430e-05 -1.432166502835538704e+05 4.124776627481096489e-05
2.777643688250242340e-02 2.024580792682926933e-05 -5.702462439024390187e+05 -2.679592225609756106e-05 -1.443832780487804848e+05 4.153367949695122252e-05
3.269804980233311648e-02 2.050781250000000127e-05 -4.007897920000000158e+05 -2.001953125000000084e-05 -4.594849199999999837e+04 4.772949218750000173e-05
3.761648458559932462e-02 1.397007474687078540e-05 -3.113663438975050813e+05 -4.809528127041364361e-05 -3.285174645987862459e+04 6.394087263481567252e-05
4.263843696389812976e-02 1.852852957589285569e-05 -2.386782678571428405e+05 -2.506801060267857046e-05 -1.950766517857142753e+04 4.386901855468750000e-05
4.756514582339458480e-02 3.832997165285651873e-06 -1.867150178805058822e+05 2.342387156563454158e-06 -1.392006977758395078e+04 1.463991972852158827e-05
5.262096060748640974e-02 -2.635998672313904580e-06 -1.512140337078651646e+05 5.132696601781951867e-06 -1.670795926966292245e+04 -1.202808337265186122e-06
5.756031740041873956e-02 9.366781404702970146e-06 -1.309696039603960380e+05 -1.374801786819306966e-05 -1.369903465346534722e+04 1.801594649211014758e-05
6.254738279606215923e-02 5.928359547461368437e-06 -1.138344782928623899e+05 -1.122795368837380288e-05 -1.870316409124356142e+04 2.509821914474490840e-05
6.757793472572401483e-02 6.650579415641475714e-06 -9.607730755711774691e+04 -2.842586363137082416e-05 -1.324839455184534199e+04 2.164119995331722119e-05
7.255917516659465827e-02 -6.016111737493026113e-06 -7.875041696113074431e+04 1.068143612260554161e-05 -7.299671936023804847e+03 -1.703524469819369622e-05
7.753384299139773339e-02 -9.629332903519418282e-06 -6.989490994308670633e+04 2.824178618414169953e-05 -1.039651021091396069e+04 -3.713742522120595720e-05
8.251793356505521260e-02 -2.450625830834065067e-06 -5.992528899082569114e+04 1.611922859051905748e-06 -7.937997706422018382e+03 -9.364525385952871355e-06
8.752751931716111489e-02 -2.530938188415187409e-06 -5.197486691719580267e+04 2.119660732797719614e-06 -7.819643384735000836e+03 -1.244114303242840514e-05
9.254701955136974967e-02 1.429207453210460208e-06 -4.201960619872379175e+04 -7.829344479083579953e-06 -5.972450774840473969e+03 8.878212357610600438e-06
9.754963178921903511e-02 4.089029624201821416e-07 -3.840176530932691094e+04 2.248966293311001699e-06 -5.381506961164031964e+03 8.944752302941484195e-06
1.025319613041059119e-01 -1.998242920379924806e-06 -3.220487204502814348e+04 5.525227559216697468e-07 -5.535745590994371923e+03 1.122938088136139762e-06
1.075116003998943526e-01 5.783827694262577973e-07 -2.989996691936595380e+04 1.330280369680392807e-06 -4.344386629910406555e+03 4.286605025225060552e-06
1.125102861506304813e-01 4.246088013063307161e-07 -2.625865038262348389e+04 -6.840919576601994871e-07 -5.165595114787045532e+03 5.075254644503169479e-06
1.175500852175193622e-01 7.335330256186887393e-07 -2.261255582420708379e+04 -1.388938273360830719e-06 -2.953778409899018698e+03 3.042642905081069513e-06
1.225369446564099490e-01 -3.636652805362462928e-07 -2.091900695134061607e+04 -1.179891799073154768e-06 -3.971653359814631131e+03 -5.818644488579940685e-07
1.275260957852891452e-01 -8.391778850162199184e-07 -1.850064904195973577e+04 -5.741012984041505302e-07 -2.956938879456706218e+03 -7.893198935291068612e-06
1.325302087090364789e-01 -3.835888839010156610e-07 -1.597808787385668620e+04 -8.219761797878907399e-08 -2.296309522473486140e+03 1.212414865187138649e-06
1.375062694904859717e-01 2.681164202745512029e-06 -1.459090517423442361e+04 9.280953009503695405e-07 -2.526641182682154067e+03 2.294457827349524571e-06
1.425134422753508989e-01 5.067710708029372007e-07 -1.361785678633134921e+04 -2.561683823220627781e-06 -2.066611057784603418e+03 2.857178226499507971e-06
1.475259222195813014e-01 -1.312524203836165676e-06 -1.221081962731787280e+04 3.192325817804911553e-06 -2.474402842954120842e+03 -3.361952886521026210e-06
1.525299430011916868e-01 5.108624001310449245e-07 -1.093403314169766600e+04 -5.753652284304193660e-07 -1.790554616165032030e+03 9.352910103409282371e-08
1.574945685492469272e-01 1.086078729728636631e-07 -9.711095401787519222e+03 9.527872492619403038e-07 -1.017910462247745272e+03 9.490847081378654691e-07
1.625189323163163113e-01 -2.187464359032846890e-06 -8.819908905109490661e+03 6.395326043567518976e-06 -1.901031386861314104e+03 -6.794616253706661493e-06
1.675461007718098694e-01 2.389616738147778773e-07 -8.430275056947608391e+03 2.428719557499288057e-06 -1.560099943052391836e+03 -6.223865413448533204e-07
1.725292014006662711e-01 -6.277143010185582125e-07 -7.535112371032073497e+03 6.357619202623858724e-07 -1.283979562909978085e+03 -5.492500133912385021e-07
1.775301965061671094e-01 -2.609245227118563641e-07 -6.660199394245330950e+03 1.060547460395239180e-06 -1.610072059565875861e+03 -2.781229149145889898e-06
1.825147654490652804e-01 1.154022275399568682e-07 -6.131008183402759641e+03 1.009769490974622630e-07 -1.427056397530207732e+03 -3.498130022304942526e-07
1.875360723572403465e-01 -4.023546613128491506e-07 -5.330852737430167508e+03 1.490076160963687231e-06 -1.128939441340782196e+03 -1.557419419954609032e-06
1.925323683450522461e-01 -8.334564016145442086e-08 -4.852682446181856903e+03 1.168473190498821870e-07 -1.064165256506372543e+03 -1.415445933036072913e-06
1.975198663583639380e-01 3.350102164221575378e-07 -4.392753762488933717e+03 -4.237802046446186477e-07 -9.044755280131528252e+02 8.867349910482799245e-07
2.025153694923672032e-01 -1.060149389655505253e-07 -3.925477564411849926e+03 -2.296990344253594736e-07 -9.660888738782206246e+02 4.137527479072179945e-07
2.075088499274508613e-01 1.118141587854084171e-08 -3.796709977329455796e+03 1.621305302388421948e-07 -8.242040806979780427e+02 1.214581299806498835e-06
2.125178062418619784e-01 -4.760880685847225034e-08 -3.259140862279630255e+03 -4.562788097869665332e-07 -1.076049310525397232e+03 -1.220724765366754005e-06
2.175004174234404231e-01 -3.393767367869392194e-07 -3.089992761552057800e+03 -9.367375871105915242e-07 -5.803934853968521566e+02 1.606220007444429523e-06
2.225093171556767890e-01 4.220432978812474483e-07 -2.925159078820354353e+03 -7.088163079800437628e-07 -9.419983845865921239e+02 1.049547132872062291e-06
2.275289586476768322e-01 3.426103812345735203e-07 -2.476551354660952256e+03 -9.663014139677286911e-07 -5.531232205724782034e+02 -1.326575133987723378e-08
2.325285406108919262e-01 -2.828425964507576394e-07 -2.201842067924254025e+03 4.750589831457033620e-07 -5.654537318319902397e+02 5.018096752290613767e-07
2.375276552426477672e-01 2.360297833538407447e-07 -2.083893970820882259e+03 -1.008490892511865060e-07 -2.882047987343997306e+02 1.979431592217437317e-07
2.424991024241769377e-01 -2.086610359195887434e-07 -1.929982003275201350e+03 6.123299782479783756e-07 -5.935467053838232232e+02 -8.794032239141926460e-07
2.474998551644826128e-01 2.578554571800952372e-07 -1.685903298110790956e+03 -1.677709476252301374e-07 -3.659464937560038607e+02 -1.479676240841013234e-07
2.525200307756395035e-01 -2.864857705208011471e-07 -1.457824435508815441e+03 6.104931534903727430e-07 -4.016672440457779203e+02 -4.571619101659159589e-07
2.575182250600202005e-01 -1.218793076149318156e-07 -1.303745473511660748e+03 3.665474699165486638e-07 -5.529949780195216817e+02 -3.813276098325385686e-07
2.625255687975799335e-01 -8.166111793589890206e-07 -1.031861813202487610e+03 1.080399225569835176e-06 -2.979906144805157737e+02 -2.070039692666136429e-06
2.675305520911575030e-01 3.371130266083042260e-07 -9.746201792297813427e+02 -8.394114362546774408e-07 -3.929092114165780458e+02 1.115001335506966150e-06
2.725404586615198799e-01 2.308147073504521942e-07 -8.560513037499338225e+02 1.161336936633918556e-06 -3.954935473634103573e+02 -9.686550786621686739e-07
2.775333197047151201e-01 8.957197498109830322e-07 -7.485856747744720678e+02 -1.374738523983347047e-06 -3.031823351513428406e+02 1.390170067449377228e-06
2.825123907298719983e-01 1.537846214413635623e-07 -6.932186500339653321e+02 -5.020615582350398084e-07 -4.004366578151053204e+02 1.534076983495955205e-07
2.875104651677040102e-01 -1.422017727106427080e-07 -5.021292855774755708e+02 -6.615533337376625294e-07 -2.625773798122964990e+02 4.947493757194222084e-07
2.924971317655564174e-01 -5.153935618331618414e-07 -5.095177611577985886e+02 9.364217726804436283e-07 -2.814753378261221428e+02 -1.649673899875121337e-06
2.975058823671092867e-01 -3.446811533410387583e-08 -3.929914750022200565e+02 -1.767020212398224365e-07 -2.146791359559541661e+02 2.380057239117498328e-07
3.025121359101998753e-01 2.209889038925035750e-08 -2.938810038476503337e+02 -1.759665376517173848e-07 -2.786547058060611448e+02 -2.702578852640598646e-07
3.075010376196579687e-01 3.725195302293985902e-07 -1.806982912682238691e+02 -4.924402009196844109e-07 -1.711557297382034903e+02 7.750192281313686356e-07
3.125134169243361515e-01 3.646706374578976769e-07 -2.348731952543736270e+02 -1.088412216005492249e-06 -4.033977076211542681e+02 1.990481111429453354e-06
3.175159688234982513e-01 1.469050631318093061e-07 -1.658346415694904294e+02 -5.933165713017358706e-07 -2.513227102592567235e+02 8.152481488187192858e-07
3.225221380836135188e-01 -4.185580613141873018e-07 -5.229173588823862673e+01 1.460056114088753222e-06 -2.313403247121011930e+02 -1.585760363232578756e-06
3.275181733526948968e-01 -4.431884494458071237e-07 -1.895276286560533308e+01 1.291573731734195611e-06 -1.118075990373935582e+02 -1.370205079480834692e-06
3.325123842131759710e-01 -3.138165963555334245e-07 1.838688654740830941e+01 7.329626385466611483e-08 -1.689931416066964971e+02 -3.079800420115507525e-07
3.374959366892091861e-01 1.079870858222681689e-07 1.032012227166030272e+02 -2.566029762113302773e-07 -2.533012297235749770e+02 2.806595052311425106e-07
3.424919221947719805e-01 2.899435703481152359e-07 1.330923417979981593e+02 -9.181546394356983352e-07 -2.160833576411171180e+02 7.226970659159381514e-07
3.475179778446125245e-01 3.193143527471248051e-07 1.164745401378769571e+02 -1.406503696624240268e-06 -2.715545790178717311e+02 1.850920227970087495e-06
3.525052850529177828e-01 1.477639400671603089e-07 1.888405077438927151e+02 -2.933960838019419413e-07 -1.899038320293788900e+02 2.360659895776160701e-07
3.575133254796376558e-01 -1.585863369541890631e-07 1.698450690191690171e+02 2.954196807863433392e-07 -2.141393106514091187e+02 -2.113607355903083737e-06
3.625250227669692404e-01 -1.815154850079054183e-07 2.492896250564673721e+02 4.657365672291446743e-07 -2.322050143050745135e+02 -3.697516382898377321e-07
3.675230446100045678e-01 1.673061606485430324e-07 2.264654404420824108e+02 -3.777737510388644939e-07 -2.556689339428004928e+02 8.008225069872748474e-07
3.725177060730277545e-01 1.219289708665089642e-07 2.914634055692149559e+02 -2.027423585338462785e-07 -2.460413688604265587e+02 6.682372868889239761e-07
3.775163034622419089e-01 7.744029312996049143e-08 3.050622737396652724e+02 -4.999949360782232058e-07 -2.483626233442053319e+02 2.857715164958868007e-07
3.825226892977953153e-01 1.253695101351351463e-07 3.103596756756756463e+02 -4.012649123733108310e-07 -2.210370675675675614e+02 8.263459076752534084e-07
3.875130067694269043e-01 1.173753004807692373e-07 2.221809799789251940e+02 -2.789673237453898865e-07 -2.751909114857745067e+02 2.228924798513237768e-07
3.924957861003909865e-01 -2.042820535513146568e-08 2.896865832072861053e+02 2.993517784732726528e-07 -3.008419914395134356e+02 -6.032213331308532388e-07
3.975064703251052212e-01 -1.542800554488569632e-07 2.228733535716498579e+02 1.750776119431881733e-07 -2.929180843813890078e+02 -6.135279165827705786e-08
