3.798113400606732779e-03 3.004068750000000000e+04 0.000000000000000000e+00 7.405736842105262440e+03 0.000000000000000000e+00 1.531395559210526153e+04
8.299341265228576958e-03 3.695454296875000000e+04 0.000000000000000000e+00 3.087169531250000000e+04 0.000000000000000000e+00 2.530760546875000000e+04
1.293222767532251419e-02 3.483110509554140299e+04 0.000000000000000000e+00 1.038764012738853489e+04 0.000000000000000000e+00 3.680525875796178752e+03
1.764839556552980082e-02 3.958180479452054715e+04 0.000000000000000000e+00 2.170938356164383367e+04 0.000000000000000000e+00 2.406375856164383549e+03
2.256548662787912635e-02 3.534210964083176077e+04 0.000000000000000000e+00 1.690146691871455550e+04 0.000000000000000000e+00 -7.307089792060492073e+03
2.777643688250242340e-02 3.113574146341463347e+04 0.000000000000000000e+00 1.807208536585365800e+04 0.000000000000000000e+00 1.651940243902439079e+03
3.269804980233311648e-02 2.983413600000000224e+04 0.000000000000000000e+00 1.647309100000000035e+04 0.000000000000000000e+00 -5.013764500000000226e+03
3.761648458559932462e-02 2.551032501685772149e+04 0.000000000000000000e+00 1.609329871881321560e+04 0.000000000000000000e+00 2.861195886716116092e+03
4.263843696389812976e-02 2.212676339285714130e+04 0.000000000000000000e+00 1.219744754464285688e+04 0.000000000000000000e+00 -3.732397879464285325e+03
4.756514582339458480e-02 2.094791626689925761e+04 0.000000000000000000e+00 1.193894723070213695e+04 0.000000000000000000e+00 -1.021536960313999202e+03
5.262096060748640974e-02 1.895273314606741405e+04 0.000000000000000000e+00 9.905054073033707027e+03 0.000000000000000000e+00 2.058227879213482993e+03
5.756031740041873956e-02 1.797372153465346491e+04 0.000000000000000000e+00 1.112951732673267361e+04 0.000000000000000000e+00 1.841311417079208013e+03
6.254738279606215923e-02 1.655286141770910035e+04 0.000000000000000000e+00 8.860088300220750170e+03 0.000000000000000000e+00 1.833794579347559420e+03
6.757793472572401483e-02 1.580192970123022678e+04 0.000000000000000000e+00 8.519635325131810532e+03 0.000000000000000000e+00 1.912416520210896124e+03
7.255917516659465827e-02 1.486905114376046185e+04 0.000000000000000000e+00 8.234816440394271922e+03 0.000000000000000000e+00 9.682223358750233047e+02
7.753384299139773339e-02 1.381754402410445255e+04 0.000000000000000000e+00 6.936245061935052036e+03 0.000000000000000000e+00 9.002135085369936860e+02
8.251793356505521260e-02 1.275244266055045955e+04 0.000000000000000000e+00 6.570076834862386022e+03 0.000000000000000000e+00 1.759784618692660558e+02
8.752751931716111489e-02 1.154284307373331649e+04 0.000000000000000000e+00 5.876519372813269911e+03 0.000000000000000000e+00 5.601597771154594056e+02
9.254701955136974967e-02 1.055537648131267088e+04 0.000000000000000000e+00 5.188295350957156188e+03 0.000000000000000000e+00 2.870117365542388370e+02
9.754963178921903511e-02 9.712036847063749519e+03 0.000000000000000000e+00 4.878678111587983039e+03 0.000000000000000000e+00 -1.537936512090442704e+02
1.025319613041059119e-01 9.039711069418386614e+03 0.000000000000000000e+00 4.437578611632269713e+03 0.000000000000000000e+00 6.304833958724202603e+02
1.075116003998943526e-01 8.515986905582356485e+03 0.000000000000000000e+00 3.951771536871123317e+03 0.000000000000000000e+00 4.041155237767057429e+02
1.125102861506304813e-01 8.144746386333771625e+03 0.000000000000000000e+00 4.008576949833810431e+03 0.000000000000000000e+00 1.116878101569142927e+03
1.175500852175193622e-01 7.729908121177641988e+03 0.000000000000000000e+00 3.718650832029583398e+03 0.000000000000000000e+00 7.193402076518276544e+02
1.225369446564099490e-01 7.570916650115856100e+03 0.000000000000000000e+00 3.682940483283681260e+03 0.000000000000000000e+00 -1.065172790466732948e+02
1.275260957852891452e-01 7.140455493572640989e+03 0.000000000000000000e+00 3.183178268251273039e+03 0.000000000000000000e+00 4.935365025466892916e+02
1.325302087090364789e-01 6.979048987149991262e+03 0.000000000000000000e+00 2.985586218506256500e+03 0.000000000000000000e+00 8.576578194265192678e+01
1.375062694904859717e-01 6.613777402323125898e+03 0.000000000000000000e+00 3.008703484688489880e+03 0.000000000000000000e+00 6.967341077085533243e+02
1.425134422753508989e-01 6.298709157227875039e+03 0.000000000000000000e+00 2.953497408331733368e+03 0.000000000000000000e+00 1.704354542618544954e+01
1.475259222195813014e-01 6.030594924597931822e+03 0.000000000000000000e+00 2.705236502801949882e+03 0.000000000000000000e+00 3.144843500842862909e+02
1.525299430011916868e-01 5.791203922894826064e+03 0.000000000000000000e+00 2.683103821440649426e+03 0.000000000000000000e+00 4.780078204261075143e+02
1.574945685492469272e-01 5.456925951389169313e+03 0.000000000000000000e+00 2.452826303231285237e+03 0.000000000000000000e+00 2.779980385813078669e+01
1.625189323163163113e-01 5.272891678832117577e+03 0.000000000000000000e+00 2.367480291970803137e+03 0.000000000000000000e+00 4.482018248175182862e+02
1.675461007718098694e-01 5.024999430523917908e+03 0.000000000000000000e+00 2.171713980637813165e+03 0.000000000000000000e+00 -2.946483930096810866e+01
1.725292014006662711e-01 4.873450637834986992e+03 0.000000000000000000e+00 2.094514685038072457e+03 0.000000000000000000e+00 2.660064937205393107e+02
1.775301965061671094e-01 4.744867743563856493e+03 0.000000000000000000e+00 1.820050353356890355e+03 0.000000000000000000e+00 9.485269434628975205e+01
1.825147654490652804e-01 4.511432774971195613e+03 0.000000000000000000e+00 1.717982687819433295e+03 0.000000000000000000e+00 1.063040119353599806e+02
1.875360723572403465e-01 4.425441340782123007e+03 0.000000000000000000e+00 1.762337653631284866e+03 0.000000000000000000e+00 1.425340223463687153e+02
1.925323683450522461e-01 4.323030095319695647e+03 0.000000000000000000e+00 1.706987576309307087e+03 0.000000000000000000e+00 1.542765208311020615e+02
1.975198663583639380e-01 4.149892905020867147e+03 0.000000000000000000e+00 1.504297154420133893e+03 0.000000000000000000e+00 2.112621095232072719e+02
2.025153694923672032e-01 4.038330985235935714e+03 0.000000000000000000e+00 1.556112805172247590e+03 0.000000000000000000e+00 1.600779817620380356e+02
2.075088499274508613e-01 3.945054661201309955e+03 0.000000000000000000e+00 1.373676887494561470e+03 0.000000000000000000e+00 3.802187764775928258e+01
2.125178062418619784e-01 3.832068423808692842e+03 0.000000000000000000e+00 1.423379647407924722e+03 0.000000000000000000e+00 2.219991054285215739e+02
2.175004174234404231e-01 3.702854978537160150e+03 0.000000000000000000e+00 1.355057823415537541e+03 0.000000000000000000e+00 6.760574657015402522e+01
2.225093171556767890e-01 3.600506845806820365e+03 0.000000000000000000e+00 1.279755087567226838e+03 0.000000000000000000e+00 1.417287582986938901e+02
2.275289586476768322e-01 3.479339660186744368e+03 0.000000000000000000e+00 1.171885274758916239e+03 0.000000000000000000e+00 2.081580820450023168e+02
2.325285406108919262e-01 3.425715751368853944e+03 0.000000000000000000e+00 1.145391956051152420e+03 0.000000000000000000e+00 1.458880177541702494e+02
2.375276552426477672e-01 3.330172895060643441e+03 0.000000000000000000e+00 1.047408753735278651e+03 0.000000000000000000e+00 1.387675865705747924e+02
2.424991024241769377e-01 3.268441848294025476e+03 0.000000000000000000e+00 9.784258099370283617e+02 0.000000000000000000e+00 1.161239342933837548e+02
2.474998551644826128e-01 3.175387768171629887e+03 0.000000000000000000e+00 9.544658341338456466e+02 0.000000000000000000e+00 1.223090858149215450e+02
2.525200307756395035e-01 3.102371790906279330e+03 0.000000000000000000e+00 9.162077946180019126e+02 0.000000000000000000e+00 1.214290596968759814e+02
2.575182250600202005e-01 3.047082393264287475e+03 0.000000000000000000e+00 8.898080917964383616e+02 0.000000000000000000e+00 5.338287012890246785e+01
2.625255687975799335e-01 3.002717407428538991e+03 0.000000000000000000e+00 8.969164717293318745e+02 0.000000000000000000e+00 6.624102099617732620e+01
2.675305520911575030e-01 2.902791842145234114e+03 0.000000000000000000e+00 8.115512903715772381e+02 0.000000000000000000e+00 1.892687549191532881e+01
2.725404586615198799e-01 2.856667477653778860e+03 0.000000000000000000e+00 7.598569841857512301e+02 0.000000000000000000e+00 1.009640939863542570e+02
2.775333197047151201e-01 2.786855739654147328e+03 0.000000000000000000e+00 7.561136299015172426e+02 0.000000000000000000e+00 5.724894667459353315e+01
2.825123907298719983e-01 2.737861545112085423e+03 0.000000000000000000e+00 7.020763045760513705e+02 0.000000000000000000e+00 1.862820972024949029e+01
2.875104651677040102e-01 2.675610994062440113e+03 0.000000000000000000e+00 6.891632828959968720e+02 0.000000000000000000e+00 4.104776683106684487e+01
2.924971317655564174e-01 2.622562554185113640e+03 0.000000000000000000e+00 6.496215653862603858e+02 0.000000000000000000e+00 -1.067657844848512738e+01
2.975058823671092867e-01 2.586948583607139426e+03 0.000000000000000000e+00 6.517664061806233349e+02 0.000000000000000000e+00 6.310458107628096514e+01
3.025121359101998753e-01 2.524062599974060959e+03 0.000000000000000000e+00 5.942289568112057623e+02 0.000000000000000000e+00 1.906498719251221274e+01
3.075010376196579687e-01 2.494909755970110382e+03 0.000000000000000000e+00 5.776156346344777148e+02 0.000000000000000000e+00 6.820227830903485255e+01
3.125134169243361515e-01 2.441934767745827685e+03 0.000000000000000000e+00 5.415983510959180194e+02 0.000000000000000000e+00 1.075297984114216732e+01
3.175159688234982513e-01 2.405674371997524304e+03 0.000000000000000000e+00 5.348856382194888965e+02 0.000000000000000000e+00 1.967475513552278699e+01
3.225221380836135188e-01 2.354723352841231190e+03 0.000000000000000000e+00 5.226131017557107725e+02 0.000000000000000000e+00 -3.449900887294695195e+01
3.275181733526948968e-01 2.337348241392076943e+03 0.000000000000000000e+00 4.773028507960015077e+02 0.000000000000000000e+00 -5.152376897445390824e+01
3.325123842131759710e-01 2.297021411352375708e+03 0.000000000000000000e+00 4.543036729320298832e+02 0.000000000000000000e+00 2.964563633614133309e+01
3.374959366892091861e-01 2.263629331184528837e+03 0.000000000000000000e+00 4.854721648039799788e+02 0.000000000000000000e+00 1.051546460603300304e+01
3.424919221947719805e-01 2.235612131112018687e+03 0.000000000000000000e+00 4.688605122136195860e+02 0.000000000000000000e+00 3.434885281150772585e+01
3.475179778446125245e-01 2.192382526872937433e+03 0.000000000000000000e+00 4.290551507825007320e+02 0.000000000000000000e+00 4.295487551867219622e+01
3.525052850529177828e-01 2.170442790994730785e+03 0.000000000000000000e+00 4.011694714992814852e+02 0.000000000000000000e+00 -5.430584783650007807e+01
3.575133254796376558e-01 2.133292210529542899e+03 0.000000000000000000e+00 3.983255129492377478e+02 0.000000000000000000e+00 1.696417403101072452e+01
3.625250227669692404e-01 2.105488450534558069e+03 0.000000000000000000e+00 3.774218942930281173e+02 0.000000000000000000e+00 2.332865344074687286e+01
3.675230446100045678e-01 2.078704313656875911e+03 0.000000000000000000e+00 3.776535806195277587e+02 0.000000000000000000e+00 2.338111016337510861e+01
3.725177060730277545e-01 2.062111269941106002e+03 0.000000000000000000e+00 3.353505060323632279e+02 0.000000000000000000e+00 1.679080958030762361e+01
3.775163034622419089e-01 2.025034167465401651e+03 0.000000000000000000e+00 3.341287123933774978e+02 0.000000000000000000e+00 1.206732731811254844e+01
3.825226892977953153e-01 2.003393729729729785e+03 0.000000000000000000e+00 3.168347027027027139e+02 0.000000000000000000e+00 5.007324662162162099e+01
3.875130067694269043e-01 1.987021074815595512e+03 0.000000000000000000e+00 3.099941253951528211e+02 0.000000000000000000e+00 7.509465555848262142e+00
3.924957861003909865e-01 1.968644160525214829e+03 0.000000000000000000e+00 2.958178482927300479e+02 0.000000000000000000e+00 7.406995784121262716e+01
3.975064703251052212e-01 1.942758639489498819e+03 0.000000000000000000e+00 2.967615389381079467e+02 0.000000000000000000e+00 4.529621460876030170e+01
