3.798113400606732779e-03 -2.826891447368421167e-04 -2.305796210526315495e+06 7.581208881578947083e-04 -1.840363368421052583e+06 -1.198216488486842117e-03
8.299341265228576958e-03 -9.965896606445312500e-05 -1.250527750000000000e+06 2.491474151611328125e-04 -2.000529843750000000e+05 -3.358721733093261719e-04
1.293222767532251419e-02 -6.997661226114649822e-06 -1.374083261146496981e+06 -4.781735171178344243e-05 2.054965732484076580e+05 -2.624122959792993895e-06
1.764839556552980082e-02 2.926343107876712166e-05 -9.054190684931506403e+05 -8.319175406678081561e-05 -2.081516986301369616e+05 1.330440991545376575e-04
2.256548662787912635e-02 3.865175301275992751e-05 -7.549400680529300589e+05 -7.724581684191871348e-05 -1.073986389413988763e+04 1.168350190881970759e-04
2.777643688250242340e-02 2.084127286585366011e-05 -6.152971707317073597e+05 -3.781202362804878019e-05 -1.601384097560975642e+05 4.294790872713414383e-05
3.269804980233311648e-02 -3.515625000000000412e-05 -4.228857920000000158e+05 4.882812500000000271e-05 -3.467012800000000425e+04 -1.459960937499999941e-04
3.761648458559932462e-02 1.094764097269049277e-05 -3.001175778826702735e+05 -1.518676510873229902e-05 -1.775646797033041003e+04 2.254349752929028927e-05
4.263843696389812976e-02 4.904610770089285230e-06 -2.306732500000000000e+05 -4.332406180245535230e-05 -4.651307142857142753e+04 5.456379481724329776e-05
4.756514582339458480e-02 2.555331443523768057e-06 -1.804748783253379806e+05 2.129442869603139835e-06 -1.380476319232446622e+04 2.523389800479720866e-05
5.262096060748640974e-02 -4.457623771067415607e-06 -1.490687191011235991e+05 7.029329792837078880e-06 -2.061344522471910022e+04 -1.195843300122893215e-05
5.756031740041873956e-02 6.269700456373762863e-06 -1.313895148514851462e+05 -7.780471650680693203e-06 -1.893831311881188230e+04 2.158514343866027281e-05
6.254738279606215923e-02 -5.389417770419425620e-06 -1.113718204562177998e+05 -1.616825331125827601e-06 -2.092945793475594473e+04 -1.046445283756438425e-05
6.757793472572401483e-02 2.949853773066783720e-07 -9.065195782073812734e+04 4.035936298605008461e-06 -6.604086994727591446e+03 3.797936732823484092e-06
7.255917516659465827e-02 7.764189487632509792e-06 -7.751938999442067870e+04 -3.518857808722335868e-06 -8.013176864422540348e+03 1.821860252580435275e-05
7.753384299139773339e-02 -4.411102897713006739e-06 -6.506275995982591849e+04 1.070081968151050488e-05 -9.502860395045196128e+03 -1.954633254928257079e-05
8.251793356505521260e-02 1.627370851849197232e-06 -5.683048623853211029e+04 -5.048349362994552768e-06 -7.404502293577981618e+03 5.527373847611453928e-06
8.752751931716111489e-02 9.174650933005054886e-07 -4.578080808604380582e+04 -7.909181838797461181e-07 -8.002865362187379105e+03 1.921931186827782872e-06
9.254701955136974967e-02 -2.649771482594576173e-06 -3.957363354603463813e+04 6.624428706486440220e-06 -5.701854603463992134e+03 -4.436280799107651645e-06
9.754963178921903511e-02 5.494633557521197743e-07 -3.303314812100910785e+04 -2.919822716031613184e-06 -6.031799016015911548e+03 4.764677878513294235e-06
1.025319613041059119e-01 -1.374149859287054408e-07 -3.006851482176360150e+04 4.924036995778611575e-06 -4.687188367729831043e+03 -8.388039766064727326e-06
1.075116003998943526e-01 -8.202519275499655804e-07 -2.526501171605789204e+04 -4.732222658942108914e-07 -3.873013783597518795e+03 -3.178476219256116465e-06
1.125102861506304813e-01 1.389414355385715372e-06 -2.229444971786349197e+04 -3.247077861100912388e-06 -3.807679060060292159e+03 2.386950171232463065e-06
1.175500852175193622e-01 -6.076604945953634660e-08 -1.932045626511165028e+04 8.811077171632769926e-07 -2.351648556393116451e+03 -6.478094915596999776e-07
1.225369446564099490e-01 3.070951257861635597e-07 -1.677677590201919884e+04 1.430416770109235436e-06 -2.138981661701423491e+03 4.869074033846408507e-07
1.275260957852891452e-01 -9.881388987842591028e-07 -1.523307688576279361e+04 3.506597777520919230e-06 -2.188755517826824871e+03 -2.158084252260565735e-06
1.325302087090364789e-01 -5.993576310953369703e-08 -1.351654879075248209e+04 9.033175725794007100e-07 -1.733550305818977677e+03 8.114874212437222800e-07
1.375062694904859717e-01 1.208457423112460332e-06 -1.160235015839493099e+04 -1.010270405722016807e-06 -1.905766209081309398e+03 1.642293638009833562e-06
1.425134422753508989e-01 1.845466905236129827e-07 -1.068379880975235210e+04 8.011669818763197737e-07 -2.041335956997504354e+03 -1.955682289854398526e-06
1.475259222195813014e-01 -2.113386429905690419e-07 -9.204585903685816447e+03 1.017762412296687733e-06 -1.565810743086245338e+03 -5.464216229953529157e-07
1.525299430011916868e-01 6.888902062373182263e-07 -8.275795062563409374e+03 9.404512366048782623e-07 -1.193899560365234947e+03 8.440195082973135659e-07
1.574945685492469272e-01 -7.429765855643628059e-07 -7.417884579609333741e+03 3.961719002760140404e-07 -1.344439438670279287e+03 -1.213199308321874759e-06
1.625189323163163113e-01 1.219589344776459942e-07 -6.821051094890511195e+03 -1.949115523968204896e-09 -1.103793503649635113e+03 3.180538650846829762e-07
1.675461007718098694e-01 9.683378736630658228e-07 -6.040997722095671634e+03 -3.179819545876191943e-07 -8.668991315489748786e+02 -7.594500695925909466e-07
1.725292014006662711e-01 2.092381003395194218e-07 -5.406485281998880055e+03 -3.138571505092791062e-07 -6.555190691235126224e+02 8.711547831443452153e-07
1.775301965061671094e-01 3.658720244668097204e-08 -4.649554770318020928e+03 8.983121021777195860e-07 -7.200853104492680359e+02 -8.191200653029956127e-07
1.825147654490652804e-01 2.459059184494002905e-07 -4.369915802534786962e+03 -1.083586345504575416e-06 -6.562031965493811185e+02 1.837898805936036648e-06
1.875360723572403465e-01 -4.279280508030726402e-07 -3.776108156424581011e+03 -2.258982738303072625e-07 -8.054815083798882824e+02 -1.304455975580481876e-06
1.925323683450522461e-01 5.834194811301809593e-07 -3.270299453786012691e+03 -1.314736617840981998e-06 -4.810195458926850165e+02 3.207785753566958015e-06
1.975198663583639380e-01 -6.916339951941317388e-07 -2.975217705830276827e+03 1.976097129126090682e-07 -5.793818641709876829e+02 -2.062551378525357335e-06
2.025153694923672032e-01 -3.239345357280710237e-08 -2.307992280227733318e+03 -1.546051193247611755e-07 -3.056786162308212056e+02 7.270121682533412805e-07
2.075088499274508613e-01 1.285862826032196763e-07 -2.135670979413313944e+03 -4.696194668987153650e-07 -5.881297945911287570e+02 1.203399883927958146e-06
2.125178062418619784e-01 -2.317183886258509547e-07 -2.032920579507767570e+03 9.015709718373626047e-07 -4.693936550881480230e+02 -5.792959715646274001e-07
2.175004174234404231e-01 4.816131553267822993e-08 -1.751770221361838367e+03 -1.271137654625820763e-06 -1.892428246780574170e+02 -1.045903235651328841e-07
2.225093171556767890e-01 6.017649052322095976e-08 -1.591595437442130788e+03 5.950483596930114417e-07 -3.717633222355745488e+02 1.163815299410790116e-06
2.275289586476768322e-01 -5.815763778604776203e-07 -1.392362773610898557e+03 1.430584463612620582e-06 -1.106376568957599886e+02 -2.129819114704911841e-06
2.325285406108919262e-01 -1.421152201990067941e-07 -1.213352445746093508e+03 1.263493129581794759e-06 -1.527118039764975492e+02 -1.369524407152147548e-06
2.375276552426477672e-01 1.738037495605554743e-07 -1.105247670943927005e+03 -7.134536633195641161e-07 -2.036356653190367467e+02 8.859163345656091331e-07
2.424991024241769377e-01 6.182549212432259154e-09 -8.529053736937180474e+02 1.916590255854000280e-07 -1.897047254064457178e+01 -6.950215739642597935e-07
2.474998551644826128e-01 5.276814661383285222e-08 -6.405561319244316110e+02 6.889174696805955603e-07 -1.206631123919308379e+02 2.347693930365433826e-07
2.525200307756395035e-01 -1.944516267785338888e-07 -5.801053510671204094e+02 6.447109761637798033e-07 -1.926937673987009134e+02 -1.064056292650982046e-06
2.575182250600202005e-01 -1.669018876667163434e-07 -5.125508978466582448e+02 7.048989806087474432e-09 -2.314985321511064740e+02 1.036315194878827985e-07
2.625255687975799335e-01 -3.940497175451624657e-07 -3.424472242825355011e+02 9.189596354073804074e-07 -2.699280253323443617e+02 -1.830505673187651069e-06
2.675305520911575030e-01 2.435641617244997828e-07 -3.040179229781416552e+02 -2.920241592994435004e-07 -1.770744259261816183e+02 6.926619218592500113e-07
2.725404586615198799e-01 4.245053708613211960e-07 -2.718642037340667343e+02 -1.452276454115869640e-06 -1.993757470778018615e+02 1.003257108653954159e-06
2.775333197047151201e-01 1.861645627084033255e-07 -2.410586760410473630e+02 -5.222073750549279914e-07 -1.487525525370279240e+02 3.861337010413704747e-07
2.825123907298719983e-01 3.122807815298276999e-07 -1.208379052677082797e+02 -1.587788524072901953e-07 -1.392930649045884195e+02 1.879668343260783942e-07
2.875104651677040102e-01 1.972741355523367219e-07 -3.906523534763454819e+01 -6.802304451823166123e-07 -4.050858312583795851e+01 3.150906331738711589e-07
2.924971317655564174e-01 -2.324738927091400859e-07 8.356242558577719137e+00 -2.146591255136748658e-07 -5.504137141800274691e+01 -2.723366391069137157e-07
2.975058823671092867e-01 -2.059618095639818765e-07 5.586901141106473290e+01 1.978317381338246909e-07 -8.160024087558831241e+01 -5.467473036780702621e-07
3.025121359101998753e-01 2.981701031624227289e-07 1.256769594915913757e+02 -5.448860734782326312e-07 4.357198672776792847e+01 1.962513400239397359e-07
3.075010376196579687e-01 -3.412636107409730064e-08 9.800736792600721969e+01 -4.479483563417725033e-07 -5.424685687411820112e+01 -9.540231547933977045e-08
3.125134169243361515e-01 -6.504852767444198420e-08 1.405489644078021456e+02 2.460798075231248800e-07 -2.737614870299617920e+01 -1.716728831785391172e-07
3.175159688234982513e-01 -1.439070006189152148e-07 1.921693469953139299e+02 2.950093512687762275e-07 -3.479746981560256103e+01 -2.956089637713550351e-07
3.225221380836135188e-01 3.120461252020601502e-07 2.348137058712478904e+02 -1.114270406690255277e-06 8.614914102322069667e+00 1.013402738997862928e-06
3.275181733526948968e-01 -1.076193749132265860e-07 2.846058681969640816e+02 9.391979569198907934e-08 -9.885723805997778868e+01 5.742877732820310126e-07
3.325123842131759710e-01 -2.923706524869459531e-07 2.503360345855164439e+02 3.758469529880934485e-07 -1.054105073076136279e+02 -5.705910540352827748e-07
3.374959366892091861e-01 4.184833694071499618e-08 2.428768174333461900e+02 1.432532891283956515e-08 -9.898077462074765265e+01 2.388675507803176949e-07
3.424919221947719805e-01 3.110534969611797942e-07 3.231690904999625218e+02 -6.860726149245972973e-07 -7.760885581178274606e+01 1.084903984444016821e-06
3.475179778446125245e-01 2.749443646214509743e-07 3.273108439245924046e+02 -9.615574673864433359e-07 -9.843444310125134677e+01 2.376442854183300517e-06
3.525052850529177828e-01 3.130695185264649726e-08 3.194460482197030160e+02 -1.297350339419008497e-08 -1.938494012454095525e+02 -4.335007841891989923e-07
3.575133254796376558e-01 7.052180028272566498e-08 3.108520054264932355e+02 -2.156002302175866826e-07 -9.065155475163062704e+01 -5.455644827427527381e-07
3.625250227669692404e-01 -2.078237420122157627e-07 3.348205691913868236e+02 8.136603940306899571e-07 -1.008640490889926156e+02 -6.461750220649304500e-07
3.675230446100045678e-01 -3.497410698663692473e-07 2.935975621313853594e+02 8.643410028186033495e-07 -1.883236008135949078e+02 -1.112574844232980818e-06
3.725177060730277545e-01 3.380856973937189002e-08 2.995988335525187267e+02 -1.464674489031498539e-07 -1.540763622848647856e+02 5.174074418903712892e-07
3.775163034622419089e-01 1.923381193499562081e-07 3.374188565793919565e+02 -2.756706086963267357e-08 -1.668445535474172630e+02 -4.392842714912840411e-08
3.825226892977953153e-01 5.134376319679054286e-08 3.126098378378378584e+02 -1.663001807960304115e-07 -1.808276621621621700e+02 8.544406375369510212e-08
3.875130067694269043e-01 -6.748074852126416139e-08 2.962012644889357489e+02 2.828614101269222880e-07 -1.241160432033719729e+02 -4.838025481984789400e-07
3.924957861003909865e-01 9.035552368615841023e-08 3.014563125543076012e+02 -2.345315114810285532e-07 -1.787235992662440083e+02 6.441759563668619700e-07
3.975064703251052212e-01 1.988648171835794877e-07 3.105134502199368285e+02 -7.452201713276991374e-07 -2.438503190632550854e+02 7.545480526673086143e-07
