3.798113400606732779e-03 3.533614309210526458e-05 -5.720137263157894835e+06 -1.140393708881578833e-04 -7.300950736842105165e+06 8.713571648848683854e-05
8.299341265228576958e-03 -2.670288085937500000e-05 -1.322985875000000000e+06 4.386901855468750000e-05 -8.105890625000000000e+04 -1.416206359863281250e-04
1.293222767532251419e-02 1.049649183917197558e-05 -1.271583490445859963e+06 -1.535597880175159234e-05 -2.182983184713375813e+05 5.491220267714968628e-06
1.764839556552980082e-02 0.000000000000000000e+00 -1.083215561643835623e+06 4.347709760273972361e-05 -5.107277808219177532e+05 -3.344392123287671047e-05
2.256548662787912635e-02 1.753751181474480294e-05 -6.621209527410208248e+05 -5.999675094517958945e-06 1.181042722117202356e+04 3.172905098062381654e-05
2.777643688250242340e-02 8.559808498475610582e-06 -5.419288975609756308e+05 -1.127661728277439010e-05 -6.757285365853658004e+04 3.975658881955030461e-05
3.269804980233311648e-02 6.713867187500000034e-06 -3.569832640000000247e+05 1.934814453125000024e-05 -3.554434000000000378e+04 2.388000488281249919e-05
3.761648458559932462e-02 -2.469392700606877901e-05 -2.863608361429534853e+05 5.514977031355360916e-05 -8.026634659474038926e+04 -8.861004140677680458e-05
4.263843696389812976e-02 -4.632132393973213923e-06 -2.202234464285714203e+05 9.672982352120535230e-06 -3.239883482142856883e+04 -1.842635018484932842e-05
4.756514582339458480e-02 -8.108519176910707437e-06 -1.714242651548190333e+05 9.411139307300751705e-06 -2.340524029655473350e+04 -2.624829471553198783e-05
5.262096060748640974e-02 9.343865212429774386e-06 -1.394550786516853841e+05 -1.650178030635533757e-05 -2.174081320224719093e+04 6.504273146725772053e-06
5.756031740041873956e-02 -5.797584458152846602e-06 -1.177070297029702924e+05 -3.030984708578279854e-06 -1.976344183168316886e+04 2.242550991549350386e-07
6.254738279606215923e-02 1.182677788508707258e-06 -9.958763404464065388e+04 3.390842013888888701e-06 -1.695229237184203885e+04 2.414197175561840476e-05
6.757793472572401483e-02 4.612498626977152648e-06 -8.312039367311070964e+04 1.019040394332161533e-06 -1.454068189806678311e+04 -1.015017866459797766e-05
7.255917516659465827e-02 1.725375441696113052e-06 -7.175559308164403774e+04 -5.198828633531708936e-06 -9.560162172214990278e+03 4.863969583992003298e-06
7.753384299139773339e-02 -5.966610520589220487e-06 -5.799010646133244154e+04 8.214306264646802961e-06 -6.259756946769333808e+03 -2.728906969262638417e-05
8.251793356505521260e-02 2.764780587012615044e-06 -5.008005045871559560e+04 -3.972184767416858125e-06 -5.559483371559633269e+03 1.111161818198107786e-05
8.752751931716111489e-02 3.321856372294933739e-07 -4.243779292471167719e+04 2.346654251571206744e-05 -7.618804716858883694e+03 -4.953125126546909631e-06
9.254701955136974967e-02 -8.206641337169553170e-07 -3.567927073837738862e+04 -5.459502923456015969e-06 -4.940365086599817914e+03 9.317667569044838692e-06
9.754963178921903511e-02 -2.300079163613524513e-07 -3.055675410865696540e+04 1.776172243012666146e-06 -5.803039464042709369e+03 -2.571616287095676579e-06
1.025319613041059119e-01 -9.332767794324578250e-07 -2.754329756097561039e+04 -8.476786944477016726e-06 -5.322986866791744433e+03 7.431144785925774006e-06
1.075116003998943526e-01 -1.577407552980703007e-06 -2.324236802205375716e+04 5.068736270244658611e-06 -3.115070640937284679e+03 -8.575839063038421465e-06
1.125102861506304813e-01 1.684281578515111862e-06 -2.044702172064621118e+04 -5.465658847926490078e-06 -2.977980984772358624e+03 7.163504318705554618e-06
1.175500852175193622e-01 -2.002024308086509791e-07 -1.774323879960176419e+04 8.694428058830980677e-07 -2.829314748968852200e+03 -3.221414452374973302e-08
1.225369446564099490e-01 -1.333439361966236495e-06 -1.587635882158225832e+04 4.566019633399536817e-07 -2.505964647467726081e+03 -2.603237299838629750e-06
1.275260957852891452e-01 2.373198759720622167e-07 -1.425353577492117438e+04 1.419987055158372195e-06 -2.545284986660198683e+03 -3.685281602265965874e-07
1.325302087090364789e-01 5.770957762260815404e-07 -1.232584838112339276e+04 -1.566035867533387555e-06 -1.772417036081028073e+03 2.040170564989162871e-06
1.375062694904859717e-01 -6.412880725316790221e-07 -1.078964730728616632e+04 1.089222957365364315e-06 -1.443974762407602839e+03 -7.476323257655754779e-07
1.425134422753508989e-01 -1.123025198087144883e-06 -9.590924169706277098e+03 1.624120725828343956e-06 -1.534939527740449194e+03 -2.433938333822958296e-06
1.475259222195813014e-01 -7.369044788486947257e-08 -8.252355915987060143e+03 -2.606973392153401081e-07 -1.053782769146658211e+03 5.161807316463734347e-08
1.525299430011916868e-01 -2.354353232927164256e-07 -7.725683462969225729e+03 7.124337385665898027e-07 -1.465937943862022166e+03 -2.146573497267804518e-06
1.574945685492469272e-01 -6.417737948396489182e-08 -7.002172523961660772e+03 2.221524674444938563e-08 -1.063830792251384992e+03 -2.008628559810631780e-06
1.625189323163163113e-01 1.193972399635036546e-06 -6.172957080291971579e+03 -2.272111656021898085e-06 -1.193874963503649724e+03 3.976195398038321225e-06
1.675461007718098694e-01 -3.236844490763809737e-07 -5.524133257403188509e+03 6.093522682276836295e-07 -8.621284168564919810e+02 -6.644763816190471799e-07
1.725292014006662711e-01 -2.293571484490885980e-07 -5.016224939842437379e+03 1.508928608217688082e-07 -1.044790519827273783e+03 -1.740800637680472817e-06
1.775301965061671094e-01 -6.397946322584079488e-07 -4.465791519434628754e+03 1.141183728945489968e-06 -6.601548460373549005e+02 -2.025474748606635901e-06
1.825147654490652804e-01 -8.294535104434399655e-08 -3.798528523737776595e+03 3.588288012570534123e-07 -5.542500517001979006e+02 -8.339614099567194924e-08
1.875360723572403465e-01 -7.058255499301676580e-07 -3.476899217877094998e+03 1.304242864001396755e-06 -7.891031843575418634e+02 -1.712990872686801712e-06
1.925323683450522461e-01 -5.164161233533254800e-07 -3.000802399057512957e+03 1.055711442045089375e-06 -5.635931776801970727e+02 -1.801736632902029470e-06
1.975198663583639380e-01 2.362053599658530302e-07 -2.586570481851523709e+03 -1.242007922173390683e-06 -3.871004679398001258e+02 2.011412146179808722e-06
2.025153694923672032e-01 -5.521611404455756552e-08 -2.410600598282350802e+03 -6.394026006359765597e-07 -5.472458747466949944e+02 8.855744424179624534e-07
2.075088499274508613e-01 -3.200680295232316046e-07 -2.120356316838031489e+03 1.250222062919347852e-06 -2.480200828963338040e+02 -9.453537706060077059e-07
2.125178062418619784e-01 3.695508784119174483e-07 -1.931472159190085677e+03 3.492422265352265113e-07 -4.356403386280328505e+02 1.592231600004500331e-07
2.175004174234404231e-01 -4.315253871727969402e-07 -1.653940409056476710e+03 1.274027333557781301e-06 -2.821606977527144409e+02 -2.065157210041242182e-06
2.225093171556767890e-01 -4.460913490425720507e-07 -1.575858001221410177e+03 8.458901995995942351e-07 -3.368798487027442548e+02 -1.866279070438550377e-06
2.275289586476768322e-01 4.233362188241428577e-07 -1.302526098270320063e+03 -1.945886826526146099e-06 -2.722137226389101556e+02 3.987389247303952367e-07
2.325285406108919262e-01 -3.086564938697178622e-07 -1.136302694049806405e+03 5.218293241682280533e-08 -3.423134629727321112e+02 -9.373498019766522075e-07
2.375276552426477672e-01 3.218587954825101425e-08 -1.044861451924767152e+03 2.249792980422745662e-06 -2.579498505888556679e+02 -1.291458416873571942e-06
2.424991024241769377e-01 -2.102066732226968228e-07 -8.901685209258353098e+02 7.212974081170969592e-08 -2.336614724899971236e+02 -7.321168692388533832e-07
2.474998551644826128e-01 -2.931563700768491753e-08 -7.703394812680115820e+02 8.423359700208132968e-07 -1.871883125200128006e+02 -5.886335614168067528e-07
2.525200307756395035e-01 6.196965678645994688e-07 -6.659424682957006780e+02 -1.233021541162426605e-06 -2.676531394989174260e+02 1.498445651865285899e-06
2.575182250600202005e-01 -4.002007115714179374e-08 -4.672367781834438460e+02 -3.565424521272632485e-07 -2.063473958721406802e+02 -6.503261563035541151e-07
2.625255687975799335e-01 -2.172116090086010215e-07 -4.344159867632795340e+02 5.898231066265618658e-08 -6.828195783648085637e+01 -1.297719658029843333e-07
2.675305520911575030e-01 5.532867549208792690e-07 -3.146565498957484692e+02 -1.073072902822558253e-06 -1.064342248795238817e+02 1.230199177568272681e-06
2.725404586615198799e-01 4.680857701512667167e-08 -2.893326281271486664e+02 1.533384419461046187e-08 -2.163905696302956585e+02 1.474873698192137822e-07
2.775333197047151201e-01 -2.776691782769405524e-07 -1.409957737741360120e+02 6.783962878357070753e-07 -7.798132286039237471e+00 -1.136708198571225408e-06
2.825123907298719983e-01 -6.756346419942258819e-08 -1.780135861174581748e+02 2.718557799377045701e-08 -1.280216760328537191e+02 1.571887081138937360e-07
2.875104651677040102e-01 -7.598707443497413728e-08 -1.128132541658685994e+02 -2.162709041610802430e-07 -1.737673458149779719e+02 -2.235773536259815952e-07
2.924971317655564174e-01 6.138157409922667039e-08 -2.639163555237027126e+01 -8.166571496535041726e-07 -1.518305754314579836e+01 2.146679447053557690e-06
2.975058823671092867e-01 -4.424113869910531660e-07 -2.768304324660331872e+01 5.470860566543268611e-07 -1.284923186217920090e+02 -8.388370574552797633e-07
3.025121359101998753e-01 1.009292605837404386e-07 4.394150977043793915e+01 -4.139419020673014432e-08 -1.401298473909472193e+02 -3.824839666811111123e-07
3.075010376196579687e-01 -1.683992396927418111e-07 8.584087892564143374e+01 3.843202345260490623e-07 -1.777473585201442461e+02 -4.990581634644276125e-07
3.125134169243361515e-01 -2.350338311255781215e-07 4.176216820832495813e+01 6.145858534523929297e-07 -8.145596722300422243e+01 -1.071229586053752894e-06
3.175159688234982513e-01 -2.470403510624711382e-07 1.515720643278875457e+02 4.712954270269473736e-07 -1.464849348174199974e+02 -8.415561473693646770e-07
3.225221380836135188e-01 2.789906967534689689e-07 1.614873702095525800e+02 -5.983824727218826738e-07 -1.242500471965263387e+02 5.354223238739941867e-07
3.275181733526948968e-01 1.652423473077100957e-08 1.794038504257682405e+02 -3.734900747480678362e-07 -9.242500925583117066e+01 3.726956403860115574e-07
3.325123842131759710e-01 1.075011869868436271e-07 1.587637456968252252e+02 -6.026581694716990958e-08 -1.378875348034549972e+02 6.745970951068344287e-08
3.374959366892091861e-01 3.367245825856492852e-07 2.098111095540062365e+02 -3.735110248784455046e-07 -4.202392880916512041e+01 1.227860276501852866e-06
3.424919221947719805e-01 -1.316350167792073719e-07 2.208959654635008292e+02 1.429132494087023246e-07 -9.050203768678795768e+01 2.793190619143750552e-07
3.475179778446125245e-01 1.801596006619706989e-07 2.448205149148887472e+02 -3.322452130506042099e-07 -1.260646012350115939e+02 -5.668935895094655009e-07
3.525052850529177828e-01 1.257150751437010902e-07 2.245480600351269516e+02 -3.527818387753472884e-07 -1.360623662781414680e+02 2.012415737765447804e-07
3.575133254796376558e-01 -2.120916829398391201e-07 2.162500172452115805e+02 3.463813299956264140e-07 -1.346605452552674649e+02 -3.386405975640959001e-07
3.625250227669692404e-01 2.152911512055789565e-07 2.166850323746423612e+02 -4.146135350591966347e-07 -1.042286101490739298e+02 4.551385903354869385e-07
3.675230446100045678e-01 -2.903384835722721821e-07 2.288690884966719921e+02 6.198337281473947801e-07 -1.429372088445639974e+02 -5.953607525206132172e-07
3.725177060730277545e-01 -6.499970182150209079e-08 2.604584596031791648e+02 4.384208075879838752e-08 -1.855667562467837115e+02 -1.530655729974466078e-07
3.775163034622419089e-01 3.956188888161025278e-08 2.297444094303583597e+02 -2.142234195823363521e-07 -2.055423559346577349e+02 2.524174771994228294e-07
3.825226892977953153e-01 -1.762235486829603146e-07 2.898807027027027061e+02 8.294517929489548283e-07 -1.708322297297297325e+02 -7.383726738594673598e-07
3.875130067694269043e-01 -3.042914467943229718e-07 2.832332982086406901e+02 8.507699433820139694e-07 -2.117057955742887430e+02 -7.970566744548126703e-07
3.924957861003909865e-01 5.185621359379525853e-08 2.178870659414926365e+02 1.563543409873523865e-07 -1.671996781771956364e+02 -2.767628975517330404e-07
3.975064703251052212e-01 2.129917937682232243e-07 2.537607583173285661e+02 -5.377734078918423150e-07 -2.053454432810854371e+02 3.923256670067533656e-07
