3.798113400606732779e-03 -2.248663651315789417e-04 -2.339860631578947417e+06 6.392629523026315333e-04 -1.146952105263157748e+06 -7.910477487664472999e-04
8.299341265228576958e-03 4.196166992187500000e-05 -1.172792750000000000e+06 -4.386901855468750000e-05 -8.342931250000000000e+04 1.111030578613281250e-04
1.293222767532251419e-02 7.269792496019108021e-05 -1.349145375796178356e+06 -2.439462455214968357e-04 2.339174777070063865e+05 3.168871448298168849e-04
1.764839556552980082e-02 1.084837194991438287e-04 -8.857318904109589057e+05 -2.678649066245718940e-04 -1.738625342465753201e+05 3.586076710322131842e-04
2.256548662787912635e-02 1.223010692344045357e-05 -7.383385406427221606e+05 -1.396078243147448131e-05 1.012799149338374264e+04 -9.951384171195652321e-06
2.777643688250242340e-02 -1.965034298780487856e-05 -6.047371707317073597e+05 8.068549923780488195e-05 -1.451382439024390187e+05 -6.617104134908537042e-05
3.269804980233311648e-02 4.202270507812500005e-05 -4.142048640000000014e+05 -4.646301269531249892e-05 -1.938945200000000114e+04 1.037406921386718761e-04
3.761648458559932462e-02 -2.255378666554281870e-05 -3.006894780849629315e+05 5.539670958361429532e-05 -1.029495751854349328e+04 -9.414559671063721488e-05
4.263843696389812976e-02 4.053115844726562500e-06 -2.304161428571428405e+05 -1.701286860874720740e-05 -4.093664285714285506e+04 2.204094614301408992e-05
4.756514582339458480e-02 4.950954671827300583e-06 -1.823669672917575226e+05 -8.810569872982992699e-06 -1.193244134321849197e+04 -3.533544261747710360e-06
5.262096060748640974e-02 2.057364817415730280e-06 -1.523681011235954938e+05 -1.302997717696629177e-05 -1.885980477528089978e+04 1.217274183637640373e-05
5.756031740041873956e-02 -9.772801163172958130e-07 -1.361539702970297076e+05 5.162588440545714443e-06 -1.616284034653465278e+04 -1.410033443186542752e-05
6.254738279606215923e-02 3.173768242580328317e-06 -1.156274672553347918e+05 -2.994120805102829887e-08 -2.124751336767230532e+04 8.855112808897472928e-06
6.757793472572401483e-02 -8.648434925582160686e-07 -9.509327943760983180e+04 5.701933259075680741e-06 -6.478670913884006950e+03 -1.082981826969944438e-05
7.255917516659465827e-02 3.927499360702994457e-06 -8.339823693509392615e+04 -1.590296706458062075e-05 -6.897824809373256358e+03 4.424679915612795400e-05
7.753384299139773339e-02 4.158237126506528721e-06 -7.022892802142618166e+04 -9.705958894794107871e-08 -7.487976565115501216e+03 1.333930798106900816e-05
8.251793356505521260e-02 -1.417387516126720156e-06 -6.176038532110091910e+04 1.303646542610378460e-06 -8.004661123853211393e+03 3.755639452453053415e-06
8.752751931716111489e-02 -1.455289458338732654e-06 -4.978905170403006923e+04 2.214570914863288877e-06 -7.639993261630167581e+03 6.754441290333031053e-06
9.254701955136974967e-02 -1.651760438625227910e-06 -4.360492251595259586e+04 1.013659300756324071e-06 -5.779580674567000642e+03 -3.682991104334620003e-06
9.754963178921903511e-02 2.197853423008479097e-06 -3.646393802993823920e+04 -5.980205825395163947e-06 -7.005649743536061578e+03 7.194136495080079562e-06
1.025319613041059119e-01 2.267347267823639932e-06 -3.330745816135084169e+04 -3.469728394699812565e-06 -5.446217260787992927e+03 1.147987694946060096e-06
1.075116003998943526e-01 -3.049654602429358843e-07 -2.909379738111647021e+04 1.140991463322708556e-06 -3.863889386629910405e+03 1.988848023049836189e-06
1.125102861506304813e-01 4.623518058668934253e-07 -2.568569034552060111e+04 4.128141123811548735e-06 -3.816468114709747624e+03 -3.308410243511826803e-06
1.175500852175193622e-01 -1.536512964905418972e-06 -2.282895292277058979e+04 3.459324387089318898e-06 -2.919831033992320044e+03 1.594023690286765831e-06
1.225369446564099490e-01 1.357683714001986231e-06 -2.008706626944720483e+04 1.616290135716650161e-07 -3.013401390268123123e+03 2.173910232538894547e-06
1.275260957852891452e-01 3.774912647040989498e-07 -1.815729517341741303e+04 -9.585317407682512133e-07 -2.723027649769584968e+03 -3.358561987440880206e-07
1.325302087090364789e-01 -6.986797528197070363e-07 -1.631232545872846640e+04 1.678201367066943411e-06 -1.998333202401660856e+03 -7.334424954232365832e-06
1.375062694904859717e-01 1.082777851108764587e-06 -1.443714297782470931e+04 -3.274113978352692460e-06 -2.336540654699049355e+03 2.945413559266103396e-06
1.425134422753508989e-01 -1.728294403316375445e-06 -1.357810865809176357e+04 1.271321645829333839e-06 -2.492622960261086519e+03 -4.946144237287627212e-06
1.475259222195813014e-01 1.067816301426033132e-06 -1.187159105198414545e+04 -3.603880017312861529e-06 -2.059294181967287841e+03 2.825263964189712525e-06
1.525299430011916868e-01 -4.024976485880960364e-07 -1.068966317213391994e+04 9.081998224551910944e-07 -1.879417991207304567e+03 3.612158384764964701e-08
1.574945685492469272e-01 1.469908826257734273e-06 -9.731587333683826728e+03 -2.576351532168782707e-06 -1.678227201035305370e+03 4.322253944716933671e-06
1.625189323163163113e-01 -1.158331432481751924e-07 -9.043920583941606310e+03 -1.465734774178832309e-06 -1.442065547445255561e+03 7.796461564781022567e-09
1.675461007718098694e-01 -6.734374443871013291e-07 -8.358739179954442079e+03 -4.279586340137386064e-07 -1.569929384965831332e+03 -1.927443137201469808e-06
1.725292014006662711e-01 -3.742142948379866613e-07 -7.183140851105910770e+03 3.420238178626759688e-07 -1.215609717506675224e+03 -4.808452498187032342e-07
1.775301965061671094e-01 -4.125086723223652081e-07 -6.673707218576476407e+03 1.246943611017927231e-06 -1.046441633013629371e+03 -1.465391173981344462e-06
1.825147654490652804e-01 3.128482262216018408e-07 -5.976231380542999432e+03 -6.806928265052143864e-08 -8.556659871783509743e+02 -2.148352210541208856e-06
1.875360723572403465e-01 -1.744105163233240205e-06 -5.491989720670390852e+03 -1.849808506459497267e-07 -1.167106815642458059e+03 -5.969255330176327190e-07
1.925323683450522461e-01 1.242013461229517021e-07 -4.707650423048087760e+03 -2.778188005381814117e-07 -8.422771232729998019e+02 6.365318988801274235e-07
1.975198663583639380e-01 -3.496765623023902471e-07 -4.345670418616415191e+03 -5.210412352187934334e-08 -1.149209662324522469e+03 2.926514937812223315e-07
2.025153694923672032e-01 7.023489706467722382e-07 -3.582306667953295801e+03 -1.325922951923308914e-06 -8.133574254559490555e+02 8.876910601230037526e-07
2.075088499274508613e-01 8.875248853591792733e-08 -3.690780736907188384e+03 8.431486410912203361e-07 -8.899216377750807396e+02 -1.256424254539475969e-06
2.125178062418619784e-01 -1.897693699953089750e-07 -3.324474079245941994e+03 3.454801320072493384e-06 -7.522537964740793086e+02 -2.010140374893292546e-06
2.175004174234404231e-01 5.387645830922270549e-07 -3.019294335493645576e+03 -4.735862694046692091e-07 -3.718383553572931532e+02 1.166306524483024465e-07
2.225093171556767890e-01 -2.452901218455113157e-07 -2.998832647110971266e+03 6.853694580977522556e-07 -7.178641870727527703e+02 -1.136871618651622269e-06
2.275289586476768322e-01 -1.027685165697229529e-07 -2.493549364763508493e+03 7.240509121957753616e-07 -4.637378692790448440e+02 -1.014839101126014225e-06
2.325285406108919262e-01 -2.886715410292325711e-07 -2.358913939570334605e+03 3.841552046004402555e-07 -6.438719371327742920e+02 -5.345974884829825566e-07
2.375276552426477672e-01 3.447241807449134390e-07 -2.090251221655827067e+03 -1.667295614515127989e-07 -4.189914923536649667e+02 -1.908102989364412139e-07
2.424991024241769377e-01 6.821412631050259126e-07 -1.825657859639052504e+03 -1.951624701391116413e-06 -2.663353029561224616e+02 2.419952804232859966e-06
2.474998551644826128e-01 -7.377768646934037353e-08 -1.552191098302913815e+03 -2.271961868095581100e-08 -3.764169388408581653e+02 -2.382506249312059659e-07
2.525200307756395035e-01 2.719136977616087959e-07 -1.450599814413857302e+03 -1.365468113406907476e-07 -2.958107949273120880e+02 1.234282585920433665e-06
2.575182250600202005e-01 7.640195402727069232e-08 -1.313888145443707572e+03 -1.837285084941509537e-07 -5.698303256091199955e+02 2.742284421335965784e-07
2.625255687975799335e-01 2.459410001800793089e-08 -1.092350202544645299e+03 -6.813436292599453263e-07 -5.049940662977120951e+02 -2.112535250440614804e-07
2.675305520911575030e-01 5.528653636376189413e-07 -1.038009196227613529e+03 -2.494636396901451114e-07 -4.375367918145288968e+02 -6.624270972853177949e-07
2.725404586615198799e-01 -2.066033744115935789e-07 -9.071340773258581294e+02 1.594719796239487955e-06 -3.516093245887766443e+02 -5.213507026167557101e-07
2.775333197047151201e-01 2.914737539015043761e-07 -7.541351358337425381e+02 -6.655777533271835323e-07 -3.249264093881665758e+02 8.543553249930935752e-07
2.825123907298719983e-01 -4.394923250015439194e-07 -6.664096831964429839e+02 7.670384917479775232e-07 -2.766874328413512103e+02 -5.002711735491416628e-07
2.875104651677040102e-01 -8.183223400689523494e-08 -6.096789886994828294e+02 3.623998934591074199e-07 -2.445092654663857559e+02 5.845159571921087737e-08
2.924971317655564174e-01 -3.861483077492298113e-07 -5.067574472020252188e+02 1.143165673660489835e-06 -3.135174374920528066e+02 -5.899543155005683553e-07
2.975058823671092867e-01 3.827908631699005245e-07 -3.381123346061628467e+02 -1.114158538907790206e-06 -2.061788917502886136e+02 1.113057591734956286e-06
3.025121359101998753e-01 3.209286619215014527e-07 -3.162789762656175867e+02 -1.298392268914686994e-06 -9.071534953093251374e+01 1.697945154665107189e-06
3.075010376196579687e-01 2.270838232220306457e-07 -2.126795213460835043e+02 -6.212911343209489472e-07 -1.652832000836076816e+02 6.853976630676177163e-07
3.125134169243361515e-01 9.630710671611074797e-08 -1.605139352503518921e+02 2.433566675084518914e-08 -2.313412628192238003e+02 8.650619979358261238e-07
3.175159688234982513e-01 2.890132262429880979e-07 -1.831807134226012010e+02 -7.273299656281007325e-07 -1.632446974683419967e+02 6.288436120795306082e-07
3.225221380836135188e-01 5.478991277491976630e-07 -1.138271191240324782e+02 -1.554109250371672727e-06 -2.493238625637153234e+02 1.945949307427848311e-06
3.275181733526948968e-01 -6.214242120973713023e-08 -6.699361347649018228e+01 3.225756591887264018e-07 -1.998166419844502002e+02 -4.029371084349546724e-07
3.325123842131759710e-01 -7.892921746571916023e-08 5.468165402029942612e+01 7.608898724135084534e-07 -2.551673679247800806e+02 6.901301343565906099e-07
3.374959366892091861e-01 2.592759238801983208e-07 1.128638195004029114e+02 8.740538877198438429e-08 -2.901809900851347379e+02 7.424780387198153138e-07
3.424919221947719805e-01 -2.075385556175982878e-07 1.492026602438556893e+02 2.584058486611272900e-07 -2.351651401378459809e+02 -9.120505642704748242e-07
3.475179778446125245e-01 2.545042577320955986e-07 1.806730649851341184e+02 -4.687514756760095463e-07 -3.147267618518639551e+02 2.387691144712351091e-07
3.525052850529177828e-01 1.240096380777981701e-07 1.994943956570333796e+02 -5.258837009644938346e-07 -2.689410186811432482e+02 3.109681764274059816e-07
3.575133254796376558e-01 1.431487289320998569e-07 1.780126464884916970e+02 -6.759801088460271123e-07 -1.880797418583439935e+02 3.586904833617240929e-07
3.625250227669692404e-01 2.352808312001204508e-07 2.118662851980123492e+02 -4.218511778158409757e-07 -1.441492395723535651e+02 8.172792154090121805e-07
3.675230446100045678e-01 2.607484312235272054e-07 2.250638846969796418e+02 -5.272813839588391073e-07 -1.896076664552486477e+02 9.538898454529631446e-07
3.725177060730277545e-01 2.250996385227857516e-07 2.598534507404654619e+02 1.282544452048430642e-07 -2.109984418777517305e+02 7.963554072157857002e-07
3.775163034622419089e-01 1.746615307007260861e-08 2.654949559029382158e+02 -3.103924792573144694e-08 -1.786482233607546561e+02 2.506813836713734609e-08
3.825226892977953153e-01 3.268267657305743213e-07 2.383619189189189171e+02 -3.246616672825168898e-07 -2.711357027027027016e+02 5.613533226219382966e-07
3.875130067694269043e-01 -2.267111968190200264e-07 2.755895416227608052e+02 1.873181165206796834e-07 -2.865914120126449234e+02 -2.313338542009681473e-07
3.924957861003909865e-01 7.935572080262608306e-08 2.992531136356322463e+02 -3.146729324896212471e-07 -2.333098703054098451e+02 2.693969581207962091e-07
3.975064703251052212e-01 -2.599694561791400930e-08 3.451385168205192144e+02 2.495234107581237191e-07 -3.381296573942134955e+02 1.284485449394205856e-08
