3.798113400606732779e-03 1.220703125000000000e-04 -2.156928842105262913e+06 -9.958367598684210312e-05 -1.478936000000000000e+06 3.605892783717105292e-04
8.299341265228576958e-03 1.602172851562500000e-04 -1.733618875000000000e+06 -3.547668457031250000e-04 1.714281250000000000e+04 6.437301635742187500e-04
1.293222767532251419e-02 -1.608528149355748708e-05 -1.397968305732484208e+06 2.155277379758798598e-05 9.398633757961784431e+04 -3.407235927642530981e-05
1.764839556552980082e-02 5.852686215753424333e-06 -1.154839671232876601e+06 1.379561750856164307e-05 -3.008147945205479045e+05 5.361478622645547351e-05
2.256548662787912635e-02 1.061480978260869536e-05 -7.467800680529300589e+05 -2.746005139413988788e-05 3.735475992438563117e+04 3.882482056356332503e-05
2.777643688250242340e-02 -5.359184451219511873e-06 -5.852920195121951401e+05 1.399342606707317130e-05 -1.258432682926829293e+05 -9.601872141768292741e-06
3.269804980233311648e-02 -1.513671874999999989e-05 -4.343804160000000265e+05 6.152343750000000043e-05 -7.784847200000000885e+04 -3.198242187500000130e-05
3.761648458559932462e-02 -5.926542481456506894e-06 -2.974727552258934593e+05 4.280280681051921457e-06 -5.516229804450437950e+04 -2.197759503540121427e-05
4.263843696389812976e-02 2.724783761160714134e-07 -2.194002678571428405e+05 5.313328334263392615e-06 -2.343871875000000000e+04 -3.245898655482700796e-05
4.756514582339458480e-02 -7.665994330571303746e-06 -1.877956354121238692e+05 2.214620584387265564e-05 -1.579632795464457013e+04 -3.407108591365023737e-05
5.262096060748640974e-02 4.714794373244381680e-06 -1.525423370786516753e+05 -1.521592729547050467e-05 -2.681319662921348208e+04 1.848413703146945187e-05
5.756031740041873956e-02 -4.796698541924504976e-06 -1.318928910891089181e+05 1.833698537090037233e-05 -2.199463613861386330e+04 -1.671762749700263082e-05
6.254738279606215923e-02 -4.790593573706156131e-07 -1.107271582045621763e+05 -5.389417770419425620e-06 -1.430280009811135460e+04 5.838535917954378108e-06
6.757793472572401483e-02 1.609011148945518489e-07 -8.747142355008787126e+04 -6.355594038334797766e-06 -8.728496485061510612e+03 -1.320729984759446395e-06
7.255917516659465827e-02 5.987733851938813993e-07 -7.525009187279152684e+04 -7.581152125807839270e-06 -9.664889715454713951e+03 1.003477505553892797e-05
7.753384299139773339e-02 8.582111022765317270e-07 -6.485942551054570504e+04 -8.684279011131569844e-06 -7.875329762303314965e+03 6.983182004833445536e-06
8.251793356505521260e-02 3.499722262041284598e-07 -5.510893119266055146e+04 -3.167248647147362455e-06 -7.657518348623853853e+03 4.457771231275086071e-06
8.752751931716111489e-02 2.530938188415187409e-07 -4.698139898924453155e+04 -5.726247651289361353e-06 -5.982591162368796176e+03 2.175025005669301613e-06
9.254701955136974967e-02 -1.523096993932315266e-06 -3.931734913400182268e+04 6.933916451828851674e-06 -6.385229717411120873e+03 -5.422990324286406033e-06
9.754963178921903511e-02 2.606756385428661186e-06 -3.280664252067413327e+04 -7.334696888412017142e-06 -4.449592379357270147e+03 6.548836507510729803e-06
1.025319613041059119e-01 1.145124882739212007e-07 -2.859522101313320672e+04 -5.611111925422139097e-07 -4.139755722326453906e+03 -1.697647638660881859e-06
1.075116003998943526e-01 -7.440105624892315961e-07 -2.517410062026188825e+04 2.072976425875473587e-06 -3.653965541006202784e+03 -5.504823733329115304e-06
1.125102861506304813e-01 -3.415741912730926925e-06 -2.265129040735873787e+04 9.482929895841385782e-06 -3.456613125144933292e+03 -4.234293324138130937e-06
1.175500852175193622e-01 1.425831946246977676e-06 -1.960086701749395797e+04 -3.634026779285485790e-06 -2.695542312615559695e+03 3.058648248465501283e-06
1.225369446564099490e-01 -1.224339777805362581e-06 -1.756493452499172417e+04 4.159926736800728382e-06 -3.411986229725256635e+03 -6.247971555879675889e-07
1.275260957852891452e-01 -1.580975976870414313e-07 -1.561116468590831937e+04 1.224244418665820884e-06 -2.479757215619694307e+03 2.214031372144330425e-07
1.325302087090364789e-01 2.054940449469726850e-08 -1.314688423769709880e+04 -2.743345500042085195e-06 -1.859096234779193082e+03 4.430965344169098352e-06
1.375062694904859717e-01 -1.147228913674762285e-06 -1.168576135163674735e+04 1.269685932550158378e-06 -2.664743189017951408e+03 -2.080158044317581727e-06
1.425134422753508989e-01 -8.209398415752783577e-07 -1.094206719139950110e+04 -3.965556861846683431e-07 -2.089506047225955172e+03 1.655519294702153015e-06
1.475259222195813014e-01 6.395774722083011001e-08 -9.340699986331950640e+03 2.376169347834753182e-06 -2.127191580482026438e+03 -2.197852367811460806e-06
1.525299430011916868e-01 1.960885980300980724e-07 -8.362253635441325969e+03 -3.400589107943016261e-06 -1.617132228610077618e+03 1.420352279152223459e-06
1.574945685492469272e-01 -2.122790244469608093e-07 -7.851263477170703482e+03 2.021587453744894284e-06 -1.359778056375621645e+03 -1.350810420099991762e-06
1.625189323163163113e-01 -1.151648751140510949e-06 -6.855212262773723523e+03 2.986044779311131501e-06 -1.549047153284671595e+03 -7.816231163748859587e-06
1.675461007718098694e-01 4.358335073553619480e-07 -5.923859339407744301e+03 -3.157688436312664258e-06 -7.876539720956719748e+02 -5.493742458369574326e-07
1.725292014006662711e-01 -7.967143051389392819e-07 -5.436993769983848324e+03 -4.225000103009526736e-07 -7.070030655635033554e+02 -1.006958357883937201e-06
1.775301965061671094e-01 -8.183979494652321523e-07 -4.697278647147904849e+03 1.183307152815024067e-06 -1.095056410903584037e+03 -2.515610873488571200e-06
1.825147654490652804e-01 5.896332563369671487e-07 -4.008322609235132404e+03 -1.225247087709385816e-06 -5.138132293420781025e+02 -2.008494628141710214e-06
1.875360723572403465e-01 -5.413034108763966065e-07 -3.934097430167597850e+03 1.956790519160265480e-06 -6.661330167597765239e+02 -2.446627483687587320e-06
1.925323683450522461e-01 2.810872570151012080e-07 -3.507030095319695647e+03 -3.203087347381385513e-07 -7.407774981257363152e+02 -1.977416168536467739e-07
1.975198663583639380e-01 -1.377092686859744431e-06 -2.717901808524092303e+03 9.170325739850764109e-07 -5.326330087264449276e+02 -2.421490896120526046e-06
2.025153694923672032e-01 8.834578247129209888e-09 -2.519305992473222432e+03 4.844293738842516868e-07 -5.389333687156229189e+02 5.039390675133287552e-07
2.075088499274508613e-01 -5.590707939270420986e-07 -2.319745723510957305e+03 1.453584064210309488e-07 -4.132957933545536093e+02 -4.444612811719984430e-07
2.125178062418619784e-01 2.570209712918921426e-07 -1.913697154826322276e+03 -9.248759821876636869e-07 -4.721360621399895763e+02 7.169619969910488474e-07
2.175004174234404231e-01 3.185068333894453253e-07 -1.717961956064304331e+03 -8.065414974539180729e-07 -5.457058328423534022e+02 1.365212757632985474e-06
2.225093171556767890e-01 4.088168697425189037e-08 -1.780658694667165719e+03 -8.236457522753689183e-07 -5.177515809381218332e+02 -4.319631189852938633e-07
2.275289586476768322e-01 -1.564884229584417750e-07 -1.571685902341956307e+03 3.211516142803842296e-07 -2.423534172661870514e+02 -1.853628726423781324e-06
2.325285406108919262e-01 -1.099172406226693129e-07 -1.166677459843923543e+03 -2.781239270300875196e-07 -1.704133119895221284e+02 -8.378413909584023777e-07
2.375276552426477672e-01 7.295466030936895504e-08 -1.039998031288451330e+03 -6.244060632360696473e-07 -2.084972930216206919e+02 8.137663212449464259e-07
2.424991024241769377e-01 4.101090977580065198e-07 -1.041191970692013001e+03 2.256630462537774587e-07 -2.423487920584809103e+02 -1.004921853237426803e-06
2.474998551644826128e-01 2.171800108319324407e-07 -7.339635606788344830e+02 -9.735234456302033930e-08 -2.096066282420749189e+02 -5.119548483685809196e-07
2.525200307756395035e-01 2.454243833127126536e-07 -5.912201051654810726e+02 -4.058941724017940325e-07 -1.579916795545932757e+02 -1.463106900518094744e-08
2.575182250600202005e-01 -2.519445388756426651e-07 -5.287119588704268835e+02 1.124654954222859742e-06 -1.805019298114894468e+02 -1.334191860878008289e-06
2.625255687975799335e-01 -2.002351505890911199e-08 -4.490752838477777118e+02 8.231405864434158774e-07 -2.006782535516631469e+02 -4.488967370543483057e-07
2.675305520911575030e-01 -3.105653757629002474e-07 -3.015167699976526023e+02 3.735633726103270697e-07 -1.344777205506690052e+02 -2.469510941637050953e-06
2.725404586615198799e-01 -6.662151780342598068e-07 -2.443362511239223522e+02 1.471847281574780383e-06 -1.587623234780768939e+02 -4.051867447871902134e-07
2.775333197047151201e-01 -1.719655706374234160e-07 -1.881623930519295698e+02 -3.478753057390079018e-07 -1.596788326828133506e+02 -1.074784816483896416e-07
2.825123907298719983e-01 6.332307941703205195e-08 -8.306150805903786249e+01 8.292308018897054234e-08 -1.527561291916260302e+02 -6.973077197708886815e-08
2.875104651677040102e-01 9.352255315073740380e-08 -1.082902102087722653e+02 -9.571448799020781211e-08 -1.607904855391687420e+02 1.207390774074949726e-07
2.924971317655564174e-01 5.185684708382942930e-07 1.949986959449305779e+00 -7.760888679212566471e-08 -1.637764394456067976e+02 9.207236114883999897e-08
2.975058823671092867e-01 -1.209083474473179948e-07 1.223784105541248479e+01 -2.017935600514501103e-07 -1.482998956575792420e+02 -1.275782082942755705e-07
3.025121359101998753e-01 -2.760712127731723747e-07 3.071552245903765410e+01 1.138752523416221663e-06 1.749604832259737819e+01 -1.067632027294100619e-06
3.075010376196579687e-01 -3.061804358049851291e-08 1.371432617442650326e+02 8.955777747295814545e-07 -2.015118226472278806e+01 -1.282130574933375116e-07
3.125134169243361515e-01 1.883952641137140593e-07 2.039064146390508938e+02 -2.782972386826362237e-07 -9.817930826462900029e+01 -3.383597353442967232e-07
3.175159688234982513e-01 2.743227199298071514e-08 1.985354107927026917e+02 3.295620217298803166e-07 -8.639556542326924671e+01 -3.978991091331594887e-07
3.225221380836135188e-01 2.304517887483481377e-09 2.263942231451765394e+02 8.987619761185577495e-08 -7.158881442325845512e+01 -1.204110596210119008e-07
3.275181733526948968e-01 1.016875983432062239e-07 2.591545168456127612e+02 4.101399799842650648e-07 -6.454828767123287037e+01 2.980011562557848980e-07
3.325123842131759710e-01 -7.981148730841421745e-08 1.989837124278356555e+02 4.696390239576754794e-07 -1.434757465507885854e+02 -4.428994610329176383e-07
3.374959366892091861e-01 2.921531802072750238e-07 2.864682058648355110e+02 -6.122386635542208595e-07 -1.285514486914480017e+02 8.974087679765781804e-07
3.424919221947719805e-01 -6.917951853919942925e-08 2.481544308228254465e+02 1.022432590174932794e-07 -1.276509013326221691e+02 -2.516659323328596920e-07
3.475179778446125245e-01 4.314856710423677155e-07 2.842797072565099370e+02 -7.242528117929517163e-07 -1.225119090404155884e+02 1.394974977799451565e-07
3.525052850529177828e-01 -1.891816973819455447e-07 3.039091489701420983e+02 1.030388530138561903e-06 -1.410262494012454226e+02 -3.393058405313822380e-07
3.575133254796376558e-01 5.883029742698150352e-08 2.932920572387733955e+02 -1.667236083228400023e-07 -1.407212024127967140e+02 6.171890998390828254e-08
3.625250227669692404e-01 1.677294988047733743e-07 3.551239271194097000e+02 -6.948137046378556749e-07 -1.014558876675199457e+02 9.236610756098478226e-07
3.675230446100045678e-01 -5.517543595856206570e-08 2.846339624842347575e+02 1.059012399849820266e-07 -1.231688646851693960e+02 2.113575167767498428e-08
3.725177060730277545e-01 -1.900096149303892956e-07 3.077281434044256798e+02 6.722043408381808882e-07 -2.053707616215907308e+02 -9.837305438791856225e-07
3.775163034622419089e-01 -2.058059964160362947e-07 3.134200150323056846e+02 4.101389437779700853e-07 -1.470381530950689921e+02 -7.796112118837530198e-07
3.825226892977953153e-01 1.034092258762668918e-07 3.185055675675675388e+02 -4.655477162953969795e-07 -2.390157027027026970e+02 6.205713426744615799e-07
3.875130067694269043e-01 7.617335425036223016e-08 2.932514225500527232e+02 -6.260685975986235550e-08 -1.980581138040042219e+02 7.036990938498173036e-08
3.924957861003909865e-01 -2.765664725002413612e-07 2.790538667009944334e+02 7.652720006114634217e-07 -2.690245550799729699e+02 -8.960910849049014314e-07
3.975064703251052212e-01 -1.304573998280775704e-08 3.150270739111579701e+02 1.974822523484449580e-07 -2.189051731615141705e+02 -7.919614978693622542e-08
