3.798113400606732779e-03 -2.019942434210526133e-02 1.816420042105263099e+07 4.391961348684210453e-02 4.903424336842104793e+07 -5.665989925986841813e-02 5.197045221052630991e+07 0.000000000000000000e+00 4.189687578947368078e+06 0.000000000000000000e+00 6.054992842105262913e+06
8.299341265228576958e-03 5.859375000000000000e-03 3.596820800000000000e+07 -1.367187500000000000e-02 3.985448800000000000e+07 1.660156250000000000e-02 7.946030400000000000e+07 0.000000000000000000e+00 5.405445200000000000e+07 0.000000000000000000e+00 6.172422400000000000e+07
1.293222767532251419e-02 1.268909235668789961e-03 2.252315230573248491e+07 -1.181827229299363012e-03 7.036076840764331631e+06 1.993555931528662520e-03 6.039491342675159872e+07 0.000000000000000000e+00 2.547468881528662518e+07 0.000000000000000000e+00 8.155426242038217373e+06
1.764839556552980082e-02 1.334412457191780843e-03 1.993779901369863003e+07 -3.282520869006849262e-03 6.155808000000000000e+06 4.731060707405821894e-03 5.465471298630136997e+07 0.000000000000000000e+00 2.978487758904109523e+07 0.000000000000000000e+00 2.721999254794520512e+07
2.256548662787912635e-02 1.181474480151228765e-04 1.372608314555765688e+07 8.861058601134215538e-04 3.895130737240075832e+05 1.609758979206049124e-03 4.323892458223062754e+07 0.000000000000000000e+00 2.362405553119092807e+07 0.000000000000000000e+00 -3.854107584120983258e+06
2.777643688250242340e-02 -1.905487804878048847e-04 9.470635707317072898e+06 6.478658536585366187e-04 3.183534204878048971e+06 -8.288871951219511968e-04 3.320593233170731738e+07 0.000000000000000000e+00 2.348316721951219440e+07 0.000000000000000000e+00 6.200060878048780374e+06
3.269804980233311648e-02 3.398437500000000308e-04 6.695463935999999754e+06 -7.187499999999999879e-04 1.011571839999999967e+06 2.089843750000000121e-03 2.576734412800000235e+07 0.000000000000000000e+00 1.769166643200000003e+07 0.000000000000000000e+00 -8.143550720000000438e+05
3.761648458559932462e-02 9.482467970330411030e-05 4.449961170600134879e+06 -1.738452461227241977e-04 1.363001310856372118e+06 -4.016878792987188160e-04 2.158634948617666960e+07 0.000000000000000000e+00 1.967074032636547461e+07 0.000000000000000000e+00 8.575418605529332533e+06
4.263843696389812976e-02 -9.700230189732142276e-05 3.251777142857142724e+06 6.811959402901785908e-05 1.786230000000000000e+05 -4.581723894391740684e-04 1.711436457142857090e+07 0.000000000000000000e+00 1.210138171428571269e+07 0.000000000000000000e+00 2.641528571428571362e+06
4.756514582339458480e-02 -4.531454426515481868e-04 2.394943302224160638e+06 1.146492040994330584e-03 3.131795481901439489e+05 -1.376045982337549198e-03 1.535584147928478010e+07 0.000000000000000000e+00 1.103067179764500633e+07 0.000000000000000000e+00 -5.062670737025730778e+05
5.262096060748640974e-02 -1.920207162921348261e-05 1.815002606741572963e+06 2.455122015449437965e-04 3.224231011235954938e+05 -3.226633821980336896e-04 1.261055856179775298e+07 0.000000000000000000e+00 8.808999550561796874e+06 0.000000000000000000e+00 2.168205483146067243e+06
5.756031740041873956e-02 -3.988435952970297184e-05 1.414118495049505029e+06 -1.812925433168316748e-06 -1.156227103960396016e+04 5.272591468131188058e-05 1.112674598019802012e+07 0.000000000000000000e+00 7.597118732673267834e+06 0.000000000000000000e+00 6.093510495049505262e+05
6.254738279606215923e-02 -5.461276674025018052e-05 1.153198308560215868e+06 -4.934311380917340783e-05 4.481976355163109838e+04 5.433730760976207075e-04 9.959398381162619218e+06 0.000000000000000000e+00 6.333232788815304637e+06 0.000000000000000000e+00 1.495249597252881853e+06
6.757793472572401483e-02 4.161975505272407514e-05 9.531140949033391662e+05 -1.315098445738136944e-04 1.138012302284709876e+05 1.061411021254393569e-04 8.757385673110719770e+06 0.000000000000000000e+00 5.616064562390157953e+06 0.000000000000000000e+00 1.270356808435852407e+06
7.255917516659465827e-02 1.060651850474242104e-04 7.321936604054305935e+05 -2.288392691091686740e-04 5.509030611865352694e+04 4.513218918541938196e-04 7.987381299609447829e+06 0.000000000000000000e+00 4.752320583224846981e+06 0.000000000000000000e+00 3.707345627673423733e+05
7.753384299139773339e-02 1.163897723468362936e-04 6.460362263140274445e+05 -2.942438064948108434e-04 8.028279879477737995e+04 3.632276322397053970e-04 7.268735957147640176e+06 0.000000000000000000e+00 4.533285710077000782e+06 0.000000000000000000e+00 9.019658198861734709e+05
8.251793356505521260e-02 -3.030759478927752589e-05 5.107291009174312348e+05 8.693310098910550857e-05 1.578595068807339521e+04 -2.686736780569094285e-04 6.438855633027523756e+06 0.000000000000000000e+00 3.843402862385321409e+06 0.000000000000000000e+00 1.610591376146789116e+05
8.752751931716111489e-02 -1.316087857975897486e-04 4.041732776985875680e+05 1.062994039134378729e-04 6.958776312038357719e+04 -2.609397272256058146e-04 5.751674642477647401e+06 0.000000000000000000e+00 3.254536857327977195e+06 0.000000000000000000e+00 8.541555941428017104e+05
9.254701955136974967e-02 -7.132823182543300132e-05 3.241242078395624412e+05 7.861684209776663402e-05 2.203313400182315308e+04 -1.891004897946102947e-04 5.176060966271650046e+06 0.000000000000000000e+00 2.742651216043755412e+06 0.000000000000000000e+00 2.455703336371923506e+05
9.754963178921903511e-02 -4.906835549042185911e-06 2.669795674657175550e+05 -1.300311420496179338e-04 1.065297435360619784e+04 2.226476630377891670e-04 4.673990920548519120e+06 0.000000000000000000e+00 2.190669472626400180e+06 0.000000000000000000e+00 2.196513497330681421e+05
1.025319613041059119e-01 -5.166803470919324319e-05 2.229703084427767317e+05 1.830367612570356535e-04 2.234027317073170707e+04 -2.004884644699812433e-04 4.275668388742964715e+06 0.000000000000000000e+00 1.967068842026266502e+06 0.000000000000000000e+00 3.572681966228893143e+05
1.075116003998943526e-01 -2.553297025758097667e-05 1.614685706409372797e+05 1.589816492397484575e-04 -7.612115782219158973e+03 -1.076475494405797656e-04 3.927047057201929856e+06 0.000000000000000000e+00 1.661822500344589818e+06 0.000000000000000000e+00 -5.488384838042729098e+04
1.125102861506304813e-01 -1.781469815258560803e-05 1.454237118342737958e+05 -1.358748164180258165e-06 3.384594882894024977e+03 -9.575400257014764530e-05 3.718663954858159181e+06 0.000000000000000000e+00 1.462213110303779831e+06 0.000000000000000000e+00 3.346680856458220514e+05
1.175500852175193622e-01 -4.097367906414450875e-06 1.379686895178495324e+05 1.246572100341345541e-05 1.152176134262551568e+04 -7.647841367693074220e-06 3.543717229412601329e+06 0.000000000000000000e+00 1.427243218887782656e+06 0.000000000000000000e+00 8.572825942255725386e+04
1.225369446564099490e-01 -2.405039721946375427e-05 1.097998999006951344e+05 -3.090346739490235512e-05 6.200800794438928278e+03 -1.308225235849056584e-04 3.329671346971201710e+06 0.000000000000000000e+00 1.228601640251572477e+06 0.000000000000000000e+00 5.382225858987090760e+04
1.275260957852891452e-01 1.776429480960465746e-05 1.008293844288139662e+05 -3.564701825127334224e-05 2.490952219257821980e+03 1.265706005184331873e-04 3.212189896677176934e+06 0.000000000000000000e+00 1.236118756245452212e+06 0.000000000000000000e+00 2.005474382731021033e+05
1.325302087090364789e-01 -1.972742831490937733e-05 8.035674227035520016e+04 2.827598058470343870e-05 1.839983165927837945e+03 -5.868909923685539359e-05 3.028337067504629493e+06 0.000000000000000000e+00 1.064647301049323753e+06 0.000000000000000000e+00 -1.793008697603950395e+03
1.375062694904859717e-01 1.548597905804514145e-05 7.284573262935585808e+04 -3.459007964088898910e-05 1.943313368532207096e+04 6.154613233040605606e-05 2.880193878775079269e+06 0.000000000000000000e+00 1.057743016684266040e+06 0.000000000000000000e+00 2.347512701161562873e+05
1.425134422753508989e-01 -6.444487605586484467e-06 6.557390362833556719e+04 5.698098768357649985e-05 1.814793012094451842e+04 2.782846920594163978e-07 2.716673769245536532e+06 0.000000000000000000e+00 8.469136586676904699e+05 0.000000000000000000e+00 -7.698241505087348742e+03
1.475259222195813014e-01 1.512739760353546849e-06 5.135501243792427704e+04 -7.430221764089479916e-06 1.642764299056904565e+04 1.647329106679119642e-05 2.600891139277415816e+06 0.000000000000000000e+00 8.898610852430635132e+05 0.000000000000000000e+00 6.617380144881315937e+04
1.525299430011916868e-01 -2.394344986472776287e-05 5.079439431856611191e+04 5.473968020798105841e-05 1.656983158606696088e+04 -7.341969928347987244e-05 2.444708923909367528e+06 0.000000000000000000e+00 8.472487521136286668e+05 0.000000000000000000e+00 6.668847074737909134e+04
1.574945685492469272e-01 -4.344314918914546735e-06 4.196421272293444054e+04 1.180863782504954062e-05 3.544184090265701343e+03 -2.327170514518542464e-05 2.346132711287256796e+06 0.000000000000000000e+00 7.706026752942127641e+05 0.000000000000000000e+00 -3.469885064908803997e+03
1.625189323163163113e-01 1.389997718978102288e-05 3.615241576642336440e+04 -1.607407618613138729e-05 6.710662189781022789e+03 3.946346088047445491e-05 2.209934014598540496e+06 0.000000000000000000e+00 7.445098884671533015e+05 0.000000000000000000e+00 1.074574294890511082e+05
1.675461007718098694e-01 -1.289524087058655934e-05 2.783780410022778960e+04 4.558519784844817363e-05 1.272458428246013682e+04 -4.769240533572394604e-05 2.143278651480637491e+06 0.000000000000000000e+00 6.545934578587699216e+05 0.000000000000000000e+00 -7.531384538724373670e+02
1.725292014006662711e-01 9.013333553086990934e-06 2.416855562514421399e+04 -1.918552427728516320e-05 9.224348880904506586e+03 4.451942965685466914e-05 2.035307895177506143e+06 0.000000000000000000e+00 5.667052346639417810e+05 0.000000000000000000e+00 1.349426825328806590e+05
1.775301965061671094e-01 -4.405869431474003236e-06 2.110230994447248668e+04 3.862068064582281819e-05 9.060985360928823866e+03 -1.782759580270381155e-05 1.996040787481070030e+06 0.000000000000000000e+00 5.644470469459869200e+05 0.000000000000000000e+00 6.689908934881372261e+04
1.825147654490652804e-01 1.615631185559396208e-06 2.033681349522880919e+04 -2.896595911252917543e-05 1.164151189104552577e+04 4.168905469880941975e-05 1.930099721468876582e+06 0.000000000000000000e+00 5.521440430145646678e+05 0.000000000000000000e+00 3.262675340482732281e+04
1.875360723572403465e-01 -2.120886435055865972e-06 1.117785832402234701e+04 -1.411992078386871595e-05 8.862350837988826243e+03 7.190384678334497034e-06 1.878467360893854871e+06 0.000000000000000000e+00 5.047614069273743080e+05 0.000000000000000000e+00 3.137868156424580957e+04
1.925323683450522461e-01 1.411973198029345548e-05 1.285682938845453464e+04 -3.059275262396915664e-05 1.686861304487522648e+04 3.994053814795972757e-05 1.823248834529292071e+06 0.000000000000000000e+00 4.300026269679768593e+05 0.000000000000000000e+00 3.538429217093284387e+04
1.975198663583639380e-01 -1.826654783735929966e-05 8.914129960794232829e+03 -3.736058634754015368e-06 1.200978980650056837e+04 -3.507109256434172027e-05 1.770142320475528017e+06 0.000000000000000000e+00 4.509147932717844378e+05 0.000000000000000000e+00 1.081433488301504985e+05
2.025153694923672032e-01 -1.209969112429738136e-05 5.896513364855737564e+03 -3.797727513241972829e-05 9.979833638907652130e+03 -1.266004265499289949e-05 1.716433286114059854e+06 0.000000000000000000e+00 3.906161289201969048e+05 0.000000000000000000e+00 4.022834468783171178e+04
2.075088499274508613e-01 9.370026506217226132e-06 5.049961849366827664e+03 -3.943685380361355039e-05 5.321896997870342602e+03 4.524280399854587907e-05 1.659047239185692510e+06 0.000000000000000000e+00 3.626836164785088040e+05 0.000000000000000000e+00 1.407138684192447727e+04
2.125178062418619784e-01 7.372373559958108016e-06 4.613745505323791804e+03 -1.664110910499214642e-05 9.293455751440042150e+03 1.561302521982457848e-05 1.601245726653866470e+06 0.000000000000000000e+00 3.482141581427823403e+05 0.000000000000000000e+00 3.442814871705359110e+04
2.175004174234404231e-01 -3.976198210377914134e-06 -5.999049322447605164e+02 5.255362750925847973e-06 1.091457958084336315e+04 1.354938343652680820e-06 1.558350452655500500e+06 0.000000000000000000e+00 3.345584728558202041e+05 0.000000000000000000e+00 9.860756501977948574e+03
2.225093171556767890e-01 4.886563995981166421e-06 3.945871200330962893e+03 -1.275508633596658842e-05 9.260859005929749401e+03 1.805046720169027356e-05 1.525552904316305881e+06 0.000000000000000000e+00 3.218100094166781637e+05 0.000000000000000000e+00 3.548628214574181038e+04
2.275289586476768322e-01 -6.633240614954845228e-07 -8.375926833001684599e+02 -3.797763816872034303e-06 7.689425378845859996e+03 3.647114514173236146e-06 1.504475909995408030e+06 0.000000000000000000e+00 2.896706419715291704e+05 0.000000000000000000e+00 1.362399510179090794e+04
2.325285406108919262e-01 -3.872639750422934959e-06 -2.631750131882924506e+03 4.565451448893093554e-06 4.935185491059247397e+03 -5.840047330052935691e-06 1.445625801757226465e+06 0.000000000000000000e+00 3.153844373055864125e+05 0.000000000000000000e+00 5.642419660560639022e+04
2.375276552426477672e-01 -1.976213004262612039e-05 -1.710689963086658508e+03 -9.851024867068025953e-06 5.901927227983828743e+03 -6.225124606559808414e-05 1.408800804359289818e+06 0.000000000000000000e+00 2.795188986465108464e+05 0.000000000000000000e+00 5.904102935489541414e+04
2.424991024241769377e-01 8.441240524707511165e-06 -2.291521280367363033e+03 -3.033570813566761984e-06 6.159866290750088410e+03 2.548858955312072582e-05 1.381855127513379324e+06 0.000000000000000000e+00 2.249433573852413392e+05 0.000000000000000000e+00 2.832267472523762262e+04
2.474998551644826128e-01 5.769317363112392337e-06 -1.688431380083253316e+03 -7.418810538744796835e-06 7.340076593019532083e+03 3.007198044248318933e-05 1.343519083957732888e+06 0.000000000000000000e+00 1.990873227025296073e+05 0.000000000000000000e+00 3.136674838296509915e+04
2.525200307756395035e-01 -2.839371326940922142e-06 -3.403853015774822325e+03 -2.869577404887102056e-06 6.805365666563563536e+03 -5.459748588772038420e-06 1.321983809959789738e+06 0.000000000000000000e+00 1.953078399010207504e+05 0.000000000000000000e+00 2.113845963501392180e+04
2.575182250600202005e-01 -7.276376574025780776e-07 -3.630421578123835843e+03 -4.365825944415468227e-08 5.545219700469413510e+03 -6.879814050741375442e-06 1.288118478921093745e+06 0.000000000000000000e+00 2.197948971909693792e+05 0.000000000000000000e+00 4.714578097012145008e+04
2.625255687975799335e-01 -6.407524818850915838e-06 -4.017437781708221792e+03 3.139687161236948761e-05 8.215146916186455201e+03 -2.123537301377874202e-05 1.271496131910766242e+06 0.000000000000000000e+00 1.954822689564671600e+05 0.000000000000000000e+00 5.679214742967992061e+04
2.675305520911575030e-01 6.539992716201101191e-06 -4.917969760152441268e+03 6.492796892475938562e-06 5.461426713246157306e+03 -1.827995386783529640e-05 1.244299769403902115e+06 0.000000000000000000e+00 1.870158739592107013e+05 0.000000000000000000e+00 1.966083075351071966e+04
2.725404586615198799e-01 -2.130597298619558993e-06 -4.533225577828317000e+03 -1.284814734622097467e-06 5.207275189083407895e+03 -5.589589731151160590e-06 1.215496611413761973e+06 0.000000000000000000e+00 1.484352368963875633e+05 0.000000000000000000e+00 4.216373956735600223e+04
2.775333197047151201e-01 -2.416983983637914413e-06 -3.963837774963165884e+03 3.922077143161785719e-06 7.511990694548556348e+03 1.611585600056220350e-06 1.195550055367436027e+06 0.000000000000000000e+00 1.426669134334530972e+05 0.000000000000000000e+00 2.916727169333367783e+04
2.825123907298719983e-01 -6.223754091274007574e-06 -5.549390872599271461e+03 2.559458562341752601e-05 7.649717285246711981e+03 -3.576849371642067924e-05 1.172976627036373829e+06 0.000000000000000000e+00 1.292055919471376546e+05 0.000000000000000000e+00 2.978067777434694290e+04
2.875104651677040102e-01 -4.442321274660026813e-07 -6.005284811338823602e+03 -1.695096275857115411e-06 7.262728979122773126e+03 1.727244653502681488e-06 1.149375570963416947e+06 0.000000000000000000e+00 1.426892196897146059e+05 0.000000000000000000e+00 4.307867764796016127e+04
2.924971317655564174e-01 -2.686678553676496058e-06 -5.487942849876891160e+03 1.556693161983146323e-05 7.396095943774635998e+03 -1.347008060577512139e-05 1.127537811973320553e+06 0.000000000000000000e+00 1.232425884936827351e+05 0.000000000000000000e+00 -3.195175715821475023e+03
2.975058823671092867e-01 1.485093047908711406e-06 -4.789949382825681823e+03 -8.395653763542313718e-06 6.427550661575348386e+03 2.270322446871392340e-05 1.109195417813693173e+06 0.000000000000000000e+00 1.233584342420744069e+05 0.000000000000000000e+00 6.209190658023265860e+04
3.025121359101998753e-01 -6.480582065193895899e-06 -4.829776490424105759e+03 8.844833502658769057e-06 6.069119363624573452e+03 -1.058108065204703650e-05 1.087313754874411039e+06 0.000000000000000000e+00 1.190490088625653880e+05 0.000000000000000000e+00 7.251098871644114297e+03
3.075010376196579687e-01 -2.878096096566860121e-06 -5.238667711762554973e+03 -1.360461736426817236e-05 4.946407733709567765e+03 -8.687869865966453290e-06 1.071594762313842308e+06 0.000000000000000000e+00 1.074169097350681986e+05 0.000000000000000000e+00 5.046533337513717561e+04
3.125134169243361515e-01 3.947095566056706404e-06 -4.688346511160265436e+03 -1.560182799617937000e-05 5.398172853408405899e+03 1.510844105042228033e-05 1.056986349004625110e+06 0.000000000000000000e+00 9.499120659561632783e+04 0.000000000000000000e+00 1.628208003217373880e+04
3.175159688234982513e-01 -3.070016013203524865e-07 -4.342545018714817161e+03 -7.636664832843768897e-06 5.957658024776257662e+03 9.018172038785353604e-06 1.036932835005059373e+06 0.000000000000000000e+00 9.656685875961529382e+04 0.000000000000000000e+00 3.699568252596005550e+03
3.225221380836135188e-01 2.790771161742495871e-06 -4.269940872191807102e+03 -8.304330207546724448e-06 6.027457051161034542e+03 -7.947706064458656401e-07 1.017032779006985133e+06 0.000000000000000000e+00 8.640618131017558335e+04 0.000000000000000000e+00 1.647016137436284771e+04
3.275181733526948968e-01 -7.431103714480747541e-06 -4.048514772306552914e+03 2.365761975454692807e-05 5.478683154387264040e+03 -2.970111144996933903e-05 1.013227186375416466e+06 0.000000000000000000e+00 8.355640014809329296e+04 0.000000000000000000e+00 8.121123139577934126e+03
3.325123842131759710e-01 -2.484471877029275197e-06 -4.376704306288194857e+03 1.042435752599695891e-07 4.634571924175169443e+03 -2.185640294617362223e-05 9.935697190282609081e+05 0.000000000000000000e+00 7.901553167225598008e+04 0.000000000000000000e+00 2.225648974799185453e+04
3.374959366892091861e-01 -9.750913096030551806e-07 -5.176356795011036411e+03 9.040978195179203499e-06 5.729455768489647198e+03 -6.137087847720983152e-07 9.824573069404057460e+05 0.000000000000000000e+00 8.535680201800791838e+04 0.000000000000000000e+00 8.101589881932522985e+03
3.424919221947719805e-01 -9.131696447174324132e-06 -3.815285201143438371e+03 1.615545227062480753e-05 5.373096267157822695e+03 -1.969378117473268426e-05 9.643393631082850043e+05 0.000000000000000000e+00 5.842082617573277821e+04 0.000000000000000000e+00 1.159125666519431070e+04
3.475179778446125245e-01 1.914390498905478947e-06 -4.515318979318456513e+03 -3.493762660502499311e-06 4.966833992224001122e+03 4.103974632028620710e-06 9.516612435063873418e+05 0.000000000000000000e+00 6.023854726043061964e+04 0.000000000000000000e+00 3.321506112980690523e+04
3.525052850529177828e-01 -4.545233414497844879e-06 -3.586486987066900838e+03 7.652052480839853036e-06 5.559094363723454990e+03 -1.486458946640986787e-05 9.439627996806642041e+05 0.000000000000000000e+00 4.927960351269359671e+04 0.000000000000000000e+00 5.445357177071690785e+03
3.575133254796376558e-01 -6.062769695947758582e-07 -4.612488844264243198e+03 3.282129026756903913e-06 5.720764920940286174e+03 3.305519341941887628e-06 9.300814836093845079e+05 0.000000000000000000e+00 6.993935461520185345e+04 0.000000000000000000e+00 1.601832523702585240e+04
3.625250227669692404e-01 4.570513959211715075e-06 -3.996643878933895394e+03 -8.926426066528006561e-06 6.450005481102243721e+03 1.293297830681326128e-05 9.212878503839782206e+05 0.000000000000000000e+00 3.812532329468453099e+04 0.000000000000000000e+00 6.896878903779550456e+03
3.675230446100045678e-01 -6.371872926827490812e-07 -3.509970678506076638e+03 -5.873514150427574949e-08 4.987597839161910088e+03 -3.195280690471243575e-06 9.095324934351056581e+05 0.000000000000000000e+00 4.497338588164964312e+04 0.000000000000000000e+00 1.816584353607593584e+04
3.725177060730277545e-01 -5.932858689747842369e-07 -2.562010406541254724e+03 -1.144343743746068995e-05 3.678839727828921241e+03 1.964212465916076022e-05 9.020927677969009383e+05 0.000000000000000000e+00 4.665438252615930105e+04 0.000000000000000000e+00 2.086724958545371555e+04
3.775163034622419089e-01 6.794543979837402494e-06 -2.550043262699884963e+03 -1.009080689176050316e-05 4.815857344798339909e+03 2.567903285343157321e-05 8.869598341757400194e+05 0.000000000000000000e+00 3.716836993263044860e+04 0.000000000000000000e+00 1.861233206225305184e+04
3.825226892977953153e-01 -1.639701224662162228e-06 -2.385832216216216239e+03 7.398450696790540358e-06 3.526243243243243342e+03 -1.626958073796452568e-05 8.828331865945946192e+05 0.000000000000000000e+00 2.887422616216216193e+04 0.000000000000000000e+00 2.988901016216216158e+04
3.875130067694269043e-01 2.408605481098524740e-06 -3.244216438356164417e+03 1.381169631684668230e-06 4.154625079030558481e+03 -4.015280398980835096e-06 8.735952792413067073e+05 0.000000000000000000e+00 3.394457154899894522e+04 0.000000000000000000e+00 2.082695721812434203e+04
3.924957861003909865e-01 4.278923321694075757e-06 -2.695108525086087866e+03 -8.333922084687672181e-06 3.413585299134296747e+03 8.482615848666850191e-06 8.656800892865188653e+05 0.000000000000000000e+00 3.144539127860200460e+04 0.000000000000000000e+00 3.592096629227947415e+04
3.975064703251052212e-01 8.349273588996964507e-07 -1.658863663961340762e+03 -4.247239173533238876e-06 3.788260752121925634e+03 2.774015898952977185e-06 8.589386860293662176e+05 0.000000000000000000e+00 2.710489808562047256e+04 0.000000000000000000e+00 3.977958639489499183e+04
