3.798113400606732779e-03 3.325008223684210679e+04 0.000000000000000000e+00 8.484028947368419904e+04 0.000000000000000000e+00 1.608164605263157864e+05
8.299341265228576958e-03 4.170749609375000000e+04 0.000000000000000000e+00 3.785699218750000000e+04 0.000000000000000000e+00 2.438338671875000000e+04
1.293222767532251419e-02 4.451975159235668980e+04 0.000000000000000000e+00 1.365958121019108330e+04 0.000000000000000000e+00 -4.358355095541401170e+03
1.764839556552980082e-02 4.869164041095889843e+04 0.000000000000000000e+00 3.364838356164383731e+04 0.000000000000000000e+00 1.851531506849314974e+04
2.256548662787912635e-02 4.580658223062381876e+04 0.000000000000000000e+00 2.101416257088846760e+04 0.000000000000000000e+00 -1.829099432892249752e+04
2.777643688250242340e-02 4.105577073170731455e+04 0.000000000000000000e+00 2.222072439024390405e+04 0.000000000000000000e+00 9.400392682926829366e+03
3.269804980233311648e-02 3.487977999999999884e+04 0.000000000000000000e+00 1.640313999999999942e+04 0.000000000000000000e+00 -4.939181000000000495e+03
3.761648458559932462e-02 3.228998786244099756e+04 0.000000000000000000e+00 1.517159136884693180e+04 0.000000000000000000e+00 1.848497471341874643e+03
4.263843696389812976e-02 2.906909375000000000e+04 0.000000000000000000e+00 1.330032254464285688e+04 0.000000000000000000e+00 2.771068917410714221e+03
4.756514582339458480e-02 2.523386480593109445e+04 0.000000000000000000e+00 1.092332054077627618e+04 0.000000000000000000e+00 -3.594080462276493563e+03
5.262096060748640974e-02 2.341273876404494149e+04 0.000000000000000000e+00 1.048197191011235918e+04 0.000000000000000000e+00 1.762320224719101134e+03
5.756031740041873956e-02 2.245777970297029606e+04 0.000000000000000000e+00 9.320426980198019010e+03 0.000000000000000000e+00 -9.855945235148515167e+02
6.254738279606215923e-02 2.127504537650233033e+04 0.000000000000000000e+00 9.890609762079959182e+03 0.000000000000000000e+00 1.384264287466274027e+03
6.757793472572401483e-02 1.988884885764498904e+04 0.000000000000000000e+00 8.938737258347979150e+03 0.000000000000000000e+00 -9.787618629173988438e+02
7.255917516659465827e-02 1.844153989213316163e+04 0.000000000000000000e+00 8.885013204389064413e+03 0.000000000000000000e+00 3.448071647758973768e+01
7.753384299139773339e-02 1.704050083696016009e+04 0.000000000000000000e+00 6.971800468697690121e+03 0.000000000000000000e+00 9.342648141948443481e+02
8.251793356505521260e-02 1.610055275229357903e+04 0.000000000000000000e+00 7.419384747706422786e+03 0.000000000000000000e+00 -1.670136897935779814e+02
8.752751931716111489e-02 1.450464792017623586e+04 0.000000000000000000e+00 6.969069845794998400e+03 0.000000000000000000e+00 1.406035635609692918e+03
9.254701955136974967e-02 1.351543938012762010e+04 0.000000000000000000e+00 5.827263901549680668e+03 0.000000000000000000e+00 8.227363263445761277e+02
9.754963178921903511e-02 1.259438835967758860e+04 0.000000000000000000e+00 4.952694650895006816e+03 0.000000000000000000e+00 -1.671869831466555070e+02
1.025319613041059119e-01 1.164877148217636022e+04 0.000000000000000000e+00 5.155592495309568221e+03 0.000000000000000000e+00 3.304043855534709451e+02
1.075116003998943526e-01 1.110942039972432758e+04 0.000000000000000000e+00 4.936156443831840079e+03 0.000000000000000000e+00 -4.515305823569951826e+02
1.125102861506304813e-01 1.054596645280977100e+04 0.000000000000000000e+00 4.754989255623406279e+03 0.000000000000000000e+00 1.404487593723428972e+03
1.175500852175193622e-01 1.022148087043094893e+04 0.000000000000000000e+00 4.480488692931304286e+03 0.000000000000000000e+00 5.156021191864599587e+02
1.225369446564099490e-01 9.731106785832505921e+03 0.000000000000000000e+00 3.754585898709036883e+03 0.000000000000000000e+00 4.422643164515061471e+02
1.275260957852891452e-01 9.698619451855443913e+03 0.000000000000000000e+00 3.786932573368906105e+03 0.000000000000000000e+00 4.087449066213922038e+02
1.325302087090364789e-01 9.092588743617081491e+03 0.000000000000000000e+00 3.238722630604343067e+03 0.000000000000000000e+00 -2.388274507603389338e+02
1.375062694904859717e-01 8.774004646251320082e+03 0.000000000000000000e+00 3.466086166842660987e+03 0.000000000000000000e+00 6.658870644139387878e+02
1.425134422753508989e-01 8.384290266845842780e+03 0.000000000000000000e+00 3.121548089844499827e+03 0.000000000000000000e+00 1.227138126319831031e+02
1.475259222195813014e-01 7.954282381885279392e+03 0.000000000000000000e+00 3.003068021322155801e+03 0.000000000000000000e+00 1.816065652193721860e+02
1.525299430011916868e-01 7.562624957727426590e+03 0.000000000000000000e+00 3.027706797429827475e+03 0.000000000000000000e+00 7.229886709502874282e+02
1.574945685492469272e-01 7.198150038419540579e+03 0.000000000000000000e+00 3.027111740203016780e+03 0.000000000000000000e+00 2.746806729485986693e+02
1.625189323163163113e-01 6.978423941605839900e+03 0.000000000000000000e+00 2.644002919708029367e+03 0.000000000000000000e+00 6.044363868613139630e+02
1.675461007718098694e-01 6.658990888382687444e+03 0.000000000000000000e+00 2.582749145785876863e+03 0.000000000000000000e+00 -7.073256869305238581e+01
1.725292014006662711e-01 6.473652107986947158e+03 0.000000000000000000e+00 2.451880673764710082e+03 0.000000000000000000e+00 4.785733263012163548e+02
1.775301965061671094e-01 6.227494194851085012e+03 0.000000000000000000e+00 2.341328117112569544e+03 0.000000000000000000e+00 1.745724854871277216e+02
1.825147654490652804e-01 6.085590948033915083e+03 0.000000000000000000e+00 2.227539011492215650e+03 0.000000000000000000e+00 -1.936203802180271083e+01
1.875360723572403465e-01 5.957752849162011444e+03 0.000000000000000000e+00 2.173753519553072692e+03 0.000000000000000000e+00 2.309793994413407745e+02
1.925323683450522461e-01 5.808180357716611070e+03 0.000000000000000000e+00 2.034618614115883020e+03 0.000000000000000000e+00 2.046134732783549168e+02
1.975198663583639380e-01 5.700684861515112971e+03 0.000000000000000000e+00 1.999578500063234969e+03 0.000000000000000000e+00 3.819706842038699506e+02
2.025153694923672032e-01 5.501993245199267221e+03 0.000000000000000000e+00 1.874051143491267112e+03 0.000000000000000000e+00 2.132834845122069112e+02
2.075088499274508613e-01 5.347254665781218137e+03 0.000000000000000000e+00 1.783740777210378155e+03 0.000000000000000000e+00 7.479187180837665494e+01
2.125178062418619784e-01 5.154596613719671950e+03 0.000000000000000000e+00 1.693271949729446760e+03 0.000000000000000000e+00 2.107994850759294820e+02
2.175004174234404231e-01 5.063549196195606783e+03 0.000000000000000000e+00 1.640006565103947423e+03 0.000000000000000000e+00 -1.899497885279016884e+01
2.225093171556767890e-01 4.896415121845511749e+03 0.000000000000000000e+00 1.696058785287917999e+03 0.000000000000000000e+00 3.280992494237702317e+02
2.275289586476768322e-01 4.796776978417266037e+03 0.000000000000000000e+00 1.631381448033062952e+03 0.000000000000000000e+00 3.834589774988519650e+01
2.325285406108919262e-01 4.616323504265730662e+03 0.000000000000000000e+00 1.506166008767940639e+03 0.000000000000000000e+00 1.466537118221672529e+02
2.375276552426477672e-01 4.547564211636491564e+03 0.000000000000000000e+00 1.476964809281068710e+03 0.000000000000000000e+00 1.617862717525048311e+02
2.424991024241769377e-01 4.442899329765502443e+03 0.000000000000000000e+00 1.408480678000438957e+03 0.000000000000000000e+00 2.251162780882278369e+01
2.474998551644826128e-01 4.367787383925712675e+03 0.000000000000000000e+00 1.385690553954530969e+03 0.000000000000000000e+00 1.623251681075888655e+02
2.525200307756395035e-01 4.270953789050417981e+03 0.000000000000000000e+00 1.314062728116300832e+03 0.000000000000000000e+00 1.636898236931642430e+02
2.575182250600202005e-01 4.209613948289993459e+03 0.000000000000000000e+00 1.281847611951419367e+03 0.000000000000000000e+00 -5.218492288205051466e+01
2.625255687975799335e-01 4.117810463855765192e+03 0.000000000000000000e+00 1.243173731956410165e+03 0.000000000000000000e+00 1.726410395389969779e+02
2.675305520911575030e-01 4.029014346667403061e+03 0.000000000000000000e+00 1.157755015810331088e+03 0.000000000000000000e+00 -3.041552174093149574e+01
2.725404586615198799e-01 3.964862537684455219e+03 0.000000000000000000e+00 1.135867562278521063e+03 0.000000000000000000e+00 1.242819458401650081e+02
2.775333197047151201e-01 3.903402796805128219e+03 0.000000000000000000e+00 1.086429033008504121e+03 0.000000000000000000e+00 5.636618890066430509e+01
2.825123907298719983e-01 3.811826641141234177e+03 0.000000000000000000e+00 1.051555511640832492e+03 0.000000000000000000e+00 1.356010745383808000e+02
2.875104651677040102e-01 3.723592415246121163e+03 0.000000000000000000e+00 1.003798218732043665e+03 0.000000000000000000e+00 3.572411894273127331e+01
2.924971317655564174e-01 3.670858569628593159e+03 0.000000000000000000e+00 9.869240888231281588e+02 0.000000000000000000e+00 5.143985596874313160e+01
2.975058823671092867e-01 3.609659888109404164e+03 0.000000000000000000e+00 1.002272977533078688e+03 0.000000000000000000e+00 1.020615953290116238e+02
3.025121359101998753e-01 3.565439972331503213e+03 0.000000000000000000e+00 9.432491461674808306e+02 0.000000000000000000e+00 -2.162751826553110490e+01
3.075010376196579687e-01 3.486026190102942110e+03 0.000000000000000000e+00 8.997029837487590385e+02 0.000000000000000000e+00 8.896671369598161050e+01
3.125134169243361515e-01 3.447468489845164186e+03 0.000000000000000000e+00 8.659086265835511540e+02 0.000000000000000000e+00 4.943417454252966081e+01
3.175159688234982513e-01 3.392535685866137555e+03 0.000000000000000000e+00 8.466676228743209549e+02 0.000000000000000000e+00 2.295621420361328546e+01
3.225221380836135188e-01 3.333872607136115221e+03 0.000000000000000000e+00 8.716820841986030928e+02 0.000000000000000000e+00 6.696987917689259007e+01
3.275181733526948968e-01 3.303319659385412706e+03 0.000000000000000000e+00 8.214522769344687276e+02 0.000000000000000000e+00 -2.321105609033691408e+01
3.325123842131759710e-01 3.243677095101274972e+03 0.000000000000000000e+00 7.812135886921017800e+02 0.000000000000000000e+00 -4.298134679363442068e+00
3.374959366892091861e-01 3.187686227796657931e+03 0.000000000000000000e+00 7.054827453316049741e+02 0.000000000000000000e+00 1.227874829205059015e+01
3.424919221947719805e-01 3.151769178841394023e+03 0.000000000000000000e+00 7.260180849911241694e+02 0.000000000000000000e+00 5.356192025935711420e+00
3.475179778446125245e-01 3.101063155487306631e+03 0.000000000000000000e+00 6.846933707975299512e+02 0.000000000000000000e+00 4.418921733590354961e+01
3.525052850529177828e-01 3.068686316461759361e+03 0.000000000000000000e+00 6.951075842248123990e+02 0.000000000000000000e+00 1.395787961041034642e+01
3.575133254796376558e-01 3.030890849307509143e+03 0.000000000000000000e+00 6.822140705597412307e+02 0.000000000000000000e+00 3.916812165155475611e+01
3.625250227669692404e-01 2.987985664809516493e+03 0.000000000000000000e+00 6.543518144857702055e+02 0.000000000000000000e+00 2.009660254479747010e+01
3.675230446100045678e-01 2.956631192178991114e+03 0.000000000000000000e+00 6.088635770472919830e+02 0.000000000000000000e+00 2.285906254328601861e+01
3.725177060730277545e-01 2.903028646577849031e+03 0.000000000000000000e+00 5.954466807707702856e+02 0.000000000000000000e+00 6.878853136257076528e+01
3.775163034622419089e-01 2.890351273263871917e+03 0.000000000000000000e+00 6.057489604953765365e+02 0.000000000000000000e+00 2.474829852228297966e+01
3.825226892977953153e-01 2.864158702702702612e+03 0.000000000000000000e+00 5.805720540540540924e+02 0.000000000000000000e+00 1.114155608108108026e+02
3.875130067694269043e-01 2.831500737618545827e+03 0.000000000000000000e+00 5.681502107481560415e+02 0.000000000000000000e+00 5.298448366701791912e+01
3.924957861003909865e-01 2.803963930100087055e+03 0.000000000000000000e+00 5.659688604254497477e+02 0.000000000000000000e+00 1.326705886139091888e+02
3.975064703251052212e-01 2.779184833653429450e+03 0.000000000000000000e+00 5.501949073787250200e+02 0.000000000000000000e+00 1.302463911777461192e+02
