3.798113400606732779e-03 2.086759868421052613e-02 2.193291789473684132e+07 -5.216899671052631360e-02 5.832670315789473057e+07 7.042814555921052266e-02 6.458533052631578594e+07 0.000000000000000000e+00 -1.863026526315789297e+07 0.000000000000000000e+00 3.208142147368421033e+07
8.299341265228576958e-03 2.929687500000000000e-03 4.811853600000000000e+07 -7.324218750000000000e-03 5.027798800000000000e+07 9.521484375000000000e-03 1.061144640000000000e+08 0.000000000000000000e+00 7.411849600000000000e+07 0.000000000000000000e+00 7.313272800000000000e+07
1.293222767532251419e-02 2.786624203821656300e-03 3.120814145222930238e+07 -1.094745222929936410e-02 9.342203923566879705e+06 1.597332802547770866e-02 8.232461044585987926e+07 0.000000000000000000e+00 3.795983001273885369e+07 0.000000000000000000e+00 1.036446491719745286e+07
1.764839556552980082e-02 -1.337756849315068419e-04 2.668398115068493038e+07 6.688784246575342094e-05 8.258222465753423981e+06 2.210643193493150738e-03 7.551562345205478370e+07 0.000000000000000000e+00 4.344177271232876182e+07 0.000000000000000000e+00 4.353474279452054203e+07
2.256548662787912635e-02 -1.890359168241966025e-03 1.849116164839319512e+07 1.890359168241966025e-03 5.597218601134215714e+05 -5.080340264650283488e-03 5.964055131947070360e+07 0.000000000000000000e+00 3.376856995085066557e+07 0.000000000000000000e+00 -6.066688967863894068e+06
2.777643688250242340e-02 -5.144817073170731940e-04 1.293835114146341383e+07 1.438643292682926806e-03 4.192885697560975794e+06 -1.850705030487804787e-03 4.553832897560975701e+07 0.000000000000000000e+00 3.344721670243902504e+07 0.000000000000000000e+00 8.240947200000000186e+06
3.269804980233311648e-02 1.484374999999999963e-04 8.995371007999999449e+06 -8.632812500000000078e-04 1.426883327999999980e+06 3.544921874999999896e-04 3.541161164800000191e+07 0.000000000000000000e+00 2.395703500800000131e+07 0.000000000000000000e+00 -1.099050368000000017e+06
3.761648458559932462e-02 3.687626432906271107e-04 5.943635722184760496e+06 -5.004635873229938779e-04 1.839008021577882580e+06 -2.304766520566419374e-04 2.919029728927848861e+07 0.000000000000000000e+00 2.605737377747808397e+07 0.000000000000000000e+00 1.160202909777478129e+07
4.263843696389812976e-02 -4.599434988839285637e-04 4.251984000000000000e+06 5.656651088169642547e-04 2.318946428571428405e+05 -1.105444771902901755e-03 2.267326628571428359e+07 0.000000000000000000e+00 1.441980000000000000e+07 0.000000000000000000e+00 2.502100571428571362e+06
4.756514582339458480e-02 -6.814217182730047473e-05 3.164387307457479183e+06 2.793829044919319844e-04 4.355515952900131233e+05 -4.088530309638029026e-04 2.008981000261665881e+07 0.000000000000000000e+00 1.373772141299607605e+07 0.000000000000000000e+00 -6.652024352376798633e+05
5.262096060748640974e-02 -8.229459269662921120e-05 2.402709393258426804e+06 8.229459269662921120e-06 4.492466067415730213e+05 3.860987974016854012e-04 1.632002013483146019e+07 0.000000000000000000e+00 1.029358525842696615e+07 0.000000000000000000e+00 2.361446112359550316e+06
5.756031740041873956e-02 7.251701732673266991e-05 1.875849980198019883e+06 -3.504989170792079068e-04 5.530932178217821638e+04 1.758537670173267262e-04 1.437330883168316819e+07 0.000000000000000000e+00 8.796691643564356491e+06 0.000000000000000000e+00 6.515862970297029242e+05
6.254738279606215923e-02 1.756051956861662695e-05 1.462213478538140655e+06 -1.167183212418751448e-04 2.521683787098356333e+04 -1.094725484616445789e-06 1.262679254746136814e+07 0.000000000000000000e+00 6.990515708609270863e+06 0.000000000000000000e+00 1.260129326465538237e+06
6.757793472572401483e-02 1.094127581282952513e-04 1.222567592267135158e+06 -4.382946369727591944e-04 1.874504604569420044e+05 6.576028565740333525e-04 1.093184517398945428e+07 0.000000000000000000e+00 6.305108133567661978e+06 0.000000000000000000e+00 1.471480688927943585e+06
7.255917516659465827e-02 7.264738701878370388e-05 9.515408116049842210e+05 2.571717500464943090e-04 1.069211947182443837e+05 1.165990561651478495e-04 9.955138701878370717e+06 0.000000000000000000e+00 5.377478962990514934e+06 0.000000000000000000e+00 9.057869414171471726e+05
7.753384299139773339e-02 1.248901489789086148e-04 7.970237321727486560e+05 -2.945707440575828740e-04 8.814858520254436007e+04 2.323708727402075760e-04 8.985919850016739219e+06 0.000000000000000000e+00 4.876870792099096812e+06 0.000000000000000000e+00 7.388196853029796621e+05
8.251793356505521260e-02 8.959288990825688571e-06 6.382465321100917645e+05 -2.239822247706422143e-06 7.212687155963302939e+04 -5.655551175458715571e-05 7.838206238532110117e+06 0.000000000000000000e+00 4.040156770642201882e+06 0.000000000000000000e+00 7.784243119266055874e+04
8.752751931716111489e-02 8.605189840611638036e-06 5.159004753142413101e+05 -6.909461254373462007e-05 9.443441751976156957e+04 9.307525187896851431e-05 7.010896080860438757e+06 0.000000000000000000e+00 3.557846267720616888e+06 0.000000000000000000e+00 9.898472712193857878e+05
9.254701955136974967e-02 -5.341271649954421448e-06 4.238156134913400165e+05 2.670635824977210385e-05 5.121332725615314121e+04 -1.949564152233363541e-04 6.264664911577028222e+06 0.000000000000000000e+00 2.839618742023700848e+06 0.000000000000000000e+00 4.017713181403828785e+05
9.754963178921903511e-02 1.226708887260546478e-06 3.439950490945252823e+05 7.053576101748141474e-05 3.765342824243693030e+04 -3.879466855961478217e-05 5.602785611221605912e+06 0.000000000000000000e+00 2.114381526222129352e+06 0.000000000000000000e+00 3.534405728043546551e+05
1.025319613041059119e-01 2.299410764540337773e-05 2.750616255159474676e+05 -7.067710776266416324e-05 3.015467467166979259e+04 8.603323244019699426e-05 5.134529272795497440e+06 0.000000000000000000e+00 1.801063840900562936e+06 0.000000000000000000e+00 4.491612697936210316e+05
1.075116003998943526e-01 -5.459933343383872997e-05 2.207104396967608482e+05 1.539970413723294274e-04 2.203646312887663589e+04 -2.027809989608459623e-04 4.610059291523087770e+06 0.000000000000000000e+00 1.461474095106822904e+06 0.000000000000000000e+00 -2.409965871812542900e+05
1.125102861506304813e-01 2.566524310118265662e-05 1.869192004328669864e+05 -7.986419765015072855e-05 2.725837272938084789e+04 1.177204312243951452e-04 4.314967721109994687e+06 0.000000000000000000e+00 1.339449148334235186e+06 0.000000000000000000e+00 2.418723302156605350e+05
1.175500852175193622e-01 -2.788293583771867418e-05 1.623245535485706350e+05 5.519293463767600588e-05 2.334448926184042284e+04 -1.121090208207402940e-04 4.085866609017209616e+06 0.000000000000000000e+00 1.253452461385293864e+06 0.000000000000000000e+00 1.901110396814109117e+05
1.225369446564099490e-01 -4.176493710691824327e-05 1.314006392585236754e+05 6.200088960609069966e-05 2.006183912611718188e+04 -7.257142709367759861e-06 3.847150306256206706e+06 0.000000000000000000e+00 1.019508500761337345e+06 0.000000000000000000e+00 -1.800282290632240984e+04
1.275260957852891452e-01 5.891824445185543961e-06 1.135897472714043106e+05 -1.046613035865874415e-05 1.823946058695124884e+04 8.634187456418262839e-06 3.596359280135823414e+06 0.000000000000000000e+00 9.844377860780984629e+05 0.000000000000000000e+00 1.508355818578704784e+05
1.325302087090364789e-01 -1.359000617249312506e-05 9.674627282419617404e+04 1.074048874922843851e-05 1.490416564727007426e+04 -3.260505513158633203e-05 3.378694119521912187e+06 0.000000000000000000e+00 7.948235596206722548e+05 0.000000000000000000e+00 5.928035463778687699e+02
1.375062694904859717e-01 -2.062434002111932265e-06 7.807983780359028606e+04 1.835566261879619657e-05 2.816986187961984979e+04 -3.500981718585005154e-05 3.187113387117212173e+06 0.000000000000000000e+00 7.914483564941921504e+05 0.000000000000000000e+00 2.199802863780359039e+05
1.425134422753508989e-01 1.298271321270877290e-05 7.122611480130543350e+04 -8.045063981810328759e-05 3.089654060280284102e+04 1.056837381065223652e-04 2.979433466692263260e+06 0.000000000000000000e+00 6.154793872144365450e+05 0.000000000000000000e+00 3.683388903820310952e+04
1.475259222195813014e-01 -1.160137919153492165e-05 5.582384473096724105e+04 1.421029912382113197e-04 1.972520151259738486e+04 -7.299108382286778845e-05 2.834366684951478615e+06 0.000000000000000000e+00 5.968614632101689931e+05 0.000000000000000000e+00 1.343415430315731792e+05
1.525299430011916868e-01 -7.926107541427121817e-06 5.321892188028406963e+04 7.265598579641528756e-06 2.491529252620899570e+04 -1.865937817044301499e-05 2.674291836320594884e+06 0.000000000000000000e+00 5.675142103483260144e+05 0.000000000000000000e+00 1.103449712546499795e+05
1.574945685492469272e-01 1.169015650907914252e-05 3.492109904153354728e+04 -4.604973814049419505e-05 1.466222477453795364e+04 8.927567158369393142e-05 2.529706628705463372e+06 0.000000000000000000e+00 4.773734609131718171e+05 0.000000000000000000e+00 2.453242398997047712e+04
1.625189323163163113e-01 -1.397125912408759329e-05 3.222779795620438381e+04 4.562043795620438348e-05 1.379300905109489213e+04 -7.299270072992701357e-05 2.407694126715328544e+06 0.000000000000000000e+00 4.398651795620438061e+05 0.000000000000000000e+00 7.005514744525548303e+04
1.675461007718098694e-01 -7.507741315489748705e-06 2.571409794988610520e+04 2.711128808371298407e-05 1.678410022779043356e+04 -2.547765918636104779e-05 2.275846851936218794e+06 0.000000000000000000e+00 3.361062414578587632e+05 0.000000000000000000e+00 -4.575402050113894802e+03
1.725292014006662711e-01 1.776914329037149336e-05 2.445539005175198690e+04 -4.429409631802749424e-05 1.740861179417872700e+04 4.789942973926229264e-05 2.155385759699377231e+06 0.000000000000000000e+00 2.826278817285822588e+05 0.000000000000000000e+00 1.325636301545966999e+05
1.775301965061671094e-01 4.498300258707723292e-05 1.663429278142352268e+04 -6.685829836572438234e-05 1.679657546693589029e+04 7.719514587802876813e-05 2.096987363957597176e+06 0.000000000000000000e+00 3.336592024230186944e+05 0.000000000000000000e+00 1.080518687531549658e+05
1.825147654490652804e-01 -6.924133652397411775e-06 9.897476439481226407e+03 4.454525983042335256e-05 1.647800431327365732e+04 -7.680018242784128946e-05 2.003730673047948163e+06 0.000000000000000000e+00 2.424197706283789885e+05 0.000000000000000000e+00 3.203664651836095800e+04
1.875360723572403465e-01 -7.092353351955307617e-07 1.077219575418994464e+04 1.072036487430167687e-05 1.772793921787709405e+04 -2.023366576466480380e-05 1.923565121787709417e+06 0.000000000000000000e+00 2.227688974301675917e+05 0.000000000000000000e+00 3.843003351955307153e+04
1.925323683450522461e-01 -1.804187975259719320e-05 4.246602977401735188e+03 -1.053750368158937444e-05 1.297850787190746451e+04 -9.118993570606190595e-06 1.869630978686944349e+06 0.000000000000000000e+00 1.966893760308450146e+05 0.000000000000000000e+00 1.266270125307914714e+05
1.975198663583639380e-01 -1.976097129126090682e-07 2.333921639054002753e+03 1.136255849247502206e-05 1.641252358669533351e+04 -1.309164348046035130e-06 1.799270490653850837e+06 0.000000000000000000e+00 1.383381004173516994e+05 0.000000000000000000e+00 6.389625961805994302e+04
2.025153694923672032e-01 1.978945527356942962e-06 1.876920003859886265e+03 -3.133330418315160106e-05 1.215967036572421239e+04 -1.122580409268551580e-05 1.731689038309369935e+06 0.000000000000000000e+00 8.550383942873685737e+04 0.000000000000000000e+00 5.377899063977612968e+04
2.075088499274508613e-01 -6.412542006343172994e-06 1.267668597861183116e+03 8.875248853591793369e-06 1.360988014380911045e+04 1.556942277237571457e-05 1.674640159380796598e+06 0.000000000000000000e+00 8.136315940369598684e+04 0.000000000000000000e+00 4.619388948682131740e+04
2.125178062418619784e-01 -8.600214676699686196e-06 -2.047088933496247307e+02 2.473926727300248838e-05 1.598903962297085127e+04 8.773670539449785001e-06 1.610651727002967382e+06 0.000000000000000000e+00 8.848683679525222396e+04 0.000000000000000000e+00 8.152633129691045906e+04
2.175004174234404231e-01 2.994991675258816523e-06 -2.629397525460819907e+03 1.947258309617246036e-05 1.651397828465617567e+04 -3.551030116855431225e-05 1.557560453160508536e+06 0.000000000000000000e+00 5.792545139298039430e+04 0.000000000000000000e+00 4.877254103189967282e+04
2.225093171556767890e-01 -4.944279318768346102e-06 -2.354294990248419253e+03 -5.001994641555524725e-07 1.425381154823585166e+04 -4.059311036031599461e-06 1.518614533204625593e+06 0.000000000000000000e+00 4.731405102342349710e+04 0.000000000000000000e+00 1.124236953566714656e+05
2.275289586476768322e-01 -1.307962938160110228e-06 -7.008794122149089162e+03 1.507894415850298600e-05 1.206258931578141710e+04 -2.366011529207485129e-05 1.480122641359253088e+06 0.000000000000000000e+00 -8.893136384509414711e+03 0.000000000000000000e+00 6.939188489208633837e+04
2.325285406108919262e-01 4.227927800920451905e-06 -4.767859421898023356e+03 8.118331953868263855e-06 1.154092430829680052e+04 9.241930413566661312e-06 1.409143065868699225e+06 0.000000000000000000e+00 -3.384114237898605097e+03 0.000000000000000000e+00 5.025344776526658825e+04
2.375276552426477672e-01 -3.203567877702584144e-06 -5.455787379152750873e+03 3.245302234850149702e-05 1.014639170328704495e+04 -2.887046573911825458e-05 1.376272991668131435e+06 0.000000000000000000e+00 -5.984042749165055284e+03 0.000000000000000000e+00 8.922637229741606279e+04
2.424991024241769377e-01 7.872445997163743637e-07 -6.132154711056336964e+03 -1.792939271605355246e-07 1.068700487903702378e+04 -9.096075528790962110e-06 1.337051181604848709e+06 0.000000000000000000e+00 -8.051202269005452763e+03 0.000000000000000000e+00 7.549226627049111994e+04
2.474998551644826128e-01 -3.205176312840217906e-07 -4.419198463016330606e+03 -7.328909251921229681e-06 1.227395914185078436e+04 3.077164697906660360e-06 1.305020880947806640e+06 0.000000000000000000e+00 -2.770616970861351365e+04 0.000000000000000000e+00 9.065683816842779925e+04
2.525200307756395035e-01 -1.293197712070832202e-05 -4.973237983297247411e+03 3.190705771052428454e-05 1.322992638416331647e+04 -2.254647733698384062e-05 1.275516698051345535e+06 0.000000000000000000e+00 -4.559246371790906414e+04 0.000000000000000000e+00 5.023910522734302504e+04
2.575182250600202005e-01 -2.328440503688249509e-06 -6.224501423142835847e+03 1.106009239251918686e-05 1.092564548096267026e+04 -1.979174428135012422e-06 1.240653465703002643e+06 0.000000000000000000e+00 -4.889306632888756576e+04 0.000000000000000000e+00 5.721952307577676402e+04
2.625255687975799335e-01 -8.026817775788783082e-06 -6.057610771951845891e+03 -3.362209354674217071e-06 1.007240394819421454e+04 2.377139472537014343e-06 1.212493937810235657e+06 0.000000000000000000e+00 -5.365852091059507802e+04 0.000000000000000000e+00 6.200777314999714872e+04
2.675305520911575030e-01 -5.393808425732867220e-08 -7.258275693514311570e+03 -7.092858079838720556e-06 8.623349801853053577e+03 7.315352677400201520e-06 1.180090398088952061e+06 0.000000000000000000e+00 -7.145773341986439482e+04 0.000000000000000000e+00 5.809190417144198000e+04
2.725404586615198799e-01 -2.109614143405881509e-06 -6.530334796636166175e+03 -1.234777979881789645e-07 1.009339778917861076e+04 -1.856706594748720732e-05 1.153046313852012390e+06 0.000000000000000000e+00 -7.313298651293171861e+04 0.000000000000000000e+00 7.914747680753159511e+04
2.775333197047151201e-01 -6.891244151782251809e-06 -6.729296352780002962e+03 1.869218422855222685e-05 9.083554062088040155e+03 -5.550228233967482785e-06 1.126890944038048852e+06 0.000000000000000000e+00 -8.563316793755008257e+04 0.000000000000000000e+00 6.572457063096130150e+04
2.825123907298719983e-01 -3.956184771197430934e-06 -5.846349212622738378e+03 5.258830976347804514e-06 1.211329379361452447e+04 -1.335212360279133067e-05 1.117366338146112626e+06 0.000000000000000000e+00 -9.400639980238374847e+04 0.000000000000000000e+00 7.675198399308342778e+04
2.875104651677040102e-01 8.545623294148629696e-06 -7.280815935644512138e+03 8.843726432316606392e-06 9.026620187703505508e+03 1.666016606986807898e-05 1.085855601608887082e+06 0.000000000000000000e+00 -9.923435970120666025e+04 0.000000000000000000e+00 6.740645240375406865e+04
2.924971317655564174e-01 -1.128856535158191571e-07 -4.741533019685813088e+03 -1.433647799650903302e-06 8.624450727669953267e+03 1.492912767746708430e-06 1.063815038527783239e+06 0.000000000000000000e+00 -1.092125018206198147e+05 0.000000000000000000e+00 5.568503808852257498e+04
2.975058823671092867e-01 5.880751667813693511e-06 -4.889268448628007718e+03 -1.747965357483793502e-06 6.776885889352633058e+03 -1.304198958587714205e-06 1.050443952046887483e+06 0.000000000000000000e+00 -8.854101340911109583e+04 0.000000000000000000e+00 7.405000053281236615e+04
3.025121359101998753e-01 6.037284920669231547e-06 -5.573024253166745439e+03 -4.749612262764255836e-06 8.468854437767498894e+03 4.807663079309151935e-06 1.024588608534001978e+06 0.000000000000000000e+00 -9.270459902295620122e+04 0.000000000000000000e+00 4.802803925467986846e+04
3.075010376196579687e-01 -4.245702043162460668e-06 -5.137714124470920979e+03 9.389533364686210995e-06 7.470372158645555828e+03 -1.367605946595600293e-05 1.005794899179599830e+06 0.000000000000000000e+00 -1.127279900506871636e+05 0.000000000000000000e+00 8.818195503997492779e+04
3.125134169243361515e-01 1.850814711944500424e-06 -5.127778322943897365e+03 -8.790142551025537836e-06 7.719444359541524136e+03 2.024482007528152050e-06 9.886956592801125953e+05 0.000000000000000000e+00 -1.124119113613513036e+05 0.000000000000000000e+00 6.663129185602252255e+04
3.175159688234982513e-01 3.645644015679185725e-06 -4.316271890442180847e+03 -3.588081215431619766e-06 7.618012594433692357e+03 1.502868776463537961e-05 9.707912333310410613e+05 0.000000000000000000e+00 -9.198788639467144094e+04 0.000000000000000000e+00 4.699067603226218489e+04
3.225221380836135188e-01 8.070421641967152275e-06 -4.054924976401737240e+03 -1.429261993817255191e-05 7.767420351142156505e+03 2.356139088163111293e-05 9.547222340192561969e+05 0.000000000000000000e+00 -9.511118655842931184e+04 0.000000000000000000e+00 5.998789956579195859e+04
3.275181733526948968e-01 -2.078946455016660472e-06 -4.310391706775268176e+03 2.413385667345427492e-06 7.492221843761570199e+03 -1.027948633029433524e-05 9.372788389485375956e+05 0.000000000000000000e+00 -1.071592020733061800e+05 0.000000000000000000e+00 5.010950255460940389e+04
3.325123842131759710e-01 -1.101072763683428655e-06 -3.277733154238238058e+03 -5.657385699004599534e-07 6.831749077096880683e+03 4.036995332528665515e-06 9.282221648327211151e+05 0.000000000000000000e+00 -1.050115793874591909e+05 0.000000000000000000e+00 6.302124411788253201e+04
3.374959366892091861e-01 -2.926343107876712590e-06 -3.230471639281084663e+03 -2.024490564400641422e-06 7.194977402515502945e+03 -2.614543762303257541e-06 9.095713812843780033e+05 0.000000000000000000e+00 -1.024258215324247722e+05 0.000000000000000000e+00 3.124267526188557895e+04
3.424919221947719805e-01 1.823083782680079152e-06 -3.683288568118744479e+03 -9.636299994166132961e-06 5.036034436490012013e+03 8.399207427347507051e-06 8.973074350482127629e+05 0.000000000000000000e+00 -1.048240387368842203e+05 0.000000000000000000e+00 6.338988327263332758e+04
3.475179778446125245e-01 9.093354869801026057e-06 -2.923651713660273799e+03 -1.979001178243539104e-05 6.601042637305191420e+03 3.130626712741366239e-05 8.810990887051981408e+05 0.000000000000000000e+00 -9.652254712974156428e+04 0.000000000000000000e+00 6.609418237658051657e+04
3.525052850529177828e-01 -4.475066860929267354e-06 -2.702968928628452886e+03 1.209203606498483247e-05 7.192519367715152839e+03 -1.766832800275427144e-05 8.688211793709085323e+05 0.000000000000000000e+00 -1.070329419128213340e+05 0.000000000000000000e+00 4.478980577997764340e+04
3.575133254796376558e-01 -1.467040568402173661e-06 -3.109241072728805648e+03 -1.961044025109028260e-06 6.072174076997954216e+03 -7.496128210483555601e-06 8.569106006392225390e+05 0.000000000000000000e+00 -1.049781888695572270e+05 0.000000000000000000e+00 6.243980703757923766e+04
3.625250227669692404e-01 2.077088587938563522e-06 -2.631026652612558337e+03 -2.810503053945188804e-06 4.635981328113235577e+03 1.107612084846973224e-05 8.502114259900617180e+05 0.000000000000000000e+00 -1.019146986297244293e+05 0.000000000000000000e+00 5.678538340611353487e+04
3.675230446100045678e-01 -3.531227901347972204e-06 -2.304363464047999059e+03 6.592574670661738572e-06 5.367910008821235351e+03 -1.344500784616057617e-05 8.410314181192544056e+05 0.000000000000000000e+00 -1.049145777252877888e+05 0.000000000000000000e+00 6.063062575363238284e+04
3.725177060730277545e-01 4.793400829628623878e-06 -2.311680942306592897e+03 -1.879581981665261219e-05 5.376495854537138257e+03 7.550653281727979729e-06 8.295176972954429220e+05 0.000000000000000000e+00 -1.055237518440162385e+05 0.000000000000000000e+00 5.890073440448282054e+04
3.775163034622419089e-01 -5.393884764965074121e-06 -1.357462988118962130e+03 1.405036274918804942e-05 4.457289027106418871e+03 -2.292064328183504422e-06 8.244159666806876194e+05 0.000000000000000000e+00 -1.037928549382503261e+05 0.000000000000000000e+00 5.807356495955758146e+04
3.825226892977953153e-01 7.239547935692040131e-07 -1.194995567567567605e+03 -1.397487279531118118e-06 3.877167135135135140e+03 2.275913148312955315e-06 8.124577072432432324e+05 0.000000000000000000e+00 -9.349122767567567644e+04 0.000000000000000000e+00 7.278387891891891195e+04
3.875130067694269043e-01 3.712596833015015867e-06 -1.550646259220231968e+03 -1.326903653722668742e-05 4.064164805057956073e+03 1.714141652757425639e-05 8.037112716543730348e+05 0.000000000000000000e+00 -9.920173319283456658e+04 0.000000000000000000e+00 4.763406701791359956e+04
3.924957861003909865e-01 -1.810253274547034595e-06 -1.379147787468220031e+03 -5.933607955459724153e-06 4.006549943681009609e+03 1.149007981205548356e-05 7.956192833134876564e+05 0.000000000000000000e+00 -9.248108379622180655e+04 0.000000000000000000e+00 7.179277742091205437e+04
3.975064703251052212e-01 3.009973630815934806e-06 -1.259358602317080795e+03 -1.016282051530264605e-05 4.838545121120128897e+03 7.103310886291122817e-06 7.873965050988167059e+05 0.000000000000000000e+00 -9.552969020506784727e+04 0.000000000000000000e+00 6.714965803853541729e+04
