3.798113400606732779e-03 7.401315789473683800e-03 2.417823528421052396e+08 1.233552631578947300e-03 -3.272002021052631363e+07 3.597861842105263067e-03 1.597818206315789521e+08 0.000000000000000000e+00 7.685817936842104793e+07 0.000000000000000000e+00 -1.785661305263157785e+08
8.299341265228576958e-03 2.050781250000000000e-02 5.398371200000000000e+07 -4.980468750000000000e-02 -1.299573900000000000e+07 5.834960937500000000e-02 1.966636640000000000e+08 0.000000000000000000e+00 6.895924800000000000e+07 0.000000000000000000e+00 1.572163200000000000e+08
1.293222767532251419e-02 4.378980891719745118e-03 3.484572861146496981e+07 -1.094745222929936410e-02 5.447166369426752208e+05 1.557523885350318472e-02 1.032162714904458672e+08 0.000000000000000000e+00 4.020198563057325035e+07 0.000000000000000000e+00 -2.809288560509554297e+07
1.764839556552980082e-02 1.177226027397260209e-03 2.536029457534246519e+07 -2.836044520547945265e-03 7.328965260273972526e+06 5.391160102739725457e-03 8.841083441095890105e+07 0.000000000000000000e+00 6.019016591780821234e+07 0.000000000000000000e+00 3.407449424657534063e+07
2.256548662787912635e-02 1.181474480151228738e-03 1.810552015122873336e+07 8.270321361058600952e-04 2.693136211720226798e+06 4.696361058601133953e-03 6.228480967863894254e+07 0.000000000000000000e+00 5.054861598487712443e+07 0.000000000000000000e+00 -2.245366321361058857e+06
2.777643688250242340e-02 1.667301829268292809e-04 1.185863929756097496e+07 -5.502096036585365319e-04 8.564072585365853738e+05 1.196289062500000087e-03 4.635208429268292338e+07 0.000000000000000000e+00 3.277256304390243813e+07 0.000000000000000000e+00 3.603215609756097663e+06
3.269804980233311648e-02 -1.347412109375000031e-03 8.909367296000000089e+06 3.181030273437500128e-03 8.900504320000000298e+05 -5.563140869140625194e-03 3.908952883200000226e+07 0.000000000000000000e+00 2.849179443200000003e+07 0.000000000000000000e+00 -6.773767168000000529e+06
3.761648458559932462e-02 4.372471341874578405e-04 5.173872550236008130e+06 -9.772210047201618840e-04 4.858199865138233290e+05 1.662724418408631066e-03 2.949597820633850247e+07 0.000000000000000000e+00 1.946305544976399094e+07 0.000000000000000000e+00 4.508870861766689457e+06
4.263843696389812976e-02 5.231584821428571138e-05 4.162153714285714086e+06 4.970005580357142547e-04 4.987967142857142608e+05 -1.933506556919642764e-03 2.566331657142857090e+07 0.000000000000000000e+00 1.948066057142857090e+07 0.000000000000000000e+00 4.373857142857142724e+06
4.756514582339458480e-02 -2.861971216746620156e-04 3.327816457043175120e+06 8.790340165721762487e-04 4.834111748800697969e+05 -1.156713366768425712e-03 2.095346044483209774e+07 0.000000000000000000e+00 1.542367288268643804e+07 0.000000000000000000e+00 1.468746271260357753e+05
5.262096060748640974e-02 -9.052405196629213910e-05 2.367550741573033854e+06 2.482553546348314436e-04 6.292354157303370303e+05 -6.182381276334269517e-04 1.761059379775280878e+07 0.000000000000000000e+00 1.215329222471910156e+07 0.000000000000000000e+00 4.699499146067415364e+06
5.756031740041873956e-02 5.710715114480198349e-05 1.792209108910890995e+06 -4.124405360457921067e-05 1.457597425742574269e+05 1.504350416731126388e-04 1.488637592079207860e+07 0.000000000000000000e+00 1.008891120792079158e+07 0.000000000000000000e+00 2.093905425742574269e+06
6.254738279606215923e-02 -7.862561702845228531e-05 1.454821564876134275e+06 -8.129038470382633341e-05 6.325270542065243353e+04 3.309252217086705946e-05 1.331065576453274302e+07 0.000000000000000000e+00 8.179401559970566072e+06 0.000000000000000000e+00 1.205779967623252189e+06
6.757793472572401483e-02 -4.119068541300527331e-05 1.243945279437609715e+06 7.809067442882248772e-05 2.189927311072056182e+05 -9.031915916080843459e-05 1.181161054481546581e+07 0.000000000000000000e+00 7.357028780316344462e+06 0.000000000000000000e+00 6.399418488576449454e+05
7.255917516659465827e-02 7.355547935651850526e-05 9.993560126464571804e+05 4.994507857541380489e-06 8.647602752464199148e+04 1.995759935256648818e-04 1.068431354286777042e+07 0.000000000000000000e+00 6.801600345173888840e+06 0.000000000000000000e+00 6.012332110842476832e+05
7.753384299139773339e-02 7.454176431201874845e-05 7.953580609306996921e+05 -2.125094158018078555e-04 9.814502845664546476e+04 3.601217253933713231e-04 9.243571551389355212e+06 0.000000000000000000e+00 5.142113874790760688e+06 0.000000000000000000e+00 9.152031710746568860e+05
8.251793356505521260e-02 9.687231221330275428e-05 6.125511926605504705e+05 -1.391489571387614671e-04 5.713749541284403676e+04 1.757560519997133214e-04 8.343231412844036706e+06 0.000000000000000000e+00 4.240733944954128936e+06 0.000000000000000000e+00 2.807889174311926472e+05
8.752751931716111489e-02 6.428582998574576611e-05 4.746180951146819280e+05 -2.675201665154853061e-04 6.679458649734353821e+04 3.228844393870675361e-04 7.252255415316833183e+06 0.000000000000000000e+00 3.558405971232344396e+06 0.000000000000000000e+00 8.836233603732021293e+05
9.254701955136974967e-02 2.854242037944393760e-05 4.133510009115770226e+05 -4.331437478634913056e-05 8.838311030082042271e+04 4.236156981754215991e-05 6.482339121239745058e+06 0.000000000000000000e+00 2.811113363719234243e+06 0.000000000000000000e+00 -1.271288969917958093e+04
9.754963178921903511e-02 -1.022257406050455433e-05 3.231718220454307739e+05 5.601970585156495504e-05 3.402397571443525521e+04 -5.816644640427090772e-05 5.926925291740814224e+06 0.000000000000000000e+00 2.463046612373076379e+06 0.000000000000000000e+00 1.690495852611745067e+05
1.025319613041059119e-01 2.748299718574108816e-06 2.656074446529080742e+05 8.519729127579736693e-06 7.082158949343339191e+04 -6.870749296435272039e-08 5.275697566979361698e+06 0.000000000000000000e+00 2.261669607504690532e+06 0.000000000000000000e+00 1.097020517823639821e+05
1.075116003998943526e-01 -1.596862246134131779e-05 2.244770668504479690e+05 6.270195023098293901e-06 3.794181392143349512e+04 -2.899209357063824353e-05 4.898288121295657940e+06 0.000000000000000000e+00 1.775492322536181891e+06 0.000000000000000000e+00 -7.598607305306685157e+04
1.125102861506304813e-01 2.200417165880806991e-05 2.014991296281981922e+05 -7.554262362796630042e-05 4.730750684084409295e+04 1.609220178195292742e-04 4.587108721960268915e+06 0.000000000000000000e+00 1.525450670789209427e+06 0.000000000000000000e+00 1.136354950915977533e+05
1.175500852175193622e-01 -8.333629640164983466e-07 1.548777971838998783e+05 6.041881489119613712e-05 3.536703399231973162e+04 -5.823123711065282700e-05 4.236903040819229558e+06 0.000000000000000000e+00 1.454467113070687046e+06 0.000000000000000000e+00 1.827668690086758579e+05
1.225369446564099490e-01 -1.199287280701754387e-05 1.271079573651108949e+05 1.386130420390599188e-04 2.205264587884806679e+04 1.503149826216484684e-05 3.953647119761668611e+06 0.000000000000000000e+00 1.186504495200264966e+06 0.000000000000000000e+00 1.341136884475339320e+05
1.275260957852891452e-01 3.063415630968803166e-06 1.025630269221440685e+05 2.787005054178730382e-05 3.870417851079311367e+04 -1.342623319956621998e-04 3.722067884550084826e+06 0.000000000000000000e+00 1.092013170991996070e+06 0.000000000000000000e+00 9.500255930147950130e+04
1.325302087090364789e-01 5.096252314684922111e-06 9.383851590819819830e+04 1.287762681667695342e-06 2.065446024353291068e+04 2.294683501907861347e-06 3.547080378429942299e+06 0.000000000000000000e+00 1.028958594018292963e+06 0.000000000000000000e+00 -1.941695716289770498e+05
1.375062694904859717e-01 5.805751715945089373e-05 7.105969334741287457e+04 -1.913423145459345177e-04 2.786006335797254360e+04 1.692484902983104522e-05 3.328001297571277712e+06 0.000000000000000000e+00 9.156038149947201600e+05 0.000000000000000000e+00 1.636439586061245936e+05
1.425134422753508989e-01 -3.646408259742752958e-05 6.951202918026492989e+04 1.151571348867344948e-04 2.837525820694951108e+04 -2.025561040686792147e-04 3.145764760990593117e+06 0.000000000000000000e+00 7.520195845651756972e+05 0.000000000000000000e+00 -7.762402764446150286e+03
1.475259222195813014e-01 1.210191808282837479e-05 5.104059045970203442e+04 1.530536698710647524e-05 1.970803881725818792e+04 2.945393298100141313e-05 2.953539402797393966e+06 0.000000000000000000e+00 6.214772120825550519e+05 0.000000000000000000e+00 -1.574879220010023164e+04
1.525299430011916868e-01 2.360287493130706682e-05 4.202813933040243137e+04 -4.612726257344859388e-05 2.201374636455867221e+04 4.258863741294491496e-05 2.798197048359823879e+06 0.000000000000000000e+00 6.274212404463983839e+05 0.000000000000000000e+00 1.578464227257355233e+05
1.574945685492469272e-01 -2.559196424960569140e-05 3.456578994621263701e+04 1.721928458769765840e-05 2.496300238605572667e+04 -9.869493620334046516e-05 2.649420415901645552e+06 0.000000000000000000e+00 4.707443995632304577e+05 0.000000000000000000e+00 -3.141555708335018062e+04
1.625189323163163113e-01 -2.926791671418795749e-05 3.198455124087591685e+04 3.524780273437500081e-05 2.086765547445255652e+04 -5.807723442133326302e-05 2.518772713576642331e+06 0.000000000000000000e+00 4.226920642335767043e+05 0.000000000000000000e+00 1.359843690510948945e+05
1.675461007718098694e-01 -3.399338428957858423e-05 2.392925512528473701e+04 8.022160627847379848e-05 1.924320501138952022e+04 -1.184902321504840430e-04 2.376484154897494242e+06 0.000000000000000000e+00 3.663301321184510016e+05 0.000000000000000000e+00 9.829571753986332624e+04
1.725292014006662711e-01 7.725714474074563658e-06 1.879906173978969673e+04 -2.188952434321126200e-05 2.096351992616277494e+04 4.619333445957082748e-05 2.258931375943567604e+06 0.000000000000000000e+00 3.160467632264231797e+05 0.000000000000000000e+00 1.315051924712397449e+05
1.775301965061671094e-01 -6.313218064286503236e-06 1.525298738011105524e+04 1.612195819390656437e-05 1.838479353861686104e+04 -3.436296531372994522e-05 2.194652979303381871e+06 0.000000000000000000e+00 3.263462735991923255e+05 0.000000000000000000e+00 1.151129328621908062e+05
1.825147654490652804e-01 -1.067470604744600950e-05 1.173311400632219556e+04 3.938101014801028164e-05 1.674373978551803521e+04 -5.317157633903512725e-05 2.105549955626458861e+06 0.000000000000000000e+00 1.835805503264498257e+05 0.000000000000000000e+00 -6.697254276344943719e+03
1.875360723572403465e-01 2.073149441340782308e-05 7.968848268156424638e+03 -4.364525139664804609e-05 1.600954100558659229e+04 7.867056564245810161e-05 2.039080788379888283e+06 0.000000000000000000e+00 1.861527168715083681e+05 0.000000000000000000e+00 1.329069765363128390e+05
1.925323683450522461e-01 -1.349218833672485798e-05 6.410743065224375641e+03 7.687409633715326079e-06 1.401137410303095203e+04 -5.183771972394773557e-05 1.950030935846631648e+06 0.000000000000000000e+00 1.542211502623968991e+05 0.000000000000000000e+00 3.686400342722501955e+04
1.975198663583639380e-01 -5.533071961553053910e-06 -4.859742000758820950e+02 6.323510813203490183e-06 1.689290158087770396e+04 -3.566855318072593533e-05 1.888592610699380282e+06 0.000000000000000000e+00 1.244386764133046527e+05 0.000000000000000000e+00 1.028496884279752121e+05
2.025153694923672032e-01 -1.884710026054231531e-07 1.777738878703078399e+03 -1.536038671234198744e-05 1.489099449966226166e+04 -1.967166089694104056e-05 1.807468595580430469e+06 0.000000000000000000e+00 9.078221210074303963e+04 0.000000000000000000e+00 8.891034024896266055e+04
2.075088499274508613e-01 8.050619432549406559e-07 -3.976348622592685842e+03 -6.127415901440380859e-06 1.290672138130023632e+04 9.560110576152419759e-06 1.735209821520987432e+06 0.000000000000000000e+00 6.994471171769447392e+04 0.000000000000000000e+00 7.440258453365087917e+04
2.125178062418619784e-01 7.532179345217316042e-06 -1.682164775702565976e+03 -2.496699051699685857e-05 1.198506266364112525e+04 1.451169701641320521e-05 1.681222825624018209e+06 0.000000000000000000e+00 4.741135416303019883e+04 0.000000000000000000e+00 1.148254173503229249e+05
2.175004174234404231e-01 -8.383921807928626266e-06 -6.033241646326066984e+03 7.479773377661813347e-06 1.284851039474791651e+04 -2.278865020831579742e-05 1.628816235670398222e+06 0.000000000000000000e+00 6.591162360070701106e+04 0.000000000000000000e+00 3.986817809948657668e+04
2.225093171556767890e-01 2.442320075944130428e-05 -3.251047063690628875e+03 -3.166166415900002089e-05 1.233166943125627949e+04 5.268567288678808574e-05 1.580435318137940485e+06 0.000000000000000000e+00 2.679517267193317821e+04 0.000000000000000000e+00 8.460156230176710233e+04
2.275289586476768322e-01 -1.042633313561916419e-05 -5.005265268636155270e+03 1.827411076457982514e-05 1.099847543242002212e+04 -2.515960137475126376e-05 1.522605866829940351e+06 0.000000000000000000e+00 5.653292514924231000e+03 0.000000000000000000e+00 1.049073540486759593e+05
2.325285406108919262e-01 1.438916604514943756e-05 -7.041134520582832010e+03 -3.881521951685373031e-05 1.162250268313535889e+04 5.041093326496644001e-05 1.489025534425991122e+06 0.000000000000000000e+00 -5.907223909919415519e+02 0.000000000000000000e+00 6.653245484146763920e+04
2.375276552426477672e-01 -1.351699654761381577e-05 -4.633524626472139062e+03 2.428263682517797464e-05 1.259151907189312806e+04 -4.039287650956066740e-05 1.441734401124977972e+06 0.000000000000000000e+00 -1.311333000527333570e+04 0.000000000000000000e+00 7.986165920196870866e+04
2.424991024241769377e-01 3.066544409366400448e-06 -5.068334205594854211e+03 -9.776671154592879123e-06 1.200900525045160612e+04 4.018656988080968296e-06 1.401647562676210888e+06 0.000000000000000000e+00 -2.143123191464217598e+04 0.000000000000000000e+00 4.686559451657015597e+04
2.474998551644826128e-01 9.044851204771053269e-06 -5.604986999679795190e+03 -1.729622583453410255e-05 1.023732052513608687e+04 1.804866051773134891e-06 1.364686734550112160e+06 0.000000000000000000e+00 -4.900554799871917930e+04 0.000000000000000000e+00 7.842009554915146146e+04
2.525200307756395035e-01 2.189940651098051488e-07 -7.002049860810393511e+03 2.017766006804825414e-05 9.088804701515620764e+03 1.794429817990256923e-05 1.328838940426848130e+06 0.000000000000000000e+00 -3.931958874110733450e+04 0.000000000000000000e+00 6.760255267553355952e+04
2.575182250600202005e-01 7.756617427911481348e-06 -6.035689263095149727e+03 6.395935008568660625e-06 8.250851769614782825e+03 3.064627903565308130e-05 1.298046540794277564e+06 0.000000000000000000e+00 -5.835196971909693821e+04 0.000000000000000000e+00 8.213841162357499707e+04
2.625255687975799335e-01 -5.676231225395104497e-06 -7.720532663889997821e+03 1.391199002788554869e-05 9.676040851258059774e+03 -1.744396396675486403e-05 1.265854813259542454e+06 0.000000000000000000e+00 -4.214642642779711605e+04 0.000000000000000000e+00 6.770031517087921384e+04
2.675305520911575030e-01 -1.375421148561881052e-06 -5.928838983167865081e+03 3.114924365860730953e-06 1.117556863340743621e+04 4.338644652448874984e-06 1.238180287375208689e+06 0.000000000000000000e+00 -5.445693111114179192e+04 0.000000000000000000e+00 7.764636489416053519e+04
2.725404586615198799e-01 -2.586577402301396256e-06 -6.199300153382344433e+03 -3.398867622400103051e-06 1.092190617231713077e+04 -4.526510454027443131e-07 1.215533765060559614e+06 0.000000000000000000e+00 -6.592767038662928098e+04 0.000000000000000000e+00 7.878595313904903014e+04
2.775333197047151201e-01 -1.908975600653966463e-06 -5.665770930803629199e+03 7.801557310110631313e-06 8.522378266601182986e+03 -2.202027020341135341e-06 1.192985860056349542e+06 0.000000000000000000e+00 -8.239614133946804213e+04 0.000000000000000000e+00 7.387639093235453765e+04
2.825123907298719983e-01 1.483569289199036600e-06 -6.104419045266473404e+03 -1.232086202371395141e-05 1.025284584697091304e+04 2.926430884487124265e-06 1.156651311159142992e+06 0.000000000000000000e+00 -7.813093440375471255e+04 0.000000000000000000e+00 7.793532909281789034e+04
2.875104651677040102e-01 -1.014135185728308790e-06 -5.792576134840068335e+03 4.242124559321729635e-06 7.846064738555832264e+03 -1.171698768438906469e-05 1.138896585328481160e+06 0.000000000000000000e+00 -8.775478107642213581e+04 0.000000000000000000e+00 8.688161808082742209e+04
2.924971317655564174e-01 5.164518648348726162e-06 -7.127442277682090207e+03 -9.931115368054190982e-06 6.951233467038111485e+03 1.645943381794090672e-05 1.116805325133800972e+06 0.000000000000000000e+00 -7.628061376272988855e+04 0.000000000000000000e+00 5.476297763238506741e+04
2.975058823671092867e-01 7.999990287274665342e-06 -5.279672142793712737e+03 -5.951212286875055098e-06 7.922259124411685661e+03 1.524930397916481650e-05 1.087779168457508087e+06 0.000000000000000000e+00 -9.400756025219784351e+04 0.000000000000000000e+00 6.510074771334695106e+04
3.025121359101998753e-01 -3.103080011672647079e-06 -4.101870217457092622e+03 8.697067787817214273e-06 7.686809908780424848e+03 -7.879079009230038121e-06 1.071662947905408219e+06 0.000000000000000000e+00 -9.752839669707318535e+04 0.000000000000000000e+00 7.266383087631317903e+04
3.075010376196579687e-01 1.592138266185922751e-06 -3.764278538955949443e+03 -2.065697340230966385e-05 7.578153817212730246e+03 3.378190808381669462e-06 1.054369002957621356e+06 0.000000000000000000e+00 -1.106518443643204373e+05 0.000000000000000000e+00 7.346711731201337534e+04
3.125134169243361515e-01 -2.022641011461894398e-06 -5.134499416850995658e+03 -1.874379461592599977e-05 8.496786969636033973e+03 -3.429162006082847611e-06 1.032660078986527282e+06 0.000000000000000000e+00 -8.300122807158656360e+04 0.000000000000000000e+00 6.131123812587975408e+04
3.175159688234982513e-01 3.731988216050534875e-06 -5.563004666424340030e+03 -1.376230615918892597e-05 7.888617579157293221e+03 2.436225597977719187e-05 1.018680684618482948e+06 0.000000000000000000e+00 -8.584119036064091779e+04 0.000000000000000000e+00 5.877695717696063366e+04
3.225221380836135188e-01 1.857441417311686095e-06 -3.227615933547291206e+03 1.403451393477440240e-06 8.690910024542194151e+03 2.586821328700207752e-07 1.004886905644704588e+06 0.000000000000000000e+00 -1.032861166698131128e+05 0.000000000000000000e+00 5.887996616952992918e+04
3.275181733526948968e-01 -2.259724407626805082e-06 -3.470531210662717513e+03 9.038897630507219574e-09 7.406102036282858535e+03 -3.070965469964828024e-06 9.772771660866346210e+05 0.000000000000000000e+00 -9.818660584968530748e+04 0.000000000000000000e+00 4.875921392077008204e+04
3.325123842131759710e-01 1.893758283889447438e-06 -2.447178344912246303e+03 3.535594594233968452e-06 6.481288203741427424e+03 3.980150007894713834e-05 9.691272925625127973e+05 0.000000000000000000e+00 -9.961915824119128229e+04 0.000000000000000000e+00 5.797009861497816746e+04
3.374959366892091861e-01 -5.089292361524717695e-06 -3.510533300634131137e+03 7.420102728777633903e-06 5.512050730476824356e+03 -1.797183094640104369e-05 9.592674720947343158e+05 0.000000000000000000e+00 -9.780727407770731952e+04 0.000000000000000000e+00 5.905243204988964135e+04
3.424919221947719805e-01 6.348238171832418376e-06 -3.910352048937819291e+03 2.230022127028310958e-06 6.954636975056047049e+03 -1.624090932293793520e-05 9.447524753769095987e+05 0.000000000000000000e+00 -1.048702765753527492e+05 0.000000000000000000e+00 4.293097107234830037e+04
3.475179778446125245e-01 -9.731485036102852514e-07 -2.070879341327147358e+03 1.235579534501911233e-05 5.633198157284281478e+03 -2.223484798207926355e-06 9.300005002777142217e+05 0.000000000000000000e+00 -1.040634437873689021e+05 0.000000000000000000e+00 5.673888247786453576e+04
3.525052850529177828e-01 -2.089404039597637009e-06 -2.058379690244291851e+03 2.229737146734791635e-06 5.291837905157272871e+03 -6.365665665415934850e-06 9.126283669806801481e+05 0.000000000000000000e+00 -1.162312185214753263e+05 0.000000000000000000e+00 2.720354386076959781e+04
3.575133254796376558e-01 1.556859378712510880e-06 -2.258028220830682585e+03 1.526919775275731877e-06 4.314371898736118055e+03 1.399676460669420799e-06 9.020380218745928723e+05 0.000000000000000000e+00 -1.104584972292693419e+05 0.000000000000000000e+00 6.423116149949031387e+04
3.625250227669692404e-01 3.499802364101791798e-06 -1.580414636349947159e+03 -7.337820923053756156e-06 6.140591356723384706e+03 5.870991991040505593e-06 8.882178775485618971e+05 0.000000000000000000e+00 -1.146082356271645840e+05 0.000000000000000000e+00 6.300209727450685023e+04
3.675230446100045678e-01 -3.759049056273647967e-06 -2.519969264192346600e+03 1.287189525330067382e-05 4.653041080710656388e+03 -8.244278043872886157e-06 8.830945422362196259e+05 0.000000000000000000e+00 -1.034990928854187223e+05 0.000000000000000000e+00 5.408851551006422960e+04
3.725177060730277545e-01 -5.255814815741323018e-06 -1.304707187374921432e+03 1.696448593580250386e-05 4.979541883469610184e+03 -2.365029419161687393e-05 8.707569859911944950e+05 0.000000000000000000e+00 -1.072081788552804646e+05 0.000000000000000000e+00 6.093745234147178417e+04
3.775163034622419089e-01 1.720521295191730926e-06 -1.014813137407685758e+03 7.819786121492748734e-06 4.991038373752767257e+03 2.781958356462167569e-07 8.648819758793554502e+05 0.000000000000000000e+00 -1.076475224967418471e+05 0.000000000000000000e+00 5.488122354693458328e+04
3.825226892977953153e-01 2.195616026182432368e-06 -1.671361837837837811e+03 -8.972992768158784290e-06 4.721727567567567348e+03 5.087568953230573944e-06 8.557290689729729202e+05 0.000000000000000000e+00 -1.091619978378378437e+05 0.000000000000000000e+00 6.580724237837837427e+04
3.875130067694269043e-01 -3.812285444382244836e-06 -1.873548998946259417e+03 7.575530523495126768e-06 4.390271022128556979e+03 -9.573523438014521967e-06 8.419502802950474434e+05 0.000000000000000000e+00 -1.094993534246575437e+05 0.000000000000000000e+00 5.352126111696523003e+04
3.924957861003909865e-01 -7.039873845460689386e-07 -4.870866926270396107e+02 7.517579570688379477e-06 3.006224979886074834e+03 -8.428991809609629449e-06 8.347099370900782524e+05 0.000000000000000000e+00 -1.089750930260998430e+05 0.000000000000000000e+00 7.559416280372027541e+04
3.975064703251052212e-01 5.351400354686822948e-06 -5.264862895731367871e+02 -1.156344141084815122e-05 3.125660913202404117e+03 6.728954869393160453e-06 8.291176947153212968e+05 0.000000000000000000e+00 -1.018933734465027082e+05 0.000000000000000000e+00 6.663452405674989859e+04
