3.798113400606732779e-03 -1.670435855263157666e-04 -6.147344842105262913e+06 3.919099506578947083e-04 -1.109838484210526198e+07 -4.417017886513157666e-04
8.299341265228576958e-03 -1.821517944335937500e-04 -2.138963500000000000e+06 4.172325134277343750e-04 -9.262285000000000000e+05 -5.022287368774414062e-04
1.293222767532251419e-02 -2.177050159235668984e-05 -1.269832662420382258e+06 3.887589570063694760e-05 -6.781343312101911579e+04 -2.760188594745222995e-05
1.764839556552980082e-02 -1.003317636986301314e-04 -1.058046246575342491e+06 2.106967037671232624e-04 -3.669630136986300931e+05 -3.486528788527396830e-04
2.256548662787912635e-02 -3.992091505198487882e-05 -7.529402192816635361e+05 4.811277912334593432e-05 2.150568431001890349e+04 -4.612250228910680860e-05
2.777643688250242340e-02 1.246754716082316995e-05 -5.467119219512195559e+05 3.314134551257621845e-05 -1.355203999999999942e+05 5.100994575314405190e-05
3.269804980233311648e-02 -9.582519531250000041e-06 -3.810649280000000144e+05 3.079223632812500363e-05 -3.178635199999999895e+04 -2.477264404296874913e-05
3.761648458559932462e-02 -4.609533041132838884e-06 -2.924570842886041501e+05 2.872726841706001345e-05 -4.475320836142953340e+04 -1.924068479222859065e-05
4.263843696389812976e-02 -8.174351283482142403e-07 -2.271058214285714203e+05 -1.348767961774553523e-05 -4.328629464285713766e+04 1.679147992815290227e-05
4.756514582339458480e-02 2.022970726122983098e-06 -1.686276493676406390e+05 -5.909203963148713763e-06 -9.704604448320977099e+03 1.260363998446358463e-05
5.262096060748640974e-02 -2.828876623946629347e-06 -1.401723033707865106e+05 1.444441548893960560e-05 -1.607630477528089796e+04 -1.559096775697857952e-05
5.756031740041873956e-02 -1.794040793239480309e-06 -1.176442079207920760e+05 1.234111219349474005e-05 -1.084340965346534722e+04 5.275896280118734345e-06
6.254738279606215923e-02 -7.620037903176354645e-06 -9.848973657100809214e+04 2.023277254644959472e-05 -1.144289526612705413e+04 -2.661960686951955930e-05
6.757793472572401483e-02 -7.106465907842706041e-07 -8.399712478031634237e+04 -4.015823659243189202e-06 -1.132866256590509511e+04 6.022059435584632975e-06
7.255917516659465827e-02 2.497253928770690244e-06 -6.977755030686256941e+04 1.203222347498605138e-06 -7.947714338850660170e+03 4.478030340454714914e-06
7.753384299139773339e-02 -8.173439069300301254e-07 -5.744952393706059956e+04 7.356095162370271340e-07 -6.697497823903582685e+03 -1.583603819676933434e-05
8.251793356505521260e-02 -3.230681113146860937e-06 -5.070716972477064701e+04 1.101646948298183098e-05 -6.075383027522935663e+03 -1.506821824869978486e-05
8.752751931716111489e-02 7.513722746857586958e-08 -4.246031774005443003e+04 9.688747752526889630e-08 -6.294522741998186575e+03 -5.907664509716778020e-06
9.254701955136974967e-02 1.134933290855386792e-06 -3.572230811303554947e+04 -3.338077444321693991e-06 -5.194231540565177966e+03 -1.894634424173082209e-07
9.754963178921903511e-02 -3.220110829058934531e-06 -3.121510394640426966e+04 6.210213741756516504e-06 -4.501201716738197320e+03 4.427652389956035033e-06
1.025319613041059119e-01 8.931974085365853121e-07 -2.706800150093808770e+04 -2.244444770168855639e-06 -5.105012007504690700e+03 1.042063643292683005e-06
1.075116003998943526e-01 -3.507102792793762854e-06 -2.302896071674707127e+04 6.727643213462698230e-06 -3.235986560992419072e+03 -8.602786442068509486e-06
1.125102861506304813e-01 -8.197308802997217198e-08 -2.088294225863801694e+04 2.709829780559151974e-07 -4.002461467109840214e+03 -1.486794255824198545e-06
1.175500852175193622e-01 -1.736172841701038399e-07 -1.759018176646280699e+04 -2.899408645640733893e-06 -2.345522969705589730e+03 -5.134731179330821281e-06
1.225369446564099490e-01 4.363983366434955514e-07 -1.593767785501489743e+04 -1.196054700430321188e-06 -2.965415425355842672e+03 5.503467912115194339e-06
1.275260957852891452e-01 6.069467393281590874e-07 -1.350632646131457659e+04 -3.819323384065001438e-06 -1.640790322580645125e+03 7.919914769282076026e-07
1.325302087090364789e-01 9.247232022613770096e-07 -1.173126536109084736e+04 -8.801994925228662556e-07 -2.015677459177374885e+03 4.396716336677936103e-06
1.375062694904859717e-01 1.804629751847940838e-06 -1.117714551214361200e+04 -5.452559893083421090e-06 -2.289177402323125534e+03 4.991734795736535919e-06
1.425134422753508989e-01 -1.247887145445383058e-06 -9.648929928969091634e+03 1.924558344031963898e-06 -1.108642445766941819e+03 -2.729386966593275869e-06
1.475259222195813014e-01 8.397930287256822462e-07 -8.667498655975216025e+03 -3.067191094981548267e-06 -1.665773748234543746e+03 3.115159405397170641e-06
1.525299430011916868e-01 6.321277173338687432e-07 -7.682452485627324677e+03 -1.600960198390471641e-06 -1.526051910720324713e+03 9.517392315572687339e-07
1.574945685492469272e-01 -1.209496767197799818e-07 -6.859773365147409095e+03 8.639262622841427745e-09 -1.200473328749949360e+03 2.853116481193381659e-06
1.625189323163163113e-01 6.460621409172560385e-07 -6.102814598540146108e+03 1.380913449029853001e-06 -1.013382992700730028e+03 -1.810771705460374529e-06
1.675461007718098694e-01 7.994354178530751132e-07 -5.595296697038724233e+03 -2.632923169668280093e-06 -1.105646640091116069e+03 1.325151100245586560e-07
1.725292014006662711e-01 2.414285773148301143e-07 -4.938770214589445459e+03 3.299523889969344790e-07 -7.668270428849260725e+02 -2.716071494791838654e-07
1.775301965061671094e-01 -1.540513787228672368e-07 -4.289303886925795268e+03 5.776926702107521511e-07 -8.166238642099949629e+02 1.598283054249747615e-07
1.825147654490652804e-01 -2.199854962480427924e-07 -3.802103459481816117e+03 1.934790471099589413e-06 -6.611975538420632574e+02 -1.549815852665514506e-06
1.875360723572403465e-01 -1.704892632681564301e-07 -3.534396201117318469e+03 4.262231581703910884e-07 -7.642677094972067380e+02 -4.662881350384078482e-07
1.925323683450522461e-01 3.922147772303737515e-07 -3.102085466423904563e+03 -1.263258428329495405e-06 -5.384396487094355734e+02 1.311876718423677328e-06
1.975198663583639380e-01 -4.631477646389274904e-07 -2.666571493613254006e+03 1.330777910395851687e-06 -5.007657012773491374e+02 -1.297585653930061891e-06
2.025153694923672032e-01 -7.509391510059829282e-07 -2.338902634372286229e+03 -2.665097771217311884e-07 -6.413044967673454266e+02 -2.811236419721907492e-06
2.075088499274508613e-01 8.616678611400536509e-07 -2.106494950651491763e+03 -5.021154567957246475e-07 -4.372214614486248934e+02 2.189024222659023091e-06
2.125178062418619784e-01 1.904352274338890014e-07 -2.058512829464129936e+03 -7.051430274562532864e-07 -6.012726915692093144e+02 1.312571475800886920e-06
2.175004174234404231e-01 2.337429180519316671e-07 -1.674685127514519081e+03 -9.234129564798838800e-07 -2.951355104789159327e+02 1.171283193754734552e-06
2.225093171556767890e-01 7.454895860010637882e-07 -1.408102283248950926e+03 -1.581159363857095140e-06 -1.877176178562282018e+02 2.700896746056273587e-06
2.275289586476768322e-01 -1.303218652949150154e-07 -1.293380835756926444e+03 7.555639143470380616e-07 -3.509006581968467913e+02 -1.047104802373246499e-06
2.325285406108919262e-01 2.309372328233860304e-07 -1.139313408400487560e+03 -2.309372328233860304e-07 -2.597120040747275880e+02 3.375236479726411193e-07
2.375276552426477672e-01 8.046469887062752900e-08 -9.625048338899631517e+02 4.854703498527860621e-07 -1.684043768676393142e+02 4.003118768813719723e-07
2.424991024241769377e-01 5.615815534625968918e-08 -9.097451083011159199e+02 -7.341777189763307342e-08 -7.228000438944506811e+01 4.628539707265692387e-07
2.474998551644826128e-01 -1.436890870227746596e-07 -7.817327569644572804e+02 4.452152527794790464e-07 -2.795383285302593777e+02 -4.478175284921302471e-07
2.525200307756395035e-01 2.345690740508042335e-07 -6.696444169502010482e+02 -6.657136397357330980e-07 -1.112402489947417337e+02 6.359205355114735142e-07
2.575182250600202005e-01 1.409797961217494820e-07 -4.936160941807614790e+02 -1.596255110926905531e-07 -1.966965203785112806e+02 1.656512604430556665e-07
2.625255687975799335e-01 -2.228704284817709799e-07 -3.185475837279625466e+02 -2.124233771466879615e-07 -2.172812232555485821e+02 -9.445875582137559630e-07
2.675305520911575030e-01 -1.154612116133441954e-07 -3.085955731072479011e+02 -3.940008498484555559e-07 -2.135889451954543574e+02 7.038287908656500711e-07
2.725404586615198799e-01 1.694793305720103732e-08 -2.935860263394509957e+02 2.417098071729385579e-07 -1.380096128418046248e+02 -2.849875648011483956e-07
2.775333197047151201e-01 -2.618925204202962203e-07 -1.123775686923255819e+02 -3.313098149895313319e-08 -1.612786594980225914e+02 1.573721621200273942e-07
2.825123907298719983e-01 2.725153953482986564e-07 -1.207077749644908380e+02 -8.923654197608535338e-07 -1.319038967455073248e+02 1.156447160930842017e-06
2.875104651677040102e-01 1.698749500589566246e-07 -8.460137545489369870e+01 -5.059716254444191314e-08 -1.590515705803485957e+02 6.770795388505778234e-07
2.924971317655564174e-01 7.760888679212567464e-09 -1.195243413980048253e+01 -4.933455826308533789e-07 -1.862587129662809460e+01 6.715814465023147709e-08
2.975058823671092867e-01 -5.245907418247903938e-07 2.136075698206198226e+01 1.219336045020194653e-06 -3.281697895391172892e+01 -1.798949003664217649e-06
3.025121359101998753e-01 3.892043381987376504e-08 4.219523312870174436e+01 -9.730108454968440599e-08 -7.671690588387878051e+01 -7.973741420300408599e-08
3.075010376196579687e-01 -1.381798685546977183e-07 1.482713905000783825e+02 -8.451457107590989330e-07 -1.507829231331974711e+02 -4.958488503026695887e-08
3.125134169243361515e-01 -8.959514189121255577e-08 1.363782224009652282e+02 4.449073826789664276e-08 -1.479713553187210948e+02 -4.225853053755907041e-07
3.175159688234982513e-01 -4.492596675571759935e-07 1.291847019874055604e+02 4.689719285794544475e-07 -1.102885913292923732e+02 -3.894295825342337709e-07
3.225221380836135188e-01 9.419716865088729482e-08 2.066422880875967678e+02 4.853890800512082953e-08 -9.533458561449877777e+01 -3.554358760523350762e-07
3.275181733526948968e-01 -2.542189958580155350e-09 1.985900962606442022e+02 -3.552004303238384064e-07 -1.052307571269899995e+02 1.496008174236683194e-07
3.325123842131759710e-01 1.628805863437024597e-07 2.190969693195869183e+02 1.400773042555841270e-07 -6.279153953583533365e+01 -1.300330014310557955e-07
3.374959366892091861e-01 -1.109273282580229877e-07 2.168432540377675934e+02 2.003374277816583782e-07 -5.475119556458676584e+01 -6.587813648383853744e-07
3.424919221947719805e-01 5.442800355657601940e-08 1.936932052104776290e+02 -3.883717823873438606e-07 -1.803436314995541352e+02 2.793250229252785639e-07
3.475179778446125245e-01 -1.321128859921749739e-07 1.907369065899957548e+02 2.859122268547635775e-07 -6.218491276505374543e+01 -1.837740098070396460e-07
3.525052850529177828e-01 1.162818763729255602e-07 2.793027622545106397e+02 -2.563104411768833312e-08 -2.286416254191282178e+02 2.910996442706787338e-07
3.575133254796376558e-01 9.169003552513585380e-08 2.594131416176775247e+02 -4.743555919514681537e-07 -1.216605069325750605e+02 5.138852246140904602e-07
3.625250227669692404e-01 -8.914937744692063336e-08 2.336404156000602086e+02 2.761792569360789036e-07 -1.520435024845655789e+02 -1.294733870910819144e-07
3.675230446100045678e-01 9.366475217159124523e-08 2.626352018313176018e+02 -6.243946008778404937e-07 -1.489406644358419101e+02 5.229151826254246894e-07
3.725177060730277545e-01 -1.293450442286937593e-07 2.595044027674538256e+02 4.071206156034686393e-07 -1.315800503173423408e+02 -2.864730985899842411e-07
3.775163034622419089e-01 -5.387150826432033985e-08 2.598996834941146403e+02 2.567314065721516065e-07 -2.007882306700408890e+02 -4.606434827757704299e-07
3.825226892977953153e-01 -1.177401156038851396e-07 2.564744054054053777e+02 3.958006162901182557e-07 -1.727311621621621498e+02 -4.165494764173353163e-07
3.875130067694269043e-01 -1.816905336209167696e-07 2.457353003161222489e+02 -6.833493521140674320e-08 -1.949452054794520564e+02 -4.222697025857811059e-07
3.924957861003909865e-01 1.288548337785215619e-07 2.296540919769574884e+02 -2.207817578766131542e-07 -1.633445113120715746e+02 1.396582116105622231e-07
3.975064703251052212e-01 -4.915786080478285540e-08 2.631509571897652222e+02 3.127196221965801631e-07 -2.083857753546868423e+02 -3.139485687166997451e-07
