3.798113400606732779e-03 1.073958315789473709e+06 0.000000000000000000e+00 1.841773473684210330e+06 0.000000000000000000e+00 5.904497684210525826e+06 9.082956800000000000e+07 0.000000000000000000e+00 4.124002896842104793e+08 0.000000000000000000e+00 6.767059806315789223e+08
8.299341265228576958e-03 7.408815625000000000e+05 0.000000000000000000e+00 1.227242000000000000e+06 0.000000000000000000e+00 9.776966250000000000e+05 3.058535000000000000e+07 0.000000000000000000e+00 8.521718400000000000e+07 0.000000000000000000e+00 6.428262400000000000e+07
1.293222767532251419e-02 8.497742675159235951e+05 0.000000000000000000e+00 6.395750828025478404e+05 0.000000000000000000e+00 2.073136305732484107e+04 1.228919031847133860e+07 0.000000000000000000e+00 2.302844249681528658e+07 0.000000000000000000e+00 -3.103756636942675337e+06
1.764839556552980082e-02 8.043172602739725262e+05 0.000000000000000000e+00 4.735709589041095460e+05 0.000000000000000000e+00 6.890724657534246217e+04 6.523921972602738999e+06 0.000000000000000000e+00 1.393797347945205495e+07 0.000000000000000000e+00 1.742800219178082189e+06
2.256548662787912635e-02 8.382378827977315523e+05 0.000000000000000000e+00 5.857682873345935950e+05 0.000000000000000000e+00 -2.558574820415879076e+05 4.056885232514177915e+06 0.000000000000000000e+00 7.553318230623818934e+06 0.000000000000000000e+00 -2.216402026465028524e+06
2.777643688250242340e-02 7.834819121951219859e+05 0.000000000000000000e+00 6.367626926829267759e+05 0.000000000000000000e+00 3.544389463414634229e+05 2.528305326829268131e+06 0.000000000000000000e+00 5.314008663414633833e+06 0.000000000000000000e+00 9.533852097560975235e+05
3.269804980233311648e-02 6.274663040000000037e+05 0.000000000000000000e+00 4.355441600000000326e+05 0.000000000000000000e+00 7.793396000000000640e+04 1.465909888000000035e+06 0.000000000000000000e+00 2.897708032000000123e+06 0.000000000000000000e+00 5.039742399999999907e+04
3.761648458559932462e-02 5.444894295347268926e+05 0.000000000000000000e+00 3.678353607552258763e+05 0.000000000000000000e+00 6.418749157113958290e+02 9.508533944706675829e+05 0.000000000000000000e+00 1.805723188132164534e+06 0.000000000000000000e+00 3.427552258934591919e+03
4.263843696389812976e-02 4.835541428571428405e+05 0.000000000000000000e+00 2.963285178571428405e+05 0.000000000000000000e+00 7.568630022321427759e+02 6.773295714285713620e+05 0.000000000000000000e+00 1.170893357142857043e+06 0.000000000000000000e+00 -1.219653459821428442e+04
4.756514582339458480e-02 4.174677575228957576e+05 0.000000000000000000e+00 2.392869010030527716e+05 0.000000000000000000e+00 -8.519333624073266401e+04 5.054939380723942304e+05 0.000000000000000000e+00 9.018012525076318998e+05 0.000000000000000000e+00 -5.898867160924553173e+04
5.262096060748640974e-02 3.944982921348314267e+05 0.000000000000000000e+00 2.262508988764044771e+05 0.000000000000000000e+00 -1.134778370786516825e+04 3.999423370786516462e+05 0.000000000000000000e+00 6.525481797752808779e+05 0.000000000000000000e+00 -2.560328932584269569e+04
5.756031740041873956e-02 3.636999207920792396e+05 0.000000000000000000e+00 2.410060792079207895e+05 0.000000000000000000e+00 1.915692698019801901e+04 3.319598415841584210e+05 0.000000000000000000e+00 5.504338217821782455e+05 0.000000000000000000e+00 1.619925495049504934e+04
6.254738279606215923e-02 3.478908766249692999e+05 0.000000000000000000e+00 2.000365759136620036e+05 0.000000000000000000e+00 5.305009197939660908e+02 2.649944724061809829e+05 0.000000000000000000e+00 4.121301427520235302e+05 0.000000000000000000e+00 -1.101040078489084954e+04
6.757793472572401483e-02 3.094262214411247405e+05 0.000000000000000000e+00 1.627626010544815508e+05 0.000000000000000000e+00 -2.523438137082600952e+04 2.233607732864674763e+05 0.000000000000000000e+00 3.276450755711774691e+05 0.000000000000000000e+00 -7.847903339191563646e+03
7.255917516659465827e-02 2.960374811233029468e+05 0.000000000000000000e+00 1.726418746512925427e+05 0.000000000000000000e+00 2.059048688859959293e+04 1.930011114004091651e+05 0.000000000000000000e+00 2.684411143760461127e+05 0.000000000000000000e+00 4.592407662265203726e+03
7.753384299139773339e-02 2.663602222966186819e+05 0.000000000000000000e+00 1.544007927686642215e+05 0.000000000000000000e+00 1.944759290257783869e+04 1.681756839638433303e+05 0.000000000000000000e+00 2.310582979578172090e+05 0.000000000000000000e+00 1.722656176765985947e+04
8.251793356505521260e-02 2.430936880733945000e+05 0.000000000000000000e+00 1.242942568807339558e+05 0.000000000000000000e+00 -3.306896559633027937e+04 1.439230458715596469e+05 0.000000000000000000e+00 1.723593761467889999e+05 0.000000000000000000e+00 -1.513203211009174447e+04
8.752751931716111489e-02 2.198625331087210216e+05 0.000000000000000000e+00 1.185343527277439425e+05 0.000000000000000000e+00 -1.303731761047039072e+03 1.296353795516392420e+05 0.000000000000000000e+00 1.650903428793572821e+05 0.000000000000000000e+00 1.506035091356745033e+04
9.254701955136974967e-02 1.972559927073837607e+05 0.000000000000000000e+00 9.865017319963536283e+04 0.000000000000000000e+00 1.054785232452142191e+04 1.145268258887876000e+05 0.000000000000000000e+00 1.358215205104831257e+05 0.000000000000000000e+00 6.455108933454876933e+03
9.754963178921903511e-02 1.846437851983669971e+05 0.000000000000000000e+00 9.009565330262744101e+04 0.000000000000000000e+00 -3.866592274678111607e+03 1.029699637810112035e+05 0.000000000000000000e+00 1.069040041871663416e+05 0.000000000000000000e+00 5.828235318748037571e+03
1.025319613041059119e-01 1.637191444652907958e+05 0.000000000000000000e+00 6.744356022514071083e+04 0.000000000000000000e+00 -4.604819136960600190e+03 9.495741238273921772e+04 0.000000000000000000e+00 9.673418686679174425e+04 0.000000000000000000e+00 3.889645168855534507e+02
1.075116003998943526e-01 1.573012046864231525e+05 0.000000000000000000e+00 7.135402343211577681e+04 0.000000000000000000e+00 4.617848380427291886e+03 8.780387594762233493e+04 0.000000000000000000e+00 8.094574224672639684e+04 0.000000000000000000e+00 1.107945899379738194e+03
1.125102861506304813e-01 1.479577398160315352e+05 0.000000000000000000e+00 6.540763886527015711e+04 0.000000000000000000e+00 5.279711834273788554e+03 8.413926690886604774e+04 0.000000000000000000e+00 7.944342706964521494e+04 0.000000000000000000e+00 8.600463786040039849e+03
1.175500852175193622e-01 1.427356745839852083e+05 0.000000000000000000e+00 6.569930877542312373e+04 0.000000000000000000e+00 7.927849239084056535e+03 7.691360887498222291e+04 0.000000000000000000e+00 6.536037092874413793e+04 0.000000000000000000e+00 2.319793059308775355e+03
1.225369446564099490e-01 1.362276332340284716e+05 0.000000000000000000e+00 6.104786494538233092e+04 0.000000000000000000e+00 2.839761668321747948e+03 7.353787699437272386e+04 0.000000000000000000e+00 5.988720873882820888e+04 0.000000000000000000e+00 5.082541674942072859e+03
1.275260957852891452e-01 1.313473412563667225e+05 0.000000000000000000e+00 5.398703080281348230e+04 0.000000000000000000e+00 8.994991996119329997e+03 6.882137472714042815e+04 0.000000000000000000e+00 5.205395294688333524e+04 0.000000000000000000e+00 6.712382731021100881e+03
1.325302087090364789e-01 1.287366266763930180e+05 0.000000000000000000e+00 5.510636305482296302e+04 0.000000000000000000e+00 4.910884981201952826e+01 6.678798810392234009e+04 0.000000000000000000e+00 4.813616654508725333e+04 0.000000000000000000e+00 4.237293081196341518e+03
1.375062694904859717e-01 1.205983020063357981e+05 0.000000000000000000e+00 5.247070073917634727e+04 0.000000000000000000e+00 7.381018796198521159e+03 6.325045659978880576e+04 0.000000000000000000e+00 4.247384329461456946e+04 0.000000000000000000e+00 6.735985638859556275e+03
1.425134422753508989e-01 1.155127755807256617e+05 0.000000000000000000e+00 4.659011096179689048e+04 0.000000000000000000e+00 -5.559328853906699806e+03 6.087549395277404255e+04 0.000000000000000000e+00 4.146494451910155476e+04 0.000000000000000000e+00 1.327062488001535712e+03
1.475259222195813014e-01 1.084908032256594888e+05 0.000000000000000000e+00 4.570172964599754050e+04 0.000000000000000000e+00 4.557944689963096607e+03 5.806061688459610741e+04 0.000000000000000000e+00 3.579222962321745581e+04 0.000000000000000000e+00 1.946140143058909189e+02
1.525299430011916868e-01 1.024527020629015897e+05 0.000000000000000000e+00 4.081854041258031793e+04 0.000000000000000000e+00 2.807845451471085653e+03 5.637003449442001875e+04 0.000000000000000000e+00 3.376089550219817465e+04 0.000000000000000000e+00 4.386344944200202917e+03
1.574945685492469272e-01 9.763910607837585849e+04 0.000000000000000000e+00 3.753437068791199272e+04 0.000000000000000000e+00 -3.007356331136004997e+02 5.391804974319569010e+04 0.000000000000000000e+00 3.111960464269826116e+04 0.000000000000000000e+00 1.749290249524810861e+03
1.625189323163163113e-01 9.261443737226277881e+04 0.000000000000000000e+00 3.653167182481752388e+04 0.000000000000000000e+00 7.988523211678832922e+03 5.166747562043795915e+04 0.000000000000000000e+00 2.910457459854014814e+04 0.000000000000000000e+00 2.899032992700730119e+03
1.675461007718098694e-01 8.884761731207289267e+04 0.000000000000000000e+00 3.603471981776765460e+04 0.000000000000000000e+00 -1.283602790432801839e+03 5.014709794988610520e+04 0.000000000000000000e+00 2.563461275626423594e+04 0.000000000000000000e+00 -8.994366457858769763e+02
1.725292014006662711e-01 8.483241032402677229e+04 0.000000000000000000e+00 3.567902640340178914e+04 0.000000000000000000e+00 4.322318752678247620e+03 4.800737950357649243e+04 0.000000000000000000e+00 2.389464271351814750e+04 0.000000000000000000e+00 1.201331970860665251e+03
1.775301965061671094e-01 8.295903079252902535e+04 0.000000000000000000e+00 3.111818879353861485e+04 0.000000000000000000e+00 -1.184720217062089887e+03 4.694431903079252515e+04 0.000000000000000000e+00 2.300481171125694163e+04 0.000000000000000000e+00 2.693589348813730339e+03
1.825147654490652804e-01 8.062149333806021605e+04 0.000000000000000000e+00 3.191831203285178344e+04 0.000000000000000000e+00 2.319156252769653292e+03 4.636805577712783270e+04 0.000000000000000000e+00 2.158000815385978785e+04 0.000000000000000000e+00 1.792787822387662970e+02
1.875360723572403465e-01 7.737750882681563962e+04 0.000000000000000000e+00 2.841924648044692731e+04 0.000000000000000000e+00 3.186823016759776692e+03 4.484633385474860552e+04 0.000000000000000000e+00 2.119914905027933128e+04 0.000000000000000000e+00 2.976618100558659080e+03
1.925323683450522461e-01 7.543178322801756440e+04 0.000000000000000000e+00 2.588077026882296195e+04 0.000000000000000000e+00 1.240912712862803801e+03 4.367968469529827416e+04 0.000000000000000000e+00 1.862677605226518062e+04 0.000000000000000000e+00 2.134391774659954990e+03
1.975198663583639380e-01 7.296454564310103888e+04 0.000000000000000000e+00 2.453784120399645690e+04 0.000000000000000000e+00 4.054332414316428185e+03 4.300968680915643927e+04 0.000000000000000000e+00 1.759320257999241221e+04 0.000000000000000000e+00 1.794502491463260185e+03
2.025153694923672032e-01 7.106235646048441413e+04 0.000000000000000000e+00 2.436385911415613373e+04 0.000000000000000000e+00 3.023097317379137507e+02 4.176057743896555621e+04 0.000000000000000000e+00 1.626110276946830163e+04 0.000000000000000000e+00 4.416818971340345570e+02
2.075088499274508613e-01 6.853503803613547643e+04 0.000000000000000000e+00 2.338147793629348234e+04 0.000000000000000000e+00 3.144093246925736821e+03 4.091807588907462923e+04 0.000000000000000000e+00 1.542172396894822487e+04 0.000000000000000000e+00 5.650099612997778422e+02
2.125178062418619784e-01 6.634683051143305784e+04 0.000000000000000000e+00 2.208172037004712911e+04 0.000000000000000000e+00 1.133072438470937414e+03 3.987946796997731144e+04 0.000000000000000000e+00 1.436212253447373041e+04 0.000000000000000000e+00 9.269119392564148256e+02
2.175004174234404231e-01 6.375908290547933575e+04 0.000000000000000000e+00 2.249669219762646389e+04 0.000000000000000000e+00 1.182670987290632183e+03 3.926603619223971327e+04 0.000000000000000000e+00 1.374171601717027261e+04 0.000000000000000000e+00 -2.667005092163959290e+01
2.225093171556767890e-01 6.206758606016429985e+04 0.000000000000000000e+00 2.125921869151513965e+04 0.000000000000000000e+00 2.191811036031599087e+03 3.837544193376805197e+04 0.000000000000000000e+00 1.292345603908512567e+04 0.000000000000000000e+00 7.703940426705541995e+02
2.275289586476768322e-01 6.023160202051125088e+04 0.000000000000000000e+00 1.854725730904638112e+04 0.000000000000000000e+00 7.745913056788612039e+02 3.760989928057554062e+04 0.000000000000000000e+00 1.296460799020358172e+04 0.000000000000000000e+00 6.562183529771926942e+02
2.325285406108919262e-01 5.876071526021865429e+04 0.000000000000000000e+00 1.773528444872937689e+04 0.000000000000000000e+00 1.259080057482764232e+03 3.700191672275480960e+04 0.000000000000000000e+00 1.269655896531024337e+04 0.000000000000000000e+00 8.938177650846779443e+02
2.375276552426477672e-01 5.650757433643874538e+04 0.000000000000000000e+00 1.848280738266830667e+04 0.000000000000000000e+00 2.300817155914923660e+03 3.626912286869397212e+04 0.000000000000000000e+00 1.163928817015292771e+04 0.000000000000000000e+00 1.003089400597644612e+03
2.424991024241769377e-01 5.513877737072240416e+04 0.000000000000000000e+00 1.725273843972110262e+04 0.000000000000000000e+00 1.923632974861985758e+03 3.547755339084631851e+04 0.000000000000000000e+00 1.076359569834382819e+04 0.000000000000000000e+00 -8.412284368510796639e+02
2.474998551644826128e-01 5.457698264489273424e+04 0.000000000000000000e+00 1.656153493435798737e+04 0.000000000000000000e+00 1.360827281460134600e+03 3.510830560358629737e+04 0.000000000000000000e+00 1.057817841818764100e+04 0.000000000000000000e+00 1.133032821005443509e+02
2.525200307756395035e-01 5.253595892360037396e+04 0.000000000000000000e+00 1.528501923909681500e+04 0.000000000000000000e+00 2.241366161459944578e+03 3.452468815341788286e+04 0.000000000000000000e+00 1.028652916795545934e+04 0.000000000000000000e+00 3.306195484070523207e+02
2.575182250600202005e-01 5.160081043141345435e+04 0.000000000000000000e+00 1.385505533119737629e+04 0.000000000000000000e+00 4.961218091051337638e+02 3.397491000670591166e+04 0.000000000000000000e+00 9.431465553982565325e+03 0.000000000000000000e+00 4.616117427911481741e+02
2.625255687975799335e-01 4.992732127574599144e+04 0.000000000000000000e+00 1.433636697666457439e+04 0.000000000000000000e+00 1.179113938494893546e+03 3.347802133850630344e+04 0.000000000000000000e+00 9.460287784560963701e+03 0.000000000000000000e+00 9.432749472242825277e+02
2.675305520911575030e-01 4.934367213929660647e+04 0.000000000000000000e+00 1.326908294555446628e+04 0.000000000000000000e+00 6.580418386931967234e+02 3.341370707391502219e+04 0.000000000000000000e+00 9.043892572596345417e+03 0.000000000000000000e+00 -8.162837850899600198e+02
2.725404586615198799e-01 4.855579499656211556e+04 0.000000000000000000e+00 1.201466208282646585e+04 0.000000000000000000e+00 1.672287724123340467e+03 3.283691500502459530e+04 0.000000000000000000e+00 9.080996456338922144e+03 0.000000000000000000e+00 1.084365896228909833e+03
2.775333197047151201e-01 4.736257409465711680e+04 0.000000000000000000e+00 1.197017871636466953e+04 0.000000000000000000e+00 8.015626954791015351e+02 3.229838322950861766e+04 0.000000000000000000e+00 8.568038669320443660e+03 0.000000000000000000e+00 4.762392534960063699e+02
2.825123907298719983e-01 4.602827829308960645e+04 0.000000000000000000e+00 1.181835390600876963e+04 0.000000000000000000e+00 1.108294596430556567e+03 3.179199703575619060e+04 0.000000000000000000e+00 7.635752930278516033e+03 0.000000000000000000e+00 -8.736985117025875525e+01
2.875104651677040102e-01 4.506109634169698984e+04 0.000000000000000000e+00 1.128224248228308716e+04 0.000000000000000000e+00 1.132722754261635600e+03 3.144203792376939236e+04 0.000000000000000000e+00 7.543410840835088493e+03 0.000000000000000000e+00 2.678701637617314759e+02
2.924971317655564174e-01 4.410568481892057025e+04 0.000000000000000000e+00 1.019936163867343203e+04 0.000000000000000000e+00 1.043443063727473373e+03 3.097711562958767172e+04 0.000000000000000000e+00 7.848102000947877968e+03 0.000000000000000000e+00 -5.610271763631529893e+02
2.975058823671092867e-01 4.291332705798774259e+04 0.000000000000000000e+00 1.007398632448272838e+04 0.000000000000000000e+00 9.287269336648610079e+02 3.060959275375188736e+04 0.000000000000000000e+00 6.935431666814670280e+03 0.000000000000000000e+00 5.204189237190303174e+02
3.025121359101998753e-01 4.225039505425619427e+04 0.000000000000000000e+00 9.574292507889844273e+03 0.000000000000000000e+00 6.313390687821538449e+02 3.014772971337166382e+04 0.000000000000000000e+00 6.474173706281613704e+03 0.000000000000000000e+00 -1.648280143530327223e+03
3.075010376196579687e-01 4.135337609865705599e+04 0.000000000000000000e+00 8.482970747766108616e+03 0.000000000000000000e+00 2.107702356691226697e+01 2.989849376600303367e+04 0.000000000000000000e+00 6.676180216334849320e+03 0.000000000000000000e+00 5.708859277838741946e+02
3.125134169243361515e-01 4.044757788055499987e+04 0.000000000000000000e+00 8.133275849587774246e+03 0.000000000000000000e+00 -4.344675648501910246e+02 2.966948883973456759e+04 0.000000000000000000e+00 6.319296682083249834e+03 0.000000000000000000e+00 -1.189508385280514858e+03
3.175159688234982513e-01 3.968273627334440243e+04 0.000000000000000000e+00 8.448232633533416447e+03 0.000000000000000000e+00 4.182574097906494899e+02 2.933351168570895243e+04 0.000000000000000000e+00 6.392526804923814780e+03 0.000000000000000000e+00 -2.910056881256692805e+02
3.225221380836135188e-01 3.914301378138569271e+04 0.000000000000000000e+00 7.596332414574288123e+03 0.000000000000000000e+00 3.765169718708703499e+02 2.901152984708325675e+04 0.000000000000000000e+00 6.155290315272796761e+03 0.000000000000000000e+00 -1.009483481215782632e+02
3.275181733526948968e-01 3.825429514994446799e+04 0.000000000000000000e+00 7.251176305072195646e+03 0.000000000000000000e+00 3.135328767123287435e+02 2.864417504627915696e+04 0.000000000000000000e+00 5.829847908182155152e+03 0.000000000000000000e+00 -7.067786745649759723e+02
3.325123842131759710e-01 3.762688988320271892e+04 0.000000000000000000e+00 6.661546207424144086e+03 0.000000000000000000e+00 1.753510163053630777e+03 2.840845324105784675e+04 0.000000000000000000e+00 5.739743988898476346e+03 0.000000000000000000e+00 -7.002622490370673525e+00
3.374959366892091861e-01 3.731335654976702062e+04 0.000000000000000000e+00 6.386120589987037420e+03 0.000000000000000000e+00 1.544318046456224067e+02 2.807704642118908305e+04 0.000000000000000000e+00 5.346310619065970968e+03 0.000000000000000000e+00 -1.009865886557124441e+03
3.424919221947719805e-01 3.658152930685313186e+04 0.000000000000000000e+00 6.081968713798764838e+03 0.000000000000000000e+00 2.585601013426231134e+02 2.780996898048988078e+04 0.000000000000000000e+00 5.142559401278450423e+03 0.000000000000000000e+00 -8.160578719715974785e+02
3.475179778446125245e-01 3.561429476917044667e+04 0.000000000000000000e+00 6.033201816577906357e+03 0.000000000000000000e+00 6.018369654000719038e+02 2.757070108145195263e+04 0.000000000000000000e+00 5.392971281079491746e+03 0.000000000000000000e+00 -9.398276538046852124e+01
3.525052850529177828e-01 3.503837215391984500e+04 0.000000000000000000e+00 5.769212709564106262e+03 0.000000000000000000e+00 -2.795720581191122278e+02 2.739838875938049023e+04 0.000000000000000000e+00 4.952876001916014502e+03 0.000000000000000000e+00 -1.094003512693597258e+03
3.575133254796376558e-01 3.459139591173517692e+04 0.000000000000000000e+00 5.100671137647446812e+03 0.000000000000000000e+00 -2.091233454177556723e+02 2.703360078484874248e+04 0.000000000000000000e+00 5.111375493404664667e+03 0.000000000000000000e+00 1.109478274865679026e+02
3.625250227669692404e-01 3.426016274657430768e+04 0.000000000000000000e+00 5.315978196054810724e+03 0.000000000000000000e+00 -4.722241529890076777e+02 2.681937876825778949e+04 0.000000000000000000e+00 4.626712844451136334e+03 0.000000000000000000e+00 -5.257785273302213227e+02
3.675230446100045678e-01 3.368989786321982683e+04 0.000000000000000000e+00 4.515331598247417787e+03 0.000000000000000000e+00 4.193603219386304772e+02 2.654199429900341784e+04 0.000000000000000000e+00 4.924872529507396393e+03 0.000000000000000000e+00 -1.111218569793466457e+02
3.725177060730277545e-01 3.313130218994797178e+04 0.000000000000000000e+00 4.299787523586254792e+03 0.000000000000000000e+00 -6.447153925324489876e+01 2.636968700325919417e+04 0.000000000000000000e+00 4.533809823317514201e+03 0.000000000000000000e+00 -5.081546686488650266e+02
3.775163034622419089e-01 3.251137333213810416e+04 0.000000000000000000e+00 4.428786672275049568e+03 0.000000000000000000e+00 8.130120189489798577e+02 2.612702943711600528e+04 0.000000000000000000e+00 4.535870970411181588e+03 0.000000000000000000e+00 -6.636748057177926512e+02
3.825226892977953153e-01 3.220556108108107946e+04 0.000000000000000000e+00 4.375046486486486174e+03 0.000000000000000000e+00 7.265931891891891610e+02 2.581841816216216102e+04 0.000000000000000000e+00 4.368427243243243538e+03 0.000000000000000000e+00 5.716219594594594611e+01
3.875130067694269043e-01 3.195542929399367858e+04 0.000000000000000000e+00 3.641331085353003346e+03 0.000000000000000000e+00 5.464965226554268156e+02 2.588504615384615681e+04 0.000000000000000000e+00 4.138775974710221817e+03 0.000000000000000000e+00 -6.062551106427819150e+02
3.924957861003909865e-01 3.146106451259936512e+04 0.000000000000000000e+00 4.565851407974769245e+03 0.000000000000000000e+00 1.609289608341647181e+03 2.556314186592862097e+04 0.000000000000000000e+00 4.165829678499018883e+03 0.000000000000000000e+00 -7.267006323818105962e-01
3.975064703251052212e-01 3.128721898271482860e+04 0.000000000000000000e+00 4.117888309274518178e+03 0.000000000000000000e+00 1.675230431819589967e+03 2.534743532618796962e+04 0.000000000000000000e+00 4.047956979121492168e+03 0.000000000000000000e+00 -1.537873985502756966e+02
