3.798113400606732779e-03 3.289473684210526133e-03 5.948990652631578594e+07 -8.223684210526315333e-03 -1.138396294736842066e+08 -2.055921052631578833e-03 2.718517355789473653e+08 0.000000000000000000e+00 -2.281508917894736826e+08 0.000000000000000000e+00 1.883269389473684132e+08
8.299341265228576958e-03 2.704620361328125000e-03 1.890265200000000000e+07 -7.005691528320312500e-03 6.997663500000000000e+06 8.944988250732421875e-03 1.110509760000000000e+08 0.000000000000000000e+00 2.578393600000000000e+07 0.000000000000000000e+00 3.262419200000000000e+07
1.293222767532251419e-02 1.094745222929936279e-03 5.142197645859872550e+07 -4.926353503184714017e-03 2.578259322292993590e+07 3.744526273885350354e-03 1.115105084331210256e+08 0.000000000000000000e+00 5.289480805095541477e+07 0.000000000000000000e+00 1.928909778343949094e+07
1.764839556552980082e-02 1.284246575342465682e-03 2.946232109589041024e+07 -1.096960616438356212e-03 6.240741260273972526e+06 4.889501284246575152e-03 8.756392328767122328e+07 0.000000000000000000e+00 4.535503956164383143e+07 0.000000000000000000e+00 1.076767210958904028e+07
2.256548662787912635e-02 1.476843100189035923e-03 2.099211420793950930e+07 -3.987476370510396884e-03 3.734142790170132648e+06 5.383093100189036140e-03 7.021008574669186771e+07 0.000000000000000000e+00 5.908394827977316082e+07 0.000000000000000000e+00 -3.849982064272211865e+06
2.777643688250242340e-02 6.669207317073171234e-05 1.280842926829268225e+07 1.262385670731707354e-03 4.987067629268292338e+06 -1.285013338414634203e-03 4.988474942439024150e+07 0.000000000000000000e+00 4.547348729756097496e+07 0.000000000000000000e+00 2.791932003902439028e+07
3.269804980233311648e-02 -8.125000000000000711e-04 8.953475072000000626e+06 -6.562500000000000408e-04 2.361064447999999858e+06 -7.890625000000000503e-04 4.071813939199999720e+07 0.000000000000000000e+00 3.346258534400000051e+07 0.000000000000000000e+00 8.793945087999999523e+06
3.761648458559932462e-02 3.582265677680377802e-04 5.668111363452461548e+06 -7.902056641942009282e-04 9.163941200269723777e+05 1.382859912339851624e-03 3.114808585839514434e+07 0.000000000000000000e+00 2.364481872960215807e+07 0.000000000000000000e+00 5.822660790289952420e+06
4.263843696389812976e-02 -1.046316964285714228e-04 3.698750000000000000e+06 5.841936383928571274e-04 7.281546428571427532e+04 -2.724783761160714363e-04 2.485761828571428359e+07 0.000000000000000000e+00 1.745255542857142910e+07 0.000000000000000000e+00 1.181591142857142724e+06
4.756514582339458480e-02 -2.180549498473615408e-04 2.682702485826428514e+06 6.541648495420846225e-04 -2.470585259485390270e+04 -1.022132577409507175e-03 2.050709290536415204e+07 0.000000000000000000e+00 1.429939769385085069e+07 0.000000000000000000e+00 8.732707614478848409e+05
5.262096060748640974e-02 1.961354459269662833e-04 2.270439191011236049e+06 -5.726332075140449195e-04 4.827958202247190638e+05 8.827809537394663104e-04 1.735793186516853794e+07 0.000000000000000000e+00 1.294378139325842634e+07 0.000000000000000000e+00 3.817144449438202195e+06
5.756031740041873956e-02 1.099841429455445573e-04 1.947399287128712982e+06 2.616655708539604116e-04 1.860278019801980117e+05 3.023053159808168156e-04 1.526862447524752468e+07 0.000000000000000000e+00 1.062712966336633638e+07 0.000000000000000000e+00 8.259265742574257310e+05
6.254738279606215923e-02 1.111417709099828214e-04 1.490504586705911206e+06 -3.640851116016678702e-05 1.280609703213146859e+05 2.668360620554328998e-04 1.357654413343144394e+07 0.000000000000000000e+00 7.884364479764532298e+06 0.000000000000000000e+00 1.047874495952906436e+06
6.757793472572401483e-02 -7.733980255931457775e-05 1.159169574692442780e+06 1.864843921627855881e-04 -2.911568365553602780e+04 -2.764683406675636944e-04 1.177895592267135344e+07 0.000000000000000000e+00 6.642976843585236929e+06 0.000000000000000000e+00 3.325027205623901100e+05
7.255917516659465827e-02 4.358843221127022910e-05 9.814855272456760285e+05 5.957085735540264260e-05 1.902456715640691982e+05 -3.236441091686814123e-04 1.047534746066579968e+07 0.000000000000000000e+00 6.333557121071229689e+06 0.000000000000000000e+00 1.178330721220011124e+06
7.753384299139773339e-02 8.304214094409106972e-05 7.430802383662537904e+05 -1.029853322731837979e-04 1.210144224974891258e+05 1.756472055992634924e-04 9.210131626380985603e+06 0.000000000000000000e+00 4.908288085704720579e+06 0.000000000000000000e+00 1.093604317375293002e+06
8.251793356505521260e-02 1.052716456422018407e-04 6.040184587155963527e+05 -2.698985808486238885e-04 6.185970642201835290e+04 3.580915818520642485e-04 8.186370935779817402e+06 0.000000000000000000e+00 3.627679706422018353e+06 0.000000000000000000e+00 3.304062018348624115e+05
8.752751931716111489e-02 6.200798561617209702e-05 4.800713894000259461e+05 -1.499580876635998525e-04 4.210898121031489427e+04 1.417009018238952936e-04 7.146682965919399634e+06 0.000000000000000000e+00 3.632814160943372175e+06 0.000000000000000000e+00 7.843473764416223858e+05
9.254701955136974967e-02 -3.877985770852324679e-05 3.732143372835004702e+05 -8.540470815291704087e-06 3.458642479489516700e+04 -3.073317632962055407e-05 6.457663241567912512e+06 0.000000000000000000e+00 2.559263270738377236e+06 0.000000000000000000e+00 7.030391248860527994e+05
9.754963178921903511e-02 -2.453417774521092701e-05 3.141009592798074009e+05 2.535198367005129204e-05 3.937302711190201808e+04 -9.179871506333088505e-05 5.941338683973620646e+06 0.000000000000000000e+00 2.518374555427614134e+06 0.000000000000000000e+00 1.480221986810426170e+05
1.025319613041059119e-01 4.030839587242026263e-06 2.584516682926829380e+05 -1.639818832082551487e-04 2.071024390243902599e+04 9.825171493902439619e-05 5.287323521200750023e+06 0.000000000000000000e+00 1.953260787992495345e+06 0.000000000000000000e+00 2.102935294559099420e+05
1.075116003998943526e-01 3.112750904548587357e-05 2.229853066850447794e+05 -5.762795593556168137e-05 3.061624534803583811e+04 1.625781384605444631e-04 4.883327206064783037e+06 0.000000000000000000e+00 1.793377918676774716e+06 0.000000000000000000e+00 1.695140592694693260e+04
1.125102861506304813e-01 8.454433021566051931e-06 1.722660746695524431e+05 -6.386116371647213225e-05 2.546616990028600412e+04 3.113797876246424828e-05 4.606672132333616726e+06 0.000000000000000000e+00 1.480548385560794733e+06 0.000000000000000000e+00 3.107067072737111012e+05
1.175500852175193622e-01 1.986181730905987945e-05 1.414232240079647454e+05 -1.363242915303655267e-04 2.841106642013938472e+04 1.198132878057886545e-04 4.258513212914236821e+06 0.000000000000000000e+00 1.327221095150049776e+06 0.000000000000000000e+00 3.204343370786517044e+05
1.225369446564099490e-01 3.568768619662363733e-05 1.245453049983449309e+05 -1.016323237338629645e-04 2.706474200595829461e+04 1.473410087719298218e-04 4.020678342800397426e+06 0.000000000000000000e+00 1.194297064018537058e+06 0.000000000000000000e+00 1.066425750413770293e+05
1.275260957852891452e-01 8.771120562242299302e-06 9.548745670628182415e+04 -2.026980055670931153e-05 3.042764976958525222e+04 -5.511557509417444741e-06 3.792123343196701258e+06 0.000000000000000000e+00 9.137505544506426668e+05 0.000000000000000000e+00 2.234267319912684907e+05
1.325302087090364789e-01 -1.972742831490937564e-06 8.369708186970428505e+04 -1.260363475674765671e-05 5.479558722855058477e+03 5.077072870489871285e-05 3.542446779866449535e+06 0.000000000000000000e+00 9.356623740530834766e+05 0.000000000000000000e+00 8.756892205824589473e+04
1.375062694904859717e-01 -6.000393924894403006e-06 6.249582428722280747e+04 -2.047288002408922779e-05 1.486302851108764480e+04 7.812677240422055713e-05 3.352728897148891352e+06 0.000000000000000000e+00 8.484363894403378945e+05 0.000000000000000000e+00 4.534138728616684093e+05
1.425134422753508989e-01 2.929312547993856560e-05 5.585217584949126467e+04 -4.471302673257823159e-05 1.314339642925705448e+04 1.704742730430504848e-04 3.195083659819542896e+06 0.000000000000000000e+00 7.319309318487233249e+05 0.000000000000000000e+00 5.802173776156651729e+04
1.475259222195813014e-01 -3.995412661169074023e-05 5.063162494874481490e+04 1.233772751605995816e-04 2.583120360836484542e+04 -1.788036150564945883e-04 2.966639548772153445e+06 0.000000000000000000e+00 6.131273829331632005e+05 0.000000000000000000e+00 1.594279451455647068e+05
1.525299430011916868e-01 2.423242253550895962e-05 4.807559553601623338e+04 -3.366531614600946741e-05 1.909313763949949134e+04 5.515765853536100849e-05 2.792726769022658002e+06 0.000000000000000000e+00 5.430824430165708764e+05 0.000000000000000000e+00 8.047698613459587796e+04
1.574945685492469272e-01 1.982587353904638610e-05 3.317621579649775231e+04 -6.046496491689246338e-05 1.485242075464067420e+04 3.859528867735673039e-05 2.629415496906215791e+06 0.000000000000000000e+00 4.527067267359566176e+05 0.000000000000000000e+00 9.010909079144254792e+04
1.625189323163163113e-01 8.945882755474453217e-06 2.366884905109489409e+04 -3.690622148722628028e-05 1.706549138686131482e+04 1.600724937271897827e-05 2.543741869781021960e+06 0.000000000000000000e+00 3.628558575182482018e+05 0.000000000000000000e+00 1.879604694890511164e+05
1.675461007718098694e-01 2.536904024371796555e-05 2.578942596810933901e+04 3.586597486074530093e-06 1.378145558086560231e+04 6.733451182858547150e-05 2.434300063781321049e+06 0.000000000000000000e+00 3.401053667425967869e+05 0.000000000000000000e+00 3.528522323462414352e+04
1.725292014006662711e-01 -8.240762105679533890e-06 1.463891933942051037e+04 1.442133368493918346e-05 1.392290602234894868e+04 -2.987276263308831078e-05 2.311958083660217002e+06 0.000000000000000000e+00 3.364227329004186322e+05 0.000000000000000000e+00 1.863752571447407536e+05
1.775301965061671094e-01 1.808563186206461407e-05 1.473199091367995970e+04 2.226042422545431590e-05 1.482221403331650617e+04 -1.279781828740219628e-05 2.203595533568904735e+06 0.000000000000000000e+00 2.715712226148410118e+05 0.000000000000000000e+00 5.823344977284199558e+04
1.825147654490652804e-01 3.317814041773759756e-05 1.200649945345504966e+04 2.983147581907884968e-05 1.861065508582232724e+04 1.224706139767792331e-05 2.131472290702827275e+06 0.000000000000000000e+00 2.220157939082395460e+05 0.000000000000000000e+00 4.015629507518686296e+04
1.875360723572403465e-01 1.165890826859287670e-05 4.769310837988827188e+03 -4.475044804578386787e-05 1.835477094972067061e+04 4.548642888415459511e-05 2.059635157094972208e+06 0.000000000000000000e+00 1.856891280446927412e+05 0.000000000000000000e+00 1.209225439106145204e+05
1.925323683450522461e-01 5.360268622148441729e-06 3.104051354824890154e+02 -7.961959977776587906e-06 1.360598136446395984e+04 2.488929607174413593e-05 1.977950152725714725e+06 0.000000000000000000e+00 1.930245209382028261e+05 0.000000000000000000e+00 8.978840141373031656e+04
1.975198663583639380e-01 5.211956178070064333e-06 2.977539699000885321e+03 4.507971575818894290e-06 1.029320895409131117e+04 2.745848713955988181e-05 1.895817360010117525e+06 0.000000000000000000e+00 1.627308242316934338e+05 0.000000000000000000e+00 1.343712303528518823e+05
2.025153694923672032e-01 -2.186263630222908544e-05 -1.538052976937180347e+03 6.408014088584387259e-06 1.633621306571456262e+04 -5.324305823603204315e-05 1.842535976068706019e+06 0.000000000000000000e+00 1.199678548682813998e+05 0.000000000000000000e+00 1.050861101997491205e+05
2.075088499274508613e-01 -1.970165477798896300e-05 -5.046739426137534792e+03 4.733093341386338264e-05 1.260619588266275969e+04 -6.393254063952689135e-05 1.779201887654858176e+06 0.000000000000000000e+00 6.619104554718450527e+04 0.000000000000000000e+00 6.279173674689138716e+04
2.125178062418619784e-01 -7.361719840940827594e-06 -3.415113632396578851e+03 1.934182687587275503e-05 1.139171303892476863e+04 -2.704047058073507650e-05 1.706587246639902238e+06 0.000000000000000000e+00 9.508061860708675522e+04 0.000000000000000000e+00 1.460582887065805553e+05
2.175004174234404231e-01 3.061775366130796984e-06 -2.984693880986449130e+03 4.592663049196195900e-06 1.287222826361417356e+04 -5.920631056150576740e-06 1.660366743540106108e+06 0.000000000000000000e+00 5.275294672165642987e+04 0.000000000000000000e+00 1.397363965996128391e+05
2.225093171556767890e-01 -2.157591150194046711e-05 -4.420901715884241639e+03 6.182753953576564966e-05 1.399888323713086902e+04 -6.857662509419140380e-05 1.619903971001359401e+06 0.000000000000000000e+00 5.048251815370067925e+04 0.000000000000000000e+00 1.672878223833257798e+05
2.275289586476768322e-01 -1.392046269898974441e-05 -3.191296188581050046e+03 6.399675804569111070e-06 1.069014541558242854e+04 -4.503830238668108180e-05 1.550368288994336501e+06 0.000000000000000000e+00 3.760180988825960958e+04 0.000000000000000000e+00 1.097144564518597908e+05
2.325285406108919262e-01 7.105761009950339703e-08 -5.102732468666436944e+03 -1.438916604514943756e-05 1.285132759718407215e+04 2.496786774871300667e-05 1.510387948119986337e+06 0.000000000000000000e+00 -4.320493624142761291e+03 0.000000000000000000e+00 1.382236265803212591e+05
2.375276552426477672e-01 -9.441191334153629787e-07 -6.788084232729829637e+03 -6.016613750219722284e-06 1.119491847424855041e+04 3.851576919274037522e-06 1.464985483002285240e+06 0.000000000000000000e+00 -8.008779891017753471e+03 0.000000000000000000e+00 1.372254948145544040e+05
2.424991024241769377e-01 1.213428325426704794e-05 -6.477518950584978484e+03 -3.053354971046544808e-05 1.135376941907382752e+04 3.087977246636165534e-05 1.423089378961052047e+06 0.000000000000000000e+00 -2.477364766262050034e+04 0.000000000000000000e+00 9.149271358870899712e+04
2.474998551644826128e-01 -2.876841178354146814e-06 -7.226812167787384169e+03 1.119466458533461477e-05 1.126751969260326587e+04 -1.696398194844700626e-05 1.390224763368555810e+06 0.000000000000000000e+00 -3.445586628242074949e+04 0.000000000000000000e+00 1.100921975024015410e+05
2.525200307756395035e-01 -3.851274938137952247e-06 -5.539566718218373353e+03 1.301126807531704419e-05 1.109413671512527071e+04 -2.181822767650015748e-05 1.348287022084751166e+06 0.000000000000000000e+00 -4.216161237240953051e+04 0.000000000000000000e+00 9.588212755954223394e+04
2.575182250600202005e-01 -1.587705368452425422e-05 -7.302846345279785055e+03 1.434173822740481326e-05 1.163192680128157372e+04 -6.577298694676253564e-05 1.318710328231875319e+06 0.000000000000000000e+00 -4.135117395127039345e+04 0.000000000000000000e+00 8.734446088965055242e+04
2.625255687975799335e-01 2.925174373823244095e-06 -6.686897244251726079e+03 3.830585489530438706e-06 1.050281828036743354e+04 -2.500675854574370836e-05 1.289831264677354833e+06 0.000000000000000000e+00 -8.028508792149255169e+04 0.000000000000000000e+00 8.129077195184571610e+04
2.675305520911575030e-01 3.644191817635768580e-06 -5.919901023183882899e+03 -1.681014107182309051e-05 1.027451904834233028e+04 9.619098822984699634e-06 1.261251047955703456e+06 0.000000000000000000e+00 -7.191118863313127076e+04 0.000000000000000000e+00 6.659725063172283990e+04
2.725404586615198799e-01 -1.171182878695721019e-05 -6.040204791876024501e+03 2.457934519952927323e-05 9.391877294123869433e+03 -2.469071733104802175e-05 1.232035400222139899e+06 0.000000000000000000e+00 -7.142912487438514654e+04 0.000000000000000000e+00 1.040676287089437683e+05
2.775333197047151201e-01 2.776691782769405524e-07 -6.056994442577610243e+03 1.274753954816863433e-06 7.720292191175330117e+03 -9.551188666412490112e-06 1.202766943314291537e+06 0.000000000000000000e+00 -7.623723938273837848e+04 0.000000000000000000e+00 8.340233442758549063e+04
2.825123907298719983e-01 8.316431096770209437e-06 -6.393312270734268168e+03 -2.541064715463471992e-05 9.853333761501884510e+03 3.651404759193787393e-05 1.182758865583894309e+06 0.000000000000000000e+00 -8.072850994874328899e+04 0.000000000000000000e+00 9.630605856851727003e+04
2.875104651677040102e-01 2.671237924367937000e-06 -5.103544531698908031e+03 -9.483771405441964085e-06 6.933042712124113677e+03 2.514806841324398987e-05 1.157783707335759420e+06 0.000000000000000000e+00 -7.679686803294387937e+04 0.000000000000000000e+00 1.155107818425588921e+05
2.924971317655564174e-01 4.024373547838952921e-06 -4.985859598423285206e+03 -3.649028749898854126e-06 1.186896494006403918e+04 6.335001768240876658e-06 1.125886419771353249e+06 0.000000000000000000e+00 -7.959121053300812491e+04 0.000000000000000000e+00 8.604134284294118697e+04
2.975058823671092867e-01 1.235770857383891365e-06 -5.906222182754640016e+03 6.059613239277150695e-06 7.173059586182399471e+03 -7.850938977721782944e-06 1.106673655270402320e+06 0.000000000000000000e+00 -9.658675854719828931e+04 0.000000000000000000e+00 8.556946061628629104e+04
3.025121359101998753e-01 5.079446447678439987e-06 -4.866703557995762822e+03 -1.169592019705697949e-05 6.111112532964420097e+03 2.403270821540221967e-05 1.091704413298171246e+06 0.000000000000000000e+00 -9.429905148934329918e+04 0.000000000000000000e+00 6.848660170334183204e+04
3.075010376196579687e-01 -3.197034050530386311e-06 -4.168359094946961704e+03 -1.274476064038250556e-06 9.563339039556880380e+03 9.632245147652454499e-06 1.066544976704812841e+06 0.000000000000000000e+00 -9.597204962115274975e+04 0.000000000000000000e+00 5.201940333385588747e+04
3.125134169243361515e-01 -5.400255127689523891e-08 -3.865632495475568248e+03 1.863088019052885617e-06 8.841912085260406457e+03 1.585097613047959002e-06 1.050586112205911893e+06 0.000000000000000000e+00 -1.031272088477780053e+05 0.000000000000000000e+00 6.415611212547757896e+04
3.175159688234982513e-01 4.969588421373206167e-06 -4.661420204143784758e+03 -1.073546224617107653e-05 7.097249855095244129e+03 1.673158727195921157e-05 1.035353522413572879e+06 0.000000000000000000e+00 -8.679443958699688665e+04 0.000000000000000000e+00 6.700719961489719572e+04
3.225221380836135188e-01 9.655929948555787826e-07 -5.144887143666226621e+03 -1.515335736914763137e-05 6.056708929582782730e+03 2.544475812517698788e-06 1.016627431980366353e+06 0.000000000000000000e+00 -1.053755734944308206e+05 0.000000000000000000e+00 7.619645958089485066e+04
3.275181733526948968e-01 -5.138613302943354564e-06 -3.473876638282117710e+03 1.056873105447056695e-05 6.417503443169196544e+03 -1.827382635337606616e-05 1.001611060792299104e+06 0.000000000000000000e+00 -1.098313928174750035e+05 0.000000000000000000e+00 6.299237319511292299e+04
3.325123842131759710e-01 2.866698319649163567e-07 -2.928237828798135524e+03 9.512226242472224539e-07 6.138210128361369243e+03 -6.656386628579307545e-07 9.913426189989058767e+05 0.000000000000000000e+00 -1.089130305914585915e+05 0.000000000000000000e+00 6.675403414074383909e+04
3.374959366892091861e-01 -1.531064424727604009e-06 -3.670378306414882900e+03 9.404499078145255731e-06 8.074718424832709388e+03 -7.844566818593876767e-06 9.746187543005290208e+05 0.000000000000000000e+00 -1.036656497214728734e+05 0.000000000000000000e+00 5.880594807833794766e+04
3.424919221947719805e-01 3.479322844177383254e-07 -2.233553675753611060e+03 -6.025739533936444803e-06 5.646510130095259228e+03 1.584567045598971548e-05 9.556885007792381803e+05 0.000000000000000000e+00 -9.735158416188151750e+04 0.000000000000000000e+00 5.142265080965755624e+04
3.475179778446125245e-01 3.072995582097232516e-06 -2.439500506420100010e+03 -3.502736365966118613e-06 6.367201751233377763e+03 5.098809590509319697e-06 9.469956817721435800e+05 0.000000000000000000e+00 -1.169610528310517111e+05 0.000000000000000000e+00 5.371848897311072506e+04
3.525052850529177828e-01 6.455322928309117054e-06 -2.707232699984033388e+03 -1.679319515407951479e-05 5.348577486827399298e+03 1.813025781374740582e-05 9.304218670924477046e+05 0.000000000000000000e+00 -1.072236972696790617e+05 0.000000000000000000e+00 4.429301944754910073e+04
3.575133254796376558e-01 2.582290796422193725e-06 -2.103251143932367995e+03 -1.079696948938844750e-05 4.987377731449901148e+03 1.846805725745568054e-05 9.229716958404550096e+05 0.000000000000000000e+00 -1.181828372588544589e+05 0.000000000000000000e+00 5.514640783009251027e+04
3.625250227669692404e-01 2.088117376901068882e-06 -1.876314530944134731e+03 -6.308467286553229356e-06 4.457183195301911837e+03 -3.955658974552025483e-06 9.089746859810268506e+05 0.000000000000000000e+00 -1.021729113085378631e+05 0.000000000000000000e+00 5.510503502484565252e+04
3.675230446100045678e-01 1.680181017576857691e-06 -1.724615328536331162e+03 1.288613407548352728e-05 4.450771704977071749e+03 -1.432069541040614132e-05 8.922893334791389061e+05 0.000000000000000000e+00 -9.536312700391488033e+04 0.000000000000000000e+00 5.764114282381587691e+04
3.725177060730277545e-01 3.182804191205900900e-06 -2.063599977128480987e+03 -1.074894397907256032e-05 4.262395791640459720e+03 5.353532488278346648e-06 8.841862638229745207e+05 0.000000000000000000e+00 -1.002692599919949716e+05 0.000000000000000000e+00 6.347737297730002319e+04
3.775163034622419089e-01 7.461203894608366769e-06 -1.506953944601126750e+03 -1.224230025306679664e-05 4.636154598299556710e+03 2.069676008129856993e-05 8.739867149723143084e+05 0.000000000000000000e+00 -1.111156895622013399e+05 0.000000000000000000e+00 6.570797884444321971e+04
3.825226892977953153e-01 7.786106418918919224e-07 -1.313767891891891850e+03 4.387932854729729804e-06 2.616239567567567519e+03 -2.756479624155405541e-06 8.654901690810810542e+05 0.000000000000000000e+00 -1.028741535135135055e+05 0.000000000000000000e+00 6.314943654054054059e+04
3.875130067694269043e-01 -3.511611729452055193e-06 -1.882617913593256162e+03 1.562217012974183449e-05 3.962109589041096115e+03 -9.137586748386460663e-06 8.599174878819810692e+05 0.000000000000000000e+00 -1.022006491043203423e+05 0.000000000000000000e+00 5.676512708113804547e+04
3.924957861003909865e-01 3.708504972162327596e-07 -5.695698773855115178e+02 9.428402471599138516e-09 3.557002722620924942e+03 -2.951875673816496788e-06 8.518188340488527901e+05 0.000000000000000000e+00 -9.749259048048144905e+04 0.000000000000000000e+00 6.964356708396357135e+04
3.975064703251052212e-01 -9.997952612911220549e-07 -6.796339260268880480e+02 -3.623312478703302309e-06 3.454895334861532774e+03 -3.017347309936652298e-06 8.429984680007435381e+05 0.000000000000000000e+00 -1.102546338392912585e+05 0.000000000000000000e+00 7.704044111269438872e+04
