3.798113400606732779e-03 7.252111842105262440e+03 0.000000000000000000e+00 8.473699013157895024e+03 0.000000000000000000e+00 2.613538980263157646e+04
8.299341265228576958e-03 3.015866601562500000e+04 0.000000000000000000e+00 2.519354492187500000e+04 0.000000000000000000e+00 3.473729687500000000e+04
1.293222767532251419e-02 3.539448726114649617e+04 0.000000000000000000e+00 1.382785987261146511e+04 0.000000000000000000e+00 -3.506768759952229289e+02
1.764839556552980082e-02 3.416639726027397410e+04 0.000000000000000000e+00 1.468055308219178005e+04 0.000000000000000000e+00 5.169367294520548057e+03
2.256548662787912635e-02 3.636458979206049116e+04 0.000000000000000000e+00 1.330228544423440508e+04 0.000000000000000000e+00 -1.235436767485822384e+04
2.777643688250242340e-02 3.283158536585365800e+04 0.000000000000000000e+00 2.342759268292682827e+04 0.000000000000000000e+00 4.940110975609755769e+03
3.269804980233311648e-02 3.019847799999999916e+04 0.000000000000000000e+00 1.721338799999999901e+04 0.000000000000000000e+00 -6.222876000000000204e+03
3.761648458559932462e-02 2.529452191503708673e+04 0.000000000000000000e+00 1.222621847606203664e+04 0.000000000000000000e+00 4.794809844908968444e+03
4.263843696389812976e-02 2.338887946428571377e+04 0.000000000000000000e+00 1.289506361607142753e+04 0.000000000000000000e+00 1.211902064732142890e+03
4.756514582339458480e-02 2.099134060183166366e+04 0.000000000000000000e+00 1.210427649367640697e+04 0.000000000000000000e+00 -1.541574247710423151e+03
5.262096060748640974e-02 1.911882022471910022e+04 0.000000000000000000e+00 9.961537219101122901e+03 0.000000000000000000e+00 1.279256232443820181e+03
5.756031740041873956e-02 1.818332920792079312e+04 0.000000000000000000e+00 1.001774443069307017e+04 0.000000000000000000e+00 -4.898948019801980536e+02
6.254738279606215923e-02 1.669649251900907257e+04 0.000000000000000000e+00 8.578099583026734763e+03 0.000000000000000000e+00 -1.061896860436595489e+03
6.757793472572401483e-02 1.573287521968365400e+04 0.000000000000000000e+00 9.051876098418277252e+03 0.000000000000000000e+00 9.821401581722319634e+02
7.255917516659465827e-02 1.475103143016551985e+04 0.000000000000000000e+00 7.683709875395202289e+03 0.000000000000000000e+00 6.309168681420866278e+02
7.753384299139773339e-02 1.391825108804820957e+04 0.000000000000000000e+00 7.641416136591898976e+03 0.000000000000000000e+00 1.362029544693672733e+03
8.251793356505521260e-02 1.262853555045871690e+04 0.000000000000000000e+00 6.522907110091743561e+03 0.000000000000000000e+00 3.947346975344036650e+02
8.752751931716111489e-02 1.161060619411688640e+04 0.000000000000000000e+00 6.446343916029545653e+03 0.000000000000000000e+00 1.769097058442400112e+03
9.254701955136974967e-02 1.064178213309024613e+04 0.000000000000000000e+00 5.927714220601640591e+03 0.000000000000000000e+00 5.171435733819507732e+02
9.754963178921903511e-02 9.801893436616770487e+03 0.000000000000000000e+00 4.832148644404898732e+03 0.000000000000000000e+00 1.364370616560242979e+02
1.025319613041059119e-01 9.310254409005628986e+03 0.000000000000000000e+00 4.671554971857411147e+03 0.000000000000000000e+00 4.471316604127579808e+02
1.075116003998943526e-01 8.469738111647140613e+03 0.000000000000000000e+00 3.720538594073052991e+03 0.000000000000000000e+00 -2.531078997243280355e+02
1.125102861506304813e-01 8.114029527711216360e+03 0.000000000000000000e+00 3.900048542938857736e+03 0.000000000000000000e+00 1.616561992734018816e+02
1.175500852175193622e-01 7.916237235101692931e+03 0.000000000000000000e+00 3.718543592661072580e+03 0.000000000000000000e+00 3.767396174086189831e+02
1.225369446564099490e-01 7.459494472029129611e+03 0.000000000000000000e+00 3.158366368752068865e+03 0.000000000000000000e+00 -1.139614448857994091e+02
1.275260957852891452e-01 7.250291050206160435e+03 0.000000000000000000e+00 3.436254426388552019e+03 0.000000000000000000e+00 4.407474836284258686e+02
1.325302087090364789e-01 6.988542057123618179e+03 0.000000000000000000e+00 2.904122776499635165e+03 0.000000000000000000e+00 -1.282978789069075845e+02
1.375062694904859717e-01 6.630776346356916292e+03 0.000000000000000000e+00 2.894684899683210006e+03 0.000000000000000000e+00 5.655739176346356771e+02
1.425134422753508989e-01 6.329034747552313092e+03 0.000000000000000000e+00 2.700592052217315995e+03 0.000000000000000000e+00 2.059509982722211419e+02
1.475259222195813014e-01 6.057144471274317766e+03 0.000000000000000000e+00 2.569971479338466452e+03 0.000000000000000000e+00 3.246917627226753211e+02
1.525299430011916868e-01 5.792637132228609516e+03 0.000000000000000000e+00 2.578475650997632783e+03 0.000000000000000000e+00 2.053763738586405054e+02
1.574945685492469272e-01 5.405837182027742529e+03 0.000000000000000000e+00 2.203808468475755035e+03 0.000000000000000000e+00 -4.835071480567799895e+00
1.625189323163163113e-01 5.275806131386862035e+03 0.000000000000000000e+00 2.168416642335766483e+03 0.000000000000000000e+00 4.352311587591240993e+01
1.675461007718098694e-01 4.996675398633256918e+03 0.000000000000000000e+00 2.051595814350797355e+03 0.000000000000000000e+00 3.917201291998861024e+01
1.725292014006662711e-01 4.845907769390513749e+03 0.000000000000000000e+00 1.914964564722945624e+03 0.000000000000000000e+00 2.834221577611497764e+02
1.775301965061671094e-01 4.688453306410903679e+03 0.000000000000000000e+00 1.898185764765270051e+03 0.000000000000000000e+00 1.723814992428066546e+02
1.825147654490652804e-01 4.576425418771603290e+03 0.000000000000000000e+00 1.774916363851221604e+03 0.000000000000000000e+00 4.168507563000384408e+01
1.875360723572403465e-01 4.418176983240223308e+03 0.000000000000000000e+00 1.724145586592178688e+03 0.000000000000000000e+00 2.294457541899441253e+02
1.925323683450522461e-01 4.339790939273856566e+03 0.000000000000000000e+00 1.528828424547499026e+03 0.000000000000000000e+00 1.102771031916032882e+02
1.975198663583639380e-01 4.175960743644871400e+03 0.000000000000000000e+00 1.477186695333248963e+03 0.000000000000000000e+00 3.084176678892120549e+01
2.025153694923672032e-01 4.031916626459519648e+03 0.000000000000000000e+00 1.399723535655698242e+03 0.000000000000000000e+00 -2.576438109138280552e+01
2.075088499274508613e-01 3.936795438411687883e+03 0.000000000000000000e+00 1.448637065194989646e+03 0.000000000000000000e+00 1.189998511529918233e+02
2.125178062418619784e-01 3.808058299877814989e+03 0.000000000000000000e+00 1.321058823529411939e+03 0.000000000000000000e+00 1.491217599057427208e+02
2.175004174234404231e-01 3.686514603147883463e+03 0.000000000000000000e+00 1.286309233229526171e+03 0.000000000000000000e+00 6.126477674438179122e+01
2.225093171556767890e-01 3.620274462678040436e+03 0.000000000000000000e+00 1.262521069324875498e+03 0.000000000000000000e+00 9.898388526624771089e+01
2.275289586476768322e-01 3.506923618551967138e+03 0.000000000000000000e+00 1.151919256084494236e+03 0.000000000000000000e+00 4.776258992805755810e+01
2.325285406108919262e-01 3.396284576064613702e+03 0.000000000000000000e+00 1.106854637731250023e+03 0.000000000000000000e+00 5.820753824604806681e+01
2.375276552426477672e-01 3.314901599578133300e+03 0.000000000000000000e+00 1.049110142380031675e+03 0.000000000000000000e+00 7.177641501142555569e+01
2.424991024241769377e-01 3.239403980889031573e+03 0.000000000000000000e+00 9.948421994496311527e+02 0.000000000000000000e+00 5.637579980753971398e+01
2.474998551644826128e-01 3.182085686839577193e+03 0.000000000000000000e+00 1.005165225744476516e+03 0.000000000000000000e+00 9.017977905859750365e+01
2.525200307756395035e-01 3.112362016702752953e+03 0.000000000000000000e+00 8.505192700278379334e+02 0.000000000000000000e+00 8.120129330343335283e+00
2.575182250600202005e-01 3.038814752999031498e+03 0.000000000000000000e+00 9.208018478503837514e+02 0.000000000000000000e+00 9.657836971909694057e+01
2.625255687975799335e-01 2.975595823586466395e+03 0.000000000000000000e+00 8.765238774462258107e+02 0.000000000000000000e+00 1.134483653791293420e+02
2.675305520911575030e-01 2.920982587923392202e+03 0.000000000000000000e+00 8.213932422916004725e+02 0.000000000000000000e+00 1.302436361690669742e+01
2.725404586615198799e-01 2.840113820278203548e+03 0.000000000000000000e+00 8.221672396466916553e+02 0.000000000000000000e+00 1.278739091341830942e+02
2.775333197047151201e-01 2.801007470209631265e+03 0.000000000000000000e+00 7.858437718096517983e+02 0.000000000000000000e+00 8.243152092434151257e+01
2.825123907298719983e-01 2.727932316433026699e+03 0.000000000000000000e+00 6.972534798987217073e+02 0.000000000000000000e+00 7.295678997097510887e+01
2.875104651677040102e-01 2.697922237119325928e+03 0.000000000000000000e+00 7.116363723424631189e+02 0.000000000000000000e+00 3.581960771403945643e+01
2.924971317655564174e-01 2.624225456310904065e+03 0.000000000000000000e+00 6.283079910760729945e+02 0.000000000000000000e+00 -5.868218913639043244e+00
2.975058823671092867e-01 2.580625876920344581e+03 0.000000000000000000e+00 6.286641950093242031e+02 0.000000000000000000e+00 3.989819398810052320e+01
3.025121359101998753e-01 2.545966365483550362e+03 0.000000000000000000e+00 6.425551856815528708e+02 0.000000000000000000e+00 -8.467927240499761865e+00
3.075010376196579687e-01 2.485607733709568038e+03 0.000000000000000000e+00 5.861648952291373007e+02 0.000000000000000000e+00 6.819777917123896316e+01
3.125134169243361515e-01 2.459561150211140102e+03 0.000000000000000000e+00 5.624347074200684347e+02 0.000000000000000000e+00 1.733302960989342623e+01
3.175159688234982513e-01 2.411725516008291379e+03 0.000000000000000000e+00 5.750322523602283127e+02 0.000000000000000000e+00 -1.856642225245846989e+00
3.225221380836135188e-01 2.357838021521616156e+03 0.000000000000000000e+00 5.152537662828016209e+02 0.000000000000000000e+00 1.362017651500849702e+01
3.275181733526948968e-01 2.340061014439096652e+03 0.000000000000000000e+00 5.087548685671973203e+02 0.000000000000000000e+00 -1.684303961495742286e+01
3.325123842131759710e-01 2.298362845477107840e+03 0.000000000000000000e+00 4.795333090190985672e+02 0.000000000000000000e+00 7.138382651200441131e+00
3.374959366892091861e-01 2.257490803349332509e+03 0.000000000000000000e+00 4.520415163087271821e+02 0.000000000000000000e+00 -2.119976876992607728e+01
3.424919221947719805e-01 2.234719382610072898e+03 0.000000000000000000e+00 4.432809674220137026e+02 0.000000000000000000e+00 2.019308436606689128e+01
3.475179778446125245e-01 2.198602672591237024e+03 0.000000000000000000e+00 4.456569412225961173e+02 0.000000000000000000e+00 1.942169887607409962e+01
3.525052850529177828e-01 2.173322433338655628e+03 0.000000000000000000e+00 4.091430943637234350e+02 0.000000000000000000e+00 -1.574725870190004784e+01
3.575133254796376558e-01 2.130916571498647500e+03 0.000000000000000000e+00 3.752403829203424834e+02 0.000000000000000000e+00 4.121653854113174731e+01
3.625250227669692404e-01 2.099594157506399370e+03 0.000000000000000000e+00 3.880952266224965683e+02 0.000000000000000000e+00 -2.916738443005571213e+01
3.675230446100045678e-01 2.084309078581895392e+03 0.000000000000000000e+00 3.322717232027644627e+02 0.000000000000000000e+00 9.672515063534763424e-01
3.725177060730277545e-01 2.066693121390588658e+03 0.000000000000000000e+00 3.494635199268111592e+02 0.000000000000000000e+00 1.720433558236605975e+01
3.775163034622419089e-01 2.031817185097330821e+03 0.000000000000000000e+00 3.177802938884713058e+02 0.000000000000000000e+00 1.819615952172443940e+01
3.825226892977953153e-01 2.008601729729729641e+03 0.000000000000000000e+00 3.314712972972972693e+02 0.000000000000000000e+00 5.043787162162161763e+01
3.875130067694269043e-01 1.996374920969441519e+03 0.000000000000000000e+00 3.165568229715490247e+02 0.000000000000000000e+00 1.488752552028451026e+00
3.924957861003909865e-01 1.960613728960834351e+03 0.000000000000000000e+00 3.080785505100891442e+02 0.000000000000000000e+00 6.525616451581758781e+01
3.975064703251052212e-01 1.949642376556595082e+03 0.000000000000000000e+00 3.049469797410321803e+02 0.000000000000000000e+00 8.052535158912087354e+01
