3.798113400606732779e-03 4.950056315789473592e+05 0.000000000000000000e+00 2.142214736842105165e+06 0.000000000000000000e+00 2.882992631578947417e+06 1.151829423157894611e+08 0.000000000000000000e+00 5.415779705263158083e+08 0.000000000000000000e+00 9.209144589473683834e+08
8.299341265228576958e-03 8.341203750000000000e+05 0.000000000000000000e+00 1.152767625000000000e+06 0.000000000000000000e+00 5.558028750000000000e+05 2.959574800000000000e+07 0.000000000000000000e+00 6.441169200000000000e+07 0.000000000000000000e+00 1.644892500000000000e+07
1.293222767532251419e-02 8.975663694267516257e+05 0.000000000000000000e+00 1.014721324840764399e+06 0.000000000000000000e+00 3.498765859872611472e+05 1.371946068789809011e+07 0.000000000000000000e+00 2.759856754140127450e+07 0.000000000000000000e+00 5.289567388535032514e+05
1.764839556552980082e-02 9.325781917808218859e+05 0.000000000000000000e+00 8.162142465753423749e+05 0.000000000000000000e+00 2.329027123287671129e+05 6.810217205479451455e+06 0.000000000000000000e+00 1.409120438356164284e+07 0.000000000000000000e+00 9.398586301369862631e+05
2.256548662787912635e-02 8.739419584120983491e+05 0.000000000000000000e+00 6.601149338374291547e+05 0.000000000000000000e+00 -3.288752514177694102e+05 4.132837867674858309e+06 0.000000000000000000e+00 7.823704559546314180e+06 0.000000000000000000e+00 -1.662186102079395205e+06
2.777643688250242340e-02 6.977124682926828973e+05 0.000000000000000000e+00 3.322894048780488083e+05 0.000000000000000000e+00 -1.535764097560975642e+05 2.228179668292683084e+06 0.000000000000000000e+00 4.195518751219511963e+06 0.000000000000000000e+00 1.134759024390243940e+04
3.269804980233311648e-02 6.161796480000000447e+05 0.000000000000000000e+00 4.131005119999999879e+05 0.000000000000000000e+00 -1.527170720000000147e+05 1.394742272000000114e+06 0.000000000000000000e+00 2.364214015999999829e+06 0.000000000000000000e+00 -7.034594560000000056e+05
3.761648458559932462e-02 5.540112312879298115e+05 0.000000000000000000e+00 3.578290276466621435e+05 0.000000000000000000e+00 8.147821443020903098e+04 9.781849763991908403e+05 0.000000000000000000e+00 1.894754913014160469e+06 0.000000000000000000e+00 2.048546351989211107e+05
4.263843696389812976e-02 4.790558571428571013e+05 0.000000000000000000e+00 2.579430178571428405e+05 0.000000000000000000e+00 -3.114402232142856883e+04 6.742558571428571595e+05 0.000000000000000000e+00 1.138408571428571362e+06 0.000000000000000000e+00 -2.102134107142857101e+05
4.756514582339458480e-02 4.326980549498473993e+05 0.000000000000000000e+00 2.676960348887919681e+05 0.000000000000000000e+00 -6.574728652420410071e+04 5.442875394679459278e+05 0.000000000000000000e+00 9.707637226341038477e+05 0.000000000000000000e+00 -2.855703445268207724e+04
5.262096060748640974e-02 4.093728988764045062e+05 0.000000000000000000e+00 2.386655056179775274e+05 0.000000000000000000e+00 -3.611999648876404535e+03 4.059960898876404390e+05 0.000000000000000000e+00 6.905166741573034087e+05 0.000000000000000000e+00 1.725708988764044989e+04
5.756031740041873956e-02 3.528707722772277193e+05 0.000000000000000000e+00 2.086319801980197954e+05 0.000000000000000000e+00 3.543229207920792396e+04 3.198841386138614034e+05 0.000000000000000000e+00 5.080573465346534504e+05 0.000000000000000000e+00 -3.096267326732673246e+04
6.254738279606215923e-02 3.282008535688005504e+05 0.000000000000000000e+00 1.763173470689232054e+05 0.000000000000000000e+00 4.679732155997055997e+03 2.679413922001471510e+05 0.000000000000000000e+00 4.134599676232523634e+05 0.000000000000000000e+00 1.489865391219033518e+04
6.757793472572401483e-02 3.096088014059753623e+05 0.000000000000000000e+00 1.878773708260105341e+05 0.000000000000000000e+00 -8.322133567662565838e+03 2.260205413005272276e+05 0.000000000000000000e+00 3.293648927943760646e+05 0.000000000000000000e+00 -1.610196309314586870e+04
7.255917516659465827e-02 2.892742629719174583e+05 0.000000000000000000e+00 1.549813859029198356e+05 0.000000000000000000e+00 -1.678136209782406513e+04 1.937930474242142518e+05 0.000000000000000000e+00 2.698895592337734997e+05 0.000000000000000000e+00 -1.069683912962618524e+04
7.753384299139773339e-02 2.756802678272514604e+05 0.000000000000000000e+00 1.380978801473049971e+05 0.000000000000000000e+00 4.060231670572481107e+03 1.671385818547037197e+05 0.000000000000000000e+00 2.182810954134583299e+05 0.000000000000000000e+00 4.002182457315032025e+03
8.251793356505521260e-02 2.430857064220183529e+05 0.000000000000000000e+00 1.176103944954128528e+05 0.000000000000000000e+00 -9.944449541284404404e+03 1.479169449541284412e+05 0.000000000000000000e+00 1.862247706422018528e+05 0.000000000000000000e+00 -1.546045584862385340e+03
8.752751931716111489e-02 2.220367914992872975e+05 0.000000000000000000e+00 1.300488708047168620e+05 0.000000000000000000e+00 1.976957677854088615e+04 1.276541661267331947e+05 0.000000000000000000e+00 1.468574668912790075e+05 0.000000000000000000e+00 -2.957155306466243587e+02
9.254701955136974967e-02 2.016905013673655340e+05 0.000000000000000000e+00 9.223394712853235251e+04 0.000000000000000000e+00 -1.102501367365542319e+04 1.156178814949863299e+05 0.000000000000000000e+00 1.293110227894256968e+05 0.000000000000000000e+00 3.906806061987238081e+02
9.754963178921903511e-02 1.835624645661048999e+05 0.000000000000000000e+00 8.845779461949126562e+04 0.000000000000000000e+00 3.094396315293624866e+03 1.050462623259708926e+05 0.000000000000000000e+00 1.127351592169998912e+05 0.000000000000000000e+00 8.865860776719355272e+03
1.025319613041059119e-01 1.695699692307692312e+05 0.000000000000000000e+00 8.644612682926829439e+04 0.000000000000000000e+00 4.088010881801125834e+03 9.655152270168856194e+04 0.000000000000000000e+00 9.598091407129455183e+04 0.000000000000000000e+00 3.151554971857410692e+03
1.075116003998943526e-01 1.599482177808407869e+05 0.000000000000000000e+00 7.600211164713990001e+04 0.000000000000000000e+00 -1.832143900758097880e+04 8.983600275671950658e+04 0.000000000000000000e+00 8.224683666436940257e+04 0.000000000000000000e+00 -4.629206753962784205e+03
1.125102861506304813e-01 1.525930178557625622e+05 0.000000000000000000e+00 7.583683388730000297e+04 0.000000000000000000e+00 7.716756589626652385e+03 8.175655932596429193e+04 0.000000000000000000e+00 7.536455870758290985e+04 0.000000000000000000e+00 8.817262116410296585e+03
1.175500852175193622e-01 1.440105498506613658e+05 0.000000000000000000e+00 6.173073076376048994e+04 0.000000000000000000e+00 8.909165125871142664e+03 7.942491935713270504e+04 0.000000000000000000e+00 7.127059479448158527e+04 0.000000000000000000e+00 5.215421419428246736e+03
1.225369446564099490e-01 1.374801096325720137e+05 0.000000000000000000e+00 6.144794438927507872e+04 0.000000000000000000e+00 -4.841149288315127706e+03 7.553304998344919295e+04 0.000000000000000000e+00 6.133401125455147849e+04 0.000000000000000000e+00 4.767035551142006625e+03
1.275260957852891452e-01 1.351977104050448688e+05 0.000000000000000000e+00 5.624372544263885356e+04 0.000000000000000000e+00 -1.231350958040261958e+03 7.131295076400678954e+04 0.000000000000000000e+00 5.494081397040989395e+04 0.000000000000000000e+00 2.451349502789230883e+03
1.325302087090364789e-01 1.282447665114191041e+05 0.000000000000000000e+00 5.861423534032882162e+04 0.000000000000000000e+00 3.514882442062734754e+03 6.672164300544300932e+04 0.000000000000000000e+00 4.800620930363054504e+04 0.000000000000000000e+00 3.351852309073564811e+03
1.375062694904859717e-01 1.216064337909186870e+05 0.000000000000000000e+00 4.866709017951425631e+04 0.000000000000000000e+00 3.860696937697993690e+03 6.336960337909186637e+04 0.000000000000000000e+00 4.292082956705385004e+04 0.000000000000000000e+00 4.847305596620907636e+03
1.425134422753508989e-01 1.147979880975235137e+05 0.000000000000000000e+00 4.654252870032635838e+04 0.000000000000000000e+00 5.039523516989825112e+03 6.039710961796889751e+04 0.000000000000000000e+00 3.833961528124399774e+04 0.000000000000000000e+00 2.185248992129007547e+03
1.475259222195813014e-01 1.089588905189302459e+05 0.000000000000000000e+00 4.073851492095311551e+04 0.000000000000000000e+00 2.008900815526903216e+03 5.840685079046881583e+04 0.000000000000000000e+00 3.751635445806186908e+04 0.000000000000000000e+00 2.505934484486764632e+03
1.525299430011916868e-01 1.021832614135948534e+05 0.000000000000000000e+00 4.347662631044977752e+04 0.000000000000000000e+00 7.892032465336489622e+03 5.626070747379100067e+04 0.000000000000000000e+00 3.230374839364220315e+04 0.000000000000000000e+00 3.519692932025701793e+03
1.574945685492469272e-01 9.679354098758441978e+04 0.000000000000000000e+00 4.227277777328425873e+04 0.000000000000000000e+00 1.866265216160472164e+03 5.382127455817526788e+04 0.000000000000000000e+00 3.100208452299105920e+04 0.000000000000000000e+00 2.070587455008694633e+03
1.625189323163163113e-01 9.276790656934307481e+04 0.000000000000000000e+00 3.511864525547445373e+04 0.000000000000000000e+00 1.119445839416058561e+03 5.238546218978102843e+04 0.000000000000000000e+00 2.788974014598540452e+04 0.000000000000000000e+00 3.933239416058394454e+03
1.675461007718098694e-01 9.024649658314349654e+04 0.000000000000000000e+00 3.606982687927106599e+04 0.000000000000000000e+00 -2.291364251138952000e+02 5.101785421412300639e+04 0.000000000000000000e+00 2.603923917995444208e+04 0.000000000000000000e+00 5.356289507403188281e+02
1.725292014006662711e-01 8.616300781224248931e+04 0.000000000000000000e+00 3.233487081781323286e+04 0.000000000000000000e+00 1.514302666710617586e+03 4.856074944786894048e+04 0.000000000000000000e+00 2.509421287536671662e+04 0.000000000000000000e+00 5.159349441276329344e+03
1.775301965061671094e-01 8.226199293286219472e+04 0.000000000000000000e+00 3.191222412922766307e+04 0.000000000000000000e+00 1.806842125189298258e+03 4.744061786976274743e+04 0.000000000000000000e+00 2.233388591620393709e+04 0.000000000000000000e+00 1.495566128218071754e+03
1.825147654490652804e-01 8.059019764247097191e+04 0.000000000000000000e+00 2.999812673934237318e+04 0.000000000000000000e+00 1.927352181748352905e+03 4.608031008301574911e+04 0.000000000000000000e+00 2.172972530946261395e+04 0.000000000000000000e+00 -5.680069130550385808e+02
1.875360723572403465e-01 7.863213050279329764e+04 0.000000000000000000e+00 3.091191061452513895e+04 0.000000000000000000e+00 3.584058100558659135e+03 4.526351731843575544e+04 0.000000000000000000e+00 2.062287195530726240e+04 0.000000000000000000e+00 1.741500000000000000e+03
1.925323683450522461e-01 7.581066295383956458e+04 0.000000000000000000e+00 2.714129677626646662e+04 0.000000000000000000e+00 1.625322801756452691e+03 4.394047595587447722e+04 0.000000000000000000e+00 1.893787726250401465e+04 0.000000000000000000e+00 3.070779425939809357e+02
1.975198663583639380e-01 7.411769500442645221e+04 0.000000000000000000e+00 2.537137584418869301e+04 0.000000000000000000e+00 4.761269356266599061e+03 4.332636337422536599e+04 0.000000000000000000e+00 1.771959347413684009e+04 0.000000000000000000e+00 1.571939901353231107e+03
2.025153694923672032e-01 7.203096555051626638e+04 0.000000000000000000e+00 2.552551963717070612e+04 0.000000000000000000e+00 1.663487600115796795e+03 4.247990273086944217e+04 0.000000000000000000e+00 1.673185448229277245e+04 0.000000000000000000e+00 -1.660776681462897102e+02
2.075088499274508613e-01 6.856801337333119591e+04 0.000000000000000000e+00 2.236738226201653379e+04 0.000000000000000000e+00 2.108373079301105918e+03 4.137451904096727958e+04 0.000000000000000000e+00 1.513711749753830009e+04 0.000000000000000000e+00 1.096916147610433079e+01
2.125178062418619784e-01 6.713040321172980475e+04 0.000000000000000000e+00 2.304323965788095666e+04 0.000000000000000000e+00 3.309316809216268211e+03 4.037171443532902776e+04 0.000000000000000000e+00 1.500386105777622652e+04 0.000000000000000000e+00 4.192645749694536903e+02
2.175004174234404231e-01 6.449808601969531446e+04 0.000000000000000000e+00 2.144061543641107710e+04 0.000000000000000000e+00 -1.378905731840754243e+03 3.956613753051090316e+04 0.000000000000000000e+00 1.391711539432707650e+04 0.000000000000000000e+00 7.139278680245770374e+02
2.225093171556767890e-01 6.260052055712062429e+04 0.000000000000000000e+00 2.154991871712535431e+04 0.000000000000000000e+00 3.048224266661413367e+03 3.875226287898189912e+04 0.000000000000000000e+00 1.323237603672110527e+04 0.000000000000000000e+00 6.645233151435156742e+02
2.275289586476768322e-01 6.072236338588703802e+04 0.000000000000000000e+00 2.152504270626052312e+04 0.000000000000000000e+00 9.081657737639675361e+02 3.800902984846165782e+04 0.000000000000000000e+00 1.303812888412674147e+04 0.000000000000000000e+00 3.334533139445890129e+02
2.325285406108919262e-01 5.880082920706528967e+04 0.000000000000000000e+00 1.964200782202172195e+04 0.000000000000000000e+00 6.845671147654303468e+02 3.718602455751005618e+04 0.000000000000000000e+00 1.217769130300329380e+04 0.000000000000000000e+00 8.245380095683335639e+02
2.375276552426477672e-01 5.752705642467920552e+04 0.000000000000000000e+00 1.896982724556160974e+04 0.000000000000000000e+00 1.921509298646510842e+03 3.654742218316048820e+04 0.000000000000000000e+00 1.180016452803656284e+04 0.000000000000000000e+00 5.529828440850765219e+02
2.424991024241769377e-01 5.666213576891260163e+04 0.000000000000000000e+00 1.696403234683369010e+04 0.000000000000000000e+00 1.199512163827596169e+03 3.613922779531680135e+04 0.000000000000000000e+00 1.234642797089460328e+04 0.000000000000000000e+00 9.715199297688787965e+02
2.474998551644826128e-01 5.463766276016650954e+04 0.000000000000000000e+00 1.757690220941402367e+04 0.000000000000000000e+00 3.215514313160422716e+03 3.551902452769772935e+04 0.000000000000000000e+00 1.061031777137367862e+04 0.000000000000000000e+00 5.028134486071085689e+02
2.525200307756395035e-01 5.388822567274977337e+04 0.000000000000000000e+00 1.500679938137952377e+04 0.000000000000000000e+00 5.672373646767708806e+02 3.470683773584906157e+04 0.000000000000000000e+00 1.038872922981750708e+04 0.000000000000000000e+00 -5.196915403649860821e+01
2.575182250600202005e-01 5.165745050294314569e+04 0.000000000000000000e+00 1.491688023247149977e+04 0.000000000000000000e+00 9.227612845540570561e+02 3.455287755010803812e+04 0.000000000000000000e+00 1.063980329334624912e+04 0.000000000000000000e+00 -8.566428731093062652e+02
2.625255687975799335e-01 5.053764911279740045e+04 0.000000000000000000e+00 1.396998459519598327e+04 0.000000000000000000e+00 1.266349974325326684e+03 3.397743823814686039e+04 0.000000000000000000e+00 9.485996234381240356e+03 0.000000000000000000e+00 7.288869743823814815e+02
2.675305520911575030e-01 4.973329791082696465e+04 0.000000000000000000e+00 1.331867740020159908e+04 0.000000000000000000e+00 -6.048041866309495163e+02 3.356100932050095435e+04 0.000000000000000000e+00 9.679135499371728656e+03 0.000000000000000000e+00 2.176788327971168613e+01
2.725404586615198799e-01 4.823427175120325410e+04 0.000000000000000000e+00 1.378203797535304329e+04 0.000000000000000000e+00 1.996795261014438893e+03 3.291726450520970684e+04 0.000000000000000000e+00 8.434807848944834404e+03 0.000000000000000000e+00 -1.738224599354736313e+02
2.775333197047151201e-01 4.707368986998216133e+04 0.000000000000000000e+00 1.265261405640137491e+04 0.000000000000000000e+00 1.356225502106650765e+03 3.237255222684622640e+04 0.000000000000000000e+00 8.613601468193450273e+03 0.000000000000000000e+00 -3.659909530333186467e+02
2.825123907298719983e-01 4.646261668622244179e+04 0.000000000000000000e+00 1.201729656024208089e+04 0.000000000000000000e+00 1.606570616933242945e+02 3.218402657938615448e+04 0.000000000000000000e+00 8.495933798554931855e+03 0.000000000000000000e+00 -2.141119310813314414e+01
2.875104651677040102e-01 4.559623980080444016e+04 0.000000000000000000e+00 1.165379199387090557e+04 0.000000000000000000e+00 9.630008619038497955e+02 3.173013292472706235e+04 0.000000000000000000e+00 7.673746791802336702e+03 0.000000000000000000e+00 -2.161941199004022280e+02
2.924971317655564174e-01 4.425373212035741744e+04 0.000000000000000000e+00 1.029837450438682572e+04 0.000000000000000000e+00 -5.203605636407772863e+02 3.123410105306962214e+04 0.000000000000000000e+00 8.144164052295136571e+03 0.000000000000000000e+00 -8.699068073842028070e+02
2.975058823671092867e-01 4.329803463280347933e+04 0.000000000000000000e+00 1.025793375366308464e+04 0.000000000000000000e+00 5.732823461504307261e+02 3.086589681200603809e+04 0.000000000000000000e+00 6.996172275996803364e+03 0.000000000000000000e+00 2.454227200071041466e+02
3.025121359101998753e-01 4.270380424538497755e+04 0.000000000000000000e+00 9.705975876529333618e+03 0.000000000000000000e+00 3.285045393627599424e+02 3.048328217543556093e+04 0.000000000000000000e+00 7.014152781980891632e+03 0.000000000000000000e+00 -6.103816523280446518e+02
3.075010376196579687e-01 4.194848346135758038e+04 0.000000000000000000e+00 9.126383947327167334e+03 0.000000000000000000e+00 1.027394805873439054e+03 3.009298259915347444e+04 0.000000000000000000e+00 6.621232586089774486e+03 0.000000000000000000e+00 5.997937816794691344e+02
3.125134169243361515e-01 4.093405767142569675e+04 0.000000000000000000e+00 8.481961954554595650e+03 0.000000000000000000e+00 7.927927609089081216e+02 2.972070685702795163e+04 0.000000000000000000e+00 6.862535451437764095e+03 0.000000000000000000e+00 -6.144871103961392009e+02
3.175159688234982513e-01 4.013907021249422542e+04 0.000000000000000000e+00 8.533768211334991065e+03 0.000000000000000000e+00 -3.795572496586142393e+02 2.930047520900669042e+04 0.000000000000000000e+00 6.278643259227240378e+03 0.000000000000000000e+00 -5.308405261761845395e+02
3.225221380836135188e-01 3.941983401925618818e+04 0.000000000000000000e+00 8.489158391542383470e+03 0.000000000000000000e+00 6.401461204455353027e+02 2.920601638663394624e+04 0.000000000000000000e+00 6.258916065697565500e+03 0.000000000000000000e+00 -5.784781574476119204e+02
3.275181733526948968e-01 3.851861443909662921e+04 0.000000000000000000e+00 7.941853831914106195e+03 0.000000000000000000e+00 -8.401643835616438594e+01 2.885919703813402521e+04 0.000000000000000000e+00 6.025231543872640032e+03 0.000000000000000000e+00 -5.160147352832284469e+02
3.325123842131759710e-01 3.805362334878176625e+04 0.000000000000000000e+00 7.166890986238736332e+03 0.000000000000000000e+00 1.013731090493430770e+03 2.857856046683331078e+04 0.000000000000000000e+00 6.007980714660594458e+03 0.000000000000000000e+00 1.147360363646067754e+02
3.374959366892091861e-01 3.725630970815962064e+04 0.000000000000000000e+00 6.835672213852783898e+03 0.000000000000000000e+00 3.511152296535052528e+02 2.827612962898083788e+04 0.000000000000000000e+00 5.412297235749570973e+03 0.000000000000000000e+00 -5.262245734505833070e+02
3.424919221947719805e-01 3.670890098259007209e+04 0.000000000000000000e+00 6.362336814207969837e+03 0.000000000000000000e+00 6.661577977981315826e+02 2.798722042853928360e+04 0.000000000000000000e+00 5.386981273283384326e+03 0.000000000000000000e+00 -1.009959996332997179e+02
3.475179778446125245e-01 3.583538301695690461e+04 0.000000000000000000e+00 6.283891136014636686e+03 0.000000000000000000e+00 1.149322965334727314e+03 2.766243643610938670e+04 0.000000000000000000e+00 5.454819093671381779e+03 0.000000000000000000e+00 -2.740300094749566711e+02
3.525052850529177828e-01 3.553342538719463482e+04 0.000000000000000000e+00 5.607236404279099588e+03 0.000000000000000000e+00 -2.332885677790196439e+02 2.747585502155516588e+04 0.000000000000000000e+00 5.038842216190324507e+03 0.000000000000000000e+00 -6.762455692160306171e+02
3.575133254796376558e-01 3.465721332709951093e+04 0.000000000000000000e+00 5.601488024158625194e+03 0.000000000000000000e+00 9.051678917154004012e+02 2.721238147940921772e+04 0.000000000000000000e+00 4.945522238658399147e+03 0.000000000000000000e+00 -9.961268021246101512e+01
3.625250227669692404e-01 3.434176973347386956e+04 0.000000000000000000e+00 5.369491100737840497e+03 0.000000000000000000e+00 -3.964852582442402991e+02 2.706151097726246007e+04 0.000000000000000000e+00 5.197953079355518639e+03 0.000000000000000000e+00 -5.126393013100436065e+02
3.675230446100045678e-01 3.394532117315136566e+04 0.000000000000000000e+00 4.969154954836734760e+03 0.000000000000000000e+00 8.279995625833826125e+02 2.680216363755659040e+04 0.000000000000000000e+00 4.593292070365753716e+03 0.000000000000000000e+00 -4.772194592072552837e+02
3.725177060730277545e-01 3.342368437303447718e+04 0.000000000000000000e+00 4.621183143690320321e+03 0.000000000000000000e+00 4.119855337640802873e+02 2.646744902510149404e+04 0.000000000000000000e+00 5.037301618159986901e+03 0.000000000000000000e+00 2.454645777345760393e+02
3.775163034622419089e-01 3.309719304100785666e+04 0.000000000000000000e+00 4.267069293412678235e+03 0.000000000000000000e+00 3.751658311554878082e+02 2.643867224746760985e+04 0.000000000000000000e+00 4.454361782086732092e+03 0.000000000000000000e+00 -5.116949958971459296e+02
3.825226892977953153e-01 3.243181318918918987e+04 0.000000000000000000e+00 4.787768648648648195e+03 0.000000000000000000e+00 8.080643243243242750e+02 2.619478140540540335e+04 0.000000000000000000e+00 4.623074162162161883e+03 0.000000000000000000e+00 -1.677181891891891894e+02
3.875130067694269043e-01 3.206418883034773535e+04 0.000000000000000000e+00 4.358519283456270387e+03 0.000000000000000000e+00 7.410018440463646812e+02 2.601903308746048788e+04 0.000000000000000000e+00 4.419448682824025127e+03 0.000000000000000000e+00 -2.584969441517386599e+02
3.924957861003909865e-01 3.161697957712483549e+04 0.000000000000000000e+00 3.773158484858237443e+03 0.000000000000000000e+00 7.583334212982332474e+02 2.584844184983747982e+04 0.000000000000000000e+00 4.629511151160171721e+03 0.000000000000000000e+00 -1.223253113635632303e+02
3.975064703251052212e-01 3.119758964128616935e+04 0.000000000000000000e+00 4.058155108109782759e+03 0.000000000000000000e+00 1.126916052289201389e+03 2.568114094541850136e+04 0.000000000000000000e+00 4.099765219007496853e+03 0.000000000000000000e+00 -4.238188464159593991e+02
