3.798113400606732779e-03 6.093491052631578641e+05 0.000000000000000000e+00 1.892586184210526117e+05 0.000000000000000000e+00 -1.942732842105263146e+06 9.918984757894736528e+07 0.000000000000000000e+00 3.954646501052631140e+08 0.000000000000000000e+00 5.537902484210525751e+08
8.299341265228576958e-03 8.056068125000000000e+05 0.000000000000000000e+00 8.159270000000000000e+05 0.000000000000000000e+00 2.142540000000000000e+05 2.966777200000000000e+07 0.000000000000000000e+00 5.290476000000000000e+07 0.000000000000000000e+00 -1.144138300000000000e+07
1.293222767532251419e-02 8.562560000000000000e+05 0.000000000000000000e+00 3.086156178343949141e+05 0.000000000000000000e+00 2.702871974522293021e+04 1.240660789808917232e+07 0.000000000000000000e+00 1.872615867515923828e+07 0.000000000000000000e+00 -1.211544050955414027e+07
1.764839556552980082e-02 8.562390684931506403e+05 0.000000000000000000e+00 6.688157260273972061e+05 0.000000000000000000e+00 4.573124931506849243e+05 6.512136767123287544e+06 0.000000000000000000e+00 1.469626301369863003e+07 0.000000000000000000e+00 3.930199671232876368e+06
2.256548662787912635e-02 7.468536862003781134e+05 0.000000000000000000e+00 5.304564990548203932e+05 0.000000000000000000e+00 -3.486145330812854809e+05 3.721626132325141691e+06 0.000000000000000000e+00 6.890257905482041650e+06 0.000000000000000000e+00 -1.390256514177693753e+06
2.777643688250242340e-02 7.658293853658536682e+05 0.000000000000000000e+00 5.660221658536585746e+05 0.000000000000000000e+00 1.379116390243902570e+05 2.306121678048780654e+06 0.000000000000000000e+00 4.539103531707316637e+06 0.000000000000000000e+00 4.986992000000000116e+05
3.269804980233311648e-02 6.274425600000000559e+05 0.000000000000000000e+00 3.531226880000000237e+05 0.000000000000000000e+00 3.992949250000000120e+03 1.512810368000000017e+06 0.000000000000000000e+00 2.884800768000000156e+06 0.000000000000000000e+00 2.052582719999999972e+05
3.761648458559932462e-02 5.435390101146325469e+05 0.000000000000000000e+00 3.969192825354012311e+05 0.000000000000000000e+00 1.476374807821982540e+05 1.000925043830074137e+06 0.000000000000000000e+00 1.873112124072825303e+06 0.000000000000000000e+00 -8.708189885367498209e+04
4.263843696389812976e-02 4.587969285714285215e+05 0.000000000000000000e+00 2.606794642857142608e+05 0.000000000000000000e+00 -1.427565987723214221e+03 6.641841428571428405e+05 0.000000000000000000e+00 1.188069071428571362e+06 0.000000000000000000e+00 -5.247416071428571013e+04
4.756514582339458480e-02 4.082187108591365395e+05 0.000000000000000000e+00 2.641736345399040729e+05 0.000000000000000000e+00 3.261398342782381224e+04 5.120411408634976251e+05 0.000000000000000000e+00 8.624087361535107484e+05 0.000000000000000000e+00 -7.607083820322722022e+04
5.262096060748640974e-02 3.710801123595505487e+05 0.000000000000000000e+00 1.950271460674157133e+05 0.000000000000000000e+00 2.133813764044943673e+04 3.797185617977528018e+05 0.000000000000000000e+00 6.185954157303370303e+05 0.000000000000000000e+00 -3.914923595505618141e+04
5.756031740041873956e-02 3.587691089108911110e+05 0.000000000000000000e+00 2.043243960396039765e+05 0.000000000000000000e+00 4.088533415841584429e+02 3.205793267326732748e+05 0.000000000000000000e+00 5.135712079207921051e+05 0.000000000000000000e+00 -3.570389108910891082e+04
6.254738279606215923e-02 3.360706401766004274e+05 0.000000000000000000e+00 2.169325602158449765e+05 0.000000000000000000e+00 2.101007407407407300e+04 2.744253755212165415e+05 0.000000000000000000e+00 4.608118675496688229e+05 0.000000000000000000e+00 7.564256070640175312e+04
6.757793472572401483e-02 3.100112196836555377e+05 0.000000000000000000e+00 1.658478172231985955e+05 0.000000000000000000e+00 -1.471247627416520118e+04 2.174633391915641259e+05 0.000000000000000000e+00 2.879297574692442431e+05 0.000000000000000000e+00 -3.509522671353250917e+04
7.255917516659465827e-02 2.880585843407104257e+05 0.000000000000000000e+00 1.603425910358936235e+05 0.000000000000000000e+00 -4.540916124232843686e+03 1.923207260554212553e+05 0.000000000000000000e+00 2.738014268179282080e+05 0.000000000000000000e+00 1.055636451552910512e+04
7.753384299139773339e-02 2.615935400066956936e+05 0.000000000000000000e+00 1.275156076330766664e+05 0.000000000000000000e+00 2.027810244392367167e+04 1.650753906930030207e+05 0.000000000000000000e+00 2.231534087713425106e+05 0.000000000000000000e+00 6.902034147974556618e+03
8.251793356505521260e-02 2.438319266055045882e+05 0.000000000000000000e+00 1.086132385321101028e+05 0.000000000000000000e+00 -1.776323279816513968e+04 1.409021559633027646e+05 0.000000000000000000e+00 1.643886972477064410e+05 0.000000000000000000e+00 -1.379418348623853308e+04
8.752751931716111489e-02 2.112218447583257803e+05 0.000000000000000000e+00 1.021750835817027400e+05 0.000000000000000000e+00 2.483828223402876756e+04 1.240541847868342738e+05 0.000000000000000000e+00 1.448047396656732017e+05 0.000000000000000000e+00 4.775859012569651895e+03
9.254701955136974967e-02 1.975580966271649813e+05 0.000000000000000000e+00 1.027708659981768433e+05 0.000000000000000000e+00 -1.056213400182315308e+04 1.153090391978122061e+05 0.000000000000000000e+00 1.282935132178669010e+05 0.000000000000000000e+00 7.908446672743846648e+03
9.754963178921903511e-02 1.811449220140270190e+05 0.000000000000000000e+00 9.115836281796294497e+04 0.000000000000000000e+00 1.325076018004815160e+04 1.028306483827070042e+05 0.000000000000000000e+00 1.130001499005547957e+05 0.000000000000000000e+00 8.617979692243274258e+03
1.025319613041059119e-01 1.648008405253283272e+05 0.000000000000000000e+00 7.565656735459662741e+04 0.000000000000000000e+00 1.436629493433395874e+04 9.431696210131331463e+04 0.000000000000000000e+00 9.421420187617260672e+04 0.000000000000000000e+00 4.399539587242025846e+03
1.075116003998943526e-01 1.560644962095106894e+05 0.000000000000000000e+00 6.665386629910406191e+04 0.000000000000000000e+00 -7.483865437629220878e+02 8.817060785665058938e+04 0.000000000000000000e+00 8.522472777394899458e+04 0.000000000000000000e+00 4.597962784286698479e+03
1.125102861506304813e-01 1.492754165571616322e+05 0.000000000000000000e+00 6.576966901136275555e+04 0.000000000000000000e+00 1.346180412769575696e+03 8.135024812553141965e+04 0.000000000000000000e+00 7.310166870217207179e+04 0.000000000000000000e+00 6.983970936074824749e+03
1.175500852175193622e-01 1.413793497368795506e+05 0.000000000000000000e+00 6.054511051059593592e+04 0.000000000000000000e+00 -1.702491679704167382e+03 7.650420366946380818e+04 0.000000000000000000e+00 6.430928175224008010e+04 0.000000000000000000e+00 5.216506329113924039e+03
1.225369446564099490e-01 1.346049610062893189e+05 0.000000000000000000e+00 6.307420959947037773e+04 0.000000000000000000e+00 8.548157563720623102e+02 7.210067553790136299e+04 0.000000000000000000e+00 5.873811956305859349e+04 0.000000000000000000e+00 3.314625620655412149e+03
1.275260957852891452e-01 1.309651263642978302e+05 0.000000000000000000e+00 5.722666796022313792e+04 0.000000000000000000e+00 -2.516907439970894984e+02 6.853027795294688258e+04 0.000000000000000000e+00 5.064900315304390097e+04 0.000000000000000000e+00 7.534260489934513316e+03
1.325302087090364789e-01 1.264595037315526570e+05 0.000000000000000000e+00 5.375953313506537233e+04 0.000000000000000000e+00 3.572832052073396426e+03 6.548294259581392544e+04 0.000000000000000000e+00 4.803525907637057389e+04 0.000000000000000000e+00 1.841793165366702169e+03
1.375062694904859717e-01 1.169406242872228031e+05 0.000000000000000000e+00 5.026487687434002146e+04 0.000000000000000000e+00 1.824538753959873247e+03 6.267573389651531033e+04 0.000000000000000000e+00 4.287339387539598829e+04 0.000000000000000000e+00 6.199589017951425376e+03
1.425134422753508989e-01 1.145852486081781535e+05 0.000000000000000000e+00 5.024030101746976288e+04 0.000000000000000000e+00 1.848025724707237487e+03 5.957279477826837683e+04 0.000000000000000000e+00 3.976265693991169246e+04 0.000000000000000000e+00 3.252514110193895249e+03
1.475259222195813014e-01 1.080003688550731313e+05 0.000000000000000000e+00 4.301827837259100488e+04 0.000000000000000000e+00 7.352992847054536014e+02 5.715046917855027277e+04 0.000000000000000000e+00 3.533765146475921210e+04 0.000000000000000000e+00 2.290041824228894257e+03
1.525299430011916868e-01 1.006701819411565812e+05 0.000000000000000000e+00 4.129450388907676825e+04 0.000000000000000000e+00 5.417308758877240507e+03 5.501342712208318699e+04 0.000000000000000000e+00 3.296966655393980182e+04 0.000000000000000000e+00 4.078532296246195529e+03
1.574945685492469272e-01 9.622625567193755705e+04 0.000000000000000000e+00 3.996917636591579503e+04 0.000000000000000000e+00 1.363639098960650244e+03 5.334701662150685297e+04 0.000000000000000000e+00 3.164543114813766078e+04 0.000000000000000000e+00 2.468873377279896431e+03
1.625189323163163113e-01 9.248980087591242045e+04 0.000000000000000000e+00 3.511519766423357942e+04 0.000000000000000000e+00 5.980211970802920405e+03 5.089646715328467690e+04 0.000000000000000000e+00 2.799832058394160777e+04 0.000000000000000000e+00 3.341181313868613415e+03
1.675461007718098694e-01 8.792264236902049743e+04 0.000000000000000000e+00 3.669725512528473337e+04 0.000000000000000000e+00 4.622701879271070538e+03 4.949236902050113713e+04 0.000000000000000000e+00 2.593598861047835817e+04 0.000000000000000000e+00 1.034133826879271055e+03
1.725292014006662711e-01 8.446241408181429142e+04 0.000000000000000000e+00 3.169849939018360601e+04 0.000000000000000000e+00 4.563725088176154713e+03 4.829780030985266058e+04 0.000000000000000000e+00 2.394348920460164300e+04 0.000000000000000000e+00 1.487251606948610743e+03
1.775301965061671094e-01 8.210309136799596308e+04 0.000000000000000000e+00 3.347093992932861875e+04 0.000000000000000000e+00 3.878097677940434096e+03 4.645591519434628572e+04 0.000000000000000000e+00 2.344998485613326557e+04 0.000000000000000000e+00 2.424917718324078578e+03
1.825147654490652804e-01 7.962125628526692162e+04 0.000000000000000000e+00 3.089091624567934196e+04 0.000000000000000000e+00 2.996685515081686390e+03 4.526008756536382134e+04 0.000000000000000000e+00 2.132169009424207616e+04 0.000000000000000000e+00 1.262958905728381978e+03
1.875360723572403465e-01 7.778302569832402514e+04 0.000000000000000000e+00 2.836206301675977738e+04 0.000000000000000000e+00 3.247286033519553257e+03 4.384181273743016936e+04 0.000000000000000000e+00 1.906154547486033698e+04 0.000000000000000000e+00 2.037984804469273740e+03
1.925323683450522461e-01 7.506680432687158464e+04 0.000000000000000000e+00 2.774290842883152800e+04 0.000000000000000000e+00 3.849978365642069093e+03 4.356937945807004144e+04 0.000000000000000000e+00 1.846672635750240806e+04 0.000000000000000000e+00 -3.267174145871264841e+02
1.975198663583639380e-01 7.244700280763879709e+04 0.000000000000000000e+00 2.512967972682433174e+04 0.000000000000000000e+00 4.057280687997976202e+03 4.218517708359681274e+04 0.000000000000000000e+00 1.708502622992285251e+04 0.000000000000000000e+00 2.192347034273428562e+03
2.025153694923672032e-01 7.017886866737432138e+04 0.000000000000000000e+00 2.438298870983306188e+04 0.000000000000000000e+00 2.129715333397664836e+03 4.089575914310527878e+04 0.000000000000000000e+00 1.622773636977709248e+04 0.000000000000000000e+00 3.291736707517128480e+02
2.075088499274508613e-01 6.799554393276695919e+04 0.000000000000000000e+00 2.349739870388605414e+04 0.000000000000000000e+00 -1.273559092262245485e+03 4.016853328448098182e+04 0.000000000000000000e+00 1.603927875609700277e+04 0.000000000000000000e+00 1.596668758157961065e+03
2.125178062418619784e-01 6.537110141385931638e+04 0.000000000000000000e+00 2.224416547390469714e+04 0.000000000000000000e+00 2.781471810089020892e+03 3.946443707453308161e+04 0.000000000000000000e+00 1.472840495723511958e+04 0.000000000000000000e+00 1.274285215569907450e+03
2.175004174234404231e-01 6.301093308644053468e+04 0.000000000000000000e+00 2.059916438010268394e+04 0.000000000000000000e+00 4.046220856830233288e+02 3.872443329686053767e+04 0.000000000000000000e+00 1.384738658362090791e+04 0.000000000000000000e+00 9.082082316303341258e+02
2.225093171556767890e-01 6.112934134473316226e+04 0.000000000000000000e+00 2.027773574200665826e+04 0.000000000000000000e+00 4.334331947755166766e+03 3.769144973503280198e+04 0.000000000000000000e+00 1.418949760643013360e+04 0.000000000000000000e+00 1.929513287760288449e+03
2.275289586476768322e-01 6.006690463799173449e+04 0.000000000000000000e+00 2.119637532527169969e+04 0.000000000000000000e+00 2.180342415429358880e+03 3.696903964487984194e+04 0.000000000000000000e+00 1.222604990050512788e+04 0.000000000000000000e+00 -3.242896161793969156e+01
2.325285406108919262e-01 5.857059079911957087e+04 0.000000000000000000e+00 1.942513102795918167e+04 0.000000000000000000e+00 2.160718170738362460e+03 3.655054634093100321e+04 0.000000000000000000e+00 1.221633601950048251e+04 0.000000000000000000e+00 1.265846724755789182e+03
2.375276552426477672e-01 5.690795401652311557e+04 0.000000000000000000e+00 1.712018112146247222e+04 0.000000000000000000e+00 1.483823097205132854e+03 3.601342886271752650e+04 0.000000000000000000e+00 1.130734202847600682e+04 0.000000000000000000e+00 1.226515310247846855e+03
2.424991024241769377e-01 5.476191069167524984e+04 0.000000000000000000e+00 1.756337609103033901e+04 0.000000000000000000e+00 1.673097091148515119e+03 3.517360606418719544e+04 0.000000000000000000e+00 1.119925014772171016e+04 0.000000000000000000e+00 1.850569446085796699e+02
2.474998551644826128e-01 5.401993057957092242e+04 0.000000000000000000e+00 1.635771348062760080e+04 0.000000000000000000e+00 1.367480755683637426e+03 3.468567608069164271e+04 0.000000000000000000e+00 1.111732769772654501e+04 0.000000000000000000e+00 6.908831892411143372e+02
2.525200307756395035e-01 5.289761732137334184e+04 0.000000000000000000e+00 1.585391846582121980e+04 0.000000000000000000e+00 2.369421094958243430e+03 3.403289972162078629e+04 0.000000000000000000e+00 1.030211246520259920e+04 0.000000000000000000e+00 1.244271091091865244e+01
2.575182250600202005e-01 5.120453975113627530e+04 0.000000000000000000e+00 1.392734323820877762e+04 0.000000000000000000e+00 2.297880157961403711e+03 3.365557475597943267e+04 0.000000000000000000e+00 9.269593860368078822e+03 0.000000000000000000e+00 9.320089412115341929e+02
2.625255687975799335e-01 5.001374154162150080e+04 0.000000000000000000e+00 1.433854236321104509e+04 0.000000000000000000e+00 5.725979346151651725e+02 3.333616751297997689e+04 0.000000000000000000e+00 9.388076453471785499e+03 0.000000000000000000e+00 -4.013958464083984836e+02
2.675305520911575030e-01 4.905731807072534139e+04 0.000000000000000000e+00 1.341317551538918269e+04 0.000000000000000000e+00 1.503347150688336114e+03 3.267089313873047649e+04 0.000000000000000000e+00 8.903917261567776222e+03 0.000000000000000000e+00 -7.083136659256292660e+02
2.725404586615198799e-01 4.768260305706880899e+04 0.000000000000000000e+00 1.254057185169513832e+04 0.000000000000000000e+00 1.244247104247104289e+03 3.215375638652350972e+04 0.000000000000000000e+00 8.316499074416882650e+03 0.000000000000000000e+00 2.068311868620087637e+02
2.775333197047151201e-01 4.650030201359629427e+04 0.000000000000000000e+00 1.251643601209708686e+04 0.000000000000000000e+00 1.045780753224597447e+03 3.190652860133894865e+04 0.000000000000000000e+00 8.621523095613512851e+03 0.000000000000000000e+00 -1.493780598133739943e+02
2.825123907298719983e-01 4.528859591181374708e+04 0.000000000000000000e+00 1.075680760822577759e+04 0.000000000000000000e+00 4.108993762736985218e+02 3.137786292842586408e+04 0.000000000000000000e+00 7.726404248749459839e+03 0.000000000000000000e+00 -1.269315753720743629e+02
2.875104651677040102e-01 4.411357211262210330e+04 0.000000000000000000e+00 1.130625014365064089e+04 0.000000000000000000e+00 2.012717678605631136e+03 3.096230453936027334e+04 0.000000000000000000e+00 7.698366596437464068e+03 0.000000000000000000e+00 -2.775936841601225638e+02
2.924971317655564174e-01 4.361353829081366712e+04 0.000000000000000000e+00 1.046602078396467368e+04 0.000000000000000000e+00 7.703131466090233062e+02 3.065482000716688344e+04 0.000000000000000000e+00 7.590705244541029970e+03 0.000000000000000000e+00 -6.211813337340622638e+02
2.975058823671092867e-01 4.266627830565669137e+04 0.000000000000000000e+00 1.082000888020601997e+04 0.000000000000000000e+00 1.534035876032323813e+03 3.002108089867684976e+04 0.000000000000000000e+00 7.238185596305834224e+03 0.000000000000000000e+00 4.441448361601989063e+02
3.025121359101998753e-01 4.184319778652025707e+04 0.000000000000000000e+00 8.960868790800224815e+03 0.000000000000000000e+00 5.114955687173057868e+02 2.986707984955254869e+04 0.000000000000000000e+00 6.734698197224503929e+03 0.000000000000000000e+00 -6.261087285461069314e+02
3.075010376196579687e-01 4.074293843340126477e+04 0.000000000000000000e+00 7.889652589225062002e+03 0.000000000000000000e+00 8.553001201860271294e+02 2.970660546585149496e+04 0.000000000000000000e+00 6.488567278047761647e+03 0.000000000000000000e+00 4.397436170768668262e+02
3.125134169243361515e-01 4.015216891212548217e+04 0.000000000000000000e+00 7.859914256987734007e+03 0.000000000000000000e+00 4.795956565453448661e+02 2.917640184998994664e+04 0.000000000000000000e+00 6.246170922984114441e+03 0.000000000000000000e+00 -5.023406394530464780e+01
3.175159688234982513e-01 3.940638021043117624e+04 0.000000000000000000e+00 8.226851018262910657e+03 0.000000000000000000e+00 4.751384700022595098e+01 2.880659798999911436e+04 0.000000000000000000e+00 6.405730329793400415e+03 0.000000000000000000e+00 -5.259543181617235632e+02
3.225221380836135188e-01 3.867679124032471736e+04 0.000000000000000000e+00 7.797888314140080183e+03 0.000000000000000000e+00 6.383686615065131491e+02 2.879014808382103365e+04 0.000000000000000000e+00 6.217477968661506566e+03 0.000000000000000000e+00 -5.432889371342269413e+01
3.275181733526948968e-01 3.789350433172898920e+04 0.000000000000000000e+00 7.654360903369122752e+03 0.000000000000000000e+00 3.304676786375416668e+02 2.805746256941873435e+04 0.000000000000000000e+00 5.971987263976305258e+03 0.000000000000000000e+00 -5.474491669751944301e+02
3.325123842131759710e-01 3.736553154771964910e+04 0.000000000000000000e+00 7.252739923677024308e+03 0.000000000000000000e+00 1.866706992714625130e+03 2.797507707908946395e+04 0.000000000000000000e+00 5.408188156595532746e+03 0.000000000000000000e+00 -3.163851374792068896e+02
3.374959366892091861e-01 3.653364313491924986e+04 0.000000000000000000e+00 5.872836912728164862e+03 0.000000000000000000e+00 5.075477700311810736e+02 2.780135290614161204e+04 0.000000000000000000e+00 5.649237711522965583e+03 0.000000000000000000e+00 -3.108595102126616325e+02
3.424919221947719805e-01 3.605316940719565901e+04 0.000000000000000000e+00 6.129833368058739325e+03 0.000000000000000000e+00 -1.818247839385277018e+02 2.743669529706889807e+04 0.000000000000000000e+00 5.249373459233763242e+03 0.000000000000000000e+00 -5.960721066097726180e+02
3.475179778446125245e-01 3.539014107883816905e+04 0.000000000000000000e+00 5.553698434998529592e+03 0.000000000000000000e+00 9.515040350246674734e+02 2.735497213055836619e+04 0.000000000000000000e+00 5.072110301565001464e+03 0.000000000000000000e+00 -6.118086957232005574e+01
3.525052850529177828e-01 3.476269085102985991e+04 0.000000000000000000e+00 5.553536899249560520e+03 0.000000000000000000e+00 -3.938536484113045049e+02 2.697741120868593498e+04 0.000000000000000000e+00 5.294837106817819404e+03 0.000000000000000000e+00 -3.176515407951461043e+02
3.575133254796376558e-01 3.435300595534640161e+04 0.000000000000000000e+00 5.545290401698462119e+03 0.000000000000000000e+00 1.236422745284392704e+03 2.658305836546052524e+04 0.000000000000000000e+00 4.867999294862460374e+03 0.000000000000000000e+00 -5.871509224272060692e+02
3.625250227669692404e-01 3.379131383827736863e+04 0.000000000000000000e+00 5.498848968528835940e+03 0.000000000000000000e+00 -2.848852883601866779e+02 2.649840156602920979e+04 0.000000000000000000e+00 4.451673663604878129e+03 0.000000000000000000e+00 -9.063797018521306654e+02
3.675230446100045678e-01 3.342559091339880251e+04 0.000000000000000000e+00 4.626522669116199722e+03 0.000000000000000000e+00 6.159827366241643176e+02 2.630563162230533271e+04 0.000000000000000000e+00 4.537666673956943669e+03 0.000000000000000000e+00 -6.120419045119524526e+02
3.725177060730277545e-01 3.293179301275087346e+04 0.000000000000000000e+00 4.391137743724627398e+03 0.000000000000000000e+00 3.739583452455829615e+02 2.613189456229630377e+04 0.000000000000000000e+00 4.333371605008863298e+03 0.000000000000000000e+00 -2.399172051003488093e+02
3.775163034622419089e-01 3.242844134297791243e+04 0.000000000000000000e+00 4.388348501251542984e+03 0.000000000000000000e+00 8.026909757897132067e+02 2.586461271126250722e+04 0.000000000000000000e+00 4.293965260203694925e+03 0.000000000000000000e+00 -4.002709952351728475e+02
3.825226892977953153e-01 3.212868151351351480e+04 0.000000000000000000e+00 4.497030918918919269e+03 0.000000000000000000e+00 1.504203783783783820e+03 2.557118097297297209e+04 0.000000000000000000e+00 4.049135135135134988e+03 0.000000000000000000e+00 1.601970405405405415e+02
3.875130067694269043e-01 3.160829167544784286e+04 0.000000000000000000e+00 4.152969441517387168e+03 0.000000000000000000e+00 1.232338988408851492e+03 2.555070010537407870e+04 0.000000000000000000e+00 4.258490200210748299e+03 0.000000000000000000e+00 -1.229140015806111705e+02
3.924957861003909865e-01 3.137985765133717723e+04 0.000000000000000000e+00 3.773277533550027783e+03 0.000000000000000000e+00 1.153016857078492649e+03 2.537775051008914670e+04 0.000000000000000000e+00 4.226241328484537007e+03 0.000000000000000000e+00 -1.557913300936504442e+01
3.975064703251052212e-01 3.079669690849390099e+04 0.000000000000000000e+00 3.573225748094913797e+03 0.000000000000000000e+00 1.245592515953162774e+03 2.519901051979431577e+04 0.000000000000000000e+00 4.161619726163186897e+03 0.000000000000000000e+00 2.820448051545753287e+02
