3.798113400606732779e-03 6.578947368421052266e-03 3.671896252631578594e+07 -1.809210526315789547e-02 -5.918884378947368264e+07 2.343750000000000000e-02 1.665079511578947306e+08 0.000000000000000000e+00 1.236168757894736715e+07 0.000000000000000000e+00 3.028010307368420959e+08
8.299341265228576958e-03 -1.220703125000000000e-03 4.637340800000000000e+07 1.086425781250000000e-02 1.020806800000000000e+07 7.629394531250000000e-04 1.373194080000000000e+08 0.000000000000000000e+00 -4.459169600000000000e+07 0.000000000000000000e+00 2.001938200000000000e+07
1.293222767532251419e-02 3.980891719745223130e-04 3.342514058598726243e+07 4.578025477707006220e-03 4.091784968152866350e+05 -2.587579617834395197e-03 1.027682682292993665e+08 0.000000000000000000e+00 3.818707648407643288e+07 0.000000000000000000e+00 -2.227574053503184766e+07
1.764839556552980082e-02 5.083476027397259992e-04 2.848467463013698533e+07 -1.377889554794520417e-03 1.276513315068493132e+06 5.116919948630136838e-04 9.048658060273972154e+07 0.000000000000000000e+00 4.270089117808219045e+07 0.000000000000000000e+00 2.518814509589041024e+07
2.256548662787912635e-02 -3.544423440453686432e-04 2.314560556521739066e+07 1.240548204158790305e-03 5.757991682419659570e+06 -9.304111531190926206e-04 7.758259151606805623e+07 0.000000000000000000e+00 6.525098344045368582e+07 0.000000000000000000e+00 8.952931689981097355e+06
2.777643688250242340e-02 -1.095655487804878155e-03 1.313962583414634131e+07 2.862995426829268233e-03 3.126620097560975701e+06 -2.976133765243902263e-03 5.677998079999999702e+07 0.000000000000000000e+00 4.432313568780487776e+07 0.000000000000000000e+00 1.500007149268292636e+07
3.269804980233311648e-02 4.375000000000000091e-04 1.000110796800000034e+07 -1.109375000000000118e-03 1.134625664000000106e+06 1.910156249999999962e-03 4.543258214400000125e+07 0.000000000000000000e+00 3.592674918400000036e+07 0.000000000000000000e+00 4.467054080000000075e+06
3.761648458559932462e-02 -3.279353506405933939e-04 6.725689310856372118e+06 8.303744521240728153e-04 1.151990505731625017e+06 -1.062003487440997887e-03 3.591192167228590697e+07 0.000000000000000000e+00 2.761649421982467920e+07 0.000000000000000000e+00 2.713933162508429028e+06
4.263843696389812976e-02 -3.493172781808035637e-04 4.447615142857142724e+06 5.593981061662946274e-04 5.891401785714285215e+05 -1.431805746895926153e-03 2.758747885714285448e+07 0.000000000000000000e+00 2.185911771428571269e+07 0.000000000000000000e+00 3.283344285714285448e+06
4.756514582339458480e-02 7.495638901003053305e-05 3.600345594417793211e+06 1.465056694286960234e-04 6.245569367640645942e+05 2.478671500218055019e-04 2.352726323244657740e+07 0.000000000000000000e+00 1.915811380026166514e+07 0.000000000000000000e+00 1.707997948539031902e+06
5.262096060748640974e-02 -9.975004731939079538e-05 2.597474157303370535e+06 1.067311576243196890e-04 2.304691685393258231e+05 -2.845365009950787572e-04 2.090962121348314732e+07 0.000000000000000000e+00 1.621179973033707775e+07 0.000000000000000000e+00 4.203345258426966146e+06
5.756031740041873956e-02 2.961111540841584078e-05 2.233807207920792047e+06 1.967024094987623883e-04 4.499887128712871345e+05 -3.545024607441212700e-04 1.785436134653465450e+07 0.000000000000000000e+00 1.313532451485148445e+07 0.000000000000000000e+00 1.875459485148514854e+06
6.254738279606215923e-02 2.682732401275447179e-04 1.657175468236448243e+06 -6.016985528574931956e-04 2.444324042187883169e+05 7.923641770909982699e-04 1.581234327201373503e+07 0.000000000000000000e+00 1.127281288005886599e+07 0.000000000000000000e+00 2.385591224920284469e+06
6.757793472572401483e-02 -3.222312994288224742e-04 1.402145855887521990e+06 7.918480201010544457e-04 3.196399578207381419e+05 -3.358006267849297072e-04 1.394335898769771494e+07 0.000000000000000000e+00 9.095642207381369546e+06 0.000000000000000000e+00 2.496329560632688925e+06
7.255917516659465827e-02 -1.017063418262971990e-04 1.123613470708573470e+06 2.179421610563511455e-05 1.941465292914264428e+05 6.356646364143574428e-05 1.246540852371210791e+07 0.000000000000000000e+00 8.475489362841732800e+06 0.000000000000000000e+00 9.888458724195648683e+05
7.753384299139773339e-02 2.877050552393706312e-05 8.538091945095413830e+05 1.791617843990626045e-04 3.780887847338466963e+04 -2.324526071309005837e-04 1.096150553197187930e+07 0.000000000000000000e+00 6.114591625041848049e+06 0.000000000000000000e+00 1.007623113491797820e+06
8.251793356505521260e-02 -6.502483962872706571e-05 7.095094311926605878e+05 1.939196105397075743e-04 7.910422018348624988e+04 -2.597756342056694386e-04 9.702229724770642817e+06 0.000000000000000000e+00 5.590799266055046581e+06 0.000000000000000000e+00 -4.503924311926605878e+04
8.752751931716111489e-02 -2.024750550732149927e-05 5.392819966308150906e+05 -2.227225605805364920e-05 7.067069586626927776e+04 -9.465708824672801162e-05 8.631253405209278688e+06 0.000000000000000000e+00 4.583348629778411239e+06 0.000000000000000000e+00 1.152683507062329911e+06
9.254701955136974967e-02 6.231483591613491407e-06 4.348626727438468370e+05 -2.270040451230629031e-05 2.723397629899726599e+04 1.652455916704649087e-04 7.691146384685506113e+06 0.000000000000000000e+00 4.008450333637192380e+06 0.000000000000000000e+00 4.243920510483135586e+05
9.754963178921903511e-02 7.360253323563278443e-06 3.593891091803621966e+05 4.089029624201821416e-07 1.341771506333089019e+04 -2.770317570396733852e-05 6.944762211661257781e+06 0.000000000000000000e+00 3.292146172301894519e+06 0.000000000000000000e+00 4.090737435360619565e+05
1.025319613041059119e-01 -3.884263602251407295e-05 2.820189178236397565e+05 8.904491088180112139e-05 5.039978386491557467e+04 -1.657224730300187567e-04 6.249595341088180430e+06 0.000000000000000000e+00 2.673004836022513919e+06 0.000000000000000000e+00 3.655555602251407108e+05
1.075116003998943526e-01 -3.567044279807029389e-05 2.376786436940041312e+05 1.379705806340454847e-05 3.473616540317022736e+04 -1.489914014042039944e-04 5.761031410062026232e+06 0.000000000000000000e+00 2.341899644383184146e+06 0.000000000000000000e+00 3.338131716057891026e+05
1.125102861506304813e-01 1.432347023073355590e-05 2.043848434722115053e+05 -5.030198932808997600e-05 2.900061034242869573e+04 1.413404752659523243e-04 5.368056064930045977e+06 0.000000000000000000e+00 2.012366984617763199e+06 0.000000000000000000e+00 6.482331990415088367e+05
1.175500852175193622e-01 -4.107784943464657025e-05 1.608571867444175878e+05 9.880559642120609689e-05 2.012587455553975451e+04 -9.738627512311549817e-05 5.035267968709998764e+06 0.000000000000000000e+00 2.017836201962736435e+06 0.000000000000000000e+00 3.907677064428957528e+05
1.225369446564099490e-01 1.293032108573320129e-06 1.352081414101291157e+05 1.850328947368421113e-04 2.658922687851704904e+04 -7.270073030453492319e-05 4.748708514531612396e+06 0.000000000000000000e+00 1.809331191525984788e+06 0.000000000000000000e+00 4.711766434955313161e+04
1.275260957852891452e-01 5.684574339073489708e-05 1.178453747271404281e+05 -1.023223381033228188e-04 3.099430317729808303e+04 2.344886914867814717e-04 4.448045885035168380e+06 0.000000000000000000e+00 1.539633548387096729e+06 0.000000000000000000e+00 2.571216376424933260e+05
1.325302087090364789e-01 7.014196734190000416e-06 8.548090814207957010e+04 4.559227877223500524e-05 1.545567678581448854e+04 -1.205565063688906276e-04 4.160204300095392857e+06 0.000000000000000000e+00 1.345331441333258525e+06 0.000000000000000000e+00 1.652341879804724595e+05
1.375062694904859717e-01 -1.149806956177402219e-05 7.763254741288279183e+04 8.525586556230200445e-05 2.474279366420274528e+04 -1.397621291743664153e-04 3.981690890813094098e+06 0.000000000000000000e+00 1.377416136853220640e+06 0.000000000000000000e+00 3.308372882787750568e+05
1.425134422753508989e-01 -4.218210069111153814e-07 5.876146669226339145e+04 -9.444103654732193752e-06 2.325468381647148999e+04 3.569660270985314102e-05 3.752386567863313481e+06 0.000000000000000000e+00 1.255759370320598828e+06 0.000000000000000000e+00 -3.859430063351890567e+04
1.475259222195813014e-01 -4.774028714292222604e-05 5.905903904505899845e+04 1.287386028406761003e-04 2.733001485261287598e+04 -9.208247136828556702e-05 3.529165777393047698e+06 0.000000000000000000e+00 1.036601418925691396e+06 0.000000000000000000e+00 2.650591739031390753e+05
1.525299430011916868e-01 1.960885980300980565e-06 4.692928779168075562e+04 1.821559871174332034e-05 1.724653364896854691e+04 -1.426570351800283238e-04 3.394307203246533405e+06 0.000000000000000000e+00 9.509793114643219160e+05 0.000000000000000000e+00 3.215061318904294749e+05
1.574945685492469272e-01 -3.724262698669470009e-05 3.265239001900756193e+04 1.098519267905528332e-04 2.388593262425688226e+04 -1.448878392672988975e-04 3.148474789824887644e+06 0.000000000000000000e+00 8.658107804424313363e+05 0.000000000000000000e+00 4.493160803979455522e+04
1.625189323163163113e-01 1.233177463503649762e-05 3.764566423357664462e+04 -4.451556797445256164e-05 2.665229781021898089e+04 8.381864450273723355e-05 3.035225394452555105e+06 0.000000000000000000e+00 7.892787200000000885e+05 0.000000000000000000e+00 2.460077220437956275e+05
1.675461007718098694e-01 4.727096383826878783e-06 2.452207061503416844e+04 -3.142128772779042851e-05 2.109300227790432837e+04 5.721176946896355396e-05 2.869091425968109164e+06 0.000000000000000000e+00 6.795151161731206812e+05 0.000000000000000000e+00 2.886035763097949894e+04
1.725292014006662711e-01 -3.412190559382932028e-06 1.544419342716814572e+04 -8.208571628704223674e-06 2.798652892507499200e+04 -2.870585784273329766e-05 2.768578710881102365e+06 0.000000000000000000e+00 6.258138347232752712e+05 0.000000000000000000e+00 1.338816204634604801e+05
1.775301965061671094e-01 1.448082959994951951e-05 1.732067036850075601e+04 -8.007590666014639629e-05 1.614412317011610321e+04 6.452441997807294258e-05 2.645320496718829032e+06 0.000000000000000000e+00 5.137988167592125246e+05 0.000000000000000000e+00 1.330838566380615812e+05
1.825147654490652804e-01 2.885055688498921785e-06 6.986397707465508574e+03 -3.352434710035746861e-05 1.976314479009719798e+04 2.023866565481993553e-05 2.510106583946350031e+06 0.000000000000000000e+00 4.766472387367425836e+05 0.000000000000000000e+00 8.610763331265325542e+04
1.875360723572403465e-01 2.236819134078212303e-05 5.858068826815642751e+03 -6.050322974860335455e-05 1.587912759776536404e+04 4.292237692039106429e-05 2.450775240223463625e+06 0.000000000000000000e+00 4.440336017877095146e+05 0.000000000000000000e+00 1.119464616759776545e+05
1.925323683450522461e-01 1.610695351826068144e-05 2.810384706008353533e+03 -3.796639043590017889e-05 1.709668801542251094e+04 2.366362489289921609e-05 2.365332302881010808e+06 0.000000000000000000e+00 4.614630172432258842e+05 0.000000000000000000e+00 7.565895341115989140e+04
1.975198663583639380e-01 -4.446218540533704247e-06 -1.153777968888326768e+03 2.060081257113949377e-05 2.110599074238016692e+04 1.779722476919185466e-05 2.235860265992158558e+06 0.000000000000000000e+00 3.419445906664979993e+05 0.000000000000000000e+00 1.577414434804603516e+05
2.025153694923672032e-01 9.947735106267490185e-06 2.909083663031940887e+03 -1.582272964060841538e-05 1.278523516356267646e+04 6.433781608471847657e-06 2.180332459712438751e+06 0.000000000000000000e+00 3.381149088101900998e+05 0.000000000000000000e+00 1.516270855929750251e+05
2.075088499274508613e-01 -5.322353958185441050e-06 -5.748877785156518257e+03 -2.683539810849802010e-07 1.332427561886006151e+04 3.642905293228606320e-05 2.101259536971306894e+06 0.000000000000000000e+00 2.110304569374155544e+05 0.000000000000000000e+00 8.541585472532002314e+04
2.125178062418619784e-01 7.457603312096352664e-07 -7.207725606563099973e+03 2.387498431772560641e-05 1.482408657706406120e+04 1.679292460098839434e-05 2.045196824576715007e+06 0.000000000000000000e+00 2.480184213649851736e+05 0.000000000000000000e+00 1.261717270029673673e+05
2.175004174234404231e-01 -1.276082216353842317e-05 -4.578894369160845599e+03 1.036688370612742995e-05 1.540825991078192055e+04 -3.374117551132059983e-05 1.970308901944280835e+06 0.000000000000000000e+00 2.079631007490952034e+05 0.000000000000000000e+00 7.164021883679824532e+04
2.225093171556767890e-01 1.442883069679478477e-06 -6.161008963574397967e+03 -1.237993673784992430e-05 1.583578574102165112e+04 -2.476949269616438024e-07 1.908302361892003799e+06 0.000000000000000000e+00 2.141701618171430891e+05 0.000000000000000000e+00 9.441961442839975643e+04
2.275289586476768322e-01 -1.993329678635748539e-06 -6.542728914740548134e+03 -1.870949016893948499e-05 1.223336292667993257e+04 7.305086142579246521e-06 1.843551103627736215e+06 0.000000000000000000e+00 1.538690390326037013e+05 0.000000000000000000e+00 1.111024325730904675e+05
2.325285406108919262e-01 4.974032706965237660e-07 -1.086510978116529986e+04 6.714944154403071370e-06 1.326496367307587388e+04 -1.636989692667309540e-05 1.800222139013697859e+06 0.000000000000000000e+00 1.331484532406817889e+05 0.000000000000000000e+00 1.106547927164244320e+05
2.375276552426477672e-01 -2.677865178414484047e-06 -7.196106451045878202e+03 1.071146071365793619e-05 1.195116020390226731e+04 -5.905036034452452239e-05 1.761654104693267727e+06 0.000000000000000000e+00 9.588595422745650285e+04 0.000000000000000000e+00 1.053560102654245129e+05
2.424991024241769377e-01 7.254191075920517143e-07 -6.830147248999713156e+03 -6.166062414532440207e-06 1.371959873719041752e+04 -4.706980800398426315e-06 1.714103218948896741e+06 0.000000000000000000e+00 8.903952539969273494e+04 0.000000000000000000e+00 9.703384100079347263e+04
2.474998551644826128e-01 1.188260486711495331e-06 -9.477827217419147928e+03 3.283351344860710711e-06 1.358610669228306142e+04 2.608700818523855138e-05 1.666536096829971066e+06 0.000000000000000000e+00 5.678944399615754082e+04 0.000000000000000000e+00 1.121653056676272827e+05
2.525200307756395035e-01 4.334572185276832575e-06 -7.630549953603464928e+03 1.405337776446025421e-05 1.257335824311784745e+04 3.115001788199814816e-07 1.629590876090318663e+06 0.000000000000000000e+00 4.841827058459635009e+04 0.000000000000000000e+00 9.252007077018250129e+04
2.575182250600202005e-01 2.648601072945384071e-06 -9.813038313091423333e+03 -8.004014231428358747e-07 1.445688422621265090e+04 3.088458036845242468e-05 1.584898140168392798e+06 0.000000000000000000e+00 3.356989553684524435e+04 0.000000000000000000e+00 8.379620666120259557e+04
2.625255687975799335e-01 -6.477171827751468765e-07 -8.370273977292177733e+03 -6.094113278798425021e-07 1.065142922348376851e+04 1.374919014458050412e-05 1.542632075312375091e+06 0.000000000000000000e+00 5.686405659839105647e+04 0.000000000000000000e+00 8.312772202886974264e+04
2.675305520911575030e-01 -9.385226660775188552e-06 -6.569349774236754456e+03 2.092797669184352584e-05 1.113674055867773131e+04 -8.576155396915259468e-06 1.507894034271827200e+06 0.000000000000000000e+00 3.591820582427748741e+04 0.000000000000000000e+00 5.082981256817773829e+04
2.725404586615198799e-01 -1.814235881551806137e-06 -8.609111969111969302e+03 1.181835865188818968e-05 1.168342307082033039e+04 -4.185251716254230833e-05 1.469416982070132624e+06 0.000000000000000000e+00 -8.621783678002855595e+03 0.000000000000000000e+00 8.016924948431797384e+04
2.775333197047151201e-01 1.899509605939979769e-06 -7.430772714348488989e+03 -1.474801976439113799e-05 1.226117548530514068e+04 1.167314914813115551e-05 1.442739584459895967e+06 0.000000000000000000e+00 -2.652791687130043556e+03 0.000000000000000000e+00 8.671612727789697237e+04
2.825123907298719983e-01 2.219323164330266444e-06 -7.481068412276909839e+03 -1.495630828135614149e-06 1.229014611251775568e+04 -2.014277002408448325e-06 1.409876943370592315e+06 0.000000000000000000e+00 6.072497301303032145e+03 0.000000000000000000e+00 5.511627355029951286e+04
2.875104651677040102e-01 -6.172488507948668968e-06 -6.264227925684734146e+03 1.636644680137904593e-05 9.899324267381727623e+03 -1.928902658733959021e-05 1.375919243056885665e+06 0.000000000000000000e+00 7.447624497222753917e+02 0.000000000000000000e+00 4.936520972993678879e+04
2.924971317655564174e-01 4.921814493289714905e-06 -6.941285276676414469e+03 1.325277572275716890e-05 8.815551121848593539e+03 -4.092104939948444375e-06 1.360695091978869168e+06 0.000000000000000000e+00 -2.273682396051277829e+04 0.000000000000000000e+00 5.780803680541908398e+04
2.975058823671092867e-01 -8.672076192167657869e-06 -6.086257348370481850e+03 1.569645790782346200e-05 8.651961992718230249e+03 -2.677503524331764363e-05 1.332312478110292228e+06 0.000000000000000000e+00 -2.957843175561672979e+04 0.000000000000000000e+00 9.894817156558031274e+04
3.025121359101998753e-01 -2.997533072500107947e-06 -6.555359301370454887e+03 -3.145298787341662731e-06 8.656834896891617973e+03 -8.554579419934286869e-06 1.305193826466646511e+06 0.000000000000000000e+00 -4.782459833124378201e+04 0.000000000000000000e+00 6.750175262634559476e+04
3.075010376196579687e-01 -5.123419292470084691e-06 -4.850656884569159956e+03 2.129995231750013052e-05 1.022564891048753816e+04 -2.187914364189789442e-05 1.280403821037780261e+06 0.000000000000000000e+00 -3.333992462768459518e+04 0.000000000000000000e+00 7.171258157495950582e+04
3.125134169243361515e-01 -1.924454554594812006e-06 -5.172385602252162244e+03 -1.504216519203699977e-05 7.018716428715061738e+03 -2.463498202795093653e-05 1.259778790106575470e+06 0.000000000000000000e+00 -5.129733456665996346e+04 0.000000000000000000e+00 5.978814880353911576e+04
3.175159688234982513e-01 7.219334531048914106e-07 -5.465998369207493852e+03 1.859997982999479255e-06 8.394394946508040448e+03 -2.776955402568129702e-05 1.234112474698156118e+06 0.000000000000000000e+00 -6.226020799481290305e+04 0.000000000000000000e+00 5.426857965831949696e+04
3.225221380836135188e-01 4.440805969180668588e-06 -5.253357296582971685e+03 -1.943515160409194041e-05 8.919735699452521658e+03 2.499854584921300105e-05 1.219373245837266557e+06 0.000000000000000000e+00 -4.056441548046064418e+04 0.000000000000000000e+00 4.006177685482348897e+04
3.275181733526948968e-01 3.507092280636801281e-06 -3.934510181414290855e+03 -5.260638420955201709e-06 8.674256941873380129e+03 1.611183502637911951e-05 1.204660896556830732e+06 0.000000000000000000e+00 -5.205618778230284806e+04 0.000000000000000000e+00 1.554123302480562779e+04
3.325123842131759710e-01 -1.243973331435637050e-05 -2.669196865242801323e+03 -1.605351059003531640e-05 8.531882544455020252e+03 -2.677322491260218654e-05 1.174064946903048549e+06 0.000000000000000000e+00 -7.254299943958653603e+04 0.000000000000000000e+00 5.673531768326854944e+04
3.374959366892091861e-01 2.290181562686122878e-06 -3.895746347615878221e+03 3.854390538507690458e-06 6.431632834670497687e+03 -6.862793139818650948e-06 1.166685680412010057e+06 0.000000000000000000e+00 -6.135853526258627971e+04 0.000000000000000000e+00 5.360585558630838204e+04
3.424919221947719805e-01 4.671652193117703064e-06 -3.085164140046171269e+03 -6.340099404945453553e-06 7.877912008600788795e+03 1.254387446453424993e-05 1.146358121761161601e+06 0.000000000000000000e+00 -5.686227050812991365e+04 0.000000000000000000e+00 6.234631881255782355e+04
3.475179778446125245e-01 6.951630499150520569e-06 -3.796469043029372187e+03 -1.907012118857614075e-05 6.500752376907243161e+03 3.111133830317615014e-05 1.134725691769856494e+06 0.000000000000000000e+00 -7.427473610611951153e+04 0.000000000000000000e+00 6.374948684941352985e+04
3.525052850529177828e-01 3.180883761775507126e-06 -2.030000191601468941e+03 -1.050939046782691926e-05 7.362155644259939436e+03 2.611755049497046155e-06 1.115834765958805801e+06 0.000000000000000000e+00 -6.195618559795625333e+04 0.000000000000000000e+00 2.197093942200223682e+04
3.575133254796376558e-01 -9.303731767979091420e-06 -2.221938423097853047e+03 1.223407045435384131e-05 6.266268151543255044e+03 -1.905936442533206574e-05 1.103751745476006297e+06 0.000000000000000000e+00 -6.993126282468900899e+04 0.000000000000000000e+00 5.516326245679116983e+04
3.625250227669692404e-01 1.123465968980575192e-05 -2.303131697033579258e+03 -1.841072504140942636e-05 4.961261496762535899e+03 6.101126054058123168e-05 1.090105282939316239e+06 0.000000000000000000e+00 -7.948909092004215927e+04 0.000000000000000000e+00 5.780540906489986082e+04
3.675230446100045678e-01 -4.022467266656460356e-06 -1.953565718201634581e+03 1.335957491306344691e-05 4.629818107589907413e+03 -1.132609312007450703e-05 1.075837755761141423e+06 0.000000000000000000e+00 -7.073719198944368691e+04 0.000000000000000000e+00 4.445011336380668945e+04
3.725177060730277545e-01 1.751938271913774410e-06 -2.469845045457144806e+03 -2.094997100856252562e-05 4.240435931156727747e+03 2.513874373936831865e-05 1.069560944593744818e+06 0.000000000000000000e+00 -7.774663205443421612e+04 0.000000000000000000e+00 4.378217348047344422e+04
3.775163034622419089e-01 8.715399946387074613e-06 -1.188969873328690255e+03 -1.093339095070713931e-05 5.111119410292302746e+03 1.992635542600295891e-05 1.054742270540128695e+06 0.000000000000000000e+00 -8.083177272257121513e+04 0.000000000000000000e+00 6.540662044807303755e+04
3.825226892977953153e-01 -6.682524809966216062e-06 -1.779062270270270346e+03 3.100420977618243170e-06 5.629294702702703034e+03 -1.883532549883868275e-05 1.039969418378378381e+06 0.000000000000000000e+00 -7.636570637837838149e+04 0.000000000000000000e+00 6.325076410810810921e+04
3.875130067694269043e-01 2.212444020021074817e-06 -1.307742255005268817e+03 -4.913683811907271281e-06 5.504389884088514918e+03 7.782143209957850409e-07 1.028111106427818770e+06 0.000000000000000000e+00 -7.547410073761854437e+04 0.000000000000000000e+00 5.015748113804004242e+04
3.924957861003909865e-01 -5.154193351140862265e-06 -1.083494274772310519e+03 8.359850191484568540e-06 5.194302449071541560e+03 -8.872126725774789085e-06 1.022746615827245638e+06 0.000000000000000000e+00 -7.550842138190713013e+04 0.000000000000000000e+00 6.735105672448749829e+04
3.975064703251052212e-01 -6.337582669908927997e-07 -1.873530314106932792e+03 -2.548646014032587887e-07 4.461359866179294841e+03 -8.562921214802367291e-07 1.011687892447803752e+06 0.000000000000000000e+00 -8.240183383929125557e+04 0.000000000000000000e+00 6.513060613344898593e+04
