3.798113400606732779e-03 1.887682236842105340e+04 0.000000000000000000e+00 8.537528782894736423e+02 0.000000000000000000e+00 -1.620327631578947330e+04
8.299341265228576958e-03 2.721760937500000000e+04 0.000000000000000000e+00 1.204356054687500000e+04 0.000000000000000000e+00 -1.607765429687500000e+04
1.293222767532251419e-02 3.634369426751592255e+04 0.000000000000000000e+00 1.816005254777070149e+04 0.000000000000000000e+00 -1.527663853503184873e+04
1.764839556552980082e-02 4.003902739726027357e+04 0.000000000000000000e+00 2.248229623287670984e+04 0.000000000000000000e+00 8.310988013698630311e+03
2.256548662787912635e-02 3.719232514177693520e+04 0.000000000000000000e+00 2.610442344045368736e+04 0.000000000000000000e+00 -2.802759333648393181e+02
2.777643688250242340e-02 3.405702926829268108e+04 0.000000000000000000e+00 2.384075121951219626e+04 0.000000000000000000e+00 1.266780243902438997e+04
3.269804980233311648e-02 2.813108599999999933e+04 0.000000000000000000e+00 1.619928200000000106e+04 0.000000000000000000e+00 8.716189375000000155e+02
3.761648458559932462e-02 2.626811328388401671e+04 0.000000000000000000e+00 1.447063924477410546e+04 0.000000000000000000e+00 9.346127781523937301e+02
4.263843696389812976e-02 2.313675669642856883e+04 0.000000000000000000e+00 1.314714285714285688e+04 0.000000000000000000e+00 -8.628357979910713311e+02
4.756514582339458480e-02 2.006027038813781110e+04 0.000000000000000000e+00 1.122279895333624154e+04 0.000000000000000000e+00 -1.878612952464020964e+03
5.262096060748640974e-02 1.867389185393258231e+04 0.000000000000000000e+00 9.211319522471909295e+03 0.000000000000000000e+00 9.989840238764044216e+02
5.756031740041873956e-02 1.768784777227722952e+04 0.000000000000000000e+00 9.598314975247525581e+03 0.000000000000000000e+00 1.599538888459158557e+02
6.254738279606215923e-02 1.703165464802550923e+04 0.000000000000000000e+00 9.704060829040960016e+03 0.000000000000000000e+00 1.555027348540593493e+03
6.757793472572401483e-02 1.589614059753954280e+04 0.000000000000000000e+00 8.671825131810192033e+03 0.000000000000000000e+00 3.993629173989455126e+02
7.255917516659465827e-02 1.444587241956481375e+04 0.000000000000000000e+00 6.694255532824995498e+03 0.000000000000000000e+00 1.826080993118839615e+02
7.753384299139773339e-02 1.389646468028121853e+04 0.000000000000000000e+00 7.324935386675594600e+03 0.000000000000000000e+00 1.362939738868429913e+03
8.251793356505521260e-02 1.257778669724770771e+04 0.000000000000000000e+00 6.876887041284404404e+03 0.000000000000000000e+00 4.510352637614678883e+02
8.752751931716111489e-02 1.178395542309187658e+04 0.000000000000000000e+00 6.545473111312686342e+03 0.000000000000000000e+00 8.846819359854866889e+02
9.254701955136974967e-02 1.042102005469462165e+04 0.000000000000000000e+00 5.182319963536919204e+03 0.000000000000000000e+00 7.966746809480400771e+02
9.754963178921903511e-02 9.962492201402701539e+03 0.000000000000000000e+00 5.139961478069716577e+03 0.000000000000000000e+00 -2.326750235528106430e+02
1.025319613041059119e-01 9.050182363977486602e+03 0.000000000000000000e+00 4.436757973733583640e+03 0.000000000000000000e+00 5.259939024390243958e+02
1.075116003998943526e-01 8.763385940730529910e+03 0.000000000000000000e+00 4.280669538249482684e+03 0.000000000000000000e+00 -1.938065558235699370e+02
1.125102861506304813e-01 8.171666383241864423e+03 0.000000000000000000e+00 4.172606322949679452e+03 0.000000000000000000e+00 7.059087114477854357e+02
1.175500852175193622e-01 7.827238230692647448e+03 0.000000000000000000e+00 3.411118190869008686e+03 0.000000000000000000e+00 2.915448193713554588e+02
1.225369446564099490e-01 7.612422906322410199e+03 0.000000000000000000e+00 3.868264812975835866e+03 0.000000000000000000e+00 2.520828368090036520e+02
1.275260957852891452e-01 7.290237691001697385e+03 0.000000000000000000e+00 3.449074702886247906e+03 0.000000000000000000e+00 2.634983628425903248e+02
1.325302087090364789e-01 7.020177543347735991e+03 0.000000000000000000e+00 2.932554626564166028e+03 0.000000000000000000e+00 1.670835390831041991e+02
1.375062694904859717e-01 6.647069060190074197e+03 0.000000000000000000e+00 2.875847518479408791e+03 0.000000000000000000e+00 5.691265575501583953e+02
1.425134422753508989e-01 6.356246496448454309e+03 0.000000000000000000e+00 2.633661163371088605e+03 0.000000000000000000e+00 1.201781172009982726e+02
1.475259222195813014e-01 6.091308761219190274e+03 0.000000000000000000e+00 2.817503667593056434e+03 0.000000000000000000e+00 2.633504032074354200e+02
1.525299430011916868e-01 5.754397700371998326e+03 0.000000000000000000e+00 2.477122590463307461e+03 0.000000000000000000e+00 2.468626881129523198e+01
1.574945685492469272e-01 5.492669227969425265e+03 0.000000000000000000e+00 2.216430784163060252e+03 0.000000000000000000e+00 9.414836009220688595e+01
1.625189323163163113e-01 5.224785401459854256e+03 0.000000000000000000e+00 2.144420437956204751e+03 0.000000000000000000e+00 2.614986313868613479e+02
1.675461007718098694e-01 5.048687357630979022e+03 0.000000000000000000e+00 2.133626138952163728e+03 0.000000000000000000e+00 -2.244529637225939567e+00
1.725292014006662711e-01 4.853112173253783112e+03 0.000000000000000000e+00 1.973604904901605551e+03 0.000000000000000000e+00 2.096225895770841134e+02
1.775301965061671094e-01 4.707954568399797608e+03 0.000000000000000000e+00 1.935183619384149324e+03 0.000000000000000000e+00 2.735861307420494768e+02
1.825147654490652804e-01 4.584132588850483444e+03 0.000000000000000000e+00 1.808318945906821455e+03 0.000000000000000000e+00 2.813879582853260217e+02
1.875360723572403465e-01 4.441364022346368984e+03 0.000000000000000000e+00 1.726523575418994369e+03 0.000000000000000000e+00 2.107393156424581093e+02
1.925323683450522461e-01 4.301988218913998026e+03 0.000000000000000000e+00 1.594501338759772807e+03 0.000000000000000000e+00 8.831894612830673452e+01
1.975198663583639380e-01 4.217766738333122703e+03 0.000000000000000000e+00 1.536081649171620029e+03 0.000000000000000000e+00 1.203455925129631936e+02
2.025153694923672032e-01 4.059740229663225364e+03 0.000000000000000000e+00 1.483322493486442227e+03 0.000000000000000000e+00 4.565952487214127586e+01
2.075088499274508613e-01 3.961206714145045680e+03 0.000000000000000000e+00 1.451921591976001309e+03 0.000000000000000000e+00 1.070484783255856627e+02
2.125178062418619784e-01 3.831580031419096031e+03 0.000000000000000000e+00 1.388594519113283468e+03 0.000000000000000000e+00 1.960396229708500755e+02
2.175004174234404231e-01 3.707877451392980674e+03 0.000000000000000000e+00 1.268038633111691070e+03 0.000000000000000000e+00 -2.934816355946469102e+01
2.225093171556767890e-01 3.611088828037272833e+03 0.000000000000000000e+00 1.328043497961033154e+03 0.000000000000000000e+00 2.987315852721577585e+02
2.275289586476768322e-01 3.499443134853819174e+03 0.000000000000000000e+00 1.101838282565437112e+03 0.000000000000000000e+00 1.039546341650084287e+02
2.325285406108919262e-01 3.408567842395357729e+03 0.000000000000000000e+00 1.081787641205682803e+03 0.000000000000000000e+00 1.759611081803794832e+02
2.375276552426477672e-01 3.335277201617156152e+03 0.000000000000000000e+00 1.066501248022499567e+03 0.000000000000000000e+00 1.511979961328880222e+02
2.424991024241769377e-01 3.270780004389444912e+03 0.000000000000000000e+00 1.066625225803184094e+03 0.000000000000000000e+00 1.294670538382320615e+02
2.474998551644826128e-01 3.184047134165866282e+03 0.000000000000000000e+00 9.832461095100865123e+02 0.000000000000000000e+00 1.568298591098302950e+02
2.525200307756395035e-01 3.117176368697804264e+03 0.000000000000000000e+00 8.839960408289515499e+02 0.000000000000000000e+00 8.616962573461182728e+01
2.575182250600202005e-01 3.057395067431637017e+03 0.000000000000000000e+00 8.690331271887340563e+02 0.000000000000000000e+00 3.175881454437076101e+01
2.625255687975799335e-01 2.964899640554573125e+03 0.000000000000000000e+00 7.825087579163575811e+02 0.000000000000000000e+00 5.798964811433787503e+01
2.675305520911575030e-01 2.910794603775148062e+03 0.000000000000000000e+00 7.763033926623493244e+02 0.000000000000000000e+00 4.496100492260532100e+00
2.725404586615198799e-01 2.832686941344475599e+03 0.000000000000000000e+00 8.044199502829638959e+02 0.000000000000000000e+00 1.426815994076268055e+02
2.775333197047151201e-01 2.773517098767027619e+03 0.000000000000000000e+00 7.978405665985990254e+02 0.000000000000000000e+00 3.872192209269263685e+01
2.825123907298719983e-01 2.747774964490829461e+03 0.000000000000000000e+00 7.658178225159019803e+02 0.000000000000000000e+00 4.603036188476502133e+01
2.875104651677040102e-01 2.688237119325799540e+03 0.000000000000000000e+00 6.699037540701015132e+02 0.000000000000000000e+00 6.084130793909212542e+01
2.924971317655564174e-01 2.639878116727739325e+03 0.000000000000000000e+00 6.992585280144262470e+02 0.000000000000000000e+00 1.727643800067044921e+01
2.975058823671092867e-01 2.582403516561584183e+03 0.000000000000000000e+00 6.019725157623656742e+02 0.000000000000000000e+00 1.816123540316135276e+01
3.025121359101998753e-01 2.535941896156673010e+03 0.000000000000000000e+00 5.882858933898231726e+02 0.000000000000000000e+00 1.497557120314729140e+01
3.075010376196579687e-01 2.505163066311334205e+03 0.000000000000000000e+00 5.984751632962324948e+02 0.000000000000000000e+00 5.338809635784083696e+01
3.125134169243361515e-01 2.461190106575507798e+03 0.000000000000000000e+00 5.694024934647094369e+02 0.000000000000000000e+00 -2.238056002413030399e+01
3.175159688234982513e-01 2.425238694973033034e+03 0.000000000000000000e+00 5.191785128351230014e+02 0.000000000000000000e+00 -5.106918588087355459e+01
3.225221380836135188e-01 2.368789730035869525e+03 0.000000000000000000e+00 5.334019256182745039e+02 0.000000000000000000e+00 4.766631111950160715e+01
3.275181733526948968e-01 2.321341281007034468e+03 0.000000000000000000e+00 4.570230285079600208e+02 0.000000000000000000e+00 -5.593168733802295378e+01
3.325123842131759710e-01 2.311667737086027955e+03 0.000000000000000000e+00 4.570745705720665342e+02 0.000000000000000000e+00 5.288609374027060284e+01
3.374959366892091861e-01 2.273275969589742090e+03 0.000000000000000000e+00 4.460417965876046651e+02 0.000000000000000000e+00 3.380607767228392646e+01
3.424919221947719805e-01 2.227550192100942695e+03 0.000000000000000000e+00 4.375536090808324161e+02 0.000000000000000000e+00 -1.483566931135354139e+01
3.475179778446125245e-01 2.203857940993890224e+03 0.000000000000000000e+00 4.040396314568562843e+02 0.000000000000000000e+00 9.077284199692879918e-01
3.525052850529177828e-01 2.176654510617914639e+03 0.000000000000000000e+00 4.102125818297940327e+02 0.000000000000000000e+00 -5.334769679067539272e+01
3.575133254796376558e-01 2.135949414046033326e+03 0.000000000000000000e+00 3.956663779690505862e+02 0.000000000000000000e+00 -5.054341098788236231e+00
3.625250227669692404e-01 2.113662641168498794e+03 0.000000000000000000e+00 3.691199216985393718e+02 0.000000000000000000e+00 6.919560424823067990e-01
3.675230446100045678e-01 2.079074543081891534e+03 0.000000000000000000e+00 3.540932134811801575e+02 0.000000000000000000e+00 1.403101466074696191e+01
3.725177060730277545e-01 2.057842758305220741e+03 0.000000000000000000e+00 3.479397335468008805e+02 0.000000000000000000e+00 1.531294134884784874e+01
3.775163034622419089e-01 2.020813206363216295e+03 0.000000000000000000e+00 3.155331986401969289e+02 0.000000000000000000e+00 -4.094564321718923594e+00
3.825226892977953153e-01 2.009514810810810786e+03 0.000000000000000000e+00 3.049144594594594651e+02 0.000000000000000000e+00 4.812785810810810716e+01
3.875130067694269043e-01 1.994652265542676560e+03 0.000000000000000000e+00 3.058619863013698819e+02 0.000000000000000000e+00 5.498272523709167814e+01
3.924957861003909865e-01 1.975638374151192465e+03 0.000000000000000000e+00 2.915140733112348244e+02 0.000000000000000000e+00 3.368293373668458202e+01
3.975064703251052212e-01 1.956694628585589726e+03 0.000000000000000000e+00 3.140868347686017046e+02 0.000000000000000000e+00 7.145043677591228004e+01
