3.798113400606732779e-03 7.393768421052630583e+04 0.000000000000000000e+00 4.055640526315789321e+05 0.000000000000000000e+00 6.408361052631578641e+05 3.317979957894736528e+07 0.000000000000000000e+00 1.310355132631578892e+08 0.000000000000000000e+00 1.811099082105263174e+08
8.299341265228576958e-03 5.336579375000000000e+05 0.000000000000000000e+00 1.402571000000000000e+06 0.000000000000000000e+00 1.101165125000000000e+06 2.411772800000000000e+07 0.000000000000000000e+00 5.650972000000000000e+07 0.000000000000000000e+00 2.728800800000000000e+07
1.293222767532251419e-02 6.428547261146496749e+05 0.000000000000000000e+00 5.967096560509554110e+05 0.000000000000000000e+00 1.368817197452229448e+05 1.053776061146496795e+07 0.000000000000000000e+00 1.872108922292993590e+07 0.000000000000000000e+00 -2.527090547770700883e+06
1.764839556552980082e-02 9.289987945205478463e+05 0.000000000000000000e+00 4.877667397260273574e+05 0.000000000000000000e+00 5.016890958904109430e+05 5.787882520547945052e+06 0.000000000000000000e+00 1.084413282191780768e+07 0.000000000000000000e+00 2.710641643835616414e+05
2.256548662787912635e-02 8.521373156899811001e+05 0.000000000000000000e+00 4.300223818525520037e+05 0.000000000000000000e+00 -2.362328317580340372e+05 3.673758971644612495e+06 0.000000000000000000e+00 6.066716551984877326e+06 0.000000000000000000e+00 -2.319295637051039841e+06
2.777643688250242340e-02 7.114774634146341123e+05 0.000000000000000000e+00 5.412572097560975235e+05 0.000000000000000000e+00 9.532810731707316882e+04 2.330927141463414766e+06 0.000000000000000000e+00 4.968731785365853459e+06 0.000000000000000000e+00 3.944384000000000233e+05
3.269804980233311648e-02 6.147756160000000382e+05 0.000000000000000000e+00 4.271192320000000182e+05 0.000000000000000000e+00 -1.017665440000000090e+05 1.496712576000000117e+06 0.000000000000000000e+00 2.694006527999999933e+06 0.000000000000000000e+00 -4.774835840000000317e+05
3.761648458559932462e-02 5.206225219150370685e+05 0.000000000000000000e+00 3.819830289952798048e+05 0.000000000000000000e+00 1.591981658799730358e+05 9.376006041807146976e+05 0.000000000000000000e+00 1.733111886716115987e+06 0.000000000000000000e+00 -4.317188132164531271e+04
4.263843696389812976e-02 4.667190714285714203e+05 0.000000000000000000e+00 2.685458571428571013e+05 0.000000000000000000e+00 -3.353285044642857247e+04 7.111767857142856810e+05 0.000000000000000000e+00 1.272867285714285681e+06 0.000000000000000000e+00 -1.173183928571428551e+05
4.756514582339458480e-02 4.244713615351068438e+05 0.000000000000000000e+00 2.606393440907108597e+05 0.000000000000000000e+00 -3.632756737897950370e+04 5.106466498037505662e+05 0.000000000000000000e+00 8.865223061491496628e+05 0.000000000000000000e+00 -8.187750545137374138e+04
5.262096060748640974e-02 3.739462247191010974e+05 0.000000000000000000e+00 2.224718202247190929e+05 0.000000000000000000e+00 3.437570786516853696e+04 3.846708764044943964e+05 0.000000000000000000e+00 6.706306067415729631e+05 0.000000000000000000e+00 -8.679061797752809071e+03
5.756031740041873956e-02 3.480074851485148538e+05 0.000000000000000000e+00 1.847187128712871345e+05 0.000000000000000000e+00 -3.573822277227722952e+04 3.299632475247524562e+05 0.000000000000000000e+00 5.427274059405940352e+05 0.000000000000000000e+00 -2.824190841584158625e+04
6.254738279606215923e-02 3.266541790532253799e+05 0.000000000000000000e+00 1.777388942850134626e+05 0.000000000000000000e+00 3.574683836154034452e+03 2.557134677458915685e+05 0.000000000000000000e+00 3.765721697326465510e+05 0.000000000000000000e+00 -6.085479323031640524e+04
6.757793472572401483e-02 3.015723866432337090e+05 0.000000000000000000e+00 1.747595219683655305e+05 0.000000000000000000e+00 2.501827240773286394e+04 2.200001265377855743e+05 0.000000000000000000e+00 3.279368717047451646e+05 0.000000000000000000e+00 -3.109262741652020850e+03
7.255917516659465827e-02 2.839464682908685063e+05 0.000000000000000000e+00 1.402362715268737229e+05 0.000000000000000000e+00 4.247802120141343039e+03 1.850818820903849846e+05 0.000000000000000000e+00 2.671497593453598674e+05 0.000000000000000000e+00 1.357658471266505512e+04
7.753384299139773339e-02 2.662833451623703004e+05 0.000000000000000000e+00 1.536146019417475909e+05 0.000000000000000000e+00 2.866197254770672953e+04 1.614256551724137971e+05 0.000000000000000000e+00 2.255150023434884497e+05 0.000000000000000000e+00 1.806408972212922890e+04
8.251793356505521260e-02 2.394730458715596469e+05 0.000000000000000000e+00 1.280997981651376176e+05 0.000000000000000000e+00 -1.070028555045871690e+04 1.421834862385321176e+05 0.000000000000000000e+00 1.845513944954128528e+05 0.000000000000000000e+00 -4.124013761467889708e+03
8.752751931716111489e-02 2.158129760269534891e+05 0.000000000000000000e+00 1.211948021251781902e+05 0.000000000000000000e+00 2.292782169236750269e+04 1.249728920564986474e+05 0.000000000000000000e+00 1.565526582868990663e+05 0.000000000000000000e+00 1.513645406245950653e+04
9.254701955136974967e-02 1.951813600729261525e+05 0.000000000000000000e+00 1.067810902461257938e+05 0.000000000000000000e+00 2.792359617137648002e+03 1.115768751139471278e+05 0.000000000000000000e+00 1.331378523245214310e+05 0.000000000000000000e+00 9.366224247948952325e+03
9.754963178921903511e-02 1.779217552601277130e+05 0.000000000000000000e+00 8.271669381346173759e+04 0.000000000000000000e+00 -5.108013817648906297e+03 9.954213503611431224e+04 0.000000000000000000e+00 1.122535010991311574e+05 0.000000000000000000e+00 1.015930325552182512e+04
1.025319613041059119e-01 1.657015234521575912e+05 0.000000000000000000e+00 8.175439849906190648e+04 0.000000000000000000e+00 7.443108442776735501e+03 8.972355121951219917e+04 0.000000000000000000e+00 9.051399924953095615e+04 0.000000000000000000e+00 4.098632645403376955e+03
1.075116003998943526e-01 1.507473025499655341e+05 0.000000000000000000e+00 6.425788559614059341e+04 0.000000000000000000e+00 -6.073994486560992300e+03 8.243100206753962266e+04 0.000000000000000000e+00 7.732712887663679430e+04 0.000000000000000000e+00 6.459764300482425824e+03
1.125102861506304813e-01 1.456503263507768570e+05 0.000000000000000000e+00 6.043890484656412445e+04 0.000000000000000000e+00 8.327910953080312538e+03 7.900416356187679048e+04 0.000000000000000000e+00 7.440345551518899447e+04 0.000000000000000000e+00 8.577058668934065281e+03
1.175500852175193622e-01 1.411065282321149134e+05 0.000000000000000000e+00 6.349186858199402923e+04 0.000000000000000000e+00 2.199215474327976153e+03 7.270984838572038279e+04 0.000000000000000000e+00 6.164239055610866490e+04 0.000000000000000000e+00 3.095935713269805092e+03
1.225369446564099490e-01 1.327938182058921084e+05 0.000000000000000000e+00 5.250274001986097574e+04 0.000000000000000000e+00 -6.645305527970871253e+02 6.920293518702416623e+04 0.000000000000000000e+00 5.772411042701092811e+04 0.000000000000000000e+00 4.630529228732208139e+03
1.275260957852891452e-01 1.297495144312393822e+05 0.000000000000000000e+00 5.707192238661168813e+04 0.000000000000000000e+00 2.809318457433907042e+03 6.656991122968711716e+04 0.000000000000000000e+00 5.107251224836284382e+04 0.000000000000000000e+00 1.766296143584768288e+03
1.325302087090364789e-01 1.239783536277425446e+05 0.000000000000000000e+00 4.707803512709724600e+04 0.000000000000000000e+00 -3.847608551708658069e+03 6.226920240166095755e+04 0.000000000000000000e+00 4.292598978732955584e+04 0.000000000000000000e+00 9.919052802873014798e+02
1.375062694904859717e-01 1.170938728616684239e+05 0.000000000000000000e+00 5.006135417106652312e+04 0.000000000000000000e+00 7.493842449841605230e+03 6.082001774023230973e+04 0.000000000000000000e+00 4.243740316789862845e+04 0.000000000000000000e+00 8.485225765575502010e+03
1.425134422753508989e-01 1.112039992320982856e+05 0.000000000000000000e+00 4.331641697062776075e+04 0.000000000000000000e+00 1.380599443271261180e+03 5.763039662123248127e+04 0.000000000000000000e+00 3.781241082741408900e+04 0.000000000000000000e+00 2.501768861585716877e+03
1.475259222195813014e-01 1.062973606086837681e+05 0.000000000000000000e+00 4.434666690965419548e+04 0.000000000000000000e+00 3.761403617476878026e+03 5.503840794569228456e+04 0.000000000000000000e+00 3.479109280605038657e+04 0.000000000000000000e+00 2.881408720215044013e+03
1.525299430011916868e-01 9.922788772404463089e+04 0.000000000000000000e+00 4.480235644234020583e+04 0.000000000000000000e+00 7.804321947920188904e+02 5.312156915793033113e+04 0.000000000000000000e+00 3.346694352384172817e+04 0.000000000000000000e+00 3.438778491714575466e+03
1.574945685492469272e-01 9.445864747037649795e+04 0.000000000000000000e+00 3.925702592308002932e+04 0.000000000000000000e+00 8.522395761717959886e+02 5.015590471953734232e+04 0.000000000000000000e+00 2.936739661099202931e+04 0.000000000000000000e+00 5.492845068144133620e+02
1.625189323163163113e-01 8.867726948905110476e+04 0.000000000000000000e+00 3.718616058394160791e+04 0.000000000000000000e+00 3.045996496350365305e+03 4.888963270072993328e+04 0.000000000000000000e+00 2.638478248175182671e+04 0.000000000000000000e+00 2.331510218978102330e+03
1.675461007718098694e-01 8.616439179954442079e+04 0.000000000000000000e+00 3.388782004555808817e+04 0.000000000000000000e+00 -3.882137670842824377e+02 4.664984054669703619e+04 0.000000000000000000e+00 2.507316856492027364e+04 0.000000000000000000e+00 1.220866173120728945e+03
1.725292014006662711e-01 8.205559046708639653e+04 0.000000000000000000e+00 3.053480568282955210e+04 0.000000000000000000e+00 5.705215940930217585e+03 4.623272070409071603e+04 0.000000000000000000e+00 2.436033833272901393e+04 0.000000000000000000e+00 3.182031183043808142e+03
1.775301965061671094e-01 8.006136698637051450e+04 0.000000000000000000e+00 3.108005249873801222e+04 0.000000000000000000e+00 2.254797324583543741e+03 4.487418879353861848e+04 0.000000000000000000e+00 2.337981019687026856e+04 0.000000000000000000e+00 1.708706335184250293e+03
1.825147654490652804e-01 7.810521504328044830e+04 0.000000000000000000e+00 3.088041123814588354e+04 0.000000000000000000e+00 6.681036367396378637e+02 4.362314798073798738e+04 0.000000000000000000e+00 1.891095725132204825e+04 0.000000000000000000e+00 1.210710508434518033e+03
1.875360723572403465e-01 7.585822033519552497e+04 0.000000000000000000e+00 2.831683039106145225e+04 0.000000000000000000e+00 3.974568044692737658e+03 4.288912089385474974e+04 0.000000000000000000e+00 1.898521385474860290e+04 0.000000000000000000e+00 2.739661229050279417e+03
1.925323683450522461e-01 7.332201777872978710e+04 0.000000000000000000e+00 2.427806790189568346e+04 0.000000000000000000e+00 4.987622898147156434e+02 4.145174167291421327e+04 0.000000000000000000e+00 1.816977273214094384e+04 0.000000000000000000e+00 1.666546213987362080e+03
1.975198663583639380e-01 7.108653456431010272e+04 0.000000000000000000e+00 2.504431941317819656e+04 0.000000000000000000e+00 4.318173972429493006e+03 4.071496587833564990e+04 0.000000000000000000e+00 1.728124163399519239e+04 0.000000000000000000e+00 2.212818009358795734e+03
2.025153694923672032e-01 6.860440567403261957e+04 0.000000000000000000e+00 2.311272179870693799e+04 0.000000000000000000e+00 1.158528321914503522e+03 3.973225359451896657e+04 0.000000000000000000e+00 1.622673125542796515e+04 0.000000000000000000e+00 2.721262665251375097e+02
2.075088499274508613e-01 6.599734988206737034e+04 0.000000000000000000e+00 2.222035182852824801e+04 0.000000000000000000e+00 1.032396528429778527e+03 3.883959202180036664e+04 0.000000000000000000e+00 1.525605734044745805e+04 0.000000000000000000e+00 2.092373079301106031e+02
2.125178062418619784e-01 6.358753010996683588e+04 0.000000000000000000e+00 2.273161110141385871e+04 0.000000000000000000e+00 2.078187816372840189e+03 3.820908081689649407e+04 0.000000000000000000e+00 1.504057531855472189e+04 0.000000000000000000e+00 1.056548525048001466e+03
2.175004174234404231e-01 6.187694099823247234e+04 0.000000000000000000e+00 2.102169985691440161e+04 0.000000000000000000e+00 3.163234365794125438e+02 3.730195101422439620e+04 0.000000000000000000e+00 1.337263866677889200e+04 0.000000000000000000e+00 4.405089218079286297e+02
2.225093171556767890e-01 6.004732893363015319e+04 0.000000000000000000e+00 2.044503016095033672e+04 0.000000000000000000e+00 2.631884005437245378e+03 3.663170071511593414e+04 0.000000000000000000e+00 1.330561147337522925e+04 0.000000000000000000e+00 1.196923937668682584e+03
2.275289586476768322e-01 5.897221368437165074e+04 0.000000000000000000e+00 1.879945262513393754e+04 0.000000000000000000e+00 1.185430353589468950e+03 3.542199663248124853e+04 0.000000000000000000e+00 1.180420633705801447e+04 0.000000000000000000e+00 -3.096219003520587876e+02
2.325285406108919262e-01 5.658359529223437130e+04 0.000000000000000000e+00 1.952397693413130037e+04 0.000000000000000000e+00 2.638178305713714053e+03 3.481888257872046233e+04 0.000000000000000000e+00 1.174352092845578773e+04 0.000000000000000000e+00 6.333173012205992336e+02
2.375276552426477672e-01 5.523931460713658453e+04 0.000000000000000000e+00 1.765583940938653541e+04 0.000000000000000000e+00 1.760112075936016936e+03 3.445274234487607464e+04 0.000000000000000000e+00 1.079465691685709317e+04 0.000000000000000000e+00 4.072588504130778801e+02
2.424991024241769377e-01 5.359002772103388270e+04 0.000000000000000000e+00 1.607270757854574367e+04 0.000000000000000000e+00 1.964678878327959183e+03 3.391443553424611309e+04 0.000000000000000000e+00 1.067342542163996404e+04 0.000000000000000000e+00 -3.253070754478077902e+02
2.474998551644826128e-01 5.212929311559398047e+04 0.000000000000000000e+00 1.495570566762728231e+04 0.000000000000000000e+00 1.571395068844060233e+03 3.364570579570925474e+04 0.000000000000000000e+00 1.100827358309317970e+04 0.000000000000000000e+00 4.580134165866154490e+02
2.525200307756395035e-01 5.112685431487782625e+04 0.000000000000000000e+00 1.409069075162387890e+04 0.000000000000000000e+00 8.306385400556758896e+02 3.296603179709248798e+04 0.000000000000000000e+00 9.749246891432107077e+03 0.000000000000000000e+00 -2.715688833900402415e+02
2.575182250600202005e-01 4.985405534609939787e+04 0.000000000000000000e+00 1.561016031592280706e+04 0.000000000000000000e+00 2.470533760524550871e+03 3.256366923478131139e+04 0.000000000000000000e+00 9.427633469935175526e+03 0.000000000000000000e+00 -5.251444154682959606e+02
2.625255687975799335e-01 4.892867005191989301e+04 0.000000000000000000e+00 1.343364911279739863e+04 0.000000000000000000e+00 2.434841786957265867e+03 3.213814024077137947e+04 0.000000000000000000e+00 9.099496776402122123e+03 0.000000000000000000e+00 9.101268899412335713e+02
2.675305520911575030e-01 4.800074762845030637e+04 0.000000000000000000e+00 1.295016020215130811e+04 0.000000000000000000e+00 8.147978072658482915e+02 3.157909401969041937e+04 0.000000000000000000e+00 8.295783377749547071e+03 0.000000000000000000e+00 2.160842711368249525e+02
2.725404586615198799e-01 4.651426371185274911e+04 0.000000000000000000e+00 1.166181160416776765e+04 0.000000000000000000e+00 1.845639815941185816e+03 3.113762310255460761e+04 0.000000000000000000e+00 8.312334690855237568e+03 0.000000000000000000e+00 4.780140159729200491e+02
2.775333197047151201e-01 4.556110155866311834e+04 0.000000000000000000e+00 1.120541949492077401e+04 0.000000000000000000e+00 1.107400625533124867e+03 3.050851727970636057e+04 0.000000000000000000e+00 7.897591232196861711e+03 0.000000000000000000e+00 1.579258536459275604e+02
2.825123907298719983e-01 4.462321091829803481e+04 0.000000000000000000e+00 1.098017484098067143e+04 0.000000000000000000e+00 1.086751164083245840e+03 3.042758485765454316e+04 0.000000000000000000e+00 7.224427345149139001e+03 0.000000000000000000e+00 -2.434716235410362515e+02
2.875104651677040102e-01 4.370808350890634028e+04 0.000000000000000000e+00 1.093212104960735451e+04 0.000000000000000000e+00 1.190368703313541346e+03 2.996532465045010395e+04 0.000000000000000000e+00 7.352099597778203133e+03 0.000000000000000000e+00 -1.598957575177169019e+02
2.924971317655564174e-01 4.254626251603879064e+04 0.000000000000000000e+00 9.439326405345107560e+03 0.000000000000000000e+00 -2.056641505508097225e+02 2.945077159601890889e+04 0.000000000000000000e+00 6.992966003537203505e+03 0.000000000000000000e+00 -1.096832560774023477e+03
2.975058823671092867e-01 4.174700790338336083e+04 0.000000000000000000e+00 9.553990586981617525e+03 0.000000000000000000e+00 1.935833052126809207e+03 2.917907255128318866e+04 0.000000000000000000e+00 6.513812982861201817e+03 0.000000000000000000e+00 9.142907490453778507e+01
3.025121359101998753e-01 4.081136760191950452e+04 0.000000000000000000e+00 9.620974104016255296e+03 0.000000000000000000e+00 6.470924733042237449e+02 2.898432199213177228e+04 0.000000000000000000e+00 6.940575331805801397e+03 0.000000000000000000e+00 -1.852844451169426350e+02
3.075010376196579687e-01 3.992072588179965533e+04 0.000000000000000000e+00 9.165124397763494926e+03 0.000000000000000000e+00 1.669603553326017845e+03 2.837487037675706961e+04 0.000000000000000000e+00 6.615645587082615748e+03 0.000000000000000000e+00 1.323579557924439598e+02
3.125134169243361515e-01 3.931992439171526348e+04 0.000000000000000000e+00 8.210822280313694137e+03 0.000000000000000000e+00 3.988012869495274799e+02 2.805548425497687640e+04 0.000000000000000000e+00 5.699668449627991322e+03 0.000000000000000000e+00 -6.327647295395133824e+02
3.175159688234982513e-01 3.848770912949081685e+04 0.000000000000000000e+00 8.091169081745930271e+03 0.000000000000000000e+00 -1.815057323338998572e+02 2.795652487940977153e+04 0.000000000000000000e+00 6.239233881187924453e+03 0.000000000000000000e+00 -5.186098967492214342e+02
3.225221380836135188e-01 3.743887151217670907e+04 0.000000000000000000e+00 7.012583424579951497e+03 0.000000000000000000e+00 8.226288842741174676e+02 2.764781876533887407e+04 0.000000000000000000e+00 6.045625825939211609e+03 0.000000000000000000e+00 -1.555687275816499948e+02
3.275181733526948968e-01 3.711748122917438013e+04 0.000000000000000000e+00 7.534215771936319470e+03 0.000000000000000000e+00 5.318466864124397944e+02 2.744786553128470769e+04 0.000000000000000000e+00 5.586252795261014398e+03 0.000000000000000000e+00 -8.504211032950759090e+02
3.325123842131759710e-01 3.621915062668457540e+04 0.000000000000000000e+00 7.239905423556935602e+03 0.000000000000000000e+00 5.802564380832080815e+02 2.719225227501178597e+04 0.000000000000000000e+00 5.512434880845424232e+03 0.000000000000000000e+00 -3.083082451942321995e+02
3.374959366892091861e-01 3.580670959604807285e+04 0.000000000000000000e+00 6.738106015485408534e+03 0.000000000000000000e+00 7.951785026100970981e+02 2.691407742703990516e+04 0.000000000000000000e+00 5.454220789685737145e+03 0.000000000000000000e+00 -7.163072557194408319e+02
3.424919221947719805e-01 3.524210412621156865e+04 0.000000000000000000e+00 6.038948236921718490e+03 0.000000000000000000e+00 3.992395969630549502e+01 2.650138609372526116e+04 0.000000000000000000e+00 5.038619206760619818e+03 0.000000000000000000e+00 -3.866632774671011816e+02
3.475179778446125245e-01 3.455425386349527980e+04 0.000000000000000000e+00 5.706056784395726027e+03 0.000000000000000000e+00 9.025110595615382181e+02 2.635482236089783328e+04 0.000000000000000000e+00 4.676593459012643507e+03 0.000000000000000000e+00 -2.530951579703989296e+02
3.525052850529177828e-01 3.429916857735909434e+04 0.000000000000000000e+00 5.282395273830432416e+03 0.000000000000000000e+00 -7.610033530257065593e+01 2.594376062589813228e+04 0.000000000000000000e+00 4.717461663739421965e+03 0.000000000000000000e+00 -9.733430624301453236e+02
3.575133254796376558e-01 3.344020332487679116e+04 0.000000000000000000e+00 6.012960182722597892e+03 0.000000000000000000e+00 6.461977297637023412e+02 2.591075104812563950e+04 0.000000000000000000e+00 4.827553096090318832e+03 0.000000000000000000e+00 -4.061632086823892109e+02
3.625250227669692404e-01 3.296316289715404127e+04 0.000000000000000000e+00 4.525920313205841921e+03 0.000000000000000000e+00 -2.242366962806806043e+02 2.553845167896401108e+04 0.000000000000000000e+00 4.751005450986296637e+03 0.000000000000000000e+00 -1.427009034783918082e+02
3.675230446100045678e-01 3.261929608001808083e+04 0.000000000000000000e+00 4.723190575129949138e+03 0.000000000000000000e+00 4.921611151207634407e+02 2.546377610101407845e+04 0.000000000000000000e+00 4.701410726913515646e+03 0.000000000000000000e+00 -2.492095444305929277e+02
3.725177060730277545e-01 3.225878849562582400e+04 0.000000000000000000e+00 4.462848647721425550e+03 0.000000000000000000e+00 6.162550174395335034e+02 2.529701275087197791e+04 0.000000000000000000e+00 4.526806106695637936e+03 0.000000000000000000e+00 -2.076071673623420679e+02
3.775163034622419089e-01 3.147473405920521691e+04 0.000000000000000000e+00 4.381747305562642396e+03 0.000000000000000000e+00 6.929474765723584824e+02 2.503185938588204590e+04 0.000000000000000000e+00 4.328979665014032435e+03 0.000000000000000000e+00 -4.603364202425855751e+02
3.825226892977953153e-01 3.117949924324324456e+04 0.000000000000000000e+00 3.735947243243243065e+03 0.000000000000000000e+00 7.888136216216215644e+02 2.492707632432432365e+04 0.000000000000000000e+00 4.163145081081081116e+03 0.000000000000000000e+00 -6.985788006756756374e+00
3.875130067694269043e-01 3.076217323498419501e+04 0.000000000000000000e+00 3.707525816649104399e+03 0.000000000000000000e+00 4.349552423603793727e+02 2.462798061116965255e+04 0.000000000000000000e+00 4.024141622760801056e+03 0.000000000000000000e+00 -4.947420969441517400e+02
3.924957861003909865e-01 3.034715103144208842e+04 0.000000000000000000e+00 3.642646104334953179e+03 0.000000000000000000e+00 1.146956187043414047e+03 2.452686790461172131e+04 0.000000000000000000e+00 3.921293779165192063e+03 0.000000000000000000e+00 5.343067486242075574e+02
3.975064703251052212e-01 3.018636981599653154e+04 0.000000000000000000e+00 3.510956099374264340e+03 0.000000000000000000e+00 1.669824471841893455e+03 2.435526046713339019e+04 0.000000000000000000e+00 3.937422266278421830e+03 0.000000000000000000e+00 2.969323461991202784e+00
