3.798113400606732779e-03 -9.637129934210526458e-05 -2.159244421052631456e+06 1.381321957236842062e-04 -1.684142736842105165e+06 -1.453600431743420896e-04
8.299341265228576958e-03 3.623962402343750000e-05 -1.150488750000000000e+06 -7.534027099609375000e-05 -1.610373593750000000e+05 7.843971252441406250e-05
1.293222767532251419e-02 1.866042993630573512e-05 -1.267754394904458662e+06 -3.576582404458598610e-05 1.979702675159235660e+05 8.747076532643312870e-05
1.764839556552980082e-02 3.804246040239725647e-05 -8.325383561643834691e+05 -1.118281116224314998e-04 -1.815882328767123108e+05 9.076889247110444723e-05
2.256548662787912635e-02 2.388332201086956625e-05 -7.032854744801511988e+05 -7.263068215382797283e-05 -1.529597164461247667e+04 1.013743178830931076e-04
2.777643688250242340e-02 2.768911966463414722e-05 -5.719208585365853505e+05 -6.445907964939024694e-05 -1.485929756097561039e+05 6.605939167301829037e-05
3.269804980233311648e-02 -2.746582031250000068e-05 -3.942076159999999800e+05 3.057861328125000005e-05 -3.570377199999999721e+04 -4.460144042968750065e-05
3.761648458559932462e-02 1.720343581422791455e-05 -2.767645906945380848e+05 -3.148475693273769256e-05 -1.521976129467296050e+04 4.777245962049056174e-05
4.263843696389812976e-02 1.757485525948660569e-05 -2.129222857142857101e+05 -4.066739763532365684e-05 -4.253219196428571013e+04 7.866110120500836086e-05
4.756514582339458480e-02 8.304827191452245866e-06 -1.672343445268207579e+05 -1.778084796118621839e-05 -1.433917575228957685e+04 -4.445211990296554597e-06
5.262096060748640974e-02 -4.800517907303370653e-06 -1.377701797752809071e+05 9.258141678370785413e-06 -1.839381601123595465e+04 -2.374541893433988635e-05
5.756031740041873956e-02 4.796698541924504976e-06 -1.211211683168316813e+05 -7.157278533029084586e-06 -1.776387252475247442e+04 1.180762111550510510e-05
6.254738279606215923e-02 -3.637856995033112103e-06 -1.021253588422859902e+05 8.855112808897472928e-06 -1.823774736325729464e+04 -2.766754921376778149e-05
6.757793472572401483e-02 -4.558864922012302420e-06 -8.380015465729348944e+04 1.037812191069859367e-05 -5.970693760984182518e+03 -1.199383727276471738e-05
7.255917516659465827e-02 2.315635461223730730e-06 -7.110203607959828514e+04 -1.237275810163660105e-05 -7.078158080714152675e+03 1.452380182664590013e-05
7.753384299139773339e-02 -5.476204176431202539e-06 -5.933909340475393401e+04 7.805634311181788428e-06 -8.331799799129561507e+03 -1.276078174694509600e-05
8.251793356505521260e-02 -3.219744481077981830e-06 -5.251961926605505141e+04 6.159511181192660892e-06 -6.685567087155963236e+03 -5.398321589198681651e-06
8.752751931716111489e-02 -6.010978197486069566e-07 -4.201707813917325984e+04 3.543313463781262372e-06 -7.492633925100428314e+03 -4.571507102824932072e-06
9.254701955136974967e-02 2.312464614075319127e-07 -3.606634822242479277e+04 4.707517250081899543e-06 -5.296427529626253090e+03 -2.404832796498440137e-06
9.754963178921903511e-02 2.632312820579922487e-06 -3.040474657175756147e+04 -6.695786009630482920e-06 -5.575544017586098562e+03 9.852005750811263350e-06
1.025319613041059119e-01 2.129932281894934173e-06 -2.760965403377110852e+04 1.545918591697936182e-06 -4.245054784240150184e+03 3.867659291451688863e-06
1.075116003998943526e-01 -1.393376671799620961e-06 -2.317302825637491333e+04 1.380231608858115131e-06 -3.248395244658855972e+03 -3.998070893659006955e-06
1.125102861506304813e-01 -1.028496874275334274e-06 -2.042659534668006745e+04 -1.920175357018628926e-06 -3.450132488212104818e+03 -3.707070729182770717e-06
1.175500852175193622e-01 -1.397619137569335773e-06 -1.759942995306499870e+04 3.823920683846537110e-06 -2.183952780543308108e+03 -6.787350703024996811e-06
1.225369446564099490e-01 2.020362669645812784e-09 -1.555318636213174614e+04 3.828587258978815087e-07 -1.943520556107249377e+03 -1.156910173705933610e-06
1.275260957852891452e-01 -5.181252652801358425e-07 -1.384270482658258516e+04 -4.367055807361144640e-07 -1.891325369876303512e+03 -9.964659119762611827e-07
1.325302087090364789e-01 5.514090206077099597e-07 -1.236607956904775165e+04 -3.351265383010212569e-06 -1.485899332248470955e+03 6.231178800423306321e-06
1.375062694904859717e-01 8.145003031777982855e-07 -1.064435058078141446e+04 -2.526078833446079764e-06 -1.881695459345300833e+03 9.894245151733269705e-07
1.425134422753508989e-01 -6.092970099827222117e-07 -9.930395853330774116e+03 -1.571576181998704161e-06 -2.029897293146477296e+03 4.811762024148409197e-06
1.475259222195813014e-01 0.000000000000000000e+00 -8.462012847965739638e+03 -7.341237072303977385e-07 -1.417122055674518151e+03 -4.393619156909198482e-07
1.525299430011916868e-01 9.469015194348156746e-07 -7.634692593845113151e+03 -7.985450143462546604e-07 -1.216325667906662147e+03 2.370156425860510927e-06
1.574945685492469272e-01 -2.172157459457273262e-07 -6.724015044283576572e+03 6.911410098273142196e-08 -1.259230395923484366e+03 3.463110131384721032e-06
1.625189323163163113e-01 -2.338938469434306836e-07 -6.203076204379563023e+03 -8.275387060903285746e-07 -1.227449927007299266e+03 -6.167557987853558485e-07
1.675461007718098694e-01 1.781350659346526004e-07 -5.583998291571753725e+03 -5.474394709211275450e-07 -7.458234624145785574e+02 -1.086189426430808563e-08
1.725292014006662711e-01 -2.555119109915284926e-07 -4.962051092725055241e+03 8.158274008430300403e-07 -7.045572732966345484e+02 -1.574567002675157549e-06
1.775301965061671094e-01 -7.832549786940781011e-07 -4.309794043412417523e+03 1.919624602054478510e-06 -7.082742932862190628e+02 -2.206364765966377923e-06
1.825147654490652804e-01 2.055602178055481740e-07 -4.075666873467458572e+03 -1.094518001824278503e-06 -7.187464917722827522e+02 8.154790219522732865e-07
1.875360723572403465e-01 2.420947538407821111e-07 -3.547415418994413358e+03 7.313989394203910947e-07 -8.801967597765362825e+02 -2.040330258161662210e-06
1.925323683450522461e-01 -3.660671254150154872e-07 -3.074145014458605601e+03 2.647449746305022796e-07 -5.738550926421762597e+02 1.473256756971591455e-06
1.975198663583639380e-01 -1.235060705703806676e-08 -2.744751738965473578e+03 2.840639623118755091e-07 -5.819713671430378099e+02 2.689344686670038978e-06
2.025153694923672032e-01 -7.067662597703367911e-08 -2.111729035993438174e+03 1.755272993868432502e-16 -3.121941763967963084e+02 -5.536335701534304841e-07
2.075088499274508613e-01 2.005666473213263576e-07 -2.077049989695207387e+03 -4.175559992142595581e-07 -5.655235521766012425e+02 4.351143163360306980e-07
2.125178062418619784e-01 6.192474178794293007e-08 -1.905530284517367818e+03 6.325645666510298615e-09 -4.583481410368301567e+02 1.853580644647162671e-07
2.175004174234404231e-01 4.819342307636667668e-07 -1.684275061021799502e+03 -7.578985687659129962e-07 -2.520010941839912562e+02 9.625440253501848388e-07
2.225093171556767890e-01 1.503003197582789904e-07 -1.471279131616792483e+03 3.973940454408896447e-07 -4.101193041902247955e+02 -2.601698535015809648e-07
2.275289586476768322e-01 -3.935567054999617763e-07 -1.299884432879228598e+03 1.110016761358200796e-06 -2.119838894841573733e+02 -2.021357455882036341e-06
2.325285406108919262e-01 -3.891514428105615650e-07 -1.088468448147272284e+03 7.463824748342368387e-07 -1.079099194149855521e+02 -1.738621504924860918e-06
2.375276552426477672e-01 -6.051615894228445060e-09 -1.064307540868342357e+03 6.662644701277273809e-08 -2.968784672174371622e+02 1.236970824041985110e-06
2.424991024241769377e-01 -5.595207037251194216e-07 -8.055751354819104790e+02 1.384375811150456620e-06 -1.037891040467307135e+02 -1.220151847695224851e-06
2.474998551644826128e-01 1.211712996317643342e-07 -6.254804995196925574e+02 -6.468983899695804912e-07 -1.460464137047710551e+02 -8.965698984850304295e-07
2.525200307756395035e-01 -3.459539864773430394e-07 -6.018772038354469487e+02 5.430014480793768241e-07 -1.861627745128363927e+02 8.370977343327115081e-07
2.575182250600202005e-01 -5.862030877449518943e-07 -4.766412934952685987e+02 6.612407211645928271e-07 -1.974837195439982054e+02 -1.229935027778295139e-06
2.625255687975799335e-01 -1.249293222153677055e-07 -3.252930050778798545e+02 1.068646292817866744e-07 -1.847323843213328018e+02 -4.103188235305261192e-07
2.675305520911575030e-01 -8.427825665207605031e-10 -3.733183745046326294e+02 -2.305010319434280103e-07 -1.850313168832244628e+02 -8.532120007814548662e-07
2.725404586615198799e-01 3.199931170085814757e-07 -2.899121753847780951e+02 -1.809797137179681956e-07 -2.411387052414449670e+02 5.971624388815567244e-07
2.775333197047151201e-01 1.135919365678393289e-07 -2.537603329283738560e+02 -4.401687542003773797e-07 -1.768240881950009111e+02 4.456905844502028986e-07
2.825123907298719983e-01 1.127000044386463329e-07 -1.523378620391527249e+02 -4.521192485757734779e-07 -1.543776817143209996e+02 6.935856042396791895e-07
2.875104651677040102e-01 -6.721933507709250402e-08 -9.023217534954989105e+01 8.037094411391495391e-08 -1.149208963800038248e+02 -6.721933507709250402e-08
2.924971317655564174e-01 3.448303947241038609e-08 -6.139794703441260282e+01 -2.297840392464584476e-07 -1.024335849449190192e+02 8.227093199445378788e-07
2.975058823671092867e-01 2.393289777252519577e-07 1.551967104386821639e+01 3.057245610715356269e-08 -9.381038540094129985e+01 3.092179511391812684e-07
3.025121359101998753e-01 3.631474375905170523e-07 3.205573688988803127e+01 -1.136278767029365397e-07 -3.545695441182828489e+01 9.756082897030431956e-07
3.075010376196579687e-01 -5.134901058812771373e-08 8.024458901604222660e+01 8.754846836298793710e-08 -7.140119663479124767e+01 7.809594475239393024e-07
3.125134169243361515e-01 -2.700127563844761548e-07 1.203318821636839004e+02 2.209195279509350647e-07 -4.774732555801327294e+01 -1.093551663357128459e-06
3.175159688234982513e-01 -1.738876257478558890e-07 1.143716340344431188e+02 4.605024019805287298e-07 -3.422625035612185940e+01 -5.264597772641982077e-07
3.225221380836135188e-01 -2.261308177093166062e-08 1.831063998489711366e+02 4.040107921494478234e-08 1.432389206154427086e+01 -3.887073530528778295e-08
3.275181733526948968e-01 -1.700442616739170725e-07 2.096693261754905677e+02 4.694577456844687384e-07 -1.398659848204368643e+02 -1.871334275065947879e-07
3.325123842131759710e-01 -2.714676439061707876e-10 1.707305478708736359e+02 1.016646326428609552e-07 -1.621693160287145190e+02 1.111999336350652137e-07
3.374959366892091861e-01 9.388728686898933239e-09 1.819082437024839862e+02 1.422509337525701550e-07 -8.464593770801948835e+01 2.195951804397059663e-07
3.424919221947719805e-01 1.220815033044695908e-08 2.297312420305194678e+02 -3.316547506438090511e-07 -6.136606688946486798e+01 -1.032606048783638557e-07
3.475179778446125245e-01 2.587418408676936727e-07 2.382400267912568950e+02 -3.636843408727986888e-07 -9.481367007547292758e+01 6.505313287133559965e-07
3.525052850529177828e-01 -1.342422604732157170e-07 2.453617276065783130e+02 3.068568549292471886e-07 -1.989614721379530522e+02 -7.555390744283141514e-07
3.575133254796376558e-01 1.295823461248093383e-07 2.319224808578151453e+02 -4.268732521259513652e-07 -1.176269515831104258e+02 6.660977006803715754e-07
3.625250227669692404e-01 7.053829607269236203e-08 2.878726095467549726e+02 1.894424270747063707e-07 -1.379987953621442500e+02 2.615029257906612387e-07
3.675230446100045678e-01 9.032752822248467329e-08 2.484410617559361185e+02 -8.587789629034256855e-08 -1.669558719535755245e+02 3.807772525930603716e-07
3.725177060730277545e-01 -2.966429344873920986e-08 2.330064754988850382e+02 2.573813696287666739e-07 -1.549582022985876790e+02 4.238067806683844347e-07
3.775163034622419089e-01 -3.110237859947869466e-07 2.499718247702056999e+02 3.171264177903544862e-07 -1.757234745312747748e+02 -3.382225846008939842e-07
3.825226892977953153e-01 1.587609987001161354e-07 2.259495810810810781e+02 -1.354410841658308815e-07 -1.795118243243243228e+02 2.547679720698176433e-07
3.875130067694269043e-01 5.738124706722537082e-08 2.391104056902002242e+02 1.656619716117706235e-07 -1.398884747102212884e+02 -1.945410186799735727e-07
3.924957861003909865e-01 1.236004636511199510e-07 2.525426447398062919e+02 -2.689304486235035438e-07 -1.655882599040968159e+02 3.556705237056437716e-07
3.975064703251052212e-01 -1.720525128167399939e-07 2.409447989591723172e+02 4.210559846625054731e-07 -2.039110340127625420e+02 -6.294569541704742628e-07
