3.798113400606732779e-03 2.982409868421052306e+04 0.000000000000000000e+00 8.048371710526316019e+04 0.000000000000000000e+00 8.615917105263157282e+04
8.299341265228576958e-03 3.166144140625000000e+04 0.000000000000000000e+00 2.162775195312500000e+04 0.000000000000000000e+00 8.630450195312500000e+03
1.293222767532251419e-02 3.555550000000000000e+04 0.000000000000000000e+00 8.170285828025477713e+03 0.000000000000000000e+00 -1.751054458598726342e+04
1.764839556552980082e-02 3.742168835616438446e+04 0.000000000000000000e+00 2.827929965753424403e+04 0.000000000000000000e+00 1.836520719178082072e+04
2.256548662787912635e-02 3.413824196597353875e+04 0.000000000000000000e+00 1.172749338374291074e+04 0.000000000000000000e+00 -7.287259924385633894e+03
2.777643688250242340e-02 3.177297317073170780e+04 0.000000000000000000e+00 2.160798048780487807e+04 0.000000000000000000e+00 1.348896951219512175e+03
3.269804980233311648e-02 2.724141400000000067e+04 0.000000000000000000e+00 1.280197000000000116e+04 0.000000000000000000e+00 -1.284318750000000136e+03
3.761648458559932462e-02 2.495659069453809934e+04 0.000000000000000000e+00 1.407943492919757227e+04 0.000000000000000000e+00 2.837848280512474503e+03
4.263843696389812976e-02 2.194595758928571377e+04 0.000000000000000000e+00 1.213503236607142753e+04 0.000000000000000000e+00 2.911476004464285779e+03
4.756514582339458480e-02 1.917011949411251771e+04 0.000000000000000000e+00 8.472483209768861343e+03 0.000000000000000000e+00 2.896753706934147203e+02
5.262096060748640974e-02 1.797552528089887710e+04 0.000000000000000000e+00 9.890758426966291154e+03 0.000000000000000000e+00 2.012301790730336961e+03
5.756031740041873956e-02 1.717579207920792032e+04 0.000000000000000000e+00 1.048404826732673246e+04 0.000000000000000000e+00 2.253176051980197826e+03
6.254738279606215923e-02 1.580423350502820540e+04 0.000000000000000000e+00 7.792278145695363492e+03 0.000000000000000000e+00 2.460736141770909740e+02
6.757793472572401483e-02 1.515626889279437455e+04 0.000000000000000000e+00 7.830966608084358086e+03 0.000000000000000000e+00 -3.071985391036906776e+02
7.255917516659465827e-02 1.446835186907197385e+04 0.000000000000000000e+00 7.372576529663380825e+03 0.000000000000000000e+00 4.814726613353171274e+02
7.753384299139773339e-02 1.338539537997991283e+04 0.000000000000000000e+00 7.404417140944091443e+03 0.000000000000000000e+00 8.488034817542685460e+02
8.251793356505521260e-02 1.195469610091743198e+04 0.000000000000000000e+00 5.175044724770642460e+03 0.000000000000000000e+00 -4.427301103784403722e+02
8.752751931716111489e-02 1.101922405079694181e+04 0.000000000000000000e+00 5.303074251652196835e+03 0.000000000000000000e+00 9.281688479979267186e+02
9.254701955136974967e-02 1.025143026435733736e+04 0.000000000000000000e+00 4.925690975387419712e+03 0.000000000000000000e+00 2.099332554694621535e+02
9.754963178921903511e-02 9.223191039464043570e+03 0.000000000000000000e+00 4.665609128022611003e+03 0.000000000000000000e+00 7.723484769182455238e+02
1.025319613041059119e-01 8.754172607879925636e+03 0.000000000000000000e+00 4.142460037523452229e+03 0.000000000000000000e+00 1.099584990619136988e+03
1.075116003998943526e-01 8.194169538249483594e+03 0.000000000000000000e+00 3.840868022053755794e+03 0.000000000000000000e+00 -1.293471743625086106e+02
1.125102861506304813e-01 7.854434876710211029e+03 0.000000000000000000e+00 3.828844708974259902e+03 0.000000000000000000e+00 9.653130555770271712e+02
1.175500852175193622e-01 7.679980657090030036e+03 0.000000000000000000e+00 3.517938557815389231e+03 0.000000000000000000e+00 2.150213563148912144e+01
1.225369446564099490e-01 7.209296524329693057e+03 0.000000000000000000e+00 3.320386891757696503e+03 0.000000000000000000e+00 4.146483283680900627e+02
1.275260957852891452e-01 6.835326703856415406e+03 0.000000000000000000e+00 2.932739024981809052e+03 0.000000000000000000e+00 6.718328886732961109e+02
1.325302087090364789e-01 6.619144604679871918e+03 0.000000000000000000e+00 2.727099489366477883e+03 0.000000000000000000e+00 2.380212600303013204e+01
1.375062694904859717e-01 6.360664413938753569e+03 0.000000000000000000e+00 2.801120591341077215e+03 0.000000000000000000e+00 5.080356916578669484e+02
1.425134422753508989e-01 6.028711844883854610e+03 0.000000000000000000e+00 2.536127855634478692e+03 0.000000000000000000e+00 2.199988721443655209e+02
1.475259222195813014e-01 5.795514693152307700e+03 0.000000000000000000e+00 2.214083557337464299e+03 0.000000000000000000e+00 1.659817075948790261e+02
1.525299430011916868e-01 5.495745688197497657e+03 0.000000000000000000e+00 2.232630199526547131e+03 0.000000000000000000e+00 3.097325625634088624e+02
1.574945685492469272e-01 5.203875925102114707e+03 0.000000000000000000e+00 2.126245157115703478e+03 0.000000000000000000e+00 2.375246087273021089e+02
1.625189323163163113e-01 5.007327883211679364e+03 0.000000000000000000e+00 1.939334306569343198e+03 0.000000000000000000e+00 2.200245255474452790e+02
1.675461007718098694e-01 4.807216970387243236e+03 0.000000000000000000e+00 1.814376138952163956e+03 0.000000000000000000e+00 -4.134916892084282125e+01
1.725292014006662711e-01 4.623378185054553796e+03 0.000000000000000000e+00 1.757847249233609318e+03 0.000000000000000000e+00 2.231865378910241873e+02
1.775301965061671094e-01 4.466228167592124919e+03 0.000000000000000000e+00 1.633984603735487099e+03 0.000000000000000000e+00 3.253791014639070909e+02
1.825147654490652804e-01 4.354510443439983646e+03 0.000000000000000000e+00 1.572055895299713484e+03 0.000000000000000000e+00 1.432260775798398811e+02
1.875360723572403465e-01 4.259102569832401969e+03 0.000000000000000000e+00 1.623042458100558633e+03 0.000000000000000000e+00 1.790942737430167710e+02
1.925323683450522461e-01 4.117971939595158801e+03 0.000000000000000000e+00 1.429505622791046335e+03 0.000000000000000000e+00 -7.746673181964228050e+00
1.975198663583639380e-01 3.990555811306437135e+03 0.000000000000000000e+00 1.432514177311243202e+03 0.000000000000000000e+00 3.022476286834450434e+02
2.025153694923672032e-01 3.862106339862974437e+03 0.000000000000000000e+00 1.224726141078838282e+03 0.000000000000000000e+00 9.992576956479784656e+01
2.075088499274508613e-01 3.739567015502988397e+03 0.000000000000000000e+00 1.234157411436030088e+03 0.000000000000000000e+00 1.191030822780462159e+02
2.125178062418619784e-01 3.629238610577762302e+03 0.000000000000000000e+00 1.182805376156397415e+03 0.000000000000000000e+00 1.584897778844475624e+02
2.175004174234404231e-01 3.524478074236175416e+03 0.000000000000000000e+00 1.139468310748253543e+03 0.000000000000000000e+00 2.278768885194849148e+01
2.225093171556767890e-01 3.438706723665806749e+03 0.000000000000000000e+00 1.115211205453005277e+03 0.000000000000000000e+00 1.575399322314375183e+02
2.275289586476768322e-01 3.327917036583499339e+03 0.000000000000000000e+00 1.081163783866523772e+03 0.000000000000000000e+00 9.666270281647022955e+01
2.325285406108919262e-01 3.245111018136175971e+03 0.000000000000000000e+00 1.000114237898604870e+03 0.000000000000000000e+00 1.171948411038146105e+02
2.375276552426477672e-01 3.223793285287396884e+03 0.000000000000000000e+00 9.827580242573387750e+02 0.000000000000000000e+00 1.049185357707857236e+02
2.424991024241769377e-01 3.093085813651174249e+03 0.000000000000000000e+00 9.119574561477554653e+02 0.000000000000000000e+00 6.072661670859149652e+00
2.474998551644826128e-01 3.053943259686199326e+03 0.000000000000000000e+00 9.138324047390329952e+02 0.000000000000000000e+00 7.107805795709253971e+01
2.525200307756395035e-01 2.980326631611506400e+03 0.000000000000000000e+00 8.231748221466131099e+02 0.000000000000000000e+00 1.102863671512527191e+02
2.575182250600202005e-01 2.918783160718277486e+03 0.000000000000000000e+00 7.900015796140377233e+02 0.000000000000000000e+00 8.425532374636763677e+01
2.625255687975799335e-01 2.862686369601186925e+03 0.000000000000000000e+00 7.924679066582986025e+02 0.000000000000000000e+00 5.323858190220801845e+01
2.675305520911575030e-01 2.788719294127393823e+03 0.000000000000000000e+00 7.200038662818794819e+02 0.000000000000000000e+00 -1.148260690959804320e+00
2.725404586615198799e-01 2.745445602157930807e+03 0.000000000000000000e+00 7.248393187708255709e+02 0.000000000000000000e+00 7.421777648489977253e+01
2.775333197047151201e-01 2.671918732390725381e+03 0.000000000000000000e+00 6.961007573603535548e+02 0.000000000000000000e+00 6.125996458758756091e+01
2.825123907298719983e-01 2.604725893904773784e+03 0.000000000000000000e+00 6.476437967022787916e+02 0.000000000000000000e+00 4.314426912863583397e+01
2.875104651677040102e-01 2.573907488986783846e+03 0.000000000000000000e+00 6.142685788163187226e+02 0.000000000000000000e+00 3.996022074315265371e+01
2.924971317655564174e-01 2.547644291345408874e+03 0.000000000000000000e+00 6.105321296050121873e+02 0.000000000000000000e+00 -2.369205660682703396e+01
2.975058823671092867e-01 2.470856229464523494e+03 0.000000000000000000e+00 5.525738389130627866e+02 0.000000000000000000e+00 1.000020257969984883e+01
3.025121359101998753e-01 2.427817733777182184e+03 0.000000000000000000e+00 5.409858631274047411e+02 0.000000000000000000e+00 3.153767130690415499e+01
3.075010376196579687e-01 2.390270909755970479e+03 0.000000000000000000e+00 5.336303495845744465e+02 0.000000000000000000e+00 4.417388827924962413e+01
3.125134169243361515e-01 2.341205067363764556e+03 0.000000000000000000e+00 4.869890609290167163e+02 0.000000000000000000e+00 1.065090472928815535e+00
3.175159688234982513e-01 2.316452652985038185e+03 0.000000000000000000e+00 4.983651206884695171e+02 0.000000000000000000e+00 -2.563331237535734886e+01
3.225221380836135188e-01 2.283719388333018742e+03 0.000000000000000000e+00 4.361171984141967641e+02 0.000000000000000000e+00 6.843939966018501408e+00
3.275181733526948968e-01 2.242499518696778978e+03 0.000000000000000000e+00 4.683260644205849417e+02 0.000000000000000000e+00 -3.868434144761199889e+01
3.325123842131759710e-01 2.199378812813008608e+03 0.000000000000000000e+00 4.042808116210181879e+02 0.000000000000000000e+00 5.047468799202967915e+01
3.374959366892091861e-01 2.172731247591353622e+03 0.000000000000000000e+00 3.853611393336369702e+02 0.000000000000000000e+00 -6.058070279928529089e+00
3.424919221947719805e-01 2.142842293876939038e+03 0.000000000000000000e+00 3.959078915567260424e+02 0.000000000000000000e+00 2.120112676995391254e+01
3.475179778446125245e-01 2.108671349691247087e+03 0.000000000000000000e+00 3.446699121116084257e+02 0.000000000000000000e+00 8.216773327996863330e+00
3.525052850529177828e-01 2.081924061951141539e+03 0.000000000000000000e+00 3.587771036244611196e+02 0.000000000000000000e+00 -4.667873223694714824e+01
3.575133254796376558e-01 2.064814648465942810e+03 0.000000000000000000e+00 3.235664017291198888e+02 0.000000000000000000e+00 3.307631964191276097e+01
3.625250227669692404e-01 2.022986417708176305e+03 0.000000000000000000e+00 3.268896551724137680e+02 0.000000000000000000e+00 -2.747947598253275103e+01
3.675230446100045678e-01 1.998144070453236509e+03 0.000000000000000000e+00 3.225874067755834176e+02 0.000000000000000000e+00 1.491396926419234781e+01
3.725177060730277545e-01 1.984387900966321695e+03 0.000000000000000000e+00 3.095246154725828092e+02 0.000000000000000000e+00 1.582008869861055622e+01
3.775163034622419089e-01 1.946025692830693515e+03 0.000000000000000000e+00 3.033992042531771176e+02 0.000000000000000000e+00 -1.030149168051523567e+01
3.825226892977953153e-01 1.935183783783783838e+03 0.000000000000000000e+00 2.819851081081080793e+02 0.000000000000000000e+00 4.942216891891892061e+01
3.875130067694269043e-01 1.909038356164383686e+03 0.000000000000000000e+00 2.748272128556375264e+02 0.000000000000000000e+00 -1.264237766728134993e+01
3.924957861003909865e-01 1.898584623306407593e+03 0.000000000000000000e+00 2.636647893669745599e+02 0.000000000000000000e+00 6.278301419238567860e+01
3.975064703251052212e-01 1.873039638188464323e+03 0.000000000000000000e+00 2.590442475683043426e+02 0.000000000000000000e+00 2.622435412923610798e+01
