3.798113400606732779e-03 1.973684210526315680e-02 3.204640000000000000e+07 -4.934210526315789547e-02 -5.275788126315788925e+07 6.332236842105262720e-02 1.350092261052631438e+08 0.000000000000000000e+00 1.876632252631578967e+07 0.000000000000000000e+00 2.282689751578947306e+08
8.299341265228576958e-03 1.678466796875000000e-03 4.176365600000000000e+07 -7.125854492187500000e-03 8.264509500000000000e+06 1.026153564453125000e-03 1.148461680000000000e+08 0.000000000000000000e+00 -4.070806400000000000e+07 0.000000000000000000e+00 1.934760800000000000e+07
1.293222767532251419e-02 -1.094745222929936279e-03 2.974179301910828054e+07 3.134952229299363229e-03 4.600939617834395031e+05 2.873706210191083032e-03 8.608769304458598793e+07 0.000000000000000000e+00 3.299196575796178356e+07 0.000000000000000000e+00 -1.857572198726114631e+07
1.764839556552980082e-02 -1.892925941780821894e-03 2.527662115068493038e+07 3.461445847602739358e-03 1.019049205479452037e+06 -4.144537938784246742e-03 7.585275791780821979e+07 0.000000000000000000e+00 3.408405742465753108e+07 0.000000000000000000e+00 1.940221545205479488e+07
2.256548662787912635e-02 -4.725897920604915062e-04 2.036751292249527574e+07 1.063327032136105821e-03 4.551363024574669078e+06 -9.156427221172023373e-04 6.547054142911153287e+07 0.000000000000000000e+00 5.245385993194707483e+07 0.000000000000000000e+00 6.741932763705104589e+06
2.777643688250242340e-02 1.786394817073170692e-04 1.156307168780487776e+07 -5.514005335365853135e-04 2.597076917073170654e+06 5.290705983231707137e-04 4.763792858536585420e+07 0.000000000000000000e+00 3.474318610731707513e+07 0.000000000000000000e+00 1.224246197073170729e+07
3.269804980233311648e-02 6.757812500000000581e-04 8.748447744000000879e+06 -1.767578125000000052e-03 8.688218240000000224e+05 1.964355468749999847e-03 3.791308800000000000e+07 0.000000000000000000e+00 2.853689548800000176e+07 0.000000000000000000e+00 2.494955520000000019e+06
3.761648458559932462e-02 2.462807653405259603e-04 5.902556267026297748e+06 1.323594487525286511e-04 9.284439865138232708e+05 -6.700285527646662634e-05 2.986043934726904705e+07 0.000000000000000000e+00 2.177633152258934453e+07 0.000000000000000000e+00 1.833882842886041850e+06
4.263843696389812976e-02 1.613071986607142818e-04 3.923271714285714086e+06 -5.514962332589285095e-04 4.556221071428571013e+05 9.433201381138392547e-04 2.303263085714285448e+07 0.000000000000000000e+00 1.731203314285714179e+07 0.000000000000000000e+00 2.544140571428571362e+06
4.756514582339458480e-02 2.725686873092019260e-05 3.152699059747056570e+06 -6.814217182730048151e-06 5.056269620584387449e+05 2.146478412559965252e-04 1.952521221805495024e+07 0.000000000000000000e+00 1.496225482075883076e+07 0.000000000000000000e+00 1.551523893589184619e+06
5.262096060748640974e-02 -1.327000307233145988e-04 2.273652314606741536e+06 6.499558352352528346e-04 1.766979662921348354e+05 -3.134481022866924334e-04 1.729595973033707961e+07 0.000000000000000000e+00 1.258049294382022507e+07 0.000000000000000000e+00 3.150882516853932291e+06
5.756031740041873956e-02 2.417233910891089223e-05 1.974738217821782222e+06 -5.728844368811880855e-04 3.604258613861385966e+05 7.463209699876237205e-04 1.482675706930693053e+07 0.000000000000000000e+00 1.014306027722772211e+07 0.000000000000000000e+00 1.394252990099009825e+06
6.254738279606215923e-02 -8.766786239882265518e-05 1.450941566838361323e+06 2.115047062791267898e-04 1.916638783419180545e+05 -4.549267422430708536e-04 1.310986134510669485e+07 0.000000000000000000e+00 8.764069643365219235e+06 0.000000000000000000e+00 1.811688076526857913e+06
6.757793472572401483e-02 -1.521051872803163446e-04 1.229329884007029701e+06 3.253420543167838213e-04 2.539502003514938406e+05 -3.348620369480447825e-04 1.155129408787346072e+07 0.000000000000000000e+00 7.230383015817223117e+06 0.000000000000000000e+00 1.990201588752196636e+06
7.255917516659465827e-02 1.627301469220755075e-04 9.932555283615399385e+05 -1.133299237493025943e-04 1.559268647944950790e+05 2.397363771619862363e-05 1.033997073758601397e+07 0.000000000000000000e+00 6.482753749674540013e+06 0.000000000000000000e+00 7.928989875395202544e+05
7.753384299139773339e-02 2.353950451958486829e-05 7.545942390358219855e+05 -3.923250753264144941e-05 3.465435554067626799e+04 1.405831519919651892e-04 9.029418766655508429e+06 0.000000000000000000e+00 4.630078221627051011e+06 0.000000000000000000e+00 8.171994804151322460e+05
8.251793356505521260e-02 2.130630913130734114e-04 6.240716330275229411e+05 -4.038679490395642485e-04 6.073266055045872054e+04 6.101765763868979885e-04 8.056312954128440470e+06 0.000000000000000000e+00 4.101629944954128470e+06 0.000000000000000000e+00 -6.601292201834863226e+04
8.752751931716111489e-02 -1.113612802902682460e-05 4.758696322405079845e+05 -4.049501101464299854e-06 3.914564105222236685e+04 7.238483218867436582e-05 7.143882590644032694e+06 0.000000000000000000e+00 3.418519105351821054e+06 0.000000000000000000e+00 9.029072561876376858e+05
9.254701955136974967e-02 -5.563824635369188641e-05 3.783519854147675214e+05 -6.899142547857793665e-06 1.664365177757520360e+04 -4.801580660323609412e-05 6.355203033728349954e+06 0.000000000000000000e+00 2.868467865086599719e+06 0.000000000000000000e+00 1.926964594348222308e+05
9.754963178921903511e-02 3.230333403119438628e-05 3.173793832303988165e+05 -4.477487438500994189e-05 1.030088056108028832e+04 -2.100738969433685899e-05 5.765768079556160606e+06 0.000000000000000000e+00 2.420829042185700964e+06 0.000000000000000000e+00 2.363326452423322480e+05
1.025319613041059119e-01 2.959002696998123719e-05 2.612204787992495403e+05 -9.596146517354596180e-05 3.906584915572232421e+04 6.424150592166979595e-06 5.197759447654784657e+06 0.000000000000000000e+00 1.945335642776735360e+06 0.000000000000000000e+00 3.786332697936210316e+05
1.075116003998943526e-01 2.187338473466574881e-05 2.168751592005513376e+05 3.146402265678842147e-05 2.903922260509993066e+04 3.996099134217780837e-06 4.784424049620950595e+06 0.000000000000000000e+00 1.685231592005513376e+06 0.000000000000000000e+00 2.964729427980703185e+05
1.125102861506304813e-01 5.482171412421736706e-06 1.892018489603463095e+05 -5.054260098216356199e-05 2.314850861869057917e+04 1.228239931223187430e-04 4.473177106284300797e+06 0.000000000000000000e+00 1.495472332689186092e+06 0.000000000000000000e+00 4.494162813635309576e+05
1.175500852175193622e-01 -2.199296947224790153e-05 1.507149480870430998e+05 3.998189032832278781e-05 2.364629554828616165e+04 -1.007549929900285326e-04 4.177487738301806618e+06 0.000000000000000000e+00 1.439750116910823621e+06 0.000000000000000000e+00 2.446426260844830249e+05
1.225369446564099490e-01 1.357683714001986188e-05 1.212082123800066329e+05 -3.807979559748428183e-05 1.480437047335319585e+04 5.978657212015889234e-05 3.913390801986097358e+06 0.000000000000000000e+00 1.263958485799404327e+06 0.000000000000000000e+00 -3.283529427341939936e+03
1.275260957852891452e-01 -7.318889461557118940e-05 1.111913849138976511e+05 1.374956418263400518e-04 2.069384040747028848e+04 5.237506253031772843e-05 3.688502391462527215e+06 0.000000000000000000e+00 1.052420905166141223e+06 0.000000000000000000e+00 1.564564831433422223e+05
1.325302087090364789e-01 1.041169827731328126e-05 8.371993670388867031e+04 -3.874247727400258260e-05 1.048514179900117779e+04 5.716844330424779449e-05 3.433147636608495377e+06 0.000000000000000000e+00 8.913456582683350425e+05 0.000000000000000000e+00 1.162595751080186310e+05
1.375062694904859717e-01 -1.093090021119324109e-05 6.877166293558606412e+04 5.578883975712776934e-05 2.009852756071805561e+04 -6.607522934266103938e-05 3.252381222386483569e+06 0.000000000000000000e+00 9.580638073917634320e+05 0.000000000000000000e+00 2.402857089757127687e+05
1.425134422753508989e-01 2.479370140622000210e-05 5.790963025532731990e+04 -3.086323700566327661e-05 1.948191207525436766e+04 4.309018758098962990e-05 3.102169764638126362e+06 0.000000000000000000e+00 8.301972370896524517e+05 0.000000000000000000e+00 -2.637312344019965167e+03
1.475259222195813014e-01 1.477145883639345709e-05 5.379026069524807826e+04 -5.441413902683493687e-05 2.272413613376463763e+04 1.034447042006469603e-06 2.912760418789010961e+06 0.000000000000000000e+00 6.984650861542667262e+05 0.000000000000000000e+00 2.459731836530138098e+05
1.525299430011916868e-01 5.878529759891781972e-05 4.676727494081839541e+04 -7.432789910593507094e-05 1.886361853229624467e+04 1.096393274301445738e-04 2.793846000676360913e+06 0.000000000000000000e+00 5.888005627324990928e+05 0.000000000000000000e+00 2.066722543118025060e+05
1.574945685492469272e-01 -7.898754398026448224e-07 3.072829279734702868e+04 1.500763335625025163e-06 1.511321292514255583e+04 -2.031954568892303695e-05 2.588516124398430809e+06 0.000000000000000000e+00 5.833643560480446322e+05 0.000000000000000000e+00 6.964338318437334965e+04
1.625189323163163113e-01 1.126254562043795675e-05 3.679471649635036738e+04 -4.775889598540146184e-06 2.584758656934306782e+04 7.750128307481752199e-05 2.501059755912409164e+06 0.000000000000000000e+00 5.019187947445255704e+05 0.000000000000000000e+00 1.861454108029197378e+05
1.675461007718098694e-01 -6.534515589407744275e-06 2.303660592255125084e+04 -8.411450918280182298e-06 1.465819817767653694e+04 3.390648913546412386e-05 2.355585895216400735e+06 0.000000000000000000e+00 4.265922186788154650e+05 0.000000000000000000e+00 5.141704783599088842e+04
1.725292014006662711e-01 9.496190707716650315e-07 1.486078544351781784e+04 1.038142882453769502e-06 2.158811958993968074e+04 -3.222065554747503418e-05 2.269441611761216074e+06 0.000000000000000000e+00 3.652107459537858376e+05 0.000000000000000000e+00 1.383442666051356646e+05
1.775301965061671094e-01 -1.343328022463402283e-05 1.676659767794043364e+04 7.449924675037859940e-05 1.500000504795557754e+04 2.010370492333417278e-05 2.172293492175668944e+06 0.000000000000000000e+00 2.635594467440686421e+05 0.000000000000000000e+00 1.435361696113074140e+05
1.825147654490652804e-01 -1.615631185559396208e-06 7.848212473042040074e+03 6.404823628467606379e-05 1.560625034712990055e+04 -1.191527999350054632e-05 2.065348191792962840e+06 0.000000000000000000e+00 2.472095246536086779e+05 0.000000000000000000e+00 8.827709509882124257e+04
1.875360723572403465e-01 -1.010660352653631269e-05 8.488490726256983180e+03 1.490076160963687104e-05 1.427122324022346402e+04 -3.691944996071927504e-05 2.013628839329608949e+06 0.000000000000000000e+00 2.295926703910614597e+05 0.000000000000000000e+00 1.031088554189944116e+05
1.925323683450522461e-01 -2.233009465031594726e-05 4.832452822105600717e+03 4.583683363232301567e-05 1.435235471778943975e+04 -6.489193489276533439e-05 1.928784334154439159e+06 0.000000000000000000e+00 2.544578309949662653e+05 0.000000000000000000e+00 6.685931326978687139e+04
1.975198663583639380e-01 6.274108384975337810e-06 1.609064474516251266e+03 -6.595224168458327388e-06 1.630816643480460334e+04 3.332811314341722577e-05 1.844236665638042148e+06 0.000000000000000000e+00 1.658836745162513980e+05 0.000000000000000000e+00 1.504372684456810239e+05
2.025153694923672032e-01 -1.715086123709350595e-05 2.123667277815304715e+03 3.062653792338126160e-05 1.017762501206214438e+04 -4.888466630078163339e-05 1.800261564411849948e+06 0.000000000000000000e+00 1.554677649329344858e+05 0.000000000000000000e+00 1.330618361478336446e+05
2.075088499274508613e-01 -1.149449552313998551e-05 -3.706705992809544568e+03 4.425604404726465342e-05 1.487295133847809666e+04 -5.144010374922714098e-05 1.730286067278847797e+06 0.000000000000000000e+00 8.448959655590922921e+04 0.000000000000000000e+00 8.660885259566282912e+04
2.125178062418619784e-01 -2.727352068423808817e-06 -3.342167568511084028e+03 7.329758683888986328e-06 1.389220457322394941e+04 2.514277688078198680e-06 1.667556384709373349e+06 0.000000000000000000e+00 1.030557737825100485e+05 0.000000000000000000e+00 8.401224367254320532e+04
2.175004174234404231e-01 -4.674858361038633342e-07 -2.670903459304772241e+03 -4.584957238710967516e-06 1.257567948825856365e+04 -1.937304971073825779e-05 1.609252759195354069e+06 0.000000000000000000e+00 5.380382661392138834e+04 0.000000000000000000e+00 6.717492466964060441e+04
2.225093171556767890e-01 1.389015435078111114e-05 -5.408703532239317610e+03 -9.484551378026438671e-06 1.081657240795098551e+04 3.133461066320600524e-05 1.559739144618900493e+06 0.000000000000000000e+00 7.597105242213510792e+04 0.000000000000000000e+00 8.661373511160143244e+04
2.275289586476768322e-01 -2.541185136996785610e-06 -4.283252716975355725e+03 7.548814671666922409e-06 1.159605204347160543e+04 1.593846266072248652e-05 1.506709650084187975e+06 0.000000000000000000e+00 3.557857768253482209e+04 0.000000000000000000e+00 8.886183988979029527e+04
2.325285406108919262e-01 -1.776440252487584926e-08 -7.345241336656176827e+03 -1.075634572881232715e-05 1.106019143943390372e+04 -8.231580019964345883e-06 1.467633615047387080e+06 0.000000000000000000e+00 3.526481610972659837e+04 0.000000000000000000e+00 9.917680199370600167e+04
2.375276552426477672e-01 4.463108630690806885e-06 -5.269977570750571431e+03 -1.026514985058885601e-05 1.126869678326595204e+04 4.522330649059588679e-05 1.441865006574090337e+06 0.000000000000000000e+00 1.429312258744946485e+04 0.000000000000000000e+00 9.535796153981368116e+04
2.424991024241769377e-01 3.693042729559535923e-06 -5.585959718400215934e+03 -1.134291695507571802e-05 1.356555163506829012e+04 7.188243884321240215e-06 1.398008717572974507e+06 0.000000000000000000e+00 -1.969752590616717134e+04 0.000000000000000000e+00 7.713576958789864148e+04
2.474998551644826128e-01 6.813442634536103381e-06 -6.555785078450207948e+03 -3.266861299043887824e-05 1.059560678834454120e+04 4.697946871544663523e-05 1.354512443675952498e+06 0.000000000000000000e+00 -1.792112097342299239e+04 0.000000000000000000e+00 9.736309548511047615e+04
2.525200307756395035e-01 -3.519008080729972339e-06 -5.990763253943706331e+03 8.495459422363131277e-06 1.201597426538818581e+04 -1.883915323905815164e-05 1.321781480482524028e+06 0.000000000000000000e+00 -3.557205122177544399e+04 0.000000000000000000e+00 8.957448710176307941e+04
2.575182250600202005e-01 4.256907682573019882e-06 -7.058529528351091358e+03 -9.536259967180630426e-06 1.084633526562849329e+04 1.778696041847605995e-05 1.287063974845391465e+06 0.000000000000000000e+00 -4.199505181432083918e+04 0.000000000000000000e+00 9.053153404366291943e+04
2.625255687975799335e-01 1.183999151309408435e-06 -6.315892965139499211e+03 9.130722866862555070e-06 1.079457750898613631e+04 -2.396031223701289458e-05 1.252568578307753662e+06 0.000000000000000000e+00 -3.347297495292976237e+04 0.000000000000000000e+00 8.318889941233526042e+04
2.675305520911575030e-01 -2.022678159649825250e-06 -4.851699921293547050e+03 -9.385226660775188552e-06 9.552172988497810366e+03 8.764938691815909983e-06 1.217897279518371681e+06 0.000000000000000000e+00 -5.092929487303406495e+04 0.000000000000000000e+00 5.834556761160436872e+04
2.725404586615198799e-01 2.569629469244194934e-06 -6.185279102977732691e+03 -4.874548365023536169e-06 9.352210292484263846e+03 2.241969430138308358e-06 1.192077032210292527e+06 0.000000000000000000e+00 -7.801265901517955353e+04 0.000000000000000000e+00 7.646427672290685587e+04
2.775333197047151201e-01 -2.246596078786155605e-06 -5.426368961149740244e+03 -1.602908438235066092e-06 9.923392147232920252e+03 -1.380457562456380591e-05 1.170729059787525563e+06 0.000000000000000000e+00 -7.104013565280326293e+04 0.000000000000000000e+00 7.124700948639077251e+04
2.825123907298719983e-01 5.307077132094115133e-07 -6.232414697708886706e+03 1.830941610572469583e-05 1.015731973074785492e+04 -1.684393912493052566e-05 1.142319130686098943e+06 0.000000000000000000e+00 -5.891192846291607566e+04 0.000000000000000000e+00 6.813512485641943931e+04
2.875104651677040102e-01 -8.341042709131392681e-06 -5.831782417161462945e+03 1.617647911529160865e-05 8.867959394751962463e+03 -1.533842936166742349e-05 1.118160830492242938e+06 0.000000000000000000e+00 -6.223649415820723516e+04 0.000000000000000000e+00 5.136714345910745033e+04
2.924971317655564174e-01 -1.072413708400281999e-06 -5.265184616629483571e+03 -2.737477097758614437e-06 8.136049104717428236e+03 -5.281637513871388946e-06 1.098888207423504908e+06 0.000000000000000000e+00 -9.098948853876475187e+04 0.000000000000000000e+00 6.210544789559467608e+04
2.975058823671092867e-01 3.035226667258680508e-07 -6.198196962969540436e+03 7.046061906136222231e-06 8.570274043157800406e+03 2.628723095750821387e-06 1.080318545067045605e+06 0.000000000000000000e+00 -8.196157925583873293e+04 0.000000000000000000e+00 8.873532084184352425e+04
3.025121359101998753e-01 -2.110938783450780248e-07 -5.165773723574423457e+03 -4.960706141109334099e-06 6.502602395054255794e+03 8.470141868596255564e-06 1.062392186416497221e+06 0.000000000000000000e+00 -1.022956897669793834e+05 0.000000000000000000e+00 6.082840447883792513e+04
3.075010376196579687e-01 -2.000378847259236097e-06 -4.474034091027851900e+03 7.532038720802633923e-06 8.365761488216545331e+03 -6.485922231802267983e-06 1.033854885676960927e+06 0.000000000000000000e+00 -8.596193994879031379e+04 0.000000000000000000e+00 7.384665600668861589e+04
3.125134169243361515e-01 -4.222017645284536932e-06 -3.774542207922783291e+03 9.926650789262014683e-06 6.764451880152825652e+03 -3.369022801251759657e-05 1.021516455097526661e+06 0.000000000000000000e+00 -8.965753179167505004e+04 0.000000000000000000e+00 5.510921729338427394e+04
3.175159688234982513e-01 6.331908027232269876e-06 -3.891191323397943052e+03 -3.227354333880205181e-05 8.321202778241691703e+03 2.284283789824247769e-05 1.006988749575109803e+06 0.000000000000000000e+00 -9.884029951567426906e+04 0.000000000000000000e+00 5.611798858445245423e+04
3.225221380836135188e-01 -2.544187747781763394e-06 -4.973600151028884284e+03 1.224159901831225305e-05 8.762440324712102665e+03 -2.256583915423824872e-05 9.855197154615820618e+05 0.000000000000000000e+00 -9.453241487634510850e+04 0.000000000000000000e+00 4.783636201623560919e+04
3.275181733526948968e-01 4.728473322959089605e-06 -3.645328100703443397e+03 -9.245097482703165862e-06 6.698146760459088910e+03 1.943631332832457774e-05 9.770657694187337765e+05 0.000000000000000000e+00 -9.706488796741947590e+04 0.000000000000000000e+00 2.176658955942243483e+04
3.325123842131759710e-01 2.397602230979300495e-06 -2.424019996975546292e+03 -3.179429045429072387e-06 6.963963670975031164e+03 2.332449996441819575e-06 9.520934241618261440e+05 0.000000000000000000e+00 -9.822554467740644759e+04 0.000000000000000000e+00 7.032926678349360009e+04
3.374959366892091861e-01 7.302493031347440833e-06 -3.592998353361595036e+03 -1.100292178412833351e-05 5.661303717198612503e+03 1.051564342409369172e-05 9.439140373471605126e+05 0.000000000000000000e+00 -9.119933854184913798e+04 0.000000000000000000e+00 5.290131969309462875e+04
3.424919221947719805e-01 -5.290198476527015172e-06 -2.503158256173482641e+03 2.742764440907083338e-06 6.932364533415563528e+03 -5.109110913292051895e-06 9.303515990299110999e+05 0.000000000000000000e+00 -8.891983525156472751e+04 0.000000000000000000e+00 5.539693298552367924e+04
3.475179778446125245e-01 -6.748226508641813860e-06 -3.251635246838958210e+03 2.034837567794948882e-05 5.947667919103472741e+03 -2.736182503696049734e-05 9.175889123403142439e+05 0.000000000000000000e+00 -9.161716992844773631e+04 0.000000000000000000e+00 6.269642160290129686e+04
3.525052850529177828e-01 -4.708955372824525206e-06 -2.559032029378891821e+03 1.980256067379850124e-06 5.735680408749800335e+03 -6.084999451141625597e-06 9.050175110969183734e+05 0.000000000000000000e+00 -8.944622015008781455e+04 0.000000000000000000e+00 2.008461631805843717e+04
3.575133254796376558e-01 -7.484900859194764163e-06 -2.070205087720642950e+03 1.104771366817147096e-05 5.428015359735113634e+03 -1.382461188693272884e-05 8.916772022595059825e+05 0.000000000000000000e+00 -1.058520865479685162e+05 0.000000000000000000e+00 5.130265036674816656e+04
3.625250227669692404e-01 -1.567926164169552590e-06 -1.249878030417105720e+03 9.493949165223610349e-07 5.442608763740399809e+03 -1.121053421395027015e-05 8.831544666164733935e+05 0.000000000000000000e+00 -9.526810444210209243e+04 0.000000000000000000e+00 5.140636506550217746e+04
3.675230446100045678e-01 -1.922240994685387977e-06 -2.204510931770298157e+03 2.698256803650970832e-06 4.819637323301912147e+03 -1.233437971589790640e-06 8.704093016935313353e+05 0.000000000000000000e+00 -8.709639991543279029e+04 0.000000000000000000e+00 4.071881664224423730e+04
3.725177060730277545e-01 3.423608455672137157e-06 -1.907133512493567423e+03 -4.217564545035451397e-06 5.003470066899193625e+03 7.809997729599677617e-06 8.651785895134084858e+05 0.000000000000000000e+00 -9.431997895820230769e+04 0.000000000000000000e+00 5.782873348962204909e+04
3.775163034622419089e-01 -3.885482533564104844e-06 -1.494452031085153294e+03 1.547795771819253653e-05 4.596400024823990861e+03 -1.626498678424159120e-05 8.560857762668854557e+05 0.000000000000000000e+00 -9.307850796781155805e+04 0.000000000000000000e+00 5.870176153798415180e+04
3.825226892977953153e-01 -1.728779560810810898e-06 -8.864307567567567503e+02 -4.724451013513513200e-06 4.313444324324324043e+03 -8.182010135135134573e-06 8.411991178378377808e+05 0.000000000000000000e+00 -9.438097989189189684e+04 0.000000000000000000e+00 6.630936908108108037e+04
3.875130067694269043e-01 -6.013474298603793931e-07 -9.997113804004216036e+02 8.320783287506585907e-06 4.711232455216017115e+03 -1.109839741874670789e-06 8.321085504741834011e+05 0.000000000000000000e+00 -9.779140653319284320e+04 0.000000000000000000e+00 6.000699346680716553e+04
3.924957861003909865e-01 3.771360988639655406e-08 -1.527533949087632436e+03 -1.602828420171853561e-06 3.545757770411611546e+03 2.399999849145560579e-05 8.295438071637756657e+05 0.000000000000000000e+00 -1.006451052939851361e+05 0.000000000000000000e+00 6.440974829594825133e+04
3.975064703251052212e-01 -2.662087231274394680e-07 -1.256906114862771801e+03 -4.102034415463725842e-06 3.769194771079859038e+03 8.098190361501766968e-06 8.163948452264420921e+05 0.000000000000000000e+00 -9.642488609132025158e+04 0.000000000000000000e+00 6.471829720587324846e+04
