3.798113400606732779e-03 2.137840953947368325e+04 0.000000000000000000e+00 -5.037757401315789139e+03 0.000000000000000000e+00 -9.876822368421051578e+03
8.299341265228576958e-03 3.390274218750000000e+04 0.000000000000000000e+00 1.072334179687500000e+04 0.000000000000000000e+00 -1.045314355468750000e+04
1.293222767532251419e-02 4.368767197452229448e+04 0.000000000000000000e+00 1.362425955414012788e+04 0.000000000000000000e+00 -1.818897452229299597e+04
1.764839556552980082e-02 4.665845547945205180e+04 0.000000000000000000e+00 2.141045034246575233e+04 0.000000000000000000e+00 7.472849315068492615e+03
2.256548662787912635e-02 4.477863137996219302e+04 0.000000000000000000e+00 2.531859357277882737e+04 0.000000000000000000e+00 1.727623818525519937e+03
2.777643688250242340e-02 4.103208292682926549e+04 0.000000000000000000e+00 2.287279268292682900e+04 0.000000000000000000e+00 1.460133292682926913e+04
3.269804980233311648e-02 3.500275200000000041e+04 0.000000000000000000e+00 1.607984400000000096e+04 0.000000000000000000e+00 1.882743249999999989e+03
3.761648458559932462e-02 3.223069184086311361e+04 0.000000000000000000e+00 1.428729332434254866e+04 0.000000000000000000e+00 -2.728174940997977274e+02
4.263843696389812976e-02 2.806826116071428260e+04 0.000000000000000000e+00 1.218979352678571377e+04 0.000000000000000000e+00 -8.963875558035713311e+02
4.756514582339458480e-02 2.485755429568251202e+04 0.000000000000000000e+00 1.169643610989969420e+04 0.000000000000000000e+00 -2.687938508504143101e+03
5.262096060748640974e-02 2.305310674157303220e+04 0.000000000000000000e+00 9.455669241573034014e+03 0.000000000000000000e+00 1.087210410814606803e+03
5.756031740041873956e-02 2.232251732673267179e+04 0.000000000000000000e+00 1.009808168316831689e+04 0.000000000000000000e+00 5.656662283415842012e+02
6.254738279606215923e-02 2.138738484179543593e+04 0.000000000000000000e+00 9.963238655874416509e+03 0.000000000000000000e+00 1.441452906548933015e+03
6.757793472572401483e-02 1.990466608084358450e+04 0.000000000000000000e+00 9.421559753954305052e+03 0.000000000000000000e+00 1.127021638840070182e+03
7.255917516659465827e-02 1.824678445229681893e+04 0.000000000000000000e+00 7.041141156778872755e+03 0.000000000000000000e+00 5.102348428491724235e+02
7.753384299139773339e-02 1.749907465684633644e+04 0.000000000000000000e+00 7.565714763977234725e+03 0.000000000000000000e+00 1.156560595915634394e+03
8.251793356505521260e-02 1.596703440366972609e+04 0.000000000000000000e+00 7.492429472477064337e+03 0.000000000000000000e+00 3.580753655389908658e+02
8.752751931716111489e-02 1.501560502786056895e+04 0.000000000000000000e+00 7.228292859919658440e+03 0.000000000000000000e+00 8.568260334326811289e+02
9.254701955136974967e-02 1.324310209662716443e+04 0.000000000000000000e+00 5.468487693710118037e+03 0.000000000000000000e+00 4.746412374658158342e+02
9.754963178921903511e-02 1.253518099026483833e+04 0.000000000000000000e+00 5.571622736313200221e+03 0.000000000000000000e+00 -2.015076939181408875e+02
1.025319613041059119e-01 1.145819662288930522e+04 0.000000000000000000e+00 5.009132082551594976e+03 0.000000000000000000e+00 4.324973733583489661e+02
1.075116003998943526e-01 1.116631909028256450e+04 0.000000000000000000e+00 5.181926602343211925e+03 0.000000000000000000e+00 -2.513621424879393373e+02
1.125102861506304813e-01 1.046341748473371081e+04 0.000000000000000000e+00 4.877089588003401332e+03 0.000000000000000000e+00 9.356557161629435768e+02
1.175500852175193622e-01 1.008503143222870131e+04 0.000000000000000000e+00 3.943086047503911232e+03 0.000000000000000000e+00 3.604474825771583255e+02
1.225369446564099490e-01 9.824576233035419136e+03 0.000000000000000000e+00 4.525555776233035431e+03 0.000000000000000000e+00 4.426334657398213039e+02
1.275260957852891452e-01 9.463362600048507375e+03 0.000000000000000000e+00 3.972389037108900993e+03 0.000000000000000000e+00 -3.944085389886005544e+01
1.325302087090364789e-01 9.176059704842600695e+03 0.000000000000000000e+00 3.528218394029515821e+03 0.000000000000000000e+00 -6.977245945794287252e+01
1.375062694904859717e-01 8.708487434002112423e+03 0.000000000000000000e+00 3.491194720168954518e+03 0.000000000000000000e+00 6.661124604012671853e+02
1.425134422753508989e-01 8.415595315799577293e+03 0.000000000000000000e+00 3.204368592820118920e+03 0.000000000000000000e+00 2.236341428297178027e+02
1.475259222195813014e-01 7.992514283110847828e+03 0.000000000000000000e+00 3.311635883183744227e+03 0.000000000000000000e+00 1.353747608091484800e+01
1.525299430011916868e-01 7.517612445045654567e+03 0.000000000000000000e+00 2.909178897531281564e+03 0.000000000000000000e+00 1.818582811971592719e+02
1.574945685492469272e-01 7.214755692158369129e+03 0.000000000000000000e+00 2.694050066728676939e+03 0.000000000000000000e+00 -5.300570226877501767e+01
1.625189323163163113e-01 6.907660145985401869e+03 0.000000000000000000e+00 2.536833576642336084e+03 0.000000000000000000e+00 2.218347992700730060e+02
1.675461007718098694e-01 6.677471526195899060e+03 0.000000000000000000e+00 2.678499715261958954e+03 0.000000000000000000e+00 2.045551679954441795e+02
1.725292014006662711e-01 6.381310215248706299e+03 0.000000000000000000e+00 2.286598938589841055e+03 0.000000000000000000e+00 2.043029963411016467e+02
1.775301965061671094e-01 6.249033316506815027e+03 0.000000000000000000e+00 2.461763503281170870e+03 0.000000000000000000e+00 3.284774419485108297e+02
1.825147654490652804e-01 6.105304381222487791e+03 0.000000000000000000e+00 2.239038317232414556e+03 0.000000000000000000e+00 2.273645454814027005e+02
1.875360723572403465e-01 5.975248268156424274e+03 0.000000000000000000e+00 2.195964022346368893e+03 0.000000000000000000e+00 2.576318435754189977e+02
1.925323683450522461e-01 5.853700332012423132e+03 0.000000000000000000e+00 2.109174467173610083e+03 0.000000000000000000e+00 2.732953036307164894e+02
1.975198663583639380e-01 5.703782066523333015e+03 0.000000000000000000e+00 1.955507777918300008e+03 0.000000000000000000e+00 1.783265460983938056e+02
2.025153694923672032e-01 5.512357039467336108e+03 0.000000000000000000e+00 1.974051336485573756e+03 0.000000000000000000e+00 8.181340466081250895e+01
2.075088499274508613e-01 5.313187844924316778e+03 0.000000000000000000e+00 1.828233483706977495e+03 0.000000000000000000e+00 3.148427030616684874e+02
2.125178062418619784e-01 5.198493978006633370e+03 0.000000000000000000e+00 1.772887589457147897e+03 0.000000000000000000e+00 1.244039317507418474e+02
2.175004174234404231e-01 5.043246864742025537e+03 0.000000000000000000e+00 1.753471593300227369e+03 0.000000000000000000e+00 3.140918272872653816e+01
2.225093171556767890e-01 4.888443332479660057e+03 0.000000000000000000e+00 1.823286381276964676e+03 0.000000000000000000e+00 3.870756289277201176e+02
2.275289586476768322e-01 4.782105005357416303e+03 0.000000000000000000e+00 1.604638604010408699e+03 0.000000000000000000e+00 9.039832389407622770e+01
2.325285406108919262e-01 4.678975642588179653e+03 0.000000000000000000e+00 1.526778163825878210e+03 0.000000000000000000e+00 1.240761555672784908e+02
2.375276552426477672e-01 4.536537458252768374e+03 0.000000000000000000e+00 1.444551239233608840e+03 0.000000000000000000e+00 1.710012656002812435e+02
2.424991024241769377e-01 4.484555838806070824e+03 0.000000000000000000e+00 1.452368105616801358e+03 0.000000000000000000e+00 1.603673121401921264e+02
2.474998551644826128e-01 4.366256035862952558e+03 0.000000000000000000e+00 1.389379186679474969e+03 0.000000000000000000e+00 1.528422670509125965e+02
2.525200307756395035e-01 4.285099412310547450e+03 0.000000000000000000e+00 1.333733003402412805e+03 0.000000000000000000e+00 9.985853696257346712e+01
2.575182250600202005e-01 4.237238238581328005e+03 0.000000000000000000e+00 1.283529871097533714e+03 0.000000000000000000e+00 5.654334997392146533e+01
2.625255687975799335e-01 4.120540423346836178e+03 0.000000000000000000e+00 1.156562674730415893e+03 0.000000000000000000e+00 1.322842614252296585e+02
2.675305520911575030e-01 4.028298532193700339e+03 0.000000000000000000e+00 1.139319368691401678e+03 0.000000000000000000e+00 -2.021154085141050061e+01
2.725404586615198799e-01 3.971185698418574702e+03 0.000000000000000000e+00 1.170988099645633838e+03 0.000000000000000000e+00 1.836399084994975226e+02
2.775333197047151201e-01 3.890822240028950091e+03 0.000000000000000000e+00 1.075382324811952230e+03 0.000000000000000000e+00 9.638898725670121337e+01
2.825123907298719983e-01 3.825698511702587894e+03 0.000000000000000000e+00 1.090688173902303561e+03 0.000000000000000000e+00 1.221297721237571778e+02
2.875104651677040102e-01 3.745625742194981740e+03 0.000000000000000000e+00 1.067557939092127981e+03 0.000000000000000000e+00 7.094053461980463737e+01
2.924971317655564174e-01 3.682990671490827481e+03 0.000000000000000000e+00 1.046487648683951875e+03 0.000000000000000000e+00 4.102610133049740426e+01
2.975058823671092867e-01 3.613181777817245347e+03 0.000000000000000000e+00 9.839570198028593495e+02 0.000000000000000000e+00 9.120720850723736817e+01
3.025121359101998753e-01 3.549645410920409631e+03 0.000000000000000000e+00 9.262657040335479905e+02 0.000000000000000000e+00 -3.583082227313994395e+01
3.075010376196579687e-01 3.499884663217850630e+03 0.000000000000000000e+00 9.471831948581283314e+02 0.000000000000000000e+00 3.106673198515964174e+01
3.125134169243361515e-01 3.438915423285743145e+03 0.000000000000000000e+00 9.261045646491052139e+02 0.000000000000000000e+00 3.079409058918158237e+01
3.175159688234982513e-01 3.392869546423554311e+03 0.000000000000000000e+00 8.274415616311854365e+02 0.000000000000000000e+00 -1.335642271910090351e+01
3.225221380836135188e-01 3.331187917689258484e+03 0.000000000000000000e+00 8.733895412497640791e+02 0.000000000000000000e+00 9.586282801585804236e+01
3.275181733526948968e-01 3.280982154757497028e+03 0.000000000000000000e+00 7.784644946316178675e+02 0.000000000000000000e+00 -4.670908459829692561e+01
3.325123842131759710e-01 3.243877207183967130e+03 0.000000000000000000e+00 7.886858393303504045e+02 0.000000000000000000e+00 1.175067383047048111e+02
3.374959366892091861e-01 3.198969975125249675e+03 0.000000000000000000e+00 7.583607889850401307e+02 0.000000000000000000e+00 4.336011456399117492e+01
3.424919221947719805e-01 3.139847819383443493e+03 0.000000000000000000e+00 7.188178249672887432e+02 0.000000000000000000e+00 3.752633574744351819e+01
3.475179778446125245e-01 3.105414055608193848e+03 0.000000000000000000e+00 6.796372071748293138e+02 0.000000000000000000e+00 2.327288487927598126e+01
3.525052850529177828e-01 3.051241896854542574e+03 0.000000000000000000e+00 6.661978604502634198e+02 0.000000000000000000e+00 -5.129095082228963776e+01
3.575133254796376558e-01 3.026227621463773630e+03 0.000000000000000000e+00 6.505931279747990175e+02 0.000000000000000000e+00 6.273955898245587548e+01
3.625250227669692404e-01 2.995066044270441125e+03 0.000000000000000000e+00 6.387725944887818059e+02 0.000000000000000000e+00 3.593219394669477396e+01
3.675230446100045678e-01 2.942103828124430493e+03 0.000000000000000000e+00 6.045003754492632879e+02 0.000000000000000000e+00 1.439639058387828108e+01
3.725177060730277545e-01 2.901126879752987861e+03 0.000000000000000000e+00 6.128420149808451924e+02 0.000000000000000000e+00 2.779580379095431653e+01
3.775163034622419089e-01 2.879429599851056082e+03 0.000000000000000000e+00 5.834635259721005696e+02 0.000000000000000000e+00 3.871904069065859488e+01
3.825226892977953153e-01 2.849753513513513553e+03 0.000000000000000000e+00 5.500317297297297046e+02 0.000000000000000000e+00 1.038923513513513512e+02
3.875130067694269043e-01 2.829104741833509252e+03 0.000000000000000000e+00 5.540987355110643193e+02 0.000000000000000000e+00 6.162806902002107989e+01
3.924957861003909865e-01 2.797171563737006636e+03 0.000000000000000000e+00 5.689232452611591953e+02 0.000000000000000000e+00 1.143710745663437791e+02
3.975064703251052212e-01 2.766133448980856429e+03 0.000000000000000000e+00 5.390272226008302141e+02 0.000000000000000000e+00 8.856740598475931847e+01
