3.798113400606732779e-03 -3.906250000000000000e-02 6.699736252631578594e+07 9.107730263157894079e-02 2.116302416842105091e+08 -1.400596217105262997e-01 1.235732480000000000e+08 0.000000000000000000e+00 -4.840414315789473243e+06 0.000000000000000000e+00 2.296115469473684132e+08
8.299341265228576958e-03 -6.347656250000000000e-03 8.653611200000000000e+07 1.940917968750000000e-02 1.086086600000000000e+07 -1.834106445312500000e-02 1.792154400000000000e+08 0.000000000000000000e+00 1.865894400000000000e+07 0.000000000000000000e+00 1.281382880000000000e+08
1.293222767532251419e-02 -1.194267515923567047e-03 3.899111215286624432e+07 2.985668789808917402e-03 4.960406012738853693e+06 -1.642117834394904528e-03 1.268273047643312216e+08 0.000000000000000000e+00 2.207655296815286577e+07 0.000000000000000000e+00 1.246318960509554110e+07
1.764839556552980082e-02 -3.531678082191780626e-03 3.253688460273972526e+07 8.829195205479450914e-03 1.437469632876712270e+07 -9.779002568493150305e-03 1.084571213150684834e+08 0.000000000000000000e+00 7.479724536986300349e+07 0.000000000000000000e+00 7.414008284931506217e+07
2.256548662787912635e-02 -6.498109640831758278e-04 2.007974182230623811e+07 3.633034026465028349e-03 1.585642948960302398e+06 -2.163575141776937893e-03 7.208893410964083672e+07 0.000000000000000000e+00 4.354478505860113353e+07 0.000000000000000000e+00 -1.301816426465028338e+07
2.777643688250242340e-02 5.478277439024390773e-04 1.421702993170731701e+07 -3.427496189024390252e-03 2.774933853658536449e+06 1.181997903963414708e-03 6.552031032195121795e+07 0.000000000000000000e+00 6.106116495609755814e+07 0.000000000000000000e+00 2.211288538536585495e+07
3.269804980233311648e-02 -2.509765625000000061e-04 1.059844608000000007e+07 -1.538085937500000011e-04 2.449952256000000052e+06 3.951416015625000121e-04 5.184394854399999976e+07 0.000000000000000000e+00 4.928276889599999785e+07 0.000000000000000000e+00 5.292285440000000410e+06
3.761648458559932462e-02 -1.264329062710721561e-04 6.629050087660147808e+06 6.321645313553607805e-05 1.979034842886041850e+06 -7.902056641942008740e-05 3.797642167498314381e+07 0.000000000000000000e+00 3.325664479028995335e+07 0.000000000000000000e+00 1.259823264194200933e+07
4.263843696389812976e-02 -2.593994140625000000e-04 4.867901142857142724e+06 3.160749162946428184e-04 9.838752142857142026e+05 -7.122584751674106368e-04 3.120204571428571269e+07 0.000000000000000000e+00 2.635353600000000000e+07 0.000000000000000000e+00 9.005274857142856345e+06
4.756514582339458480e-02 -3.338966419537723425e-04 3.518078381160052493e+06 7.563781072830353617e-04 8.768054426515482191e+04 -1.279369276057566599e-03 2.600526463497601449e+07 0.000000000000000000e+00 1.743148992586131766e+07 0.000000000000000000e+00 -3.022123876144788694e+06
5.262096060748640974e-02 -9.601035814606740629e-05 2.716241977528089657e+06 2.345395891853932621e-04 5.416831460674157133e+05 5.085120040379212825e-04 2.170465222471909970e+07 0.000000000000000000e+00 1.469262382022471912e+07 0.000000000000000000e+00 3.467144269662921317e+06
5.756031740041873956e-02 3.659087832611386407e-04 1.999155009900990175e+06 -9.099374903310643650e-04 -8.420345544554456137e+04 1.059692684966738810e-03 1.853346598019801825e+07 0.000000000000000000e+00 1.272621623762376234e+07 0.000000000000000000e+00 1.619224237623762339e+06
6.254738279606215923e-02 4.886405445180279274e-05 1.695011351483934093e+06 7.233796296296295895e-05 2.916311562423350406e+05 -4.992996152195241198e-04 1.650796603777287155e+07 0.000000000000000000e+00 1.171430682560706325e+07 0.000000000000000000e+00 1.461603775324993767e+06
6.757793472572401483e-02 4.762673000878734134e-05 1.417542186291739810e+06 7.980695298769770857e-05 2.904271634446397074e+05 -6.393137631810193264e-05 1.458264902636203729e+07 0.000000000000000000e+00 9.507342397188048810e+06 0.000000000000000000e+00 2.357071493848857644e+05
7.255917516659465827e-02 -1.981826393449530451e-04 1.096971950158080785e+06 2.586261166811477355e-04 1.406259371396689676e+05 -5.867748604579909677e-04 1.294866796503626555e+07 0.000000000000000000e+00 8.140618319509020075e+06 0.000000000000000000e+00 2.117735361725869589e+05
7.753384299139773339e-02 -9.047997049715434574e-05 8.195582457315032370e+05 2.288154267450619465e-04 6.101330833612320566e+04 -3.720651632333863714e-04 1.114339700301305763e+07 0.000000000000000000e+00 6.700469779712086543e+06 0.000000000000000000e+00 9.770124727150988765e+05
8.251793356505521260e-02 1.252900569810779928e-05 6.822800000000000000e+05 2.691286419509747750e-05 7.459548165137614706e+04 -1.483007308539994375e-05 1.006404814678899199e+07 0.000000000000000000e+00 5.586733211009174585e+06 0.000000000000000000e+00 8.739255963302752934e+04
8.752751931716111489e-02 -2.417045969936504123e-05 5.355198548658805666e+05 -6.396946271219386122e-05 5.084351328236361587e+04 1.748403737284566560e-04 8.948573715174291283e+06 0.000000000000000000e+00 4.752082917195801623e+06 0.000000000000000000e+00 1.114689882596864132e+06
9.254701955136974967e-02 1.802679181859617112e-05 4.315304721969006350e+05 -3.260401236326344328e-05 2.752525250683682680e+04 8.710167466670464258e-05 7.946135453053782694e+06 0.000000000000000000e+00 4.004806125797629822e+06 0.000000000000000000e+00 4.109735205104831257e+05
9.754963178921903511e-02 -3.680126661781639222e-06 3.272359325866220170e+05 1.290088846435674750e-04 8.693101308489480289e+04 -5.162399900554799769e-06 7.092324974353605881e+06 0.000000000000000000e+00 3.231641524965979159e+06 0.000000000000000000e+00 2.588278714539935172e+05
1.025319613041059119e-01 -1.905487804878048779e-05 2.924756052532832837e+05 6.266123358348968354e-05 6.673679849906191521e+04 -1.338421962945590953e-04 6.577140088555347174e+06 0.000000000000000000e+00 3.203534625140713062e+06 0.000000000000000000e+00 4.991672915572232450e+05
1.075116003998943526e-01 -4.610236474844934645e-05 2.344943900758097880e+05 1.293894835458304557e-04 4.206611991729841247e+04 -1.783101497889386501e-04 6.116354117160579190e+06 0.000000000000000000e+00 2.751167779462439474e+06 0.000000000000000000e+00 1.777313742246726470e+05
1.125102861506304813e-01 1.690886604313210386e-05 2.007731399860864331e+05 1.328553760531808040e-05 5.945866646053954173e+04 1.156445659735642044e-04 5.603224784725979902e+06 0.000000000000000000e+00 2.433304042668315582e+06 0.000000000000000000e+00 6.243537834119193722e+05
1.175500852175193622e-01 -1.607696051415161392e-05 1.552408431233110605e+05 9.352763098243493576e-05 1.547967458398520830e+04 -7.884394917374840561e-05 5.254557474043522030e+06 0.000000000000000000e+00 2.330258878680130932e+06 0.000000000000000000e+00 2.162327247902147647e+05
1.225369446564099490e-01 -1.913687520688513901e-05 1.296393999337967689e+05 5.947947699437272889e-05 2.115008063555114495e+04 -5.391943892750744838e-05 4.871595564912280999e+06 0.000000000000000000e+00 1.922389604501820635e+06 0.000000000000000000e+00 1.733470993710691982e+05
1.275260957852891452e-01 -6.087231688091195481e-05 1.049227766189667745e+05 6.596474805966528554e-05 3.479717875333494885e+04 -1.227808842923841775e-04 4.690643729323307984e+06 0.000000000000000000e+00 1.852584762551540043e+06 0.000000000000000000e+00 1.738394140189182654e+05
1.325302087090364789e-01 -5.116801719179619121e-06 9.343341361315302493e+04 2.550523587866842514e-05 3.177464070478648864e+04 -3.162638974252637039e-05 4.385218833511026576e+06 0.000000000000000000e+00 1.480645045732562663e+06 0.000000000000000000e+00 -1.538086096178665466e+05
1.375062694904859717e-01 2.578042502639915543e-06 7.447450897571277164e+04 -4.109399749208025523e-05 3.060221161562830093e+04 5.201200749076029348e-05 4.177441196198521648e+06 0.000000000000000000e+00 1.443064917423442472e+06 0.000000000000000000e+00 3.546420443505807780e+05
1.425134422753508989e-01 -1.199846419658283714e-05 6.141474524860817473e+04 4.724395277404492356e-05 2.042867498560184322e+04 -5.305570886926473250e-05 3.906215390286043286e+06 0.000000000000000000e+00 1.197222505663275020e+06 0.000000000000000000e+00 6.019233173353810707e+04
1.475259222195813014e-01 3.319129003599252496e-05 5.866433204246206878e+04 -3.857486388901544517e-05 3.045027800810970803e+04 9.259969488928880945e-05 3.732183609640530311e+06 0.000000000000000000e+00 1.139923667410816066e+06 0.000000000000000000e+00 1.541755538748918043e+05
1.525299430011916868e-01 2.330358180799796885e-05 3.824394994927290827e+04 1.213994830856865057e-04 1.952308826513358144e+04 -2.174777358941705973e-05 3.478184819749746472e+06 0.000000000000000000e+00 9.015737355427797884e+05 0.000000000000000000e+00 2.160059736219141050e+05
1.574945685492469272e-01 2.558209080660816048e-05 4.131398649249807931e+04 -7.043220562290207986e-05 2.338843207829497987e+04 1.012287085125823985e-04 3.314854849840255454e+06 0.000000000000000000e+00 8.880847578760059550e+05 0.000000000000000000e+00 2.160946657499898865e+05
1.625189323163163113e-01 1.482664233576642463e-05 2.598297226277372465e+04 -3.820711678832116947e-05 2.439925021897810439e+04 -2.138458029197080476e-06 3.142293339562044013e+06 0.000000000000000000e+00 8.439180145985402633e+05 0.000000000000000000e+00 1.867921751824817620e+05
1.675461007718098694e-01 -4.518548013952163729e-06 2.515119362186788203e+04 1.074024104854783542e-05 1.912242596810933901e+04 9.358608098127847770e-06 3.044867498861047905e+06 0.000000000000000000e+00 6.951102687927106163e+05 0.000000000000000000e+00 -5.057951708428245911e+04
1.725292014006662711e-01 1.042971454000066077e-05 1.915277581830768031e+04 -1.216800029666743615e-05 2.718687806968388759e+04 2.969571500972410289e-05 2.883214594455615617e+06 0.000000000000000000e+00 6.231341593433761736e+05 0.000000000000000000e+00 1.987077282526288182e+05
1.775301965061671094e-01 -2.584982134969712386e-05 1.218116203937405407e+04 3.480020645349570966e-05 2.260521756688541063e+04 -1.262065920187089794e-05 2.764592460373548791e+06 0.000000000000000000e+00 5.038299687026754254e+05 0.000000000000000000e+00 1.245213690055527550e+05
1.825147654490652804e-01 1.904136754409288429e-05 1.187146680847292373e+04 -3.375515155543738717e-05 1.429305633844426666e+04 -3.613532249844899220e-05 2.669231870010931045e+06 0.000000000000000000e+00 4.441168077048066189e+05 0.000000000000000000e+00 5.522054016366805445e+04
1.875360723572403465e-01 -1.205700069832402284e-05 4.911443575418994442e+03 1.966764141061452540e-05 1.499998569832402245e+04 -2.236137177025139576e-05 2.559389261229050346e+06 0.000000000000000000e+00 4.490412764245810104e+05 0.000000000000000000e+00 1.598128911731843546e+05
1.925323683450522461e-01 -2.264386647210024601e-05 -2.432336296454964213e+03 5.660966618025061164e-05 1.520742851022812465e+04 -8.144339849188711108e-05 2.456063506479597185e+06 0.000000000000000000e+00 3.898841340901788208e+05 0.000000000000000000e+00 8.876865802720359352e+04
1.975198663583639380e-01 -5.434267105096749376e-07 2.732137498419122039e+03 4.174505185278866196e-06 2.026098191475907151e+04 1.798865917857594531e-05 2.365578778095358517e+06 0.000000000000000000e+00 2.952308684456810006e+05 0.000000000000000000e+00 1.796973270266852051e+05
2.025153694923672032e-01 1.027166964199556159e-05 -2.163835568850719028e+03 -3.246413019878414014e-05 1.460257454405095086e+04 5.219468828403937735e-05 2.290281779407507740e+06 0.000000000000000000e+00 2.699093250989096123e+05 0.000000000000000000e+00 7.407282678760976705e+04
2.075088499274508613e-01 2.643286713687054829e-05 -6.602227484027571336e+03 -6.972730941858068759e-05 1.496583773386155008e+04 9.901143760447914707e-05 2.202601981268176809e+06 0.000000000000000000e+00 2.683042971444274299e+05 0.000000000000000000e+00 7.502488923492637696e+04
2.125178062418619784e-01 1.308276695322045832e-05 -5.117392215046255842e+03 -8.331208271513352784e-06 1.305221295164950243e+04 -1.400964050772386098e-06 2.138321840460813604e+06 0.000000000000000000e+00 2.043854801885145716e+05 0.000000000000000000e+00 4.988751405131785577e+04
2.175004174234404231e-01 1.397320301321437570e-06 -7.251547849507617684e+03 -2.013785140139718913e-06 1.353997138288022870e+04 1.462049109397357100e-05 2.085624006060095970e+06 0.000000000000000000e+00 2.204333668883090722e+05 0.000000000000000000e+00 3.050304587155963236e+04
2.225093171556767890e-01 -6.839265750280727423e-06 -8.913745276885798376e+03 3.554301961643781697e-06 1.349392864600776193e+04 -3.678029184868796789e-05 2.013621067512460519e+06 0.000000000000000000e+00 2.040852515907882189e+05 0.000000000000000000e+00 1.338966995922066271e+05
2.275289586476768322e-01 1.022079610247971889e-05 -5.474707485075769000e+03 -2.955061981000306213e-05 1.488413286392162991e+04 3.730730716291328931e-05 1.947104102862390922e+06 0.000000000000000000e+00 1.532755720189805725e+05 0.000000000000000000e+00 9.989480116332466423e+04
2.325285406108919262e-01 4.130223587033634808e-06 -8.749948374656649321e+03 -2.286722715014643655e-05 1.217720932093937154e+04 6.740147400485239145e-05 1.896214413330180338e+06 0.000000000000000000e+00 1.372634437996835040e+05 0.000000000000000000e+00 1.054643534826187533e+05
2.375276552426477672e-01 -8.500290788693092117e-06 -8.643234311829846774e+03 2.337928647252372977e-05 1.033478389875197718e+04 -2.939227931129427345e-05 1.844198476498506032e+06 0.000000000000000000e+00 1.090955002285111696e+05 0.000000000000000000e+00 1.085394910880646930e+05
2.424991024241769377e-01 7.122296692721962440e-06 -9.842145020512214614e+03 -6.990402309523407737e-06 1.092704836830820750e+04 5.374696115341110294e-06 1.788955884996539215e+06 0.000000000000000000e+00 1.044934492597032076e+05 0.000000000000000000e+00 6.438324582580655988e+04
2.474998551644826128e-01 -4.096371677873838928e-06 -7.299994108229267113e+03 4.326206272014088936e-05 1.399395248158821596e+04 -3.709014394212295653e-05 1.742239174127441598e+06 0.000000000000000000e+00 1.008770090297790593e+05 0.000000000000000000e+00 7.596516785142490698e+04
2.525200307756395035e-01 -1.529937847974018056e-05 -6.990600433034333946e+03 6.156753837380143360e-05 1.391635162387875062e+04 -5.692146600970461308e-05 1.703032295453139581e+06 0.000000000000000000e+00 6.841404812867306464e+04 0.000000000000000000e+00 1.187623037426538940e+05
2.575182250600202005e-01 -8.004014231428357689e-06 -8.205573474405782690e+03 9.823108374934803465e-06 1.284459351762163715e+04 6.276238613925936790e-05 1.656651905401981901e+06 0.000000000000000000e+00 4.990027687951717235e+04 0.000000000000000000e+00 7.482122548245286453e+04
2.625255687975799335e-01 5.517784280146345768e-06 -7.595319678210760685e+03 4.703784863621127151e-06 1.065339556113424987e+04 2.280134247952712317e-05 1.622713701146802166e+06 0.000000000000000000e+00 2.991717920922005942e+04 0.000000000000000000e+00 8.948150122667883988e+04
2.675305520911575030e-01 -3.586882603112356817e-06 -8.054203946369146252e+03 2.595770304883942376e-05 1.117269918946162034e+04 2.153815127000455486e-05 1.585059301141933771e+06 0.000000000000000000e+00 1.953216619488822107e+04 0.000000000000000000e+00 6.156702967371341947e+04
2.725404586615198799e-01 8.199571421960120536e-07 -6.679323848310149515e+03 -9.384312647101601511e-06 1.066324980166076057e+04 -3.181288443722893197e-05 1.551502277886497090e+06 0.000000000000000000e+00 1.175331549161686053e+04 0.000000000000000000e+00 5.854812207119056256e+04
2.775333197047151201e-01 -5.543917570824824989e-06 -7.381628350608731125e+03 1.012388134660868005e-05 1.077044712694186637e+04 -1.924081750551703224e-05 1.513614984671853483e+06 0.000000000000000000e+00 1.842007247912735329e+04 0.000000000000000000e+00 5.157654240442525770e+04
2.825123907298719983e-01 1.417230825047860315e-05 -7.095130192058297325e+03 -2.775963186253319528e-05 1.222127210523065514e+04 3.112630891820540124e-05 1.482218379200889263e+06 0.000000000000000000e+00 -2.305836447847835643e+03 0.000000000000000000e+00 8.800043396529364691e+04
2.875104651677040102e-01 3.226528083700440616e-06 -6.289589733767476901e+03 -6.382914252537827743e-06 1.121877877801187424e+04 4.389714838512736484e-06 1.464476708676498616e+06 0.000000000000000000e+00 2.093690863819191691e+03 0.000000000000000000e+00 9.158797778203409689e+04
2.924971317655564174e-01 2.054518893987908725e-06 -5.967156804494329663e+03 -1.523956322463558574e-06 9.954321885584158736e+03 -1.790084250627102134e-05 1.417529915083979722e+06 0.000000000000000000e+00 -2.801517529967980227e+04 0.000000000000000000e+00 3.517889625356899342e+04
2.975058823671092867e-01 -8.802157335050173263e-06 -5.716159488500133193e+03 2.347964629029393276e-05 9.692428736346682854e+03 -2.118696614698961102e-05 1.401031507681378163e+06 0.000000000000000000e+00 -2.629219287807476940e+04 0.000000000000000000e+00 6.950991066512743419e+04
3.025121359101998753e-01 -6.820311275655505329e-06 -5.750284553197007881e+03 1.500316756919150756e-05 9.899365526782239613e+03 -1.947745074609864559e-05 1.368296858069257578e+06 0.000000000000000000e+00 -3.743157217586788465e+04 0.000000000000000000e+00 5.324407660715057864e+04
3.075010376196579687e-01 7.525659961723363306e-06 -5.088311020536134492e+03 -3.285762589323039222e-05 8.211628405706223930e+03 2.278636265194714652e-05 1.341940008653393947e+06 0.000000000000000000e+00 -1.884669538590165757e+04 0.000000000000000000e+00 6.217416364111407893e+04
3.125134169243361515e-01 -2.950503028855821691e-06 -3.108827025940076510e+03 6.433667586215563813e-06 8.735990347878543616e+03 -1.443525015552734854e-05 1.326689293384275166e+06 0.000000000000000000e+00 -1.566782159662175764e+04 0.000000000000000000e+00 5.546991835913935211e+04
3.175159688234982513e-01 4.182896817989802894e-06 -3.937332298533269295e+03 -1.847765887946871473e-05 8.951818215755813071e+03 3.142209358514013752e-05 1.298540444950928912e+06 0.000000000000000000e+00 -5.345244086412354955e+04 0.000000000000000000e+00 6.517173361102651688e+04
3.225221380836135188e-01 -1.567072163488767366e-06 -4.178081178025297959e+03 4.360147843118746390e-06 7.809318180101945472e+03 7.950586711818010341e-07 1.283826361487634713e+06 0.000000000000000000e+00 -5.897718527468379034e+04 0.000000000000000000e+00 4.879301521616009268e+04
3.275181733526948968e-01 -4.128234027183219584e-06 -3.562585708996668018e+03 2.348277357850680221e-06 9.210586893743058681e+03 -4.410311188004009297e-06 1.251662761940022232e+06 0.000000000000000000e+00 -5.892088796741947590e+04 0.000000000000000000e+00 4.565271410588670551e+04
3.325123842131759710e-01 -5.542283417988383002e-06 -4.027673252266116378e+03 5.507535559568393121e-06 7.500134819466807130e+03 -1.561481887748294235e-05 1.236728423636994557e+06 0.000000000000000000e+00 -5.320811649483619112e+04 0.000000000000000000e+00 5.858812670681480813e+04
3.374959366892091861e-01 -9.665378770626773141e-07 -2.776249448200960160e+03 -7.300354673212346737e-06 7.959040605402376059e+03 9.462234747792804371e-07 1.231046536103422986e+06 0.000000000000000000e+00 -6.333078372981116263e+04 0.000000000000000000e+00 5.259386946011281543e+04
3.424919221947719805e-01 3.695000166681945967e-06 -3.013675453583245144e+03 -1.729487963479985895e-05 5.961524606422255602e+03 1.755328548346098423e-05 1.204410862995774718e+06 0.000000000000000000e+00 -6.360476803707006911e+04 0.000000000000000000e+00 4.640336617523273162e+04
3.475179778446125245e-01 1.876501520281308069e-06 -2.484345672558564729e+03 -6.238719453985199509e-06 8.204422256346586437e+03 1.567781125373178322e-05 1.191160882151141763e+06 0.000000000000000000e+00 -7.518515163197960646e+04 0.000000000000000000e+00 3.853946718071029318e+04
3.525052850529177828e-01 6.658026305285007588e-06 -2.473221906434615903e+03 -2.306140727287242455e-05 6.779253392942679056e+03 2.314326825203576640e-05 1.171802619830752024e+06 0.000000000000000000e+00 -7.289357815743253741e+04 0.000000000000000000e+00 2.925376745968385876e+04
3.575133254796376558e-01 -2.793739245694445456e-06 -2.652362471353787441e+03 6.026280804259184080e-06 6.956883046807336541e+03 -7.452856127391336025e-06 1.158999069157130783e+06 0.000000000000000000e+00 -8.891614167132927105e+04 0.000000000000000000e+00 5.671831858420645585e+04
3.625250227669692404e-01 1.023471615720523998e-05 -2.073517843698238266e+03 -1.617555714500828023e-05 5.404106128595090922e+03 2.501329336696280514e-05 1.142306616473422619e+06 0.000000000000000000e+00 -7.730937870802589168e+04 0.000000000000000000e+00 4.874112404758319462e+04
3.675230446100045678e-01 -2.107345683062499535e-06 -1.210463472067303883e+03 2.050390394331080594e-06 4.306675240032368492e+03 -9.397622640684120130e-06 1.131573861732607242e+06 0.000000000000000000e+00 -8.786858978340587055e+04 0.000000000000000000e+00 5.248991944243961916e+04
3.725177060730277545e-01 -1.954353450740465398e-06 -1.710302933272342671e+03 4.495012936703070881e-06 5.492883069357882050e+03 -1.082572215035165044e-05 1.118922557493281551e+06 0.000000000000000000e+00 -7.336907450397392677e+04 0.000000000000000000e+00 3.417271382011550304e+04
3.775163034622419089e-01 1.274397867377827961e-06 -1.140846525675591920e+03 -4.478910866788258007e-06 5.592252487570765879e+03 9.499693349907081851e-06 1.107059765854600351e+06 0.000000000000000000e+00 -7.205590892353521485e+04 0.000000000000000000e+00 3.385612136173381441e+04
3.825226892977953153e-01 1.154719172297297361e-06 -1.717094486486486403e+03 -9.432406038851350892e-06 4.018603243243243014e+03 -4.971066036739864404e-06 1.098782111135135172e+06 0.000000000000000000e+00 -7.789577686486486346e+04 0.000000000000000000e+00 5.807249989189189364e+04
3.875130067694269043e-01 4.952272951791359833e-06 -8.954768177028450964e+02 -6.515133117096944885e-06 4.460888514225500330e+03 1.057824797072576488e-05 1.081636309378293110e+06 0.000000000000000000e+00 -7.656006406743940897e+04 0.000000000000000000e+00 5.304551317175974691e+04
3.924957861003909865e-01 3.771360988639655406e-07 -1.396476040292215259e+02 3.633077752389534541e-06 4.578347813214044436e+03 5.342761400572844718e-08 1.070218719325459562e+06 0.000000000000000000e+00 -7.004711660927493358e+04 0.000000000000000000e+00 5.780579358285328635e+04
3.975064703251052212e-01 -3.618018555232017988e-06 -8.441100799206989223e+02 1.582126843132395874e-05 4.344477888606654233e+03 -1.980986162954587916e-05 1.060849433963199379e+06 0.000000000000000000e+00 -7.155591589120872959e+04 0.000000000000000000e+00 5.092582734650889324e+04
