3.798113400606732779e-03 -6.085526315789473173e-02 -2.682051031578947231e+07 1.488486842105262997e-01 4.206014652631578594e+07 -1.996299342105262997e-01 1.550746947368420959e+08 0.000000000000000000e+00 -1.155412210526315682e+07 0.000000000000000000e+00 -1.159324160000000000e+08
8.299341265228576958e-03 6.225585937500000000e-03 6.747596800000000000e+07 -1.849365234375000000e-02 1.714320400000000000e+07 2.223205566406250000e-02 1.466305120000000000e+08 0.000000000000000000e+00 3.469008400000000000e+07 0.000000000000000000e+00 7.121800000000000000e+06
1.293222767532251419e-02 -5.411524681528662303e-04 4.234780698089171946e+07 2.646670979299363229e-03 -6.609064764331210405e+06 -7.076190535429936930e-03 1.227204516687898189e+08 0.000000000000000000e+00 3.072079898089171946e+07 0.000000000000000000e+00 -7.630983011464968324e+07
1.764839556552980082e-02 -3.511611729452054735e-03 3.523191934246575087e+07 9.314132063356163338e-03 1.178545797260273993e+07 -1.150387280607876629e-02 9.863336328767122328e+07 0.000000000000000000e+00 9.496022619178082049e+07 0.000000000000000000e+00 2.865889490410958603e+07
2.256548662787912635e-02 -6.202741020793951527e-04 1.994582236672968045e+07 2.318643667296786410e-03 -4.794694896030245582e+04 -2.137730387523629517e-03 7.525309023818525672e+07 0.000000000000000000e+00 4.992279519092627615e+07 0.000000000000000000e+00 -1.042086085444234498e+07
2.777643688250242340e-02 -3.715701219512195170e-04 1.436216944390243851e+07 8.527057926829268277e-04 3.870570458536585327e+06 -5.871284298780487599e-04 5.848986099512194842e+07 0.000000000000000000e+00 4.763439203902439028e+07 0.000000000000000000e+00 2.603810216585365683e+07
3.269804980233311648e-02 -5.390625000000000451e-04 9.563811839999999851e+06 1.410156249999999951e-03 1.578518783999999985e+06 -2.241210937499999931e-03 4.543133696000000089e+07 0.000000000000000000e+00 4.157428940799999982e+07 0.000000000000000000e+00 5.864006656000000425e+06
3.761648458559932462e-02 -1.866860881658799595e-04 6.633991940660822205e+06 9.144984301247471511e-04 1.774867679028995335e+06 -3.706146878160822603e-04 3.637472271881321818e+07 0.000000000000000000e+00 2.959780095482130721e+07 0.000000000000000000e+00 1.351089767228590697e+07
4.263843696389812976e-02 -2.550397600446428184e-04 4.138408285714285448e+06 1.526968819754464255e-03 3.789525357142856810e+05 -1.388277326311383774e-03 2.852353142857142538e+07 0.000000000000000000e+00 1.847743542857142910e+07 0.000000000000000000e+00 3.869660000000000000e+05
4.756514582339458480e-02 -8.219649476668120815e-05 3.747426470126471948e+06 -1.335160679241168794e-04 4.466891583078936092e+05 -5.171884369548626148e-04 2.496746363366768509e+07 0.000000000000000000e+00 2.063907770780636743e+07 0.000000000000000000e+00 5.306847623201046372e+05
5.262096060748640974e-02 -4.430192240168539033e-04 2.672232269662921317e+06 9.978219364466290892e-04 3.836195056179775274e+05 -1.478730962517556041e-03 2.060871622471909970e+07 0.000000000000000000e+00 1.424703424719101004e+07 0.000000000000000000e+00 3.035496988764044829e+06
5.756031740041873956e-02 2.287307588180693203e-04 2.209491960396039765e+06 -4.316273302134900893e-04 4.003903366336633917e+05 7.199957819268255552e-04 1.835529631683168188e+07 0.000000000000000000e+00 1.249307247524752468e+07 0.000000000000000000e+00 2.439143920792079065e+06
6.254738279606215923e-02 -9.581187147412312261e-07 1.743113355898945127e+06 2.208463637478537975e-04 1.899606494971792854e+05 -1.038361157100809346e-04 1.592774558547951840e+07 0.000000000000000000e+00 1.060552555310277082e+07 0.000000000000000000e+00 2.332145306843266822e+06
6.757793472572401483e-02 -3.175115333919156541e-05 1.370536717047451530e+06 1.205685687609841801e-04 2.285384604569419753e+05 -6.253689998901581994e-05 1.427593493145869859e+07 0.000000000000000000e+00 9.676318594024604186e+06 0.000000000000000000e+00 8.926640140597538557e+05
7.255917516659465827e-02 2.324716384601078727e-05 1.082563392226148397e+06 -1.249535056723079761e-04 8.009885661149339285e+04 3.116572903105821208e-04 1.245340770838757791e+07 0.000000000000000000e+00 7.429061534684768878e+06 0.000000000000000000e+00 -4.777451337176864618e+05
7.753384299139773339e-02 -1.830850351523267684e-05 8.664430130565785803e+05 1.974702879142952881e-04 1.131805289588215674e+05 -4.479044609976565113e-05 1.104124863207231462e+07 0.000000000000000000e+00 6.351000897221292369e+06 0.000000000000000000e+00 8.831690605959156528e+05
8.251793356505521260e-02 2.463804472477064357e-05 7.333489174311927054e+05 -1.825455131880734114e-04 9.619619266055047046e+04 4.395651161123853286e-05 9.968817321100918576e+06 0.000000000000000000e+00 5.561661064220183529e+06 0.000000000000000000e+00 -2.216538899082568823e+05
8.752751931716111489e-02 -1.202195639497213998e-05 5.788333497473112075e+05 -1.157271486652844406e-04 7.530549177141377004e+04 1.224183165009070859e-04 8.685406378644552082e+06 0.000000000000000000e+00 4.807791064921601675e+06 0.000000000000000000e+00 6.448057141376183135e+05
9.254701955136974967e-02 -9.792331358249772090e-06 4.490397812215132290e+05 1.290807315405651822e-05 5.770313947128532163e+04 2.370189294667274200e-05 7.731136525068367831e+06 0.000000000000000000e+00 3.622920634457611479e+06 0.000000000000000000e+00 2.795732069279854186e+05
9.754963178921903511e-02 2.330746885795038117e-05 3.668169412749921321e+05 -8.832303988275934132e-05 5.748994117031298811e+04 9.772780801842352724e-05 6.994731010572594590e+06 0.000000000000000000e+00 3.153527464880142361e+06 0.000000000000000000e+00 9.253770920129802835e+04
1.025319613041059119e-01 -5.679819418386491806e-05 2.783443572232645238e+05 -8.244899155722326870e-06 3.780838724202626327e+04 -1.398426506801125674e-04 6.276316553846153431e+06 0.000000000000000000e+00 2.686225771106941625e+06 0.000000000000000000e+00 2.739801816135084373e+05
1.075116003998943526e-01 -5.131832572363886934e-05 2.380245348035837233e+05 9.868261651447277549e-05 2.764030599586492099e+04 -1.859868665467780905e-04 5.731527718814610504e+06 0.000000000000000000e+00 2.322025152308752760e+06 0.000000000000000000e+00 8.891510406616126420e+04
1.125102861506304813e-01 -1.811664218907011055e-05 2.171517180180876749e+05 -6.461602380768339702e-05 3.882505557702713122e+04 4.544257749091752256e-05 5.447144293731158599e+06 0.000000000000000000e+00 2.234622555461080745e+06 0.000000000000000000e+00 5.043652358352013980e+05
1.175500852175193622e-01 -1.111150618688664533e-06 1.706403663774712186e+05 5.916877044517138557e-05 2.803399573318162584e+04 -5.521029636609301811e-05 5.082001167401507497e+06 0.000000000000000000e+00 1.878046147631915985e+06 0.000000000000000000e+00 1.656143956762907328e+05
1.225369446564099490e-01 -8.792618338298577977e-06 1.446148152267461119e+05 6.749627606752731026e-05 4.238218126448196563e+04 -5.346687768950679286e-05 4.801622163786825724e+06 0.000000000000000000e+00 1.798341410658722511e+06 0.000000000000000000e+00 4.058405200926845428e+05
1.275260957852891452e-01 4.026573490177055690e-05 1.204222401164200855e+05 -1.906700976230899866e-05 2.593934513703613629e+04 3.585426835738539852e-05 4.560393313606596552e+06 0.000000000000000000e+00 1.673568923599320929e+06 0.000000000000000000e+00 1.483722726170264359e+05
1.325302087090364789e-01 8.329358621850626023e-06 9.851097918186409515e+04 -7.973168943942539992e-06 2.145907681948263416e+04 9.779461599026429569e-05 4.230674990629033186e+06 0.000000000000000000e+00 1.413711841086358763e+06 0.000000000000000000e+00 -1.808044495819538715e+05
1.375062694904859717e-01 3.546903100663278995e-05 8.224120295670538326e+04 -1.064095099347445807e-04 3.970459303062302206e+04 1.305357581584732946e-04 3.993485381203801371e+06 0.000000000000000000e+00 1.230794042661034735e+06 0.000000000000000000e+00 3.199140359028510866e+05
1.425134422753508989e-01 2.193469235937800047e-05 7.156687272029179439e+04 -2.821513846227682756e-05 3.617872144365520944e+04 4.806416028748320280e-05 3.809249333077365998e+06 0.000000000000000000e+00 1.118688055288922973e+06 0.000000000000000000e+00 1.454784626607794198e+05
1.475259222195813014e-01 -4.093295822133126872e-05 6.024536443573739234e+04 5.178909061916260679e-05 2.825634552827008156e+04 -7.390178652786003597e-05 3.548550910565401427e+06 0.000000000000000000e+00 9.998084257141555427e+05 0.000000000000000000e+00 1.991134619344844832e+05
1.525299430011916868e-01 1.816399644910382189e-06 4.560968008116333658e+04 -2.138397763780859018e-05 2.918948934731146437e+04 2.173487302375718406e-05 3.394136825160635635e+06 0.000000000000000000e+00 9.210164896854920080e+05 0.000000000000000000e+00 1.786884545147108438e+05
1.574945685492469272e-01 1.887802301128321147e-05 4.583693614267803787e+04 -3.676870172281311447e-05 3.405000072794920561e+04 -6.195585480951994683e-05 3.225223562906943727e+06 0.000000000000000000e+00 8.454892236017308896e+05 0.000000000000000000e+00 1.748593987139563833e+05
1.625189323163163113e-01 4.619069343065693997e-05 3.480067737226277677e+04 5.217837591240876615e-05 2.343296233576642408e+04 2.901174726277372406e-05 3.003563015474452637e+06 0.000000000000000000e+00 7.058763865693431580e+05 0.000000000000000000e+00 1.413646855474452605e+05
1.675461007718098694e-01 7.190574002971953106e-06 2.365934396355352874e+04 -4.907403828614393369e-06 1.331936560364464640e+04 2.475480012307134501e-05 2.910568965831434820e+06 0.000000000000000000e+00 6.514143781321183778e+05 0.000000000000000000e+00 8.323947152619589178e+04
1.725292014006662711e-01 -6.695619210864621498e-06 2.504319346013119502e+04 -1.287619079012427276e-06 1.273453802287635699e+04 2.208266720506312669e-05 2.785020498005735688e+06 0.000000000000000000e+00 6.032371612222698750e+05 0.000000000000000000e+00 1.628015363417608896e+05
1.775301965061671094e-01 4.480199221707786166e-05 1.403644018172640062e+04 -1.470054537885301014e-04 2.416033922261483895e+04 1.330902815948286060e-04 2.653238017163048964e+06 0.000000000000000000e+00 5.450240000000000000e+05 0.000000000000000000e+00 8.484416355376072170e+04
1.825147654490652804e-01 7.645397574522142857e-06 1.066799586398416432e+04 9.506258493603946387e-06 1.216716121598865539e+04 3.415184671260598490e-06 2.560961892640846316e+06 0.000000000000000000e+00 4.593319006174480892e+05 0.000000000000000000e+00 1.207794976513338624e+05
1.875360723572403465e-01 1.092495199022346436e-05 1.359238525139664853e+04 -2.905819003142458187e-05 1.804873474860335045e+04 4.320027441951815550e-05 2.477701291620111559e+06 0.000000000000000000e+00 4.426524603351955302e+05 0.000000000000000000e+00 1.515429184357541963e+05
1.925323683450522461e-01 -9.491597608975044722e-06 6.582291956731283790e+03 1.619847029961443764e-05 1.895157074006640323e+04 -5.734506888755756490e-05 2.382625696476384066e+06 0.000000000000000000e+00 3.748259492342293961e+05 0.000000000000000000e+00 1.526931973867409106e+05
1.975198663583639380e-01 1.076972935373719358e-05 -2.633758037182243243e+03 -3.102472492727962244e-05 1.503685301631465700e+04 3.146934678133299210e-05 2.266008732313140295e+06 0.000000000000000000e+00 3.298695495130896452e+05 0.000000000000000000e+00 1.674206069558618765e+05
2.025153694923672032e-01 -6.360896337933031252e-07 1.147987069381453239e+03 7.244354162645952406e-06 1.509326642864035603e+04 -3.880441252080720329e-05 2.194158386567596346e+06 0.000000000000000000e+00 2.578373305027501774e+05 0.000000000000000000e+00 1.818390967866448045e+04
2.075088499274508613e-01 -1.153922118665414912e-05 -2.487939178822505710e+03 5.769610593327074559e-06 1.312017586846504491e+04 -2.843434057912936114e-05 2.121157529597654939e+06 0.000000000000000000e+00 2.733117413267993252e+05 0.000000000000000000e+00 9.820098797774164996e+04
2.125178062418619784e-01 4.154950416739395970e-06 -2.854775702565892971e+03 -1.685418348533775486e-05 1.467203491010647667e+04 3.762360870952609831e-05 2.044711009949380532e+06 0.000000000000000000e+00 2.444610089020771557e+05 0.000000000000000000e+00 1.474525369174375955e+05
2.175004174234404231e-01 -1.602808580927531407e-05 -4.684260247453918055e+03 -6.682478852790168827e-05 1.586434946553320515e+04 3.552892354389361213e-05 1.992455778469825862e+06 0.000000000000000000e+00 1.874657338607861311e+05 0.000000000000000000e+00 1.132372184159582539e+05
2.225093171556767890e-01 2.847289257500837167e-06 -3.487178266779614205e+03 -1.835347264632296413e-05 1.382257402336439372e+04 1.414025408285888848e-06 1.931490461732432479e+06 0.000000000000000000e+00 1.389472037193908764e+05 0.000000000000000000e+00 1.889402147317822673e+05
2.275289586476768322e-01 2.242222179703046227e-06 -1.910392469003520773e+03 -1.442496268942293078e-05 1.374694015000765467e+04 2.671981430812796485e-06 1.864152265727843391e+06 0.000000000000000000e+00 1.550532398591765086e+05 0.000000000000000000e+00 1.191186652380223532e+05
2.325285406108919262e-01 1.598796227238826466e-06 -6.853273861713933002e+03 1.668077397085842114e-05 1.279994993906099444e+04 -3.633264426400233327e-05 1.812796627289760625e+06 0.000000000000000000e+00 1.192536042057009909e+05 0.000000000000000000e+00 1.316076567042002571e+05
2.375276552426477672e-01 6.539634292878801256e-06 -8.135738723853050033e+03 -9.757417600715195929e-06 1.183291713833714311e+04 8.063970959067114235e-06 1.768584545333099086e+06 0.000000000000000000e+00 9.373203529618562607e+04 0.000000000000000000e+00 9.233782752680612612e+04
2.424991024241769377e-01 -1.162319251937264751e-06 -6.534776762953083562e+03 -1.437236606916752477e-05 1.015534988941974916e+04 1.056185490457177598e-06 1.721215224216230912e+06 0.000000000000000000e+00 9.601514831259602215e+04 0.000000000000000000e+00 7.519493579592456808e+04
2.474998551644826128e-01 2.970651216778738327e-07 -6.779423374959974353e+03 -2.163103136007044468e-05 1.079432545629202650e+04 1.954571238092379226e-05 1.670464217227025190e+06 0.000000000000000000e+00 9.225135830931796227e+04 0.000000000000000000e+00 1.029199513288504677e+05
2.525200307756395035e-01 -8.293456276098052198e-06 -6.845141973399319795e+03 -1.835302417211181713e-05 1.223771159913393240e+04 4.838565315508525929e-05 1.641932594123105519e+06 0.000000000000000000e+00 3.853912527064645838e+04 0.000000000000000000e+00 9.391155310856789583e+04
2.575182250600202005e-01 -1.746330377766187291e-07 -5.801153893152521960e+03 -2.104328105208255528e-05 1.254589029133447548e+04 3.129569564488488085e-05 1.606869009701214498e+06 0.000000000000000000e+00 2.835559460546903938e+04 0.000000000000000000e+00 1.281918445421354554e+05
2.625255687975799335e-01 1.351151972670736518e-06 -6.276548867461630834e+03 -1.594916503822673561e-06 1.375090682946311426e+04 3.668656193836652066e-06 1.556838140012552030e+06 0.000000000000000000e+00 4.268260672105893900e+04 0.000000000000000000e+00 1.090337330975067016e+05
2.675305520911575030e-01 7.677749181004127365e-06 -6.586391019179519390e+03 -1.779198276181977512e-05 1.105469849905414048e+04 1.795653605793295235e-05 1.510682918159097433e+06 0.000000000000000000e+00 -9.711557476422583932e+03 0.000000000000000000e+00 3.725765554190082912e+04
2.725404586615198799e-01 1.341630662585285840e-05 -8.120648648648648305e+03 -1.918183204302639119e-05 1.036263309885227682e+04 2.924244792355344460e-05 1.484250819273284869e+06 0.000000000000000000e+00 8.589457872745542772e+03 0.000000000000000000e+00 9.173569154281482042e+04
2.775333197047151201e-01 6.765030888929097576e-06 -6.094951172228396899e+03 -1.989121022565719799e-05 1.002118458396877395e+04 3.236108059554888844e-05 1.453320238426344702e+06 0.000000000000000000e+00 -1.162533667640292606e+03 0.000000000000000000e+00 6.237251707291854837e+04
2.825123907298719983e-01 8.684308034335824994e-06 -7.445890347681097410e+03 -2.566695485703699342e-05 1.129491982955598178e+04 2.976787809547335240e-05 1.427754555474587949e+06 0.000000000000000000e+00 -7.131006237263015464e+03 0.000000000000000000e+00 9.715820515037361474e+04
2.875104651677040102e-01 -8.545623294148629696e-06 -6.847642214135223185e+03 2.033531015071346571e-05 1.119149511587818415e+04 -3.994728180440169522e-05 1.398150889101704583e+06 0.000000000000000000e+00 -3.118018770350507475e+04 0.000000000000000000e+00 5.608703313541466923e+04
2.924971317655564174e-01 -4.210282108472817234e-06 -5.764205805176339709e+03 9.780659957977638357e-06 1.008879150146227585e+04 -1.217211607013522453e-05 1.363272415309389587e+06 0.000000000000000000e+00 -2.809604808748222422e+04 0.000000000000000000e+00 6.541844756036943727e+04
2.975058823671092867e-01 2.200539333762543316e-06 -4.923715478199093923e+03 6.292675286941656947e-06 1.133230512387887393e+04 7.493215834794867307e-07 1.341825739099547034e+06 0.000000000000000000e+00 -3.732462552171209973e+04 0.000000000000000000e+00 9.259903170233548735e+04
3.025121359101998753e-01 1.101910044961307347e-05 -5.664534001988673481e+03 -2.533126540140936446e-05 7.141396740305218373e+03 8.359317582465090746e-06 1.309749256322683766e+06 0.000000000000000000e+00 -6.232524802213479416e+04 0.000000000000000000e+00 5.183119035061173054e+04
3.075010376196579687e-01 -1.459460077337095696e-06 -5.747559178554633036e+03 7.261579335841563829e-06 8.775572179547474661e+03 -1.084006317931232829e-05 1.284657308460051194e+06 0.000000000000000000e+00 -6.620916348434968677e+04 0.000000000000000000e+00 1.102183579871453258e+05
3.125134169243361515e-01 -3.191059848180173086e-06 -6.265731268851799541e+03 6.328117145083450813e-06 9.646401608686908730e+03 -1.991957743690930992e-06 1.262438266157249222e+06 0.000000000000000000e+00 -4.185245574100140948e+04 0.000000000000000000e+00 7.532803860848581826e+04
3.175159688234982513e-01 -6.180505870331119645e-07 -5.926497706084034689e+03 -1.774328346693531323e-06 9.414192453163836035e+03 -7.866185256096515222e-06 1.248160019176548114e+06 0.000000000000000000e+00 -4.302241573420046916e+04 0.000000000000000000e+00 7.366148441414270201e+04
3.225221380836135188e-01 4.867141778365112801e-06 -3.832670266188408732e+03 -2.112781999244855822e-05 7.708146951104399704e+03 3.140596977062488237e-05 1.224995058032848872e+06 0.000000000000000000e+00 -4.982556465924108488e+04 0.000000000000000000e+00 5.882093199924485816e+04
3.275181733526948968e-01 6.907977514115142413e-06 -4.608626434653831893e+03 -2.052394693227045647e-05 8.961825101814143636e+03 1.194349089096052421e-05 1.204447680118474644e+06 0.000000000000000000e+00 -7.038264583487597702e+04 0.000000000000000000e+00 5.437915320251758385e+04
3.325123842131759710e-01 -4.621465169858651588e-06 -3.043679443500538127e+03 1.336055156248610107e-05 9.119834046452049733e+03 -2.146983302125123598e-05 1.186368067747760564e+06 0.000000000000000000e+00 -6.322287967122410919e+04 0.000000000000000000e+00 5.663398980581229262e+04
3.374959366892091861e-01 2.491187227384998399e-06 -3.995070735381705163e+03 -6.809601481208177579e-06 7.406826192061101210e+03 2.514441872104150188e-06 1.177297854885611217e+06 0.000000000000000000e+00 -8.046847829590442416e+04 0.000000000000000000e+00 4.543361412605542864e+04
3.424919221947719805e-01 -5.847704008284093229e-06 -2.607887856386835665e+03 -7.385930949920410159e-07 6.684537015893123680e+03 -1.361361363723966438e-05 1.161753120169349015e+06 0.000000000000000000e+00 -7.136208712465310236e+04 0.000000000000000000e+00 5.055482085857870698e+04
3.475179778446125245e-01 2.073923040480935455e-06 -3.297766131930603933e+03 -5.503872684353252079e-06 6.842012872872218395e+03 7.111163040725977078e-06 1.143793981768876314e+06 0.000000000000000000e+00 -6.053459875191948959e+04 0.000000000000000000e+00 7.339601215408238932e+04
3.525052850529177828e-01 2.257024139789238357e-06 -2.729695800734472414e+03 -6.297448182779818047e-06 6.120415647453297424e+03 -4.049194862186651986e-07 1.131365165575602790e+06 0.000000000000000000e+00 -8.206815545265846595e+04 0.000000000000000000e+00 4.170564138591728988e+04
3.575133254796376558e-01 -5.115929737259620883e-06 -2.919785454238873172e+03 8.613249663718374803e-06 6.420204459228487394e+03 -1.714276199907450874e-05 1.106843547209724784e+06 0.000000000000000000e+00 -7.922074821224639891e+04 0.000000000000000000e+00 5.889866762728882168e+04
3.625250227669692404e-01 -1.301397097575666141e-06 -2.458921246800180597e+03 7.415022445791295793e-06 5.599984580635446036e+03 3.919815410423881475e-06 1.097862826923656045e+06 0.000000000000000000e+00 -7.583650558650805033e+04 0.000000000000000000e+00 5.881045866586357442e+04
3.675230446100045678e-01 5.610095940044762269e-06 -8.348331182701631406e+02 -5.510424184764779546e-06 5.571183926397364303e+03 1.696199692532569364e-05 1.082808262741581537e+06 0.000000000000000000e+00 -6.958263980928635283e+04 0.000000000000000000e+00 6.519382309413934854e+04
3.725177060730277545e-01 1.954353450740465398e-06 -1.785406255360512432e+03 -1.005096060380810788e-06 5.456938647149637291e+03 2.177708130825090112e-06 1.071135968894733815e+06 0.000000000000000000e+00 -7.855877225684716541e+04 0.000000000000000000e+00 4.518013196866602084e+04
3.775163034622419089e-01 3.382225846008939842e-07 -1.520177188131374123e+03 4.487722856665478361e-06 5.012090883389302689e+03 1.109426237486119948e-05 1.060454487556974404e+06 0.000000000000000000e+00 -7.886078049385950726e+04 0.000000000000000000e+00 5.181769680253204569e+04
3.825226892977953153e-01 -3.836142050253378329e-06 -1.889186594594594681e+03 1.080445985536317492e-05 6.723532972972972857e+03 -9.845733642578124851e-06 1.049605203027026961e+06 0.000000000000000000e+00 -7.847526399999999558e+04 0.000000000000000000e+00 6.764452670270270028e+04
3.875130067694269043e-01 7.396251811116965956e-07 -1.378749315068493161e+03 -5.142002889554794574e-06 4.459809905163329859e+03 1.453604663008759273e-05 1.042152531085353112e+06 0.000000000000000000e+00 -7.968292012644889473e+04 0.000000000000000000e+00 5.220297913593256089e+04
3.924957861003909865e-01 -2.853663148070672653e-06 -1.359934193672963829e+03 4.946768496765681231e-06 4.601422250828693905e+03 5.184049958967592843e-06 1.027559155485469732e+06 0.000000000000000000e+00 -7.878866843883758702e+04 0.000000000000000000e+00 6.427641376114312152e+04
3.975064703251052212e-01 -5.464841571928629211e-06 -1.446127798773310360e+03 1.228265872816120598e-05 4.607082089089895817e+03 -3.444661468416997341e-05 1.021003761154823238e+06 0.000000000000000000e+00 -7.661416883712286653e+04 0.000000000000000000e+00 6.621902405055449344e+04
