3.798113400606732779e-03 3.083881578947368250e-04 -4.532420631578947417e+06 -9.251644736842104750e-04 -7.719008000000000000e+06 1.053659539473684233e-03
8.299341265228576958e-03 -1.192092895507812500e-04 -2.172859500000000000e+06 2.675056457519531250e-04 -7.788650000000000000e+05 -4.099607467651367188e-04
1.293222767532251419e-02 1.555035828025477785e-06 -1.348780840764331166e+06 2.721312699044586061e-05 -1.320238726114649617e+05 -2.429743481289809055e-05
1.764839556552980082e-02 1.254147046232876643e-05 -9.794465753424656577e+05 -1.316854398544520526e-04 -2.158476164383561409e+05 3.866953392551370072e-06
2.256548662787912635e-02 7.384215500945179784e-06 -7.607925595463138307e+05 -3.738259097353496943e-05 -8.051367107750472496e+04 4.338226606805293091e-05
2.777643688250242340e-02 -4.763719512195121947e-06 -5.462250146341463551e+05 -4.763719512195122116e-05 -8.135700487804878503e+04 -2.620045731707317029e-05
3.269804980233311648e-02 1.322174072265625073e-05 -4.087311359999999986e+05 -4.037857055664062825e-05 -5.833134799999999814e+04 5.255794525146484776e-05
3.761648458559932462e-02 -1.613336564396493440e-05 -3.106952933243425214e+05 4.296743299055967710e-05 -3.740687525286581513e+04 -4.720655712660147996e-05
4.263843696389812976e-02 -3.187997000558035230e-05 -2.477350357142857101e+05 2.847399030412946138e-05 -3.927128571428571013e+04 -3.756795610700334434e-05
4.756514582339458480e-02 4.045941452245966195e-06 -1.959418752725686936e+05 -1.597082152202354961e-05 -7.844778020061055940e+03 3.327254483754906226e-05
5.262096060748640974e-02 4.160270262300298293e-06 -1.545445056179775274e+05 -2.000171147035748577e-05 -2.182892134831460498e+04 -1.389323995354470254e-06
5.756031740041873956e-02 -5.740930538366336650e-06 -1.304325940594059357e+05 3.912897393254950582e-05 -1.078068193069307017e+04 -3.674950930151609126e-05
6.254738279606215923e-02 -1.006024650478292862e-05 -1.141545803286730370e+05 1.485084007848908453e-05 -1.738846406671572186e+04 -2.359367335050281998e-05
6.757793472572401483e-02 -7.897563056074252834e-06 -9.922079437609840534e+04 1.598954829264608986e-05 -1.236300878734621983e+04 -2.163952390003706866e-05
7.255917516659465827e-02 9.989015715082760553e-07 -8.175403682350752933e+04 -7.264738701878371235e-06 -8.252020085549562282e+03 3.723178584712665162e-06
7.753384299139773339e-02 -6.130079301975226470e-07 -7.024426380984265415e+04 -5.333168992718446775e-06 -6.438025443588885537e+03 1.485011710903498547e-05
8.251793356505521260e-02 -8.421206693036841461e-07 -6.060174770642202202e+04 1.965312782777558928e-06 -6.357942660550458641e+03 1.049178455947736031e-05
8.752751931716111489e-02 -4.448914784323571617e-09 -5.096810055721135723e+04 1.276591381168402596e-06 -6.832372683685370248e+03 1.219676167170618686e-05
9.254701955136974967e-02 4.729250940063810481e-07 -4.255237921604375151e+04 -2.183801169382406642e-06 -6.073071558796717909e+03 2.903620981583295490e-06
9.754963178921903511e-02 -3.117885088453888903e-06 -3.614656422066366940e+04 9.046978043546529400e-06 -5.328516277609128338e+03 -9.634776052025541867e-06
1.025319613041059119e-01 -1.236734873358348861e-06 -3.301611106941838807e+04 2.496372244371482015e-06 -4.446448030018761528e+03 -2.490646619957786048e-06
1.075116003998943526e-01 -7.571556254307374263e-07 -2.930798621640248166e+04 -5.468346183666437203e-07 -4.540501033769814057e+03 4.490353500818401237e-06
1.125102861506304813e-01 1.502643369067403606e-06 -2.558234397464636277e+04 -8.766992278083211062e-06 -3.875479322872381545e+03 1.387733612213877836e-05
1.175500852175193622e-01 2.031322224790214905e-06 -2.218494780258853643e+04 -2.335152472087896678e-06 -3.249495377613426172e+03 -1.139363427366306436e-06
1.225369446564099490e-01 4.687241393578285493e-07 -2.028283508771930065e+04 8.647152226084078930e-07 -2.941877523998676224e+03 3.060849444513406347e-06
1.275260957852891452e-01 2.701653168960708004e-07 -1.817162842590346918e+04 -1.504413716688394412e-06 -2.270443851564394663e+03 1.178272366668308924e-06
1.325302087090364789e-01 -2.123438464452050791e-07 -1.655453678244767434e+04 -1.359685597399135726e-06 -2.366480219965209471e+03 -3.052442792649823347e-06
1.375062694904859717e-01 -1.778849326821541716e-06 -1.517259218585005328e+04 1.920641664466736991e-06 -2.995697993664202841e+03 -8.104721117674234770e-06
1.425134422753508989e-01 2.320015538011134730e-06 -1.340330351315031658e+04 -3.233961052985217942e-06 -2.106909003647533154e+03 7.604495374592052467e-06
1.475259222195813014e-01 -4.379715298817713943e-07 -1.215979224566039375e+04 2.495742527421522652e-07 -2.689385757893297978e+03 1.424971656151049062e-06
1.525299430011916868e-01 -8.707881820415539544e-07 -1.111700101454176547e+04 3.188374802838074843e-06 -2.016969563747040866e+03 -3.140158938684292442e-06
1.574945685492469272e-01 1.935194827516479709e-06 -9.853400736037528986e+03 -3.218742417195777493e-06 -1.570778824766449588e+03 4.388745412403445175e-06
1.625189323163163113e-01 -7.462327497718978941e-07 -9.071180145985401396e+03 1.329853586906934427e-06 -1.525356058394160755e+03 -1.189517278740876001e-06
1.675461007718098694e-01 -3.388911010464122797e-07 -8.199370159453303131e+03 1.694455505232061399e-07 -1.399640660592255017e+03 -7.570740302222735650e-07
1.725292014006662711e-01 1.553190514058740370e-06 -7.624613640109438165e+03 2.309666722978541035e-06 -1.630649174275637051e+03 -2.227178625729307548e-06
1.775301965061671094e-01 1.193898185102221151e-07 -6.846899040888440140e+03 4.569549021367049751e-06 -1.477247980817768848e+03 -9.373063574169453908e-07
1.825147654490652804e-01 -5.409479415935478611e-09 -6.032448107772755975e+03 -5.266128211413187988e-06 -1.117748825666932589e+03 -1.511273311826974253e-06
1.875360723572403465e-01 -1.355389642981843522e-07 -5.400012960893855052e+03 5.025171034828911032e-07 -1.485534636871508383e+03 -1.944110380204696217e-06
1.925323683450522461e-01 -2.426828934112937475e-07 -4.991400235621719730e+03 6.165126029589937839e-07 -1.192225661347327787e+03 -1.661805839983901318e-07
1.975198663583639380e-01 6.792833881370936456e-07 -4.387072113317313779e+03 -2.772711284305045790e-06 -1.195389604148223043e+03 1.579333877418742837e-06
2.025153694923672032e-01 -2.709270662452957677e-07 -4.087788478239892356e+03 1.928882917289877589e-06 -6.670954839332240454e+02 -1.820659333762544761e-06
2.075088499274508613e-01 8.246294210423871008e-08 -3.655353133802010689e+03 1.565398222995717707e-07 -9.644362820307312631e+02 1.123732295793354648e-06
2.125178062418619784e-01 3.196115705184150990e-07 -3.241981497643567764e+03 -1.930986571882091122e-06 -7.671433059870832949e+02 1.685285177046059640e-06
2.175004174234404231e-01 1.718395738205959164e-06 -3.041938220688494312e+03 -1.850678818202381952e-06 -6.885163706758690978e+02 1.956954787811158625e-06
2.225093171556767890e-01 9.571124362207206075e-07 -2.873144658300664105e+03 -2.820836401223380343e-06 -7.277985855282598777e+02 4.873938769121471686e-06
2.275289586476768322e-01 6.370480203270894167e-07 -2.512470687279963386e+03 -2.998388253326859969e-07 -5.466494336445737190e+02 -6.331796031550756904e-07
2.325285406108919262e-01 -5.082284534851199543e-07 -2.251740017826933581e+03 1.288335536237675924e-06 -6.412243828788678002e+02 -2.043912477222483237e-06
2.375276552426477672e-01 -3.164944822244682869e-07 -2.109687607663912786e+03 -2.043803351313939266e-07 -6.585166461592547194e+02 -1.797715480601270144e-06
2.424991024241769377e-01 -1.731113779481032596e-07 -1.815124001823307935e+03 8.614351902655614372e-07 -4.301715597724241888e+02 -7.161452837734033963e-07
2.474998551644826128e-01 5.911986796549791575e-07 -1.593456804354786982e+03 -1.532719221551793164e-06 -3.230597822606468412e+02 1.313218389456752229e-06
2.525200307756395035e-01 9.439399358181256416e-08 -1.566889452520878649e+03 1.566940293458088631e-07 -5.358655737704918920e+02 8.967429390272193595e-09
2.575182250600202005e-01 -2.273867679383056426e-07 -1.196427211087102251e+03 5.611905432717383560e-07 -3.802518441248789145e+02 -5.827922862258773498e-07
2.625255687975799335e-01 -1.849998673920950415e-07 -1.132261539339305045e+03 1.071910996360080199e-06 -3.979348719119073507e+02 -1.171974159928922111e-06
2.675305520911575030e-01 -5.832055360323662396e-07 -1.037905358942847897e+03 -3.185718101448474791e-07 -4.358537716960549915e+02 -8.887142163961419196e-07
2.725404586615198799e-01 -4.469008538297654217e-07 -8.775742317660125309e+02 -5.872257043212334652e-07 -1.398084968530174024e+02 -1.256492519111328534e-06
2.775333197047151201e-01 7.651679060472509285e-08 -6.997453925091115252e+02 -1.218746819425776073e-07 -2.973743376327965393e+02 1.367639027947857132e-07
2.825123907298719983e-01 4.538742967218184953e-07 -7.111122583832520831e+02 -1.204039590689866906e-06 -2.655199901191872982e+02 1.234056508939379403e-06
2.875104651677040102e-01 -2.217507412597562571e-07 -5.229738555832216207e+02 9.781509221136695617e-07 -3.096625167592414982e+02 1.232506694110548058e-07
2.924971317655564174e-01 3.845167572882590167e-07 -5.693114936018217804e+02 -2.441152257279589429e-07 -3.603328208625691786e+02 7.686807469092810590e-07
2.975058823671092867e-01 9.078579763675517308e-08 -4.582595240209572580e+02 9.898361966216366791e-07 -2.845624722493561762e+02 -9.368213558374866070e-07
3.025121359101998753e-01 1.202245604012202354e-07 -3.500915654316717678e+02 1.480130904802402573e-07 -1.953772426613635389e+02 5.917843716457182523e-07
3.075010376196579687e-01 1.527712799485290324e-07 -1.939362073470240944e+02 -5.962545049348121778e-07 -2.129141453728379645e+02 3.395493192384190333e-07
3.125134169243361515e-01 1.393020356801729427e-07 -2.831720490649507269e+02 -7.569562159096621442e-07 -2.307375025135733040e+02 1.121550145198132525e-06
3.175159688234982513e-01 -1.681913069733571633e-07 -1.602942008625516905e+02 2.873642918608963371e-07 -3.041370258667269013e+02 -1.184946732439968802e-06
3.225221380836135188e-01 1.106168585992070995e-07 -6.949762129507269037e+01 -7.979393185411553984e-07 -1.555205116103454941e+02 6.681661550022418403e-07
3.275181733526948968e-01 -3.052040278050953433e-07 3.474398370973713401e+00 7.788281403661259375e-07 -2.188635320251758571e+02 -9.424992730466580544e-07
3.325123842131759710e-01 -1.455066571337075459e-07 3.989177348621650054e+01 2.524649088327388311e-07 -8.914003220153536233e+01 -1.019361002867671327e-07
3.374959366892091861e-01 -2.731752517583120098e-07 8.500444066846512214e+01 5.236304483312458609e-07 -8.801709701152647369e+01 -4.357572937172095902e-07
3.424919221947719805e-01 8.138766886964638502e-08 8.822102859428781585e+01 1.831222549567043762e-07 -2.052015101384293700e+02 6.561880802615239883e-07
3.475179778446125245e-01 1.002063776770836696e-07 1.482722416440683446e+02 -2.146211223382314450e-07 -1.347915019439997195e+02 6.343288049595986419e-07
3.525052850529177828e-01 1.817508644519399682e-07 1.292599712597796611e+02 -5.515870738863164837e-07 -1.793919048379370906e+02 7.432051099338376664e-07
3.575133254796376558e-01 -4.599120723247407644e-08 1.970009733963869394e+02 1.280765945847760344e-07 -2.751133048723471006e+02 -8.012608298188480905e-07
3.625250227669692404e-01 -1.695676302985243029e-07 2.262194398433970548e+02 -4.296632366642824753e-08 -2.353373588315012626e+02 -1.191913390479125880e-07
3.675230446100045678e-01 -2.945656339078071485e-07 1.983683485335608054e+02 7.417536430880884764e-07 -1.976399915432787395e+02 -6.866894479278299071e-07
3.725177060730277545e-01 -1.814756775687575269e-07 2.345766481788552937e+02 5.339572820773057709e-07 -2.189855909428783889e+02 -7.599293998191720680e-07
3.775163034622419089e-01 -1.506718746767709409e-07 1.748081174450596791e+02 7.112722575523545497e-08 -2.218984147123520074e+02 -2.709358081652829716e-07
3.825226892977953153e-01 -2.415631268475506541e-07 2.936195135135135388e+02 5.230774750580658508e-07 -1.725379054054054109e+02 -9.443566605851456342e-07
3.875130067694269043e-01 8.642359453207323833e-08 2.651674394099051710e+02 -1.662146806465687702e-07 -1.696567571127502845e+02 2.317860706839847935e-07
3.924957861003909865e-01 -1.404316352508106074e-07 2.418610369130756794e+02 3.886944854876772461e-07 -2.785914459498600309e+02 -6.625493715349049672e-07
3.975064703251052212e-01 7.411492859798030222e-08 2.595296450034074951e+02 6.314894426460566850e-08 -2.378291555665696251e+02 -5.052860884645468462e-07
