3.798113400606732779e-03 1.722438980263157646e+04 0.000000000000000000e+00 7.790114309210525789e+03 0.000000000000000000e+00 2.736410690789473665e+04
8.299341265228576958e-03 2.541708203125000000e+04 0.000000000000000000e+00 9.768548828125000000e+03 0.000000000000000000e+00 1.733989648437500000e+04
1.293222767532251419e-02 3.658491719745223236e+04 0.000000000000000000e+00 1.623941878980891852e+04 0.000000000000000000e+00 -1.865830891719745341e+04
1.764839556552980082e-02 3.312355479452054715e+04 0.000000000000000000e+00 1.863504623287670984e+04 0.000000000000000000e+00 1.112401797945205362e+04
2.256548662787912635e-02 3.507333459357277752e+04 0.000000000000000000e+00 1.855533081285444132e+04 0.000000000000000000e+00 -1.026314083175803353e+04
2.777643688250242340e-02 3.510967560975610104e+04 0.000000000000000000e+00 2.393202195121951081e+04 0.000000000000000000e+00 7.818356097560975286e+03
3.269804980233311648e-02 2.942381200000000172e+04 0.000000000000000000e+00 1.734738200000000143e+04 0.000000000000000000e+00 -6.020082000000000335e+03
3.761648458559932462e-02 2.547346729602157575e+04 0.000000000000000000e+00 1.270617127444369544e+04 0.000000000000000000e+00 -2.342328388401887878e+03
4.263843696389812976e-02 2.231836160714285506e+04 0.000000000000000000e+00 1.219964397321428442e+04 0.000000000000000000e+00 4.120589285714285325e+03
4.756514582339458480e-02 2.030449716528565114e+04 0.000000000000000000e+00 9.699039686000873189e+03 0.000000000000000000e+00 -1.491600959441779423e+03
5.262096060748640974e-02 1.884129073033707755e+04 0.000000000000000000e+00 9.960304775280897957e+03 0.000000000000000000e+00 1.029751580056179819e+03
5.756031740041873956e-02 1.802456064356435672e+04 0.000000000000000000e+00 1.073074257425742508e+04 0.000000000000000000e+00 -1.739129022277227818e+02
6.254738279606215923e-02 1.732477802305616569e+04 0.000000000000000000e+00 1.015325190090752949e+04 0.000000000000000000e+00 2.356817758155506453e+03
6.757793472572401483e-02 1.636230931458699342e+04 0.000000000000000000e+00 8.122177504393672280e+03 0.000000000000000000e+00 1.899131425746924435e+02
7.255917516659465827e-02 1.490496856983448015e+04 0.000000000000000000e+00 7.209901432025292706e+03 0.000000000000000000e+00 -1.194263064906081553e+02
7.753384299139773339e-02 1.372351121526615498e+04 0.000000000000000000e+00 7.299001004352193377e+03 0.000000000000000000e+00 8.998703548711081339e+02
8.251793356505521260e-02 1.291679701834862499e+04 0.000000000000000000e+00 7.034812500000000000e+03 0.000000000000000000e+00 -1.074971473623853171e+03
8.752751931716111489e-02 1.154186238175456856e+04 0.000000000000000000e+00 5.464782687572891518e+03 0.000000000000000000e+00 9.887114811455229528e+02
9.254701955136974967e-02 1.072543299908842346e+04 0.000000000000000000e+00 5.220954421148587244e+03 0.000000000000000000e+00 2.657109161349134183e+02
9.754963178921903511e-02 9.544006699466135615e+03 0.000000000000000000e+00 5.035568303150842439e+03 0.000000000000000000e+00 1.012983356013817684e+03
1.025319613041059119e-01 9.237608255159475448e+03 0.000000000000000000e+00 4.571115196998123793e+03 0.000000000000000000e+00 2.434597560975609838e+02
1.075116003998943526e-01 8.569191592005512575e+03 0.000000000000000000e+00 4.373660578911095399e+03 0.000000000000000000e+00 1.254347002067539592e+02
1.125102861506304813e-01 8.190753343124372805e+03 0.000000000000000000e+00 3.931823761304784966e+03 0.000000000000000000e+00 4.945146865579346240e+02
1.175500852175193622e-01 7.859877115630778462e+03 0.000000000000000000e+00 3.582903143222870312e+03 0.000000000000000000e+00 6.462072429241928262e+01
1.225369446564099490e-01 7.593818735518040739e+03 0.000000000000000000e+00 3.474360807679576737e+03 0.000000000000000000e+00 2.872485269778219390e+02
1.275260957852891452e-01 7.241445064273587377e+03 0.000000000000000000e+00 3.193889886005335939e+03 0.000000000000000000e+00 3.700440516614115722e+02
1.325302087090364789e-01 7.014437798103361274e+03 0.000000000000000000e+00 2.832735087817743079e+03 0.000000000000000000e+00 -9.513506537231356219e+01
1.375062694904859717e-01 6.654735797254487807e+03 0.000000000000000000e+00 2.968639915522703177e+03 0.000000000000000000e+00 5.510737064413938242e+02
1.425134422753508989e-01 6.383327702054137262e+03 0.000000000000000000e+00 2.771571894797466030e+03 0.000000000000000000e+00 1.425744144749471900e+02
1.475259222195813014e-01 5.975266663629322466e+03 0.000000000000000000e+00 2.538878491047428270e+03 0.000000000000000000e+00 1.525747414460795426e+02
1.525299430011916868e-01 5.706595874196820660e+03 0.000000000000000000e+00 2.395733344606019728e+03 0.000000000000000000e+00 1.718064972945552995e+02
1.574945685492469272e-01 5.531191652849111961e+03 0.000000000000000000e+00 2.464657580782140940e+03 0.000000000000000000e+00 1.223937295264285865e+02
1.625189323163163113e-01 5.174023357664234027e+03 0.000000000000000000e+00 2.086102189781021934e+03 0.000000000000000000e+00 1.919998722627737493e+02
1.675461007718098694e-01 5.044494305239179994e+03 0.000000000000000000e+00 2.201918707289293707e+03 0.000000000000000000e+00 3.079606705580865196e+02
1.725292014006662711e-01 4.868596367472064230e+03 0.000000000000000000e+00 2.018026172660447855e+03 0.000000000000000000e+00 1.695461647493160342e+02
1.775301965061671094e-01 4.656914184755173665e+03 0.000000000000000000e+00 1.755289626451287177e+03 0.000000000000000000e+00 1.610706082786471427e+02
1.825147654490652804e-01 4.592858400543590506e+03 0.000000000000000000e+00 1.786227067269343252e+03 0.000000000000000000e+00 1.264653313244113519e+02
1.875360723572403465e-01 4.434898770949720529e+03 0.000000000000000000e+00 1.687760670391061467e+03 0.000000000000000000e+00 1.693392597765363234e+02
1.925323683450522461e-01 4.286998393488272086e+03 0.000000000000000000e+00 1.575391132055263824e+03 0.000000000000000000e+00 3.818858272196636872e+00
1.975198663583639380e-01 4.150181864170987865e+03 0.000000000000000000e+00 1.483900442645756812e+03 0.000000000000000000e+00 3.133251043379283942e+02
2.025153694923672032e-01 4.024834893370645659e+03 0.000000000000000000e+00 1.381860947602045826e+03 0.000000000000000000e+00 9.875987889607257841e+01
2.075088499274508613e-01 3.912977352355217590e+03 0.000000000000000000e+00 1.337192699626737522e+03 0.000000000000000000e+00 1.539630973917424228e+02
2.125178062418619784e-01 3.838422761389422249e+03 0.000000000000000000e+00 1.327124716355384862e+03 0.000000000000000000e+00 2.684085137022167942e+02
2.175004174234404231e-01 3.690305529837555696e+03 0.000000000000000000e+00 1.250684285834525781e+03 0.000000000000000000e+00 1.219203875936369030e+02
2.225093171556767890e-01 3.593123224522763849e+03 0.000000000000000000e+00 1.273539685979393653e+03 0.000000000000000000e+00 1.727295364551525836e+02
2.275289586476768322e-01 3.491110362773611087e+03 0.000000000000000000e+00 1.080489132098576420e+03 0.000000000000000000e+00 4.408431712077147324e+01
2.325285406108919262e-01 3.402838484346861605e+03 0.000000000000000000e+00 1.112707038000472949e+03 0.000000000000000000e+00 1.121444345405926555e+02
2.375276552426477672e-01 3.330031147829144174e+03 0.000000000000000000e+00 1.059648092810687331e+03 0.000000000000000000e+00 1.384282474951661186e+02
2.424991024241769377e-01 3.246613205476676740e+03 0.000000000000000000e+00 9.571022909526784588e+02 0.000000000000000000e+00 3.684013134570256653e+01
2.474998551644826128e-01 3.183651617034902301e+03 0.000000000000000000e+00 9.183092539225103792e+02 0.000000000000000000e+00 6.972613672750560454e+01
2.525200307756395035e-01 3.103758490566037835e+03 0.000000000000000000e+00 9.053427157438911763e+02 0.000000000000000000e+00 -4.438477806990411523e+01
2.575182250600202005e-01 3.054551523731465750e+03 0.000000000000000000e+00 8.982506221593025657e+02 0.000000000000000000e+00 1.025542060949258598e+02
2.625255687975799335e-01 2.964980430193415941e+03 0.000000000000000000e+00 8.945438466366177863e+02 0.000000000000000000e+00 1.525944827979688512e+02
2.675305520911575030e-01 2.919528645006282659e+03 0.000000000000000000e+00 8.078077905579872322e+02 0.000000000000000000e+00 -6.748272471037405351e-01
2.725404586615198799e-01 2.856736446818638342e+03 0.000000000000000000e+00 7.811452901041941459e+02 0.000000000000000000e+00 8.775643941397365211e+01
2.775333197047151201e-01 2.779222374441026659e+03 0.000000000000000000e+00 7.098249541189546790e+02 0.000000000000000000e+00 9.133765056737405130e-01
2.825123907298719983e-01 2.752228642005804886e+03 0.000000000000000000e+00 7.036361884765021841e+02 0.000000000000000000e+00 1.413227166059408368e+01
2.875104651677040102e-01 2.682238076996743985e+03 0.000000000000000000e+00 6.888195747941007312e+02 0.000000000000000000e+00 -1.886015610036391266e+01
2.924971317655564174e-01 2.620426730166803281e+03 0.000000000000000000e+00 6.470235466830040423e+02 0.000000000000000000e+00 -2.691686992104867571e+01
2.975058823671092867e-01 2.596432998845573366e+03 0.000000000000000000e+00 6.653343397566823114e+02 0.000000000000000000e+00 4.710523599147499851e+01
3.025121359101998753e-01 2.531133111408931654e+03 0.000000000000000000e+00 6.075455881717175544e+02 0.000000000000000000e+00 -2.803484501318576605e+01
3.075010376196579687e-01 2.491261786068871970e+03 0.000000000000000000e+00 5.835673721063908488e+02 0.000000000000000000e+00 5.566857396666144808e+01
3.125134169243361515e-01 2.458529660164890629e+03 0.000000000000000000e+00 5.667505328775387170e+02 0.000000000000000000e+00 5.341641363362155914e+01
3.175159688234982513e-01 2.418952402471731148e+03 0.000000000000000000e+00 5.121282235168138186e+02 0.000000000000000000e+00 2.342245385151929149e+00
3.225221380836135188e-01 2.379330186898244392e+03 0.000000000000000000e+00 5.047433641683972496e+02 0.000000000000000000e+00 3.590893902208797783e+01
3.275181733526948968e-01 2.337878563495001799e+03 0.000000000000000000e+00 4.950673084042946925e+02 0.000000000000000000e+00 -2.781313402443539573e+01
3.325123842131759710e-01 2.309372425878648301e+03 0.000000000000000000e+00 4.850513712338881191e+02 0.000000000000000000e+00 3.715534572173248051e+01
3.374959366892091861e-01 2.252518235644466586e+03 0.000000000000000000e+00 4.701319763164348728e+02 0.000000000000000000e+00 -4.195642101390884449e+01
3.424919221947719805e-01 2.231400545049963057e+03 0.000000000000000000e+00 4.267835218228337908e+02 0.000000000000000000e+00 7.078266028552617328e+00
3.475179778446125245e-01 2.188256019864736572e+03 0.000000000000000000e+00 3.907723069885973359e+02 0.000000000000000000e+00 1.614024467442088451e+01
3.525052850529177828e-01 2.170567715152482833e+03 0.000000000000000000e+00 3.946110170844643221e+02 0.000000000000000000e+00 -4.768586140827079589e+01
3.575133254796376558e-01 2.142347648136367752e+03 0.000000000000000000e+00 3.732088816671904397e+02 0.000000000000000000e+00 3.013968046539077861e+01
3.625250227669692404e-01 2.128248396325854628e+03 0.000000000000000000e+00 3.831319078452040117e+02 0.000000000000000000e+00 -1.931905962957385725e+01
3.675230446100045678e-01 2.072601010432386374e+03 0.000000000000000000e+00 3.626789434930632865e+02 0.000000000000000000e+00 2.422531147708301447e+01
3.725177060730277545e-01 2.043458631139573527e+03 0.000000000000000000e+00 3.587295728743782206e+02 0.000000000000000000e+00 2.821049659786151409e+01
3.775163034622419089e-01 2.036588907813351170e+03 0.000000000000000000e+00 3.168614752346211958e+02 0.000000000000000000e+00 -2.783410678453465348e+00
3.825226892977953153e-01 2.017642810810810715e+03 0.000000000000000000e+00 3.276537567567567635e+02 0.000000000000000000e+00 6.404037837837837799e+01
3.875130067694269043e-01 1.992750263435195166e+03 0.000000000000000000e+00 3.114730769230769170e+02 0.000000000000000000e+00 1.846332488145416306e+01
3.924957861003909865e-01 1.967670762398223587e+03 0.000000000000000000e+00 3.017530589257555107e+02 0.000000000000000000e+00 9.412907669037429059e+01
3.975064703251052212e-01 1.947782962641719905e+03 0.000000000000000000e+00 3.032982590917539483e+02 0.000000000000000000e+00 3.240737252958304992e+01
