3.798113400606732779e-03 5.667330000000000000e+05 0.000000000000000000e+00 -7.825748421052631456e+05 0.000000000000000000e+00 1.268267894736842019e+06 8.410571452631577849e+07 0.000000000000000000e+00 2.473260732631578743e+08 0.000000000000000000e+00 1.726100075789473653e+08
8.299341265228576958e-03 4.940445000000000000e+05 0.000000000000000000e+00 -8.591689062500000000e+04 0.000000000000000000e+00 5.157338750000000000e+05 1.847342200000000000e+07 0.000000000000000000e+00 3.290041200000000000e+07 0.000000000000000000e+00 7.846673000000000000e+06
1.293222767532251419e-02 7.826522292993630981e+05 0.000000000000000000e+00 5.693281528662421042e+05 0.000000000000000000e+00 2.546897070063694264e+05 1.414909880254777148e+07 0.000000000000000000e+00 2.192518685350318626e+07 0.000000000000000000e+00 -1.180714394904458709e+07
1.764839556552980082e-02 9.126404383561643772e+05 0.000000000000000000e+00 7.268681095890410943e+05 0.000000000000000000e+00 5.731522739726026775e+05 6.492437917808218859e+06 0.000000000000000000e+00 1.318666695890410803e+07 0.000000000000000000e+00 4.925979178082191502e+05
2.256548662787912635e-02 8.634137164461248321e+05 0.000000000000000000e+00 4.916910699432892143e+05 0.000000000000000000e+00 -1.995810207939508546e+05 4.320991576559546404e+06 0.000000000000000000e+00 7.748136650283553638e+06 0.000000000000000000e+00 -1.192048151228733594e+06
2.777643688250242340e-02 8.383572292682926636e+05 0.000000000000000000e+00 6.778005853658536216e+05 0.000000000000000000e+00 2.129062439024390187e+05 2.722173190243902616e+06 0.000000000000000000e+00 5.691806595121950842e+06 0.000000000000000000e+00 6.312003512195121730e+05
3.269804980233311648e-02 6.484284799999999814e+05 0.000000000000000000e+00 4.834619839999999967e+05 0.000000000000000000e+00 -1.782505760000000009e+05 1.625879296000000089e+06 0.000000000000000000e+00 3.015290368000000250e+06 0.000000000000000000e+00 -2.635485760000000009e+05
3.761648458559932462e-02 5.224803344571813941e+05 0.000000000000000000e+00 3.824805718138907687e+05 0.000000000000000000e+00 -4.851458934592043079e+04 1.017491161159811192e+06 0.000000000000000000e+00 1.808149232636547415e+06 0.000000000000000000e+00 -2.347024571813890652e+05
4.263843696389812976e-02 4.535566428571428405e+05 0.000000000000000000e+00 3.018005357142856810e+05 0.000000000000000000e+00 5.362818750000000000e+04 7.005907142857142026e+05 0.000000000000000000e+00 1.347443571428571362e+06 0.000000000000000000e+00 8.130765178571427532e+04
4.756514582339458480e-02 3.996341979938944569e+05 0.000000000000000000e+00 2.554443471434801759e+05 0.000000000000000000e+00 -3.785969821194941323e+04 5.070737025730484165e+05 0.000000000000000000e+00 8.772335699956389144e+05 0.000000000000000000e+00 -8.892723942433494085e+04
5.262096060748640974e-02 3.740871011235954938e+05 0.000000000000000000e+00 2.775326516853932408e+05 0.000000000000000000e+00 2.074474719101123628e+04 3.891477752808988444e+05 0.000000000000000000e+00 6.723230561797752744e+05 0.000000000000000000e+00 1.456578932584269569e+04
5.756031740041873956e-02 3.454330693069307017e+05 0.000000000000000000e+00 2.480146930693069298e+05 0.000000000000000000e+00 -2.294650371287128564e+03 3.199797029702970176e+05 0.000000000000000000e+00 5.287042772277228069e+05 0.000000000000000000e+00 -1.095595297029703033e+04
6.254738279606215923e-02 3.271155692911454244e+05 0.000000000000000000e+00 2.260494598969830549e+05 0.000000000000000000e+00 5.749627274957075861e+04 2.582515378955113993e+05 0.000000000000000000e+00 4.224631366200637422e+05 0.000000000000000000e+00 2.263545155751777929e+04
6.757793472572401483e-02 3.064226362038663938e+05 0.000000000000000000e+00 1.937424674868189613e+05 0.000000000000000000e+00 1.441335588752196782e+04 2.056585869947275787e+05 0.000000000000000000e+00 2.949354797891036724e+05 0.000000000000000000e+00 -3.614452021089630580e+04
7.255917516659465827e-02 2.698791802120141219e+05 0.000000000000000000e+00 1.472572274502510845e+05 0.000000000000000000e+00 -4.608580621164218428e+03 1.809367602752464300e+05 0.000000000000000000e+00 2.616999873535428778e+05 0.000000000000000000e+00 7.851987167565557684e+02
7.753384299139773339e-02 2.456898935386675876e+05 0.000000000000000000e+00 1.516611771007700008e+05 0.000000000000000000e+00 1.916985269501171842e+03 1.492432326749246859e+05 0.000000000000000000e+00 2.020902095748242573e+05 0.000000000000000000e+00 5.472070974221627694e+03
8.251793356505521260e-02 2.261794495412844117e+05 0.000000000000000000e+00 1.430862385321100883e+05 0.000000000000000000e+00 -2.456480733944954409e+04 1.312265229357798235e+05 0.000000000000000000e+00 1.714896880733945000e+05 0.000000000000000000e+00 -7.927240252293578123e+03
8.752751931716111489e-02 1.976611926914604264e+05 0.000000000000000000e+00 1.069339318387974636e+05 0.000000000000000000e+00 1.147564701308798794e+04 1.104050506673577911e+05 0.000000000000000000e+00 1.417696286121549783e+05 0.000000000000000000e+00 1.509859064403265620e+04
9.254701955136974967e-02 1.796319270738377236e+05 0.000000000000000000e+00 9.947714858705560619e+04 0.000000000000000000e+00 -3.058984047402005217e+03 9.856584867821331136e+04 0.000000000000000000e+00 1.135564120328167774e+05 0.000000000000000000e+00 5.748922515952597678e+03
9.754963178921903511e-02 1.590124048989846196e+05 0.000000000000000000e+00 8.347074552496598335e+04 0.000000000000000000e+00 1.090759593844865412e+04 8.793418444467707013e+04 0.000000000000000000e+00 9.888170836386476003e+04 0.000000000000000000e+00 8.655729509054746813e+03
1.025319613041059119e-01 1.504770761726078927e+05 0.000000000000000000e+00 7.965289305816135311e+04 0.000000000000000000e+00 6.563259287054408560e+03 8.175642776735460211e+04 0.000000000000000000e+00 8.643784165103189298e+04 0.000000000000000000e+00 7.280760225140713374e+03
1.075116003998943526e-01 1.384398731909028138e+05 0.000000000000000000e+00 7.356046312887663953e+04 0.000000000000000000e+00 1.719518090971743504e+03 7.341906547208821576e+04 0.000000000000000000e+00 7.167160303239146015e+04 0.000000000000000000e+00 3.288238111647139704e+03
1.125102861506304813e-01 1.290415521372806688e+05 0.000000000000000000e+00 6.846483728839762625e+04 0.000000000000000000e+00 3.779305866893406801e+03 6.819400602921852260e+04 0.000000000000000000e+00 6.427102914122285438e+04 0.000000000000000000e+00 5.399844786271933117e+03
1.175500852175193622e-01 1.236892618404209934e+05 0.000000000000000000e+00 5.951727833878538513e+04 0.000000000000000000e+00 1.190943180201962832e+03 6.270301920068269101e+04 0.000000000000000000e+00 5.233211548855070578e+04 0.000000000000000000e+00 2.446660787939126749e+03
1.225369446564099490e-01 1.187902368752068869e+05 0.000000000000000000e+00 5.998775292949355207e+04 0.000000000000000000e+00 5.913547567030785103e+03 5.892661132075472415e+04 0.000000000000000000e+00 4.470428599801390374e+04 0.000000000000000000e+00 1.813373055279708751e+03
1.275260957852891452e-01 1.108890962891098752e+05 0.000000000000000000e+00 5.090149502789231337e+04 0.000000000000000000e+00 7.145792384186272102e+03 5.545665971380062547e+04 0.000000000000000000e+00 4.151070191608052119e+04 0.000000000000000000e+00 2.887929662866844410e+03
1.325302087090364789e-01 1.067198222321979702e+05 0.000000000000000000e+00 4.620442668761573441e+04 0.000000000000000000e+00 -1.116577408675158495e+03 5.346498804780876526e+04 0.000000000000000000e+00 3.657593356152853084e+04 0.000000000000000000e+00 -7.119617305426182838e+02
1.375062694904859717e-01 9.996793917634635000e+04 0.000000000000000000e+00 4.446854149947201950e+04 0.000000000000000000e+00 5.042563041182682355e+03 4.962019683210137009e+04 0.000000000000000000e+00 3.220269144667370711e+04 0.000000000000000000e+00 4.136974445617740457e+03
1.425134422753508989e-01 9.494342253791514668e+04 0.000000000000000000e+00 4.241953234785947279e+04 0.000000000000000000e+00 2.863750815895565211e+03 4.820721981186408084e+04 0.000000000000000000e+00 2.931033211748896065e+04 0.000000000000000000e+00 1.793042810520253397e+03
1.475259222195813014e-01 8.818690309353501652e+04 0.000000000000000000e+00 3.760666709189484391e+04 0.000000000000000000e+00 3.548708369401795153e+02 4.527127140188618796e+04 0.000000000000000000e+00 2.646323458927513639e+04 0.000000000000000000e+00 2.211219645541938007e+03
1.525299430011916868e-01 8.344255935069326370e+04 0.000000000000000000e+00 3.598321001014541980e+04 0.000000000000000000e+00 1.013160720324653312e+03 4.319606628339533199e+04 0.000000000000000000e+00 2.268594115657760995e+04 0.000000000000000000e+00 3.564165962123773852e+02
1.574945685492469272e-01 8.048827079710437101e+04 0.000000000000000000e+00 3.449886003154446371e+04 0.000000000000000000e+00 -4.800355886278156845e+02 4.139214170744529838e+04 0.000000000000000000e+00 2.092066356614227334e+04 0.000000000000000000e+00 -1.637685222631131978e+02
1.625189323163163113e-01 7.427905401459854329e+04 0.000000000000000000e+00 2.810964554744525958e+04 0.000000000000000000e+00 2.981694890510949335e+03 4.027424700729927281e+04 0.000000000000000000e+00 1.873361284671532849e+04 0.000000000000000000e+00 2.177188175182482155e+03
1.675461007718098694e-01 7.136206378132117970e+04 0.000000000000000000e+00 3.015449430523917908e+04 0.000000000000000000e+00 5.037058086560364245e+03 3.839717995444191183e+04 0.000000000000000000e+00 1.695038041002277896e+04 0.000000000000000000e+00 2.943982773348519117e+02
1.725292014006662711e-01 6.880184593071167183e+04 0.000000000000000000e+00 2.702465978837723014e+04 0.000000000000000000e+00 3.462727362626495960e+03 3.733449503906121390e+04 0.000000000000000000e+00 1.665898671589148580e+04 0.000000000000000000e+00 2.353630484227181569e+03
1.775301965061671094e-01 6.580342857142856519e+04 0.000000000000000000e+00 2.338936698637051813e+04 0.000000000000000000e+00 2.017566128218071754e+03 3.638895507319535682e+04 0.000000000000000000e+00 1.441109944472488678e+04 0.000000000000000000e+00 2.388586572438162534e+02
1.825147654490652804e-01 6.351526461638453475e+04 0.000000000000000000e+00 2.321354438831280277e+04 0.000000000000000000e+00 1.505918875003692847e+03 3.521003988300983474e+04 0.000000000000000000e+00 1.408701468285621377e+04 0.000000000000000000e+00 4.981614227894472720e+02
1.875360723572403465e-01 6.121341139664804359e+04 0.000000000000000000e+00 2.090700692737430290e+04 0.000000000000000000e+00 1.618778100558659162e+03 3.468523620111731725e+04 0.000000000000000000e+00 1.302556782122905133e+04 0.000000000000000000e+00 1.433539245810056002e+02
1.925323683450522461e-01 5.845079490200278087e+04 0.000000000000000000e+00 1.964883110206704441e+04 0.000000000000000000e+00 3.276251204883795367e+02 3.382037399593016744e+04 0.000000000000000000e+00 1.174936189354182170e+04 0.000000000000000000e+00 -6.084646433543964505e+00
1.975198663583639380e-01 5.629583427342860523e+04 0.000000000000000000e+00 1.849597409889970731e+04 0.000000000000000000e+00 4.154778500063234787e+03 3.280991769318325532e+04 0.000000000000000000e+00 1.031212889844441634e+04 0.000000000000000000e+00 2.353352219552295423e+02
2.025153694923672032e-01 5.358383479687349609e+04 0.000000000000000000e+00 1.585814300878124232e+04 0.000000000000000000e+00 1.282957927241146535e+03 3.199446029142140469e+04 0.000000000000000000e+00 1.057974100164045194e+04 0.000000000000000000e+00 3.475905625784039330e+02
2.075088499274508613e-01 5.214358707549978135e+04 0.000000000000000000e+00 1.541210982619249444e+04 0.000000000000000000e+00 1.432208202615127448e+03 3.140803260894456253e+04 0.000000000000000000e+00 9.737513751173601122e+03 0.000000000000000000e+00 -8.343320204263893913e+01
2.125178062418619784e-01 5.103329725955664617e+04 0.000000000000000000e+00 1.518241368476173920e+04 0.000000000000000000e+00 3.578107174026880784e+03 3.068757828591377256e+04 0.000000000000000000e+00 8.909404782684587190e+03 0.000000000000000000e+00 3.848633269331471638e+02
2.175004174234404231e-01 4.880885312684117525e+04 0.000000000000000000e+00 1.316229004292568061e+04 0.000000000000000000e+00 1.287914148640686790e+03 2.972762023398703968e+04 0.000000000000000000e+00 7.104431613500547428e+03 0.000000000000000000e+00 -9.662387004460904336e+02
2.225093171556767890e-01 4.693668540808888793e+04 0.000000000000000000e+00 1.380371103800161654e+04 0.000000000000000000e+00 3.018190185378538899e+03 2.948079226177577220e+04 0.000000000000000000e+00 7.743409310297275624e+03 0.000000000000000000e+00 2.065317862138255691e+02
2.275289586476768322e-01 4.564690525026787509e+04 0.000000000000000000e+00 1.076816653910913919e+04 0.000000000000000000e+00 -3.006842185825807405e+02 2.873218184601255416e+04 0.000000000000000000e+00 6.958032756773304754e+03 0.000000000000000000e+00 -1.309460909995407860e+02
2.325285406108919262e-01 4.395683408218580007e+04 0.000000000000000000e+00 1.096221403234315039e+04 0.000000000000000000e+00 7.130060211376494408e+02 2.819896603787313870e+04 0.000000000000000000e+00 6.579262983646517569e+03 0.000000000000000000e+00 -9.264830007458206751e+01
2.375276552426477672e-01 4.308637496923888102e+04 0.000000000000000000e+00 1.032320674986816630e+04 0.000000000000000000e+00 2.217832729829495747e+03 2.775294245034276901e+04 0.000000000000000000e+00 6.456071154860256684e+03 0.000000000000000000e+00 -5.550107224468272307e+02
2.424991024241769377e-01 4.160140678338088765e+04 0.000000000000000000e+00 8.627878648726216852e+03 0.000000000000000000e+00 5.236286867117992188e+02 2.751327077811355048e+04 0.000000000000000000e+00 5.518496783887359925e+03 0.000000000000000000e+00 -9.115628788006686136e+02
2.474998551644826128e-01 4.052054562920268654e+04 0.000000000000000000e+00 8.206818059558117966e+03 0.000000000000000000e+00 1.822458149215497997e+03 2.693549125840537818e+04 0.000000000000000000e+00 6.024052769772654756e+03 0.000000000000000000e+00 -6.320081972462376143e+02
2.525200307756395035e-01 3.916394184967522597e+04 0.000000000000000000e+00 7.779961150634086152e+03 0.000000000000000000e+00 -1.127021961026910049e+03 2.640461243427157751e+04 0.000000000000000000e+00 5.228778719455614009e+03 0.000000000000000000e+00 -6.561544076708939883e+02
2.575182250600202005e-01 3.856360652708441921e+04 0.000000000000000000e+00 7.924891438789955828e+03 0.000000000000000000e+00 2.059732776991282208e+03 2.608088744504880378e+04 0.000000000000000000e+00 4.968714700841964259e+03 0.000000000000000000e+00 -5.891851873928917485e+02
2.625255687975799335e-01 3.713156798082957539e+04 0.000000000000000000e+00 7.914201403548810049e+03 0.000000000000000000e+00 2.638986249786044482e+03 2.564612403719974827e+04 0.000000000000000000e+00 4.189236264049752208e+03 0.000000000000000000e+00 -8.609229759799167141e+02
2.675305520911575030e-01 3.622550762900263362e+04 0.000000000000000000e+00 6.825096588006241291e+03 0.000000000000000000e+00 7.926823435191449789e+02 2.522621935626406412e+04 0.000000000000000000e+00 4.671826348711008905e+03 0.000000000000000000e+00 -7.297547396473397612e+02
2.725404586615198799e-01 3.538199735547680757e+04 0.000000000000000000e+00 5.897543555296979321e+03 0.000000000000000000e+00 1.775462632887290283e+03 2.486850880626223079e+04 0.000000000000000000e+00 4.231609033691225704e+03 0.000000000000000000e+00 -7.600551118633310352e+02
2.775333197047151201e-01 3.411540620880398637e+04 0.000000000000000000e+00 4.679642463876753936e+03 0.000000000000000000e+00 9.261204022022901654e+02 2.470874123090443754e+04 0.000000000000000000e+00 4.022570062294827494e+03 0.000000000000000000e+00 -7.289616667097474192e+02
2.825123907298719983e-01 3.347980109924041608e+04 0.000000000000000000e+00 5.195689396652875075e+03 0.000000000000000000e+00 3.493838078181930769e+02 2.425332743778175791e+04 0.000000000000000000e+00 3.540547347619341963e+03 0.000000000000000000e+00 -1.961565738281973665e+02
2.875104651677040102e-01 3.277516491093660443e+04 0.000000000000000000e+00 3.977337674774947118e+03 0.000000000000000000e+00 -1.060592439187895053e+02 2.406838689906148284e+04 0.000000000000000000e+00 3.717787397050373329e+03 0.000000000000000000e+00 -1.088881727638383381e+03
2.924971317655564174e-01 3.167307022390733619e+04 0.000000000000000000e+00 3.880868811337548323e+03 0.000000000000000000e+00 7.647156943208220525e+01 2.350451176178201058e+04 0.000000000000000000e+00 3.168363245442670632e+03 0.000000000000000000e+00 -1.359925279450692869e+03
2.975058823671092867e-01 3.121746772045111356e+04 0.000000000000000000e+00 4.157058875765917946e+03 0.000000000000000000e+00 7.246827102388775756e+02 2.342879389041825561e+04 0.000000000000000000e+00 3.604627297753307630e+03 0.000000000000000000e+00 -3.159070020424474023e+02
3.025121359101998753e-01 3.044121775971639727e+04 0.000000000000000000e+00 3.650082400242099084e+03 0.000000000000000000e+00 6.457312697246119342e+02 2.299601815745103886e+04 0.000000000000000000e+00 3.532817777009208385e+03 0.000000000000000000e+00 -8.177805542345769254e+02
3.075010376196579687e-01 2.971937269164446116e+04 0.000000000000000000e+00 3.579076177039243703e+03 0.000000000000000000e+00 8.592198986256989883e+02 2.280588514396196115e+04 0.000000000000000000e+00 3.056535590740450516e+03 0.000000000000000000e+00 -3.684122694257198418e+02
3.125134169243361515e-01 2.916230717876533527e+04 0.000000000000000000e+00 3.115167504524431934e+03 0.000000000000000000e+00 1.101237884576714350e+03 2.251923844761713190e+04 0.000000000000000000e+00 3.149677056102956158e+03 0.000000000000000000e+00 -7.644826865071386237e+02
3.175159688234982513e-01 2.849400390997239447e+04 0.000000000000000000e+00 2.543499523533514548e+03 0.000000000000000000e+00 -1.582715662484895631e+02 2.223712257468734970e+04 0.000000000000000000e+00 2.767787957677987379e+03 0.000000000000000000e+00 -7.040605947480621580e+02
3.225221380836135188e-01 2.819817526902020109e+04 0.000000000000000000e+00 2.475830394562960464e+03 0.000000000000000000e+00 8.963670001887861645e+02 2.190445127430621142e+04 0.000000000000000000e+00 2.700234849915046652e+03 0.000000000000000000e+00 -9.870684538417973499e+02
3.275181733526948968e-01 2.755224168826360619e+04 0.000000000000000000e+00 1.836472269529803725e+03 0.000000000000000000e+00 4.155687245464642388e+01 2.168981799333580057e+04 0.000000000000000000e+00 2.495782006664198434e+03 0.000000000000000000e+00 -6.517272861902998784e+02
3.325123842131759710e-01 2.702993547239296822e+04 0.000000000000000000e+00 2.277460811087290949e+03 0.000000000000000000e+00 8.185995356574184143e+02 2.149207639413967627e+04 0.000000000000000000e+00 2.680195344120551454e+03 0.000000000000000000e+00 -8.211412152966188387e+02
3.374959366892091861e-01 2.610762764951126519e+04 0.000000000000000000e+00 1.931904424902778374e+03 0.000000000000000000e+00 -4.269253407140104741e+02 2.126762176365483901e+04 0.000000000000000000e+00 2.381637809620572625e+03 0.000000000000000000e+00 -1.000432330168517751e+03
3.424919221947719805e-01 2.583276800373367587e+04 0.000000000000000000e+00 1.224369833901441098e+03 0.000000000000000000e+00 3.031790247439348605e+02 2.092833123036278266e+04 0.000000000000000000e+00 2.347620531882089381e+03 0.000000000000000000e+00 -8.269607380676562798e+02
3.475179778446125245e-01 2.538657954062796125e+04 0.000000000000000000e+00 8.474445061587218788e+02 0.000000000000000000e+00 4.240344365667984334e+02 2.095314248374554882e+04 0.000000000000000000e+00 1.863849838272290526e+03 0.000000000000000000e+00 -7.222330839350474889e+02
3.525052850529177828e-01 2.498429404438767233e+04 0.000000000000000000e+00 7.552305285007184921e+02 0.000000000000000000e+00 2.672767443717068403e+01 2.062421510458246848e+04 0.000000000000000000e+00 1.869355005588376116e+03 0.000000000000000000e+00 -9.079774548938208909e+02
3.575133254796376558e-01 2.473498092296372488e+04 0.000000000000000000e+00 1.023994849430141585e+03 0.000000000000000000e+00 5.053785132328256964e+02 2.039480466923684435e+04 0.000000000000000000e+00 1.595904315901618020e+03 0.000000000000000000e+00 -7.407905204988081778e+02
3.625250227669692404e-01 2.442577105857551578e+04 0.000000000000000000e+00 6.852976961301008032e+02 0.000000000000000000e+00 -2.739739798223159255e+02 2.028933762987501905e+04 0.000000000000000000e+00 1.923534287004968974e+03 0.000000000000000000e+00 -9.005661797921999323e+02
3.675230446100045678e-01 2.383161256552136547e+04 0.000000000000000000e+00 6.895686343124175437e+02 0.000000000000000000e+00 4.643583900152366937e+02 2.015316230343590723e+04 0.000000000000000000e+00 1.812577477418367152e+03 0.000000000000000000e+00 -4.907855856643993775e+02
3.725177060730277545e-01 2.338176819715249803e+04 0.000000000000000000e+00 6.046593287209103664e+02 0.000000000000000000e+00 8.843039053119103983e+02 1.987327348619132317e+04 0.000000000000000000e+00 1.591566355995197000e+03 0.000000000000000000e+00 -7.165662988163988985e+02
3.775163034622419089e-01 2.312291963232911075e+04 0.000000000000000000e+00 1.778131718854510837e+02 0.000000000000000000e+00 2.035509340026616769e+02 1.985422536046503592e+04 0.000000000000000000e+00 1.637821612042393781e+03 0.000000000000000000e+00 -7.436954923769660581e+02
3.825226892977953153e-01 2.292615610810810904e+04 0.000000000000000000e+00 3.924182432432432392e+02 0.000000000000000000e+00 7.542337837837837924e+02 1.961859978378378219e+04 0.000000000000000000e+00 1.496256648648648707e+03 0.000000000000000000e+00 -2.047185540540540387e+02
3.875130067694269043e-01 2.266860779768177235e+04 0.000000000000000000e+00 2.384109325605901120e+02 0.000000000000000000e+00 8.048779768177029155e+02 1.933401390937829274e+04 0.000000000000000000e+00 1.371882086406744065e+03 0.000000000000000000e+00 -4.359973393045311241e+02
3.924957861003909865e-01 2.214256400090110401e+04 0.000000000000000000e+00 2.469207092974608315e+02 0.000000000000000000e+00 9.034072796318347400e+02 1.927908622920220296e+04 0.000000000000000000e+00 1.516006307726965588e+03 0.000000000000000000e+00 -3.518965017861165734e+02
3.975064703251052212e-01 2.204583309584288509e+04 0.000000000000000000e+00 1.438650765132271943e+02 0.000000000000000000e+00 8.111375007744254617e+02 1.914700937984016127e+04 0.000000000000000000e+00 1.167006356483489299e+03 0.000000000000000000e+00 -3.461149123350473928e+02
