3.798113400606732779e-03 -1.768092105263157840e-02 1.748309726315789297e+07 4.091282894736841813e-02 2.072866021052631363e+07 -4.733758223684210453e-02 1.416206955789473653e+08 0.000000000000000000e+00 -9.120536252631577849e+07 0.000000000000000000e+00 3.230704168421052396e+07
8.299341265228576958e-03 -6.408691406250000000e-03 4.166854400000000000e+07 4.547119140625000000e-03 3.102121000000000000e+07 -1.570892333984375000e-02 1.342304960000000000e+08 0.000000000000000000e+00 -2.983079200000000000e+07 0.000000000000000000e+00 1.064559120000000000e+08
1.293222767532251419e-02 2.065087579617834370e-03 4.536394680254777521e+07 -4.515824044585987559e-03 5.825805859872612171e+06 3.250024880573248662e-03 1.130263806369426847e+08 0.000000000000000000e+00 5.507756840764331818e+07 0.000000000000000000e+00 -5.111331057324840687e+06
1.764839556552980082e-02 -2.220676369863013467e-03 3.704895824657534063e+07 1.752461472602739575e-03 1.372659638356164284e+07 3.167139340753424414e-03 1.011231842191780806e+08 0.000000000000000000e+00 7.896954038356164098e+07 0.000000000000000000e+00 7.141353556164383888e+07
2.256548662787912635e-02 -4.559753071833648561e-04 2.168904202646502852e+07 1.435306887996219216e-03 4.789163311909263022e+06 -3.266823088965028349e-03 7.192183434404537082e+07 0.000000000000000000e+00 5.010440904347826540e+07 0.000000000000000000e+00 7.395827417769376189e+06
2.777643688250242340e-02 1.500571646341463392e-04 1.084607937560975552e+07 1.965034298780487924e-04 -2.225050536585365771e+05 -1.141804020579268277e-03 5.080129935609756410e+07 0.000000000000000000e+00 3.756493049756097794e+07 0.000000000000000000e+00 6.094444019512195140e+06
3.269804980233311648e-02 -7.812500000000000163e-05 9.607166975999999791e+06 -2.421874999999999983e-04 2.474673663999999873e+06 -4.355468750000000074e-04 4.310059417599999905e+07 0.000000000000000000e+00 3.937644953599999845e+07 0.000000000000000000e+00 1.076894822399999946e+07
3.761648458559932462e-02 -4.109069453809844870e-04 5.711961073499662802e+06 4.583192852326365557e-04 1.268671180040458450e+06 -8.547391267700606794e-04 3.143738553742413968e+07 0.000000000000000000e+00 2.657561582737693936e+07 0.000000000000000000e+00 7.728679012811867520e+06
4.263843696389812976e-02 2.659388950892856911e-04 3.888287428571428172e+06 -2.463204520089285637e-04 -2.798715714285714203e+05 2.697535923549106911e-04 2.481176457142857090e+07 0.000000000000000000e+00 1.667201828571428545e+07 0.000000000000000000e+00 1.334175285714285681e+06
4.756514582339458480e-02 1.771696467509812451e-04 2.976465444395987783e+06 -7.291212385521151284e-04 4.976962093327518669e+05 6.286115351068469106e-04 2.037043512603576109e+07 0.000000000000000000e+00 1.530332229219363257e+07 0.000000000000000000e+00 1.609271822067160858e+06
5.262096060748640974e-02 -5.897779143258426464e-05 2.300348764044943731e+06 2.461979898174157218e-04 4.361779325842696708e+05 -4.322180587254213367e-04 1.760495460674157366e+07 0.000000000000000000e+00 1.277415119101123512e+07 0.000000000000000000e+00 4.306679370786516927e+06
5.756031740041873956e-02 -2.302415300123762524e-04 1.743909386138613801e+06 4.209008547339109126e-04 4.013361633663366229e+04 -7.867340994353341863e-04 1.510299247524752468e+07 0.000000000000000000e+00 8.704923247524753213e+06 0.000000000000000000e+00 5.964904950495049125e+05
6.254738279606215923e-02 3.449227373068432668e-05 1.585064720137355849e+06 -1.168904831984302159e-04 3.727577257787588751e+05 1.470712227127789933e-04 1.381771082658817619e+07 0.000000000000000000e+00 9.639347771400539204e+06 0.000000000000000000e+00 2.589085166544027161e+06
6.757793472572401483e-02 -1.158488027240773193e-04 1.201920899824253051e+06 3.393940850175746556e-04 7.763524780316343822e+04 -3.922769181129173938e-04 1.199732347275922634e+07 0.000000000000000000e+00 7.172164386643233709e+06 0.000000000000000000e+00 4.674936801405975129e+05
7.255917516659465827e-02 3.559721963920401896e-05 9.083800781104705529e+05 -1.027960526315789552e-04 6.845446308350381150e+04 2.624386856053561692e-05 1.041776198177422397e+07 0.000000000000000000e+00 5.894754172214989550e+06 0.000000000000000000e+00 1.080523485958713107e+06
7.753384299139773339e-02 -2.550112989621694008e-05 7.910460850351523841e+05 4.282882072313358272e-05 9.734476062939404801e+04 -8.606631339973217659e-05 9.554817499832607806e+06 0.000000000000000000e+00 4.518016557080683298e+06 0.000000000000000000e+00 6.897422484097757842e+05
8.251793356505521260e-02 -4.647631163990826285e-05 6.235607339449541178e+05 6.355495627866972999e-05 5.703362844036697788e+04 -1.812156187284977228e-04 8.343827376146789640e+06 0.000000000000000000e+00 3.980390458715596702e+06 0.000000000000000000e+00 -2.716814862385321176e+05
8.752751931716111489e-02 2.024750550732149927e-06 4.993948280419852817e+05 -2.277844369573668752e-05 4.859360269534793770e+04 1.505908222107036487e-05 7.481176009330051020e+06 0.000000000000000000e+00 3.284095784372165333e+06 0.000000000000000000e+00 4.922209895036931848e+05
9.254701955136974967e-02 -7.344248518687329068e-06 3.907718359161348781e+05 6.465164226298997197e-05 2.137519781221513040e+04 -2.553517316402688928e-04 6.629761516864174977e+06 0.000000000000000000e+00 2.934606643573381938e+06 0.000000000000000000e+00 -9.461891704649043095e+04
9.754963178921903511e-02 -9.588774468753270678e-05 3.296591026902543963e+05 2.168207958233015734e-04 4.293428577410237631e+04 -2.974513487255312622e-04 5.991692943368575536e+06 0.000000000000000000e+00 2.306112100491992198e+06 0.000000000000000000e+00 -7.343696011724066011e+03
1.025319613041059119e-01 2.574240736397748612e-05 2.483783564727955090e+05 -5.262993961069418265e-05 4.392399249530956877e+04 2.971599070708255271e-05 5.379869682551594451e+06 0.000000000000000000e+00 1.744685628517823527e+06 0.000000000000000000e+00 4.792142769230769482e+05
1.075116003998943526e-01 -3.398787474155754763e-05 2.020298056512749754e+05 8.328711879738111604e-05 2.450840523776705595e+04 -1.598860295701240528e-04 4.962214373535492457e+06 0.000000000000000000e+00 1.743840419021364534e+06 0.000000000000000000e+00 -1.203116333563059925e+04
1.125102861506304813e-01 5.797325500502434835e-05 1.818613551828089985e+05 -1.920364072041431556e-04 3.898435062224627472e+04 6.235144353404962982e-05 4.650255573316843249e+06 0.000000000000000000e+00 1.747110220916750608e+06 0.000000000000000000e+00 5.049975876942104078e+05
1.175500852175193622e-01 -4.545300499573318371e-05 1.563417232257146970e+05 1.158548137267102871e-04 3.596745157161144016e+04 -2.739637339883196194e-04 4.329322863888493739e+06 0.000000000000000000e+00 1.403173611719527980e+06 0.000000000000000000e+00 1.920857459820793592e+05
1.225369446564099490e-01 -2.637785501489573224e-05 1.269820673949023621e+05 7.111676597153260857e-05 2.649836001324065001e+04 -1.016969753392916277e-04 4.061298026348891202e+06 0.000000000000000000e+00 1.144231768553459086e+06 0.000000000000000000e+00 -4.033250340946707001e+04
1.275260957852891452e-01 1.421143584768372554e-06 1.085408877031287848e+05 1.444829311181178739e-05 3.075153431967014330e+04 -4.754909577370846426e-05 3.788871280135823414e+06 0.000000000000000000e+00 1.049726540868299780e+06 0.000000000000000000e+00 1.198342643706039235e+05
1.325302087090364789e-01 1.485036964816789141e-05 8.766794770214914752e+04 -1.345301014252847776e-05 1.878520666629257539e+04 8.102630192259131835e-05 3.584474392233881168e+06 0.000000000000000000e+00 8.996600487065820489e+05 0.000000000000000000e+00 -1.568712435890241759e+05
1.375062694904859717e-01 3.011153643083421124e-05 8.077861710665258579e+04 -4.227989704329461186e-05 2.184958648363252360e+04 6.037775541182682272e-05 3.383801187750791665e+06 0.000000000000000000e+00 8.729466998944033403e+05 0.000000000000000000e+00 2.909325110876451945e+05
1.425134422753508989e-01 1.134229818583221273e-05 6.475437435208293027e+04 4.640031076022269460e-06 1.994343943175273671e+04 8.196216509286811328e-05 3.197926837396813091e+06 0.000000000000000000e+00 7.095749418314455543e+05 0.000000000000000000e+00 -1.172738721443655231e+04
1.475259222195813014e-01 1.697382995808465126e-05 5.246010806870472152e+04 -1.903160095562440326e-05 2.443754521846097850e+04 -1.863951215744453216e-05 3.014826192355004605e+06 0.000000000000000000e+00 6.949603273042051587e+05 0.000000000000000000e+00 5.442875028475101135e+04
1.525299430011916868e-01 -1.651272404463983712e-07 4.076205343253297178e+04 8.669180123435914434e-06 2.207966723030098001e+04 6.130348801572539940e-06 2.806870747379100416e+06 0.000000000000000000e+00 6.074603395333107328e+05 0.000000000000000000e+00 8.569064321947919962e+04
1.574945685492469272e-01 -6.003053342500100650e-06 3.612298265054393414e+04 -1.121623124519755690e-05 2.024528847009341916e+04 1.836460397541149202e-05 2.726076922554292716e+06 0.000000000000000000e+00 5.455080363974602660e+05 0.000000000000000000e+00 -8.008405645650502993e+04
1.625189323163163113e-01 -2.359432025547445437e-05 3.069339094890511114e+04 5.157247947080292530e-05 2.205740613138686240e+04 -6.266573049726277458e-05 2.561131931094890926e+06 0.000000000000000000e+00 4.810377156204379862e+05 0.000000000000000000e+00 1.983360934306569397e+05
1.675461007718098694e-01 7.290503430203587614e-06 2.080333485193621891e+04 -1.169174298610122391e-05 1.807721070615034114e+04 -4.466736778311414192e-05 2.416396829157175496e+06 0.000000000000000000e+00 3.997475353075170424e+05 0.000000000000000000e+00 5.653022779043280025e+04
1.725292014006662711e-01 1.905676236938392233e-05 2.021621544648449344e+04 1.390628605333421323e-05 2.276343738668952210e+04 -3.862857237037281511e-07 2.338613880080429837e+06 0.000000000000000000e+00 2.960806028282296029e+05 0.000000000000000000e+00 1.085995255958071066e+05
1.775301965061671094e-01 1.713051331398283525e-05 1.481911660777385077e+04 -2.705142210373548815e-05 1.617791519434628935e+04 3.267429742712014311e-05 2.223496335184250493e+06 0.000000000000000000e+00 3.028713902069661999e+05 0.000000000000000000e+00 5.652718828874305473e+04
1.825147654490652804e-01 -6.577926969777541567e-06 9.677520753936600158e+03 1.690642633460368171e-05 1.454962167272297484e+04 -1.435315205028213607e-05 2.149641642825489864e+06 0.000000000000000000e+00 2.785103933351059095e+05 0.000000000000000000e+00 1.175995509468521923e+05
1.875360723572403465e-01 1.884929294692737543e-05 1.006762189944134116e+04 -4.406806476955307561e-05 1.639391821229050402e+04 5.390529526012570195e-05 2.054237818994413363e+06 0.000000000000000000e+00 2.316696884916201234e+05 0.000000000000000000e+00 1.331734310614525166e+05
1.925323683450522461e-01 1.202791983506479603e-05 6.221059869337045711e+03 -3.399194735996572442e-06 1.527050315947306262e+04 3.701200114463960367e-05 2.001466509585519787e+06 0.000000000000000000e+00 2.021447916889793123e+05 0.000000000000000000e+00 7.176921752168791136e+04
1.975198663583639380e-01 -1.551236246363981122e-05 2.941877526242569729e+03 5.419446376628303622e-05 1.671235958011888215e+04 -4.909366305172631600e-05 1.916629412115846528e+06 0.000000000000000000e+00 1.488780869609206857e+05 0.000000000000000000e+00 1.108623556848362205e+05
2.025153694923672032e-01 -1.649121272797452610e-06 -9.324357811444563140e+02 3.192227606629354469e-06 1.054834931969506943e+04 -1.102849851183296431e-05 1.851867488565087551e+06 0.000000000000000000e+00 1.439012363215285295e+05 0.000000000000000000e+00 6.061397819164334942e+04
2.075088499274508613e-01 9.302938010945980724e-06 8.656902608257573775e+02 -2.969784057340447452e-05 1.263240761180700247e+04 3.962693787354874402e-05 1.775460719869930763e+06 0.000000000000000000e+00 9.738460656300808478e+04 0.000000000000000000e+00 4.757120043967116362e+04
2.125178062418619784e-01 1.030214628971024697e-05 -1.596701169488567075e+03 -3.018731283546430437e-05 1.576120230406702831e+04 4.798035530919990670e-05 1.719261860708675347e+06 0.000000000000000000e+00 5.965202722988305322e+04 0.000000000000000000e+00 1.222017720370047173e+05
2.175004174234404231e-01 6.883857366804140888e-06 -1.928360744045114188e+03 -1.918233090122885252e-05 1.365438599444491228e+04 3.424719039985060244e-05 1.668111600033667171e+06 0.000000000000000000e+00 6.460516387509468768e+04 0.000000000000000000e+00 1.489846309233229658e+04
2.225093171556767890e-01 -4.001595713244419780e-06 -3.890440298654478738e+03 -6.156301097299107760e-07 1.264893977660014571e+04 5.463717223852958151e-06 1.605556956561139552e+06 0.000000000000000000e+00 6.324538980713539786e+04 0.000000000000000000e+00 7.412878643052736879e+04
2.275289586476768322e-01 1.018342573281800041e-06 -3.179206490127047346e+03 -7.179782271257462460e-06 1.157871728149395494e+04 1.401272079909210918e-05 1.566636142660339829e+06 0.000000000000000000e+00 4.592670136231440665e+03 0.000000000000000000e+00 8.344766324812491075e+04
2.325285406108919262e-01 5.204969939788623717e-06 -6.046764775435213778e+03 -1.216861572953995729e-06 1.151197977188801815e+04 1.241509681457260997e-05 1.514774310879886616e+06 0.000000000000000000e+00 2.064077012351517988e+04 0.000000000000000000e+00 1.038980654503119731e+05
2.375276552426477672e-01 -1.262625233111597036e-05 -6.420799156266479258e+03 2.305139282462592291e-05 1.147419876955528161e+04 -4.917499490604813272e-06 1.464284648690455360e+06 0.000000000000000000e+00 -1.683503294076287784e+04 0.000000000000000000e+00 1.116531332747407287e+05
2.424991024241769377e-01 5.869300052335691489e-06 -6.161790083230631353e+03 -3.069841768946364718e-05 1.214580358921547122e+04 1.162319251937264751e-06 1.435078855637904489e+06 0.000000000000000000e+00 -1.968481515371498972e+04 0.000000000000000000e+00 1.015860882953758846e+05
2.474998551644826128e-01 3.897025346221581657e-06 -5.534196605827729400e+03 6.142603141010246265e-06 1.015154863912904329e+04 -3.264296180805715462e-06 1.395238461479346734e+06 0.000000000000000000e+00 -4.675890822926672990e+04 0.000000000000000000e+00 8.639817201408901019e+04
2.525200307756395035e-01 -1.558633622022889017e-05 -6.326913702443551301e+03 3.624729353541602633e-05 1.211056183111661085e+04 -5.400846736776987374e-05 1.361292487225487363e+06 0.000000000000000000e+00 -3.477248079183421214e+04 0.000000000000000000e+00 1.057877597278070025e+05
2.575182250600202005e-01 -3.807364042358989470e-06 -6.076088756426495820e+03 -3.811911777717755529e-06 1.175466793830563984e+04 -4.072497013775054035e-07 1.329229732747187139e+06 0.000000000000000000e+00 -4.911161910438864288e+04 0.000000000000000000e+00 8.041949398703523912e+04
2.625255687975799335e-01 3.858444293090660300e-06 -5.329037485023107365e+03 1.539198896702230796e-06 9.289717578593028520e+03 1.099900388061989995e-05 1.297835956866548629e+06 0.000000000000000000e+00 -6.255200136931591260e+04 0.000000000000000000e+00 7.652104661379585741e+04
2.675305520911575030e-01 1.955255554328164352e-06 -6.381486474917495798e+03 -1.270916110313306829e-05 1.182441026774001875e+04 3.996474930441446561e-06 1.256441679623313714e+06 0.000000000000000000e+00 -4.758284983637342521e+04 0.000000000000000000e+00 5.424279476947293733e+04
2.725404586615198799e-01 -3.770511583011582676e-06 -4.403424340191463671e+03 1.577933272068545798e-05 1.061241318030359071e+04 -5.868827104379329829e-06 1.233609176707039587e+06 0.000000000000000000e+00 -6.418788723753106751e+04 0.000000000000000000e+00 8.916613233194054919e+04
2.775333197047151201e-01 3.609699317600227340e-06 -7.000494429653371299e+03 -2.093878030733838203e-05 1.116059616925582122e+04 1.797592396186057374e-05 1.208141811771396082e+06 0.000000000000000000e+00 -6.408586491586321063e+04 0.000000000000000000e+00 5.382761134231137112e+04
2.825123907298719983e-01 -1.013169270672512916e-05 -5.920926029765948442e+03 2.446080096337923938e-05 9.541290582350398836e+03 -2.085440082134255461e-05 1.175200148212190485e+06 0.000000000000000000e+00 -6.505142597418637888e+04 0.000000000000000000e+00 6.660506915333787038e+04
2.875104651677040102e-01 3.331740955995020004e-06 -5.657128519440720083e+03 -5.845158875123767891e-09 9.057222754261634691e+03 4.193901992853380625e-07 1.161893730702930363e+06 0.000000000000000000e+00 -9.559874047117409646e+04 0.000000000000000000e+00 6.467762650833173393e+04
2.924971317655564174e-01 -1.490090626408812847e-06 -5.486081124507276400e+03 -1.286896450080338483e-06 8.008781514062120550e+03 -5.333847128622455222e-06 1.138038105815579882e+06 0.000000000000000000e+00 -7.073199893652682658e+04 0.000000000000000000e+00 5.587418021246344142e+04
2.975058823671092867e-01 3.875334048374922015e-06 -5.100060030192700651e+03 -1.189971454994005825e-05 9.634593020158066793e+03 1.287329060370137966e-05 1.119281103987212526e+06 0.000000000000000000e+00 -8.629084024509368464e+04 0.000000000000000000e+00 7.028466814670100575e+04
3.025121359101998753e-01 1.878735517271194423e-06 -4.996183476719554164e+03 3.958010218970213197e-06 8.600104794431714254e+03 -5.090001141595693900e-06 1.085647624400155619e+06 0.000000000000000000e+00 -8.136017777009207930e+04 0.000000000000000000e+00 4.751237594570057263e+04
3.075010376196579687e-01 -1.816670585776245165e-06 -5.528136196896065485e+03 4.460028348225949841e-06 7.295038177352772436e+03 -1.272434861132884077e-05 1.063672019146156730e+06 0.000000000000000000e+00 -8.237892986361499061e+04 0.000000000000000000e+00 7.725011159533887985e+04
3.125134169243361515e-01 1.774720207872511548e-06 -3.376193042429117213e+03 -2.905091792554795799e-06 1.007851872109390752e+04 1.022151699254097210e-05 1.058736765091494191e+06 0.000000000000000000e+00 -1.018754496682083263e+05 0.000000000000000000e+00 6.002175073396340304e+04
3.175159688234982513e-01 4.912025621125639784e-06 -3.557967678871412772e+03 -1.358482085842559679e-05 7.361080802821467842e+03 1.579139486791563269e-05 1.034257805896395585e+06 0.000000000000000000e+00 -8.832561589924452710e+04 0.000000000000000000e+00 5.216618113585680112e+04
3.225221380836135188e-01 -3.249370221351708878e-07 -4.483629224089107083e+03 3.540891734118369183e-06 7.861370587124788472e+03 4.010149188957193041e-06 1.021794485331319738e+06 0.000000000000000000e+00 -8.680945984519539343e+04 0.000000000000000000e+00 5.999416303568057629e+04
3.275181733526948968e-01 2.277802202887819458e-06 -4.127549203998519260e+03 -5.332949601999259215e-06 7.111481673454276461e+03 2.101543699092928760e-06 1.001735411773417261e+06 0.000000000000000000e+00 -9.112728026656793372e+04 0.000000000000000000e+00 4.288517497223250393e+04
3.325123842131759710e-01 7.331798126617860585e-06 -2.271961998630100425e+03 -3.341006587082025290e-05 5.464153499915493740e+03 3.848325320013877039e-05 9.812258629922521068e+05 0.000000000000000000e+00 -9.270039712854818208e+04 0.000000000000000000e+00 6.278895697269985976e+04
3.374959366892091861e-01 4.896840129366220040e-07 -3.278576743860141050e+03 7.504567875113863826e-06 4.604748484742318396e+03 -7.883324559792462234e-06 9.727145440913710045e+05 0.000000000000000000e+00 -9.964232491328872857e+04 0.000000000000000000e+00 4.032125116490908840e+04
3.424919221947719805e-01 1.497533107201493453e-06 -2.565058063655835213e+03 -1.790528715132220497e-06 6.196568018735050828e+03 2.384658697880639196e-06 9.601358673878439004e+05 0.000000000000000000e+00 -1.011733830267774611e+05 0.000000000000000000e+00 6.851669349690388481e+04
3.475179778446125245e-01 3.753003040562616137e-06 -2.461607083346946638e+03 -1.447159567766360537e-05 5.602945731368640736e+03 1.231940198397221197e-05 9.436416777861273149e+05 0.000000000000000000e+00 -1.029752493220505130e+05 0.000000000000000000e+00 6.622964733557682484e+04
3.525052850529177828e-01 4.209993214114641336e-06 -1.945222417371866641e+03 -1.270794247964234442e-05 6.258448411304486399e+03 1.491039263332268934e-05 9.208929609452339355e+05 0.000000000000000000e+00 -1.013471667890787212e+05 0.000000000000000000e+00 4.354730039916972601e+04
3.575133254796376558e-01 1.370672469840041154e-06 -2.885104705260172977e+03 -9.324783051645576848e-06 5.506623847445026513e+03 1.297168404371230015e-05 9.175937239079949213e+05 0.000000000000000000e+00 -1.049051822397314390e+05 0.000000000000000000e+00 7.313094201776639966e+04
3.625250227669692404e-01 -3.080708383526577110e-06 -2.368915283842794452e+03 2.849103815313958622e-06 5.934460954675500034e+03 -9.533468992339255791e-06 9.056495925312452018e+05 0.000000000000000000e+00 -9.926086408673392725e+04 0.000000000000000000e+00 4.232951326607438386e+04
3.675230446100045678e-01 -1.979196283416806918e-06 -1.596154583032609480e+03 4.036706088839314668e-06 4.993464120901952811e+03 1.228632369103077193e-05 8.992467016308349557e+05 0.000000000000000000e+00 -1.102272108712610061e+05 0.000000000000000000e+00 4.955721715547973872e+04
3.725177060730277545e-01 -5.049037240819229779e-06 -1.602251472354051202e+03 5.740477021940577469e-06 4.477467665389674039e+03 -1.533393133524331499e-05 8.883201463777231984e+05 0.000000000000000000e+00 -1.053571374006518454e+05 0.000000000000000000e+00 4.677020389959403110e+04
3.775163034622419089e-01 1.104365919418566944e-06 -1.693655622289185658e+03 2.895593569207218279e-06 4.441801063294281448e+03 1.313118013942808379e-07 8.736658610270236386e+05 0.000000000000000000e+00 -9.927594596644623380e+04 0.000000000000000000e+00 5.488226505126843404e+04
3.825226892977953153e-01 -1.807960304054054137e-06 -1.180678270270270332e+03 6.334459459459459133e-06 3.962755027027027154e+03 -9.831608952702702232e-06 8.661542745945946081e+05 0.000000000000000000e+00 -1.015022841081081133e+05 0.000000000000000000e+00 6.804125751351351209e+04
3.875130067694269043e-01 2.186717926765016047e-07 -1.058460484720758814e+03 -7.621355127107481658e-06 3.924564805057956164e+03 -2.884538206335616448e-06 8.591500273972603027e+05 0.000000000000000000e+00 -1.032022861959957954e+05 0.000000000000000000e+00 6.337876838777661033e+04
3.924957861003909865e-01 -3.125515419335114296e-06 -3.838422038425642882e+02 9.020624064702475469e-06 4.324667409004602632e+03 -9.874483763536673022e-06 8.500180335081904195e+05 0.000000000000000000e+00 -9.984519035818878911e+04 0.000000000000000000e+00 6.677157547710230574e+04
3.975064703251052212e-01 -5.275772876525618490e-06 -1.402365057927018142e+03 1.149537668050306746e-05 3.794247989591723126e+03 -1.827764892199987669e-05 8.395991001301035285e+05 0.000000000000000000e+00 -9.078658006319311971e+04 0.000000000000000000e+00 5.846134063564835378e+04
