3.798113400606732779e-03 1.510075822368420995e+04 0.000000000000000000e+00 1.795459868421052670e+04 0.000000000000000000e+00 -1.390775657894736833e+04
8.299341265228576958e-03 3.052588085937500000e+04 0.000000000000000000e+00 1.251878710937500000e+04 0.000000000000000000e+00 3.861149414062500000e+03
1.293222767532251419e-02 3.776583757961783704e+04 0.000000000000000000e+00 1.576008439490445926e+04 0.000000000000000000e+00 -1.187572531847133905e+04
1.764839556552980082e-02 3.747958219178082072e+04 0.000000000000000000e+00 2.733712157534246580e+04 0.000000000000000000e+00 6.025498287671232902e+03
2.256548662787912635e-02 3.359024574669187132e+04 0.000000000000000000e+00 1.701330245746691799e+04 0.000000000000000000e+00 -1.601860680529300589e+04
2.777643688250242340e-02 3.196797073170731528e+04 0.000000000000000000e+00 2.082289756097560894e+04 0.000000000000000000e+00 2.650839634146341268e+03
3.269804980233311648e-02 2.795963799999999901e+04 0.000000000000000000e+00 1.847801800000000003e+04 0.000000000000000000e+00 -3.851995000000000005e+02
3.761648458559932462e-02 2.384229265003371620e+04 0.000000000000000000e+00 1.244987053270397882e+04 0.000000000000000000e+00 4.185195212407282270e+03
4.263843696389812976e-02 2.076449553571428623e+04 0.000000000000000000e+00 8.650663504464284415e+03 0.000000000000000000e+00 4.653747558593750000e+02
4.756514582339458480e-02 1.991162145660706665e+04 0.000000000000000000e+00 1.055008198866114253e+04 0.000000000000000000e+00 -2.163273877017008544e+03
5.262096060748640974e-02 1.813450000000000000e+04 0.000000000000000000e+00 9.632136938202247620e+03 0.000000000000000000e+00 1.630297050561797732e+03
5.756031740041873956e-02 1.747725371287128655e+04 0.000000000000000000e+00 9.725069925742574924e+03 0.000000000000000000e+00 1.004920869430693074e+03
6.254738279606215923e-02 1.633248467010056265e+04 0.000000000000000000e+00 8.971191562423349751e+03 0.000000000000000000e+00 3.553255150846210313e+02
6.757793472572401483e-02 1.495737434094903256e+04 0.000000000000000000e+00 7.387590509666080834e+03 0.000000000000000000e+00 2.882708699472759122e+02
7.255917516659465827e-02 1.403160572810117264e+04 0.000000000000000000e+00 6.772485772735726641e+03 0.000000000000000000e+00 4.135945927096894081e+01
7.753384299139773339e-02 1.326491463006360937e+04 0.000000000000000000e+00 6.292141278875125863e+03 0.000000000000000000e+00 5.436470957482424637e+02
8.251793356505521260e-02 1.214262614678899081e+04 0.000000000000000000e+00 5.991284977064220584e+03 0.000000000000000000e+00 -1.463662019782110235e+02
8.752751931716111489e-02 1.120224335881819388e+04 0.000000000000000000e+00 5.594805753531165465e+03 0.000000000000000000e+00 3.652044836076195793e+02
9.254701955136974967e-02 1.014039471285323634e+04 0.000000000000000000e+00 5.077294895168641233e+03 0.000000000000000000e+00 8.814118049225158984e+02
9.754963178921903511e-02 9.303268083324610416e+03 0.000000000000000000e+00 4.098301266617816509e+03 0.000000000000000000e+00 -1.445902988589971869e+02
1.025319613041059119e-01 8.722953095684802975e+03 0.000000000000000000e+00 3.745227767354596836e+03 0.000000000000000000e+00 4.762520168855534735e+02
1.075116003998943526e-01 8.144984148862853544e+03 0.000000000000000000e+00 3.668113370089593445e+03 0.000000000000000000e+00 1.555083347691247297e+02
1.125102861506304813e-01 7.897205225322718434e+03 0.000000000000000000e+00 3.870820746695524576e+03 0.000000000000000000e+00 2.799024889850815612e+02
1.175500852175193622e-01 7.581948513724933036e+03 0.000000000000000000e+00 3.075815388991608870e+03 0.000000000000000000e+00 5.217580358412743635e+02
1.225369446564099490e-01 7.306915590863953184e+03 0.000000000000000000e+00 3.447461635220126027e+03 0.000000000000000000e+00 4.581240648791791159e+02
1.275260957852891452e-01 7.055740965316516849e+03 0.000000000000000000e+00 3.052254426388552019e+03 0.000000000000000000e+00 1.639652104050448713e+02
1.325302087090364789e-01 6.551333819650973055e+03 0.000000000000000000e+00 2.778729364233207889e+03 0.000000000000000000e+00 -1.025535674204590038e+02
1.375062694904859717e-01 6.369719535374867519e+03 0.000000000000000000e+00 2.554893347412882576e+03 0.000000000000000000e+00 6.542352692713833449e+02
1.425134422753508989e-01 6.100956805528891891e+03 0.000000000000000000e+00 2.612602994816663340e+03 0.000000000000000000e+00 1.978577102130927301e+02
1.475259222195813014e-01 5.697458654152808776e+03 0.000000000000000000e+00 2.310808510638297776e+03 0.000000000000000000e+00 3.186240375415736708e+02
1.525299430011916868e-01 5.480107541427121760e+03 0.000000000000000000e+00 2.303383496787284457e+03 0.000000000000000000e+00 2.475801276631721350e+02
1.574945685492469272e-01 5.209986492498078405e+03 0.000000000000000000e+00 2.174866663970558420e+03 0.000000000000000000e+00 3.459900918024831071e+02
1.625189323163163113e-01 5.016395328467153377e+03 0.000000000000000000e+00 2.077980583941605801e+03 0.000000000000000000e+00 3.131751824817518468e+02
1.675461007718098694e-01 4.853973804100227426e+03 0.000000000000000000e+00 1.927801679954441852e+03 0.000000000000000000e+00 1.782565667710705952e+02
1.725292014006662711e-01 4.642444539671028906e+03 0.000000000000000000e+00 1.758756370109107820e+03 0.000000000000000000e+00 2.750985100702113186e+02
1.775301965061671094e-01 4.466969712266532042e+03 0.000000000000000000e+00 1.725110424028268426e+03 0.000000000000000000e+00 1.915351621655729275e+02
1.825147654490652804e-01 4.376342462111140776e+03 0.000000000000000000e+00 1.582806464001890845e+03 0.000000000000000000e+00 1.091323820496912731e+02
1.875360723572403465e-01 4.279844916201117485e+03 0.000000000000000000e+00 1.519031731843575471e+03 0.000000000000000000e+00 1.620237150837988906e+02
1.925323683450522461e-01 4.163833779586590936e+03 0.000000000000000000e+00 1.503544500374852760e+03 0.000000000000000000e+00 1.880490119952875716e+02
1.975198663583639380e-01 3.965031086379157387e+03 0.000000000000000000e+00 1.307219324649045120e+03 0.000000000000000000e+00 2.114244846338687012e+02
2.025153694923672032e-01 3.859132297597221168e+03 0.000000000000000000e+00 1.252865289973945892e+03 0.000000000000000000e+00 -5.365706117919521745e+01
2.075088499274508613e-01 3.750760676910394068e+03 0.000000000000000000e+00 1.294845405207355270e+03 0.000000000000000000e+00 1.492503034189012965e+02
2.125178062418619784e-01 3.611368476173852287e+03 0.000000000000000000e+00 1.139279717228137542e+03 0.000000000000000000e+00 1.572824009425728775e+02
2.175004174234404231e-01 3.522454338860365624e+03 0.000000000000000000e+00 1.134935695648514411e+03 0.000000000000000000e+00 4.771115120781079355e+01
2.225093171556767890e-01 3.438868107405291539e+03 0.000000000000000000e+00 1.074631390240539076e+03 0.000000000000000000e+00 1.929302220208427912e+02
2.275289586476768322e-01 3.353370273993571118e+03 0.000000000000000000e+00 1.069957370273993547e+03 0.000000000000000000e+00 1.191017430736262099e+02
2.325285406108919262e-01 3.256997580630491484e+03 0.000000000000000000e+00 9.320411838538919937e+02 0.000000000000000000e+00 1.312590271587870632e+02
2.375276552426477672e-01 3.182759992968887218e+03 0.000000000000000000e+00 9.837382316751626377e+02 0.000000000000000000e+00 1.024638249252944320e+02
2.424991024241769377e-01 3.112836965880505886e+03 0.000000000000000000e+00 9.068101227356372647e+02 0.000000000000000000e+00 4.089472084817585085e+01
2.474998551644826128e-01 3.029019532500800324e+03 0.000000000000000000e+00 9.085938520653218120e+02 0.000000000000000000e+00 1.256179314761447330e+02
2.525200307756395035e-01 2.972567646149087523e+03 0.000000000000000000e+00 8.023886173832354416e+02 0.000000000000000000e+00 1.685941076399629068e+01
2.575182250600202005e-01 2.920398062737500823e+03 0.000000000000000000e+00 7.583685865434766811e+02 0.000000000000000000e+00 4.400543923701661697e+01
2.625255687975799335e-01 2.853252695840702927e+03 0.000000000000000000e+00 7.835045929137901339e+02 0.000000000000000000e+00 1.172934704313345122e+01
2.675305520911575030e-01 2.786030571243147733e+03 0.000000000000000000e+00 7.480779884287705954e+02 0.000000000000000000e+00 -4.291665400919622186e+01
2.725404586615198799e-01 2.740225524937853606e+03 0.000000000000000000e+00 6.853651557624159523e+02 0.000000000000000000e+00 7.675848891944781371e+01
2.775333197047151201e-01 2.670968542404425079e+03 0.000000000000000000e+00 6.692241321374104928e+02 0.000000000000000000e+00 2.343807997518546316e+01
2.825123907298719983e-01 2.610931044278392164e+03 0.000000000000000000e+00 5.987764095596862717e+02 0.000000000000000000e+00 5.435805595010189961e+01
2.875104651677040102e-01 2.577020685692396000e+03 0.000000000000000000e+00 6.058933154568089776e+02 0.000000000000000000e+00 1.891266190624401489e+01
2.924971317655564174e-01 2.526606017870972664e+03 0.000000000000000000e+00 6.402225433191921411e+02 0.000000000000000000e+00 3.346559769070269752e-01
2.975058823671092867e-01 2.465006127342154286e+03 0.000000000000000000e+00 5.287446940769025332e+02 0.000000000000000000e+00 2.457819021401296311e+01
3.025121359101998753e-01 2.429565345207729933e+03 0.000000000000000000e+00 5.400721974838960477e+02 0.000000000000000000e+00 -1.378096899182914647e+01
3.075010376196579687e-01 2.382464795945028072e+03 0.000000000000000000e+00 4.943081987772378625e+02 0.000000000000000000e+00 9.087794325129331696e+01
3.125134169243361515e-01 2.341961632817212831e+03 0.000000000000000000e+00 5.133106776593605218e+02 0.000000000000000000e+00 -4.221281482505530036e+00
3.175159688234982513e-01 2.329433918519318922e+03 0.000000000000000000e+00 4.756252320932105704e+02 0.000000000000000000e+00 8.198465483195960246e-01
3.225221380836135188e-01 2.275397998867283604e+03 0.000000000000000000e+00 4.485137247498584543e+02 0.000000000000000000e+00 -1.554005215216160174e+01
3.275181733526948968e-01 2.228029618659755670e+03 0.000000000000000000e+00 4.125978526471677128e+02 0.000000000000000000e+00 -2.942537023324694445e+01
3.325123842131759710e-01 2.204303904213775695e+03 0.000000000000000000e+00 4.199837391141909393e+02 0.000000000000000000e+00 3.714855626818008005e+01
3.374959366892091861e-01 2.173808779735837106e+03 0.000000000000000000e+00 3.953378761868058859e+02 0.000000000000000000e+00 -4.723337595907928943e+01
3.424919221947719805e-01 2.131601930176932910e+03 0.000000000000000000e+00 3.926606938969405860e+02 0.000000000000000000e+00 -9.411066847794382184e+00
3.475179778446125245e-01 2.106239749077008582e+03 0.000000000000000000e+00 3.868236024438853633e+02 0.000000000000000000e+00 5.065913434835168516e+01
3.525052850529177828e-01 2.081736037042950556e+03 0.000000000000000000e+00 3.303007823726648553e+02 0.000000000000000000e+00 -2.523496128053648491e+01
3.575133254796376558e-01 2.048815997424715079e+03 0.000000000000000000e+00 3.451617907427704495e+02 0.000000000000000000e+00 -5.484437633650389721e+00
3.625250227669692404e-01 2.023836169251618685e+03 0.000000000000000000e+00 3.205496762535762514e+02 0.000000000000000000e+00 -7.417832404758319065e+00
3.675230446100045678e-01 1.994175127033076024e+03 0.000000000000000000e+00 3.235773972253206239e+02 0.000000000000000000e+00 9.961849980680765881e+00
3.725177060730277545e-01 1.976438447023843764e+03 0.000000000000000000e+00 2.885216135856824735e+02 0.000000000000000000e+00 -2.438867109325862259e+01
3.775163034622419089e-01 1.954616338323415221e+03 0.000000000000000000e+00 3.060349604540032260e+02 0.000000000000000000e+00 8.800569400293751343e+00
3.825226892977953153e-01 1.927122378378378471e+03 0.000000000000000000e+00 2.683587567567567476e+02 0.000000000000000000e+00 1.330160050675675620e+01
3.875130067694269043e-01 1.909754478398314177e+03 0.000000000000000000e+00 2.761577449947313312e+02 0.000000000000000000e+00 2.106569250526870363e+01
3.924957861003909865e-01 1.887262845557236233e+03 0.000000000000000000e+00 2.718218646413284887e+02 0.000000000000000000e+00 1.920645737456956326e+01
3.975064703251052212e-01 1.877766185490366297e+03 0.000000000000000000e+00 2.611039216901059490e+02 0.000000000000000000e+00 2.253049067591847177e+01
