3.798113400606732779e-03 3.166375000000000000e+05 0.000000000000000000e+00 1.042477157894736738e+06 0.000000000000000000e+00 -2.278974315789473709e+06 5.664777431578946859e+07 0.000000000000000000e+00 7.168706694736841321e+07 0.000000000000000000e+00 -2.039760168421052396e+08
8.299341265228576958e-03 8.422147500000000000e+05 0.000000000000000000e+00 3.422402500000000000e+05 0.000000000000000000e+00 -3.373101562500000000e+04 2.332067400000000000e+07 0.000000000000000000e+00 5.235341200000000000e+07 0.000000000000000000e+00 1.298719000000000000e+06
1.293222767532251419e-02 1.000774420382165699e+06 0.000000000000000000e+00 1.073925910828025546e+06 0.000000000000000000e+00 2.412944713375796273e+05 1.352530180891719833e+07 0.000000000000000000e+00 2.760452239490446076e+07 0.000000000000000000e+00 1.906958878980891779e+06
1.764839556552980082e-02 9.244541369863012806e+05 0.000000000000000000e+00 1.009384547945205471e+06 0.000000000000000000e+00 3.827300547945205471e+05 7.056207780821917579e+06 0.000000000000000000e+00 1.625767627397260256e+07 0.000000000000000000e+00 5.338411397260273807e+06
2.256548662787912635e-02 8.736240151228733594e+05 0.000000000000000000e+00 7.553249754253308056e+05 0.000000000000000000e+00 1.963417315689981042e+05 4.140832423440453596e+06 0.000000000000000000e+00 8.622443916824197397e+06 0.000000000000000000e+00 5.146114177693761885e+05
2.777643688250242340e-02 7.670503804878048832e+05 0.000000000000000000e+00 5.397019317073171260e+05 0.000000000000000000e+00 3.010705170731707476e+05 2.453112663414634299e+06 0.000000000000000000e+00 5.078757463414634578e+06 0.000000000000000000e+00 1.113262673170731636e+06
3.269804980233311648e-02 6.647740799999999581e+05 0.000000000000000000e+00 5.385720320000000065e+05 0.000000000000000000e+00 1.605992900000000009e+04 1.557669888000000035e+06 0.000000000000000000e+00 3.275703808000000194e+06 0.000000000000000000e+00 3.171744320000000298e+05
3.761648458559932462e-02 5.235017882670263061e+05 0.000000000000000000e+00 3.436062467970330617e+05 0.000000000000000000e+00 -1.256893459204315604e+03 9.467427215104517527e+05 0.000000000000000000e+00 1.682120415374241304e+06 0.000000000000000000e+00 -5.982005664194200654e+04
4.263843696389812976e-02 4.703880714285714203e+05 0.000000000000000000e+00 2.867067321428571013e+05 0.000000000000000000e+00 -1.842044866071428623e+04 6.949405714285713620e+05 0.000000000000000000e+00 1.242294571428571362e+06 0.000000000000000000e+00 -1.095533660714285652e+05
4.756514582339458480e-02 4.467719982555604074e+05 0.000000000000000000e+00 2.784778717836894793e+05 0.000000000000000000e+00 -3.805081203663322958e+04 5.222846576537287328e+05 0.000000000000000000e+00 9.086698229393807705e+05 0.000000000000000000e+00 -8.649022241604884039e+04
5.262096060748640974e-02 3.921101573033707682e+05 0.000000000000000000e+00 2.381302247191011265e+05 0.000000000000000000e+00 3.469255617977528163e+04 3.818635505617977469e+05 0.000000000000000000e+00 6.497182471910112072e+05 0.000000000000000000e+00 4.356932584269662766e+04
5.756031740041873956e-02 3.486885544554455555e+05 0.000000000000000000e+00 2.265432475247524853e+05 0.000000000000000000e+00 2.680416584158415935e+04 3.232974455445544445e+05 0.000000000000000000e+00 5.243896633663366083e+05 0.000000000000000000e+00 -5.648551980198019464e+02
6.254738279606215923e-02 3.187985204807456466e+05 0.000000000000000000e+00 1.786507490802060347e+05 0.000000000000000000e+00 -3.614556193279371655e+04 2.657419082658817642e+05 0.000000000000000000e+00 4.221654432180524454e+05 0.000000000000000000e+00 4.517889134167279735e+03
6.757793472572401483e-02 3.206329982425307389e+05 0.000000000000000000e+00 1.956980386643233651e+05 0.000000000000000000e+00 1.604644639718804865e+04 2.230103901581722312e+05 0.000000000000000000e+00 3.329852231985940016e+05 0.000000000000000000e+00 1.429235676625658925e+04
7.255917516659465827e-02 2.821468268551236833e+05 0.000000000000000000e+00 1.393818233215547807e+05 0.000000000000000000e+00 5.847553654454156458e+03 1.910103150455644354e+05 0.000000000000000000e+00 2.750919486702622380e+05 0.000000000000000000e+00 6.505048168123488722e+03
7.753384299139773339e-02 2.664351282222966547e+05 0.000000000000000000e+00 1.463765383327753807e+05 0.000000000000000000e+00 1.689582725142283380e+04 1.655363642450619373e+05 0.000000000000000000e+00 2.209329494476063119e+05 0.000000000000000000e+00 1.154872982926012810e+04
8.251793356505521260e-02 2.459356697247706470e+05 0.000000000000000000e+00 1.402240000000000000e+05 0.000000000000000000e+00 -9.789356651376147056e+03 1.458025137614679115e+05 0.000000000000000000e+00 1.937066055045871763e+05 0.000000000000000000e+00 1.499571330275229411e+04
8.752751931716111489e-02 2.188033028378903982e+05 0.000000000000000000e+00 1.210045022677206289e+05 0.000000000000000000e+00 1.078523675003239623e+04 1.278782615005831321e+05 0.000000000000000000e+00 1.518541609433717967e+05 0.000000000000000000e+00 7.801831281586109071e+03
9.254701955136974967e-02 1.962061476754785690e+05 0.000000000000000000e+00 8.860425888787602889e+04 0.000000000000000000e+00 -1.030111030082041907e+04 1.135321203281677299e+05 0.000000000000000000e+00 1.281950920692798536e+05 0.000000000000000000e+00 1.064007292616226005e+04
9.754963178921903511e-02 1.842125539621061471e+05 0.000000000000000000e+00 8.931674657175756874e+04 0.000000000000000000e+00 1.108849073589448381e+04 1.003798496807285701e+05 0.000000000000000000e+00 1.073298825499842933e+05 0.000000000000000000e+00 2.970230922223385278e+03
1.025319613041059119e-01 1.649167609756097663e+05 0.000000000000000000e+00 7.818160150093807897e+04 0.000000000000000000e+00 2.801253583489681114e+04 9.416259962476548390e+04 0.000000000000000000e+00 9.360419662288929976e+04 0.000000000000000000e+00 4.354689681050656873e+03
1.075116003998943526e-01 1.591370696071674756e+05 0.000000000000000000e+00 7.810278704341832781e+04 0.000000000000000000e+00 1.245952722260510018e+04 8.887692901447277109e+04 0.000000000000000000e+00 8.826134252239835041e+04 0.000000000000000000e+00 3.066884217780840572e+03
1.125102861506304813e-01 1.480325194403648493e+05 0.000000000000000000e+00 6.395098956481410278e+04 0.000000000000000000e+00 9.185557084331761871e+03 8.222532209940481698e+04 0.000000000000000000e+00 7.926935023575791274e+04 0.000000000000000000e+00 1.058013326118883924e+04
1.175500852175193622e-01 1.443622904281041119e+05 0.000000000000000000e+00 6.563216839709856140e+04 0.000000000000000000e+00 3.226072393685108750e+02 7.776417806855354866e+04 0.000000000000000000e+00 6.859131503342340875e+04 0.000000000000000000e+00 7.542471910112360092e+03
1.225369446564099490e-01 1.375855772260840749e+05 0.000000000000000000e+00 6.244028546838795592e+04 0.000000000000000000e+00 -8.234249834491890851e+00 7.306724713670970232e+04 0.000000000000000000e+00 5.946868136378683266e+04 0.000000000000000000e+00 3.187655213505462143e+03
1.275260957852891452e-01 1.340938617511520570e+05 0.000000000000000000e+00 6.355000921658986044e+04 0.000000000000000000e+00 1.573712709192335524e+03 6.973374339073490410e+04 0.000000000000000000e+00 5.322308998302207328e+04 0.000000000000000000e+00 6.437452340528740933e+03
1.325302087090364789e-01 1.258414607485550659e+05 0.000000000000000000e+00 5.057922047023174673e+04 0.000000000000000000e+00 -2.740434094607485349e+03 6.504204253408899240e+04 0.000000000000000000e+00 4.540886010886033182e+04 0.000000000000000000e+00 -5.837665675326861674e+02
1.375062694904859717e-01 1.196203928194297769e+05 0.000000000000000000e+00 5.031828004223864991e+04 0.000000000000000000e+00 1.164145047518479441e+04 6.369656430834213097e+04 0.000000000000000000e+00 4.567053516367475822e+04 0.000000000000000000e+00 9.584690179514254851e+03
1.425134422753508989e-01 1.144391261278556340e+05 0.000000000000000000e+00 5.055338375887885923e+04 0.000000000000000000e+00 -8.706551161451334337e+02 6.112551660587444348e+04 0.000000000000000000e+00 4.112533230946438562e+04 0.000000000000000000e+00 3.119116913035131347e+03
1.475259222195813014e-01 1.071773292632921803e+05 0.000000000000000000e+00 4.395824064877670753e+04 0.000000000000000000e+00 2.464925053533190749e+03 5.763999380381793890e+04 0.000000000000000000e+00 3.636749482892158994e+04 0.000000000000000000e+00 5.359191944963324204e+03
1.525299430011916868e-01 1.031967859316875110e+05 0.000000000000000000e+00 4.423853094352383778e+04 0.000000000000000000e+00 2.774252282718971856e+03 5.498364017585390684e+04 0.000000000000000000e+00 3.349747717281027872e+04 0.000000000000000000e+00 4.584600946905647106e+03
1.574945685492469272e-01 9.712950798722043692e+04 0.000000000000000000e+00 3.754253407206697011e+04 0.000000000000000000e+00 1.194154001698547972e+03 5.309399312492417084e+04 0.000000000000000000e+00 3.017376503417316781e+04 0.000000000000000000e+00 1.597293970154082444e+03
1.625189323163163113e-01 9.203685839416059025e+04 0.000000000000000000e+00 3.591650335766423814e+04 0.000000000000000000e+00 5.432523211678832922e+03 5.140242686131387018e+04 0.000000000000000000e+00 2.908080817518248296e+04 0.000000000000000000e+00 6.312483503649635168e+03
1.675461007718098694e-01 8.846385421412299911e+04 0.000000000000000000e+00 3.611470842824601277e+04 0.000000000000000000e+00 8.370063211845101250e+03 4.966819134396355366e+04 0.000000000000000000e+00 2.589509339407744847e+04 0.000000000000000000e+00 1.639646070615033977e+03
1.725292014006662711e-01 8.539946336157168844e+04 0.000000000000000000e+00 3.543800059333487297e+04 0.000000000000000000e+00 4.287957543593632181e+03 4.808450776279790443e+04 0.000000000000000000e+00 2.409246108712133719e+04 0.000000000000000000e+00 3.154527342848667104e+03
1.775301965061671094e-01 8.290820393740535656e+04 0.000000000000000000e+00 3.321489146895507292e+04 0.000000000000000000e+00 6.089190812720848044e+03 4.672955880868248641e+04 0.000000000000000000e+00 2.269903281171125491e+04 0.000000000000000000e+00 2.418238515901060055e+03
1.825147654490652804e-01 7.941858300097491883e+04 0.000000000000000000e+00 3.395021418653431465e+04 0.000000000000000000e+00 3.587341900794705907e+03 4.528907276433572406e+04 0.000000000000000000e+00 2.074724429082099959e+04 0.000000000000000000e+00 3.734572660935330646e+02
1.875360723572403465e-01 7.809670435754189384e+04 0.000000000000000000e+00 3.059560044692737574e+04 0.000000000000000000e+00 4.671107932960893777e+03 4.394355128491620417e+04 0.000000000000000000e+00 1.952499486033519497e+04 0.000000000000000000e+00 2.533297653631284902e+03
1.925323683450522461e-01 7.540704551783227362e+04 0.000000000000000000e+00 2.785829281353753686e+04 0.000000000000000000e+00 3.234642818892577907e+03 4.319295019813644467e+04 0.000000000000000000e+00 1.862878269251365418e+04 0.000000000000000000e+00 1.930328370997108095e+03
1.975198663583639380e-01 7.245158730239028228e+04 0.000000000000000000e+00 2.609112209434678152e+04 0.000000000000000000e+00 4.564858884532692173e+03 4.233007755153661128e+04 0.000000000000000000e+00 1.757087259390413601e+04 0.000000000000000000e+00 4.677266219805235323e+02
2.025153694923672032e-01 7.079304757309659908e+04 0.000000000000000000e+00 2.635371224548876125e+04 0.000000000000000000e+00 2.666140113866641059e+03 4.131281520795136748e+04 0.000000000000000000e+00 1.614012004245874778e+04 0.000000000000000000e+00 1.711593360995850844e+03
2.075088499274508613e-01 6.753621067576542555e+04 0.000000000000000000e+00 2.309180645309029205e+04 0.000000000000000000e+00 1.974428175593670630e+03 4.071131612814582331e+04 0.000000000000000000e+00 1.594411046737960532e+04 0.000000000000000000e+00 7.619252559023564118e+02
2.125178062418619784e-01 6.616101937510909920e+04 0.000000000000000000e+00 2.164026252400070007e+04 0.000000000000000000e+00 2.086316111014138642e+03 3.970226147669750935e+04 0.000000000000000000e+00 1.520844405655437367e+04 0.000000000000000000e+00 1.193259731192180197e+03
2.175004174234404231e-01 6.392091709452066425e+04 0.000000000000000000e+00 2.219402676542378686e+04 0.000000000000000000e+00 2.784115141823078829e+03 3.835399713828802487e+04 0.000000000000000000e+00 1.410453126841175072e+04 0.000000000000000000e+00 4.492643716858850667e+02
2.225093171556767890e-01 6.149546053072240466e+04 0.000000000000000000e+00 1.988517862138255805e+04 0.000000000000000000e+00 3.137273418569374371e+03 3.816757211244853534e+04 0.000000000000000000e+00 1.328911502925474269e+04 0.000000000000000000e+00 8.496554441401864324e+02
2.275289586476768322e-01 6.057467748354508512e+04 0.000000000000000000e+00 2.083988366753405717e+04 0.000000000000000000e+00 1.645302923618552086e+03 3.720272095515077672e+04 0.000000000000000000e+00 1.312440348997397814e+04 0.000000000000000000e+00 5.400274376243686447e+02
2.325285406108919262e-01 5.843002433922107593e+04 0.000000000000000000e+00 2.017515216560857152e+04 0.000000000000000000e+00 1.871165553999236181e+03 3.660938075055027002e+04 0.000000000000000000e+00 1.215105306241245853e+04 0.000000000000000000e+00 7.017785458315901224e+02
2.375276552426477672e-01 5.688145403410089784e+04 0.000000000000000000e+00 1.932423357356301858e+04 0.000000000000000000e+00 1.929376410616980138e+03 3.571541768324837176e+04 0.000000000000000000e+00 1.170831007206890536e+04 0.000000000000000000e+00 9.177152399367199678e+02
2.424991024241769377e-01 5.482646281633548642e+04 0.000000000000000000e+00 1.766048304154778452e+04 0.000000000000000000e+00 1.551185589114176310e+03 3.543283453480323806e+04 0.000000000000000000e+00 1.156696193000523454e+04 0.000000000000000000e+00 3.627686255972177491e+02
2.474998551644826128e-01 5.354134255523535103e+04 0.000000000000000000e+00 1.553236452129362806e+04 0.000000000000000000e+00 2.070885814921549809e+03 3.455066743515850249e+04 0.000000000000000000e+00 1.061873941722702511e+04 0.000000000000000000e+00 1.080552929875120071e+03
2.525200307756395035e-01 5.221658051345499553e+04 0.000000000000000000e+00 1.574405542839468035e+04 0.000000000000000000e+00 1.731117228580266101e+03 3.416276449118465825e+04 0.000000000000000000e+00 1.060353504484998484e+04 0.000000000000000000e+00 3.407672749768017297e+02
2.575182250600202005e-01 5.107559555919827108e+04 0.000000000000000000e+00 1.420830900827062032e+04 0.000000000000000000e+00 4.415828328738543860e+02 3.381331775575590291e+04 0.000000000000000000e+00 1.040293224051859033e+04 0.000000000000000000e+00 7.161998658818270087e+02
2.625255687975799335e-01 5.008572739202373486e+04 0.000000000000000000e+00 1.461198836081474292e+04 0.000000000000000000e+00 6.667749757516973830e+01 3.321396976094026468e+04 0.000000000000000000e+00 9.313747247104467533e+03 0.000000000000000000e+00 2.039486078621555407e+02
2.675305520911575030e-01 4.902999339970450092e+04 0.000000000000000000e+00 1.468698239460929835e+04 0.000000000000000000e+00 1.421435108601096317e+03 3.283028469642782875e+04 0.000000000000000000e+00 9.296663453970533737e+03 0.000000000000000000e+00 -4.266512475663136001e+02
2.725404586615198799e-01 4.779297403078225034e+04 0.000000000000000000e+00 1.355610514624213101e+04 0.000000000000000000e+00 3.216086951922568005e+03 3.240299656211984984e+04 0.000000000000000000e+00 8.812808800973183679e+03 0.000000000000000000e+00 2.424432220870576771e+02
2.775333197047151201e-01 4.681153917336573068e+04 0.000000000000000000e+00 1.276807278930906978e+04 0.000000000000000000e+00 1.184302427171918225e+03 3.167095923695298188e+04 0.000000000000000000e+00 7.920624912761392807e+03 0.000000000000000000e+00 -6.451686096104634771e+02
2.825123907298719983e-01 4.583601190637930267e+04 0.000000000000000000e+00 1.225773625640708997e+04 0.000000000000000000e+00 1.679145309701723136e+03 3.148413304514296397e+04 0.000000000000000000e+00 8.147820119804854585e+03 0.000000000000000000e+00 3.250758475884641712e+02
2.875104651677040102e-01 4.452403141160697123e+04 0.000000000000000000e+00 1.089142999425397466e+04 0.000000000000000000e+00 -6.935348831641448442e+01 3.112076613675541012e+04 0.000000000000000000e+00 8.188926259337291413e+03 0.000000000000000000e+00 3.456137473664048798e+02
2.924971317655564174e-01 4.352383812088915147e+04 0.000000000000000000e+00 1.035935017165843965e+04 0.000000000000000000e+00 2.111117224797419851e+02 3.073766068270353207e+04 0.000000000000000000e+00 7.468618525240148301e+03 0.000000000000000000e+00 -3.678464899605821188e+02
2.975058823671092867e-01 4.254474025397389050e+04 0.000000000000000000e+00 9.775528283456176723e+03 0.000000000000000000e+00 1.310175739277151251e+03 3.032115797886510700e+04 0.000000000000000000e+00 7.417031524731373793e+03 0.000000000000000000e+00 9.273404337980640832e+01
3.025121359101998753e-01 4.161889481648004585e+04 0.000000000000000000e+00 9.708715057714754948e+03 0.000000000000000000e+00 2.455130776879512382e+02 2.988835138990964333e+04 0.000000000000000000e+00 6.949571743547619917e+03 0.000000000000000000e+00 -5.303968700012969748e+02
3.075010376196579687e-01 4.110085685321628262e+04 0.000000000000000000e+00 9.592504070648483321e+03 0.000000000000000000e+00 2.106006667711762930e+03 2.961576071484558997e+04 0.000000000000000000e+00 6.729638292313320562e+03 0.000000000000000000e+00 -1.688799707373151477e+02
3.125134169243361515e-01 3.997974084053891420e+04 0.000000000000000000e+00 8.613785481600643834e+03 0.000000000000000000e+00 -3.497531469937663360e+02 2.923433002211944404e+04 0.000000000000000000e+00 6.952461693142971853e+03 0.000000000000000000e+00 -9.571671023527046600e+02
3.175159688234982513e-01 3.965236313623011665e+04 0.000000000000000000e+00 7.861097660893398825e+03 0.000000000000000000e+00 -1.932008330795453332e+02 2.881480429507520239e+04 0.000000000000000000e+00 6.764174593038676903e+03 0.000000000000000000e+00 -5.197215863877945594e+02
3.225221380836135188e-01 3.876525550311497500e+04 0.000000000000000000e+00 7.269146460260525600e+03 0.000000000000000000e+00 1.310379554464791454e+02 2.868388899377005873e+04 0.000000000000000000e+00 5.955722559939588791e+03 0.000000000000000000e+00 -1.310135359637530712e+02
3.275181733526948968e-01 3.816091106997408497e+04 0.000000000000000000e+00 7.372490188818956085e+03 0.000000000000000000e+00 2.434838022954461394e+02 2.833875690485005543e+04 0.000000000000000000e+00 6.058698852276934304e+03 0.000000000000000000e+00 -1.000586597556460561e+03
3.325123842131759710e-01 3.722022797263759276e+04 0.000000000000000000e+00 6.663827997544855862e+03 0.000000000000000000e+00 1.491388384319097668e+03 2.805853776564043073e+04 0.000000000000000000e+00 5.666974923721501909e+03 0.000000000000000000e+00 1.679885782399459231e+02
3.374959366892091861e-01 3.688109476929545053e+04 0.000000000000000000e+00 6.542590757804015084e+03 0.000000000000000000e+00 -3.105440213011947321e+02 2.799792481519111607e+04 0.000000000000000000e+00 5.519574536663981235e+03 0.000000000000000000e+00 -7.304031811652595252e+02
3.424919221947719805e-01 3.638911060180516506e+04 0.000000000000000000e+00 6.108810640975422757e+03 0.000000000000000000e+00 7.246020218520031904e+02 2.756039943661502548e+04 0.000000000000000000e+00 5.040975156055971638e+03 0.000000000000000000e+00 -5.375118385852036909e+02
3.475179778446125245e-01 3.541280778906786145e+04 0.000000000000000000e+00 5.622526611559446792e+03 0.000000000000000000e+00 6.162073381906100167e+02 2.728619413859574342e+04 0.000000000000000000e+00 5.285608128859411408e+03 0.000000000000000000e+00 -1.696507661646028566e+02
3.525052850529177828e-01 3.483821146415455587e+04 0.000000000000000000e+00 5.895359540156474395e+03 0.000000000000000000e+00 5.941461919208047675e+02 2.692295756027462994e+04 0.000000000000000000e+00 4.574171355580392628e+03 0.000000000000000000e+00 -6.434785246686891469e+02
3.575133254796376558e-01 3.433018647822121420e+04 0.000000000000000000e+00 5.517098144415233946e+03 0.000000000000000000e+00 9.638785630523258305e+02 2.680809804477623402e+04 0.000000000000000000e+00 4.902574334526446364e+03 0.000000000000000000e+00 -1.972970085306313308e+02
3.625250227669692404e-01 3.390758741153440496e+04 0.000000000000000000e+00 5.873085619635597141e+03 0.000000000000000000e+00 9.074346634542989705e+02 2.669095088089142882e+04 0.000000000000000000e+00 4.775993976810720596e+03 0.000000000000000000e+00 -9.027119409727449693e+02
3.675230446100045678e-01 3.345539589849018375e+04 0.000000000000000000e+00 5.046354905262851389e+03 0.000000000000000000e+00 1.977620016184415022e+02 2.637103648783617245e+04 0.000000000000000000e+00 4.599177015214808307e+03 0.000000000000000000e+00 -4.020491510472483014e+02
3.725177060730277545e-01 3.294437051861170039e+04 0.000000000000000000e+00 4.699109611755960941e+03 0.000000000000000000e+00 1.827112327748870939e+02 2.623268111384298754e+04 0.000000000000000000e+00 4.732543198581965953e+03 0.000000000000000000e+00 -2.072004831608439588e+02
3.775163034622419089e-01 3.228118675226346386e+04 0.000000000000000000e+00 4.236816681721957139e+03 0.000000000000000000e+00 1.908989870432558007e+02 2.589000952965432589e+04 0.000000000000000000e+00 4.444369077581867714e+03 0.000000000000000000e+00 -2.644912391998400381e+02
3.825226892977953153e-01 3.194338940540540352e+04 0.000000000000000000e+00 4.200965189189189005e+03 0.000000000000000000e+00 2.291936216216216167e+02 2.565375827027027117e+04 0.000000000000000000e+00 4.496004324324324443e+03 0.000000000000000000e+00 5.334860135135134840e+01
3.875130067694269043e-01 3.150623561643835637e+04 0.000000000000000000e+00 4.173883667017913467e+03 0.000000000000000000e+00 8.589154373024236975e+02 2.543222760800843025e+04 0.000000000000000000e+00 4.445118651211801989e+03 0.000000000000000000e+00 -8.491727476290833465e+01
3.924957861003909865e-01 3.119993182505712684e+04 0.000000000000000000e+00 3.659234241946384373e+03 0.000000000000000000e+00 9.933124191420204170e+02 2.535594606249799108e+04 0.000000000000000000e+00 4.162677565732307812e+03 0.000000000000000000e+00 -4.839777298619380730e+01
3.975064703251052212e-01 3.095314223406232850e+04 0.000000000000000000e+00 4.082878830307911812e+03 0.000000000000000000e+00 1.555081246515085923e+03 2.519434126757945705e+04 0.000000000000000000e+00 3.761053714144105470e+03 0.000000000000000000e+00 -1.755793197447493981e+02
