3.798113400606732779e-03 0.000000000000000000e+00 7.632968757894736528e+07 -6.578947368421052266e-03 -6.444247578947368264e+07 -1.480263157894736760e-02 2.948690189473683834e+08 0.000000000000000000e+00 -1.846123520000000000e+08 0.000000000000000000e+00 6.748780463157893717e+07
8.299341265228576958e-03 2.441406250000000000e-04 7.141971200000000000e+07 -3.540039062500000000e-03 1.634234700000000000e+07 3.021240234375000000e-03 1.613162560000000000e+08 0.000000000000000000e+00 1.341094240000000000e+08 0.000000000000000000e+00 1.022157440000000000e+08
1.293222767532251419e-02 -1.579916401273885433e-03 3.570573859872611612e+07 6.338326035031847244e-03 -2.286124025477706920e+06 -5.929351612261146535e-03 1.362543531210191250e+08 0.000000000000000000e+00 9.002448387261146307e+07 0.000000000000000000e+00 5.687551673885350674e+07
1.764839556552980082e-02 -1.872859589041095786e-03 2.917780339726027101e+07 4.468107876712328411e-03 1.309890630136986263e+07 -5.090164811643834927e-03 1.041863118904109597e+08 0.000000000000000000e+00 9.891168789041095972e+07 0.000000000000000000e+00 6.968113095890410244e+07
2.256548662787912635e-02 -4.135160680529300476e-04 2.015124179962192848e+07 1.654064272211720190e-03 2.150860461247636937e+06 -2.835538752362949146e-03 7.378398124763704836e+07 0.000000000000000000e+00 5.442878233648393303e+07 0.000000000000000000e+00 -1.939624408317580447e+07
2.777643688250242340e-02 2.465224847560975631e-04 1.507283168780487776e+07 -1.589891387195122008e-04 4.563876214634146541e+06 4.128060689786585509e-04 6.358461065365853906e+07 0.000000000000000000e+00 6.144380628292682767e+07 0.000000000000000000e+00 2.187421346341463551e+07
3.269804980233311648e-02 6.093749999999999991e-04 9.229029376000000164e+06 -1.648437499999999946e-03 1.311672959999999963e+06 1.525390625000000054e-03 4.706584985599999875e+07 0.000000000000000000e+00 3.553667891200000048e+07 0.000000000000000000e+00 5.887074304000000469e+06
3.761648458559932462e-02 -2.011731920094403229e-04 7.033018432906270958e+06 1.430107626011463276e-03 1.877210022926500300e+06 -1.121474694980613548e-03 3.850402679973027855e+07 0.000000000000000000e+00 3.524011138503034413e+07 0.000000000000000000e+00 1.452941792582602799e+07
4.263843696389812976e-02 1.307896205357142818e-04 4.467383428571428172e+06 -8.152553013392856368e-04 5.540651428571428405e+05 7.378714425223213821e-04 2.926003885714285448e+07 0.000000000000000000e+00 2.028362742857142910e+07 0.000000000000000000e+00 2.582583714285714086e+06
4.756514582339458480e-02 -2.214620584387265564e-04 3.409347042302660178e+06 3.424144134321848950e-04 6.640518866114261327e+05 -3.266565361971216809e-04 2.370824462625381723e+07 0.000000000000000000e+00 1.940453830614915118e+07 0.000000000000000000e+00 4.232870349760139361e+06
5.262096060748640974e-02 1.549881495786516845e-04 2.356240539325842634e+06 -2.667716379915730483e-04 -1.599091011235955011e+04 3.338074416257022460e-04 2.064235289887640253e+07 0.000000000000000000e+00 1.548157123595505580e+07 0.000000000000000000e+00 3.741751370786516927e+06
5.756031740041873956e-02 9.487643100247525048e-05 2.051275881188118830e+06 -2.275221418626237747e-04 2.925311287128712866e+05 2.706546594600866369e-04 1.841860689108910784e+07 0.000000000000000000e+00 1.395506059405940585e+07 0.000000000000000000e+00 6.953373465346534504e+05
6.254738279606215923e-02 0.000000000000000000e+00 1.738622524405199802e+06 -5.365464802550894358e-04 5.550953426539121429e+05 4.713944076526857844e-04 1.617562943733136915e+07 0.000000000000000000e+00 1.195291364434633218e+07 0.000000000000000000e+00 1.721037829776796512e+06
6.757793472572401483e-02 4.161975505272407514e-05 1.324435233743409393e+06 1.396621677284709832e-04 6.310515992970122898e+04 -1.144006926900263530e-04 1.388057375043936633e+07 0.000000000000000000e+00 8.739657335676625371e+06 0.000000000000000000e+00 1.230586376098418143e+06
7.255917516659465827e-02 -1.104240282685512353e-04 1.061967889901431976e+06 3.981076808629347460e-04 8.333227301469221129e+04 -3.508868793007253453e-04 1.238647539668960497e+07 0.000000000000000000e+00 7.596425450623024255e+06 0.000000000000000000e+00 2.858926300911288708e+05
7.753384299139773339e-02 1.373137763642450763e-05 8.499907063943756511e+05 -3.563619434214931609e-05 1.261802959491128277e+05 7.609471773518581249e-05 1.100626533645798452e+07 0.000000000000000000e+00 6.388078816203549504e+06 0.000000000000000000e+00 1.701328690994308796e+06
8.251793356505521260e-02 3.275740037270642214e-05 6.567550825688074110e+05 -1.658868352207568857e-04 7.178916055045872054e+04 2.732233169975630828e-04 9.841483743119265884e+06 0.000000000000000000e+00 5.062551486238532700e+06 0.000000000000000000e+00 -3.219024220183486468e+05
8.752751931716111489e-02 -1.630873295160036341e-05 5.124912002073344775e+05 -1.171587105781067908e-04 3.980007982376571454e+04 4.688167534947195050e-06 8.624103849682519212e+06 0.000000000000000000e+00 4.257154803161851130e+06 0.000000000000000000e+00 1.187646001295840368e+06
9.254701955136974967e-02 4.406549111212397610e-05 4.719877775752050802e+05 -1.350896621467638991e-04 5.118341294439379999e+04 1.211244623119872371e-04 7.802839861440291628e+06 0.000000000000000000e+00 3.972827361896079965e+06 0.000000000000000000e+00 2.537301294439379999e+05
9.754963178921903511e-02 1.206263739139537310e-05 3.390178013189574121e+05 2.218298571129488053e-05 6.430580383125719527e+04 1.020468455589867117e-04 7.025521542552078143e+06 0.000000000000000000e+00 3.241035998743850272e+06 0.000000000000000000e+00 3.411726176070344518e+05
1.025319613041059119e-01 -3.371247654784239808e-05 2.757390649155722349e+05 -2.711655722326454201e-05 1.790262363977485802e+04 -1.533551242964352706e-04 6.342480402251407504e+06 0.000000000000000000e+00 2.656234674671669956e+06 0.000000000000000000e+00 3.140388983114446746e+05
1.075116003998943526e-01 1.480659889731219893e-05 2.396069579600275611e+05 2.759411612680909694e-05 4.767589248793935258e+04 -9.674766324948311323e-05 5.883336953824948519e+06 0.000000000000000000e+00 2.181994034458993934e+06 0.000000000000000000e+00 6.049593383873190760e+04
1.125102861506304813e-01 -1.147387338641107036e-05 1.926214881348071503e+05 2.506135502821365158e-05 3.491713503903532546e+04 -3.359127405890082829e-05 5.419294533199351281e+06 0.000000000000000000e+00 1.965882909484424628e+06 0.000000000000000000e+00 2.859640312282600207e+05
1.175500852175193622e-01 2.361195064713412053e-05 1.760349901863177365e+05 -2.361195064713412053e-05 3.871630436637747334e+04 4.930730870430948798e-06 5.096929342625515535e+06 0.000000000000000000e+00 1.819056698620395502e+06 0.000000000000000000e+00 9.371503342341061216e+04
1.225369446564099490e-01 3.361883482290632208e-05 1.303624113869579742e+05 -5.004034260178749074e-05 2.481915551142006007e+04 8.640687065541211812e-05 4.787179187818603590e+06 0.000000000000000000e+00 1.706159174842767417e+06 0.000000000000000000e+00 1.871753618007282421e+04
1.275260957852891452e-01 -3.931830584525830444e-05 1.044078040261945134e+05 7.839975442638855423e-05 1.941776958525345617e+04 -8.840697383579917132e-05 4.588844767402376980e+06 0.000000000000000000e+00 1.563394297356294002e+06 0.000000000000000000e+00 3.664287945670627960e+04
1.325302087090364789e-01 -1.315161887660625184e-06 9.065648661691263260e+04 -3.726292015038437668e-06 1.368574782559901178e+04 7.184071811346164288e-05 4.298219343022276647e+06 0.000000000000000000e+00 1.174316718478199793e+06 0.000000000000000000e+00 6.927498479322147614e+04
1.375062694904859717e-01 1.350894271383315748e-05 8.507381457233367837e+04 -4.331111404435058350e-06 2.417985554382259579e+04 -2.132041149683210169e-05 4.008890579936641734e+06 0.000000000000000000e+00 1.168522623864836292e+06 0.000000000000000000e+00 1.042938390707497310e+05
1.425134422753508989e-01 -2.174721635630639253e-05 6.964771434056440194e+04 1.031118016893837515e-04 3.661539028604338819e+04 -5.718018093684008350e-06 3.801082888846227434e+06 0.000000000000000000e+00 1.150978358994048787e+06 0.000000000000000000e+00 1.194858990209253243e+05
1.475259222195813014e-01 1.139004054854435284e-05 5.359072322201466886e+04 1.494942821996446258e-05 2.331816775251719810e+04 2.900900952207389772e-05 3.619599127431773581e+06 0.000000000000000000e+00 9.553899005877261516e+05 0.000000000000000000e+00 9.807003216547450575e+04
1.525299430011916868e-01 2.478972697201555408e-05 4.842501995265471487e+04 -7.221220633771558274e-05 2.538749814000676270e+04 8.539916455523968741e-05 3.367818951640175655e+06 0.000000000000000000e+00 8.962043151843083324e+05 0.000000000000000000e+00 2.070224687182955677e+05
1.574945685492469272e-01 1.216408177296072984e-05 4.305995163181946555e+04 -3.736110830266509819e-05 2.229606567719496888e+04 6.301231321025598864e-05 3.223991797791887075e+06 0.000000000000000000e+00 7.765625565576090012e+05 0.000000000000000000e+00 3.403089157601002807e+04
1.625189323163163113e-01 2.138458029197080476e-06 2.967257226277372683e+04 -4.412351733576642693e-05 1.454756905109489162e+04 2.084996578467153517e-06 3.071441807883211877e+06 0.000000000000000000e+00 6.140391334306569770e+05 0.000000000000000000e+00 1.963943054014598601e+05
1.675461007718098694e-01 5.978386603075170798e-06 2.700388154897494314e+04 9.801773384111617683e-06 2.285347152619589906e+04 2.450443346027904421e-06 2.908735854214122985e+06 0.000000000000000000e+00 7.089557722095671343e+05 0.000000000000000000e+00 6.858990888382687990e+04
1.725292014006662711e-01 -1.406723843821076600e-05 2.430449207238685631e+04 5.499742991231829862e-05 1.863926742921185360e+04 -6.479540634167847734e-05 2.807710315456373617e+06 0.000000000000000000e+00 5.519685727659293916e+05 0.000000000000000000e+00 1.221358726307808975e+05
1.775301965061671094e-01 -1.821657553397904925e-05 1.517471075214538178e+04 4.356958118729492758e-05 2.068895911155981958e+04 -2.524805815156092137e-05 2.681060216052498668e+06 0.000000000000000000e+00 5.001140272589601227e+05 0.000000000000000000e+00 1.029102150429076282e+05
1.825147654490652804e-01 -2.308044550799137364e-07 1.305838896274631406e+04 -1.119401607137581608e-05 1.662026435049780048e+04 4.428560481845844588e-05 2.567121200153623242e+06 0.000000000000000000e+00 4.580944424946084036e+05 0.000000000000000000e+00 1.259436655735767708e+05
1.875360723572403465e-01 -8.797245984636872394e-06 4.001355083798882788e+03 1.162736775488826775e-05 1.839989988826815534e+04 -3.861070345233938634e-05 2.484324454972066917e+06 0.000000000000000000e+00 3.806309255865921732e+05 0.000000000000000000e+00 1.335932281564245932e+05
1.925323683450522461e-01 3.033127610581556955e-06 4.906958980400556356e+03 -1.043291307432794266e-05 1.645087715540323552e+04 1.143306075626539597e-05 2.407191826068330090e+06 0.000000000000000000e+00 3.259425888400985277e+05 0.000000000000000000e+00 6.609807861197386046e+03
1.975198663583639380e-01 8.744229796382951375e-06 3.574027317566713009e+02 -2.507173232578727590e-05 1.580625653218666957e+04 4.708668940495763029e-05 2.310118098899709061e+06 0.000000000000000000e+00 2.894062808144681621e+05 0.000000000000000000e+00 1.550014178828885779e+05
2.025153694923672032e-01 -9.423550130271157655e-08 -1.557330985235935714e+03 1.078996489916047618e-05 1.923972749203898638e+04 -1.728043505138473587e-05 2.210526378847823944e+06 0.000000000000000000e+00 2.886323296342758113e+05 0.000000000000000000e+00 1.050451768792820658e+05
2.075088499274508613e-01 -9.660743319059287871e-06 -3.657587029700703170e+03 2.258646007465249858e-05 1.619811436030135883e+04 -3.550099541436717347e-05 2.139225927408459131e+06 0.000000000000000000e+00 2.403280093430122070e+05 0.000000000000000000e+00 2.679869600861022627e+04
2.125178062418619784e-01 -9.875997529019026698e-06 -3.381141560481759825e+03 4.045749796812271262e-05 1.457069087100715660e+04 -2.546904702568620449e-05 2.083260347006458556e+06 0.000000000000000000e+00 2.024247945540233923e+05 0.000000000000000000e+00 8.771192180136150273e+04
2.175004174234404231e-01 -2.774091774682266044e-07 -5.078092753135258135e+03 5.083266316755744621e-05 1.412797171955222620e+04 -1.015022200131775491e-04 2.016118874842185061e+06 0.000000000000000000e+00 2.080326329433549545e+05 0.000000000000000000e+00 6.166605504587155883e+04
2.225093171556767890e-01 -3.232058076082031654e-06 -4.951486692539548130e+03 -2.539474202635881832e-06 1.369261220228127968e+04 -8.984351913870884822e-06 1.957909464037351543e+06 0.000000000000000000e+00 1.774999836882646196e+05 0.000000000000000000e+00 1.260832755855873693e+05
2.275289586476768322e-01 4.073370293127200165e-06 -3.913693555793663108e+03 1.881598112467472745e-05 1.601664288994336493e+04 1.550403211340501986e-05 1.887913517220266396e+06 0.000000000000000000e+00 1.484018931578141928e+05 0.000000000000000000e+00 6.765048339200980263e+04
2.325285406108919262e-01 1.623666390773652771e-05 -5.588816036963600709e+03 -2.531427359794808469e-05 1.096256329470831224e+04 6.416058081922035165e-05 1.839908476961417589e+06 0.000000000000000000e+00 1.304437841122005484e+05 0.000000000000000000e+00 1.162555546904844232e+05
2.375276552426477672e-01 -1.371547613816136386e-05 -4.168543645631921208e+03 1.513165483828440844e-05 1.683781613640358773e+04 -2.888360830660045928e-05 1.779992002531200647e+06 0.000000000000000000e+00 1.000713314818069921e+05 0.000000000000000000e+00 6.286617964492880856e+04
2.424991024241769377e-01 7.897176194013473121e-06 -7.880267283439974562e+03 -2.695591456620465186e-06 1.008230412101362344e+04 -1.030218783764962180e-05 1.726683380412945524e+06 0.000000000000000000e+00 6.691540837033410207e+04 0.000000000000000000e+00 8.052892245876454399e+04
2.474998551644826128e-01 -4.753041946845981324e-06 -6.111903682356708487e+03 1.838676753121998032e-05 1.439456522574447627e+04 -1.491579610951008721e-05 1.702476496701889206e+06 0.000000000000000000e+00 4.984323688760807272e+04 0.000000000000000000e+00 1.154013079731027829e+05
2.525200307756395035e-01 2.476898391586761472e-06 -5.225050170120631265e+03 -1.114604276214042832e-05 9.912892298175071119e+03 6.637785628673059326e-06 1.646520291493968572e+06 0.000000000000000000e+00 5.171235236622332741e+04 0.000000000000000000e+00 7.889333250850603508e+04
2.575182250600202005e-01 4.758750279412860613e-06 -7.497217316146337907e+03 2.832693400268236137e-05 1.231364101035690328e+04 -3.338037753334326551e-06 1.613151598003129475e+06 0.000000000000000000e+00 -1.386067446539005914e+03 0.000000000000000000e+00 7.098807325832650531e+04
2.625255687975799335e-01 -1.449702490265019708e-05 -5.949834655103554724e+03 1.225613239127488986e-05 1.069194454270553979e+04 -3.162409497890754281e-06 1.577198837907228852e+06 0.000000000000000000e+00 2.033888195355736752e+04 0.000000000000000000e+00 1.028753607576881332e+05
2.675305520911575030e-01 6.904074784938070041e-06 -7.008095441929826848e+03 -1.984921500669695147e-05 1.161443713839908196e+04 2.330125239916598607e-05 1.534027420333880931e+06 0.000000000000000000e+00 8.688822965714363818e+03 0.000000000000000000e+00 6.124521362588199554e+04
2.725404586615198799e-01 -9.723271308245622866e-06 -9.168761622679430729e+03 -1.207338469217749898e-06 1.163470122176971381e+04 2.113326547789839510e-05 1.503869244618395111e+06 0.000000000000000000e+00 3.133413021632199616e+03 0.000000000000000000e+00 9.219601629026286537e+04
2.775333197047151201e-01 -3.515039370460361241e-06 -7.123166748520174224e+03 -1.627835557648564006e-05 7.701876495980562140e+03 1.301968689619574926e-05 1.469998466048026457e+06 0.000000000000000000e+00 -6.742527464005996990e+03 0.000000000000000000e+00 1.052470479489234131e+05
2.825123907298719983e-01 8.684308034335824994e-06 -6.755444451306119845e+03 -1.900898536404619494e-05 8.861474069042178598e+03 2.226560087692212677e-05 1.440334306626320118e+06 0.000000000000000000e+00 -1.854514716235410378e+04 0.000000000000000000e+00 6.126155094176495913e+04
2.875104651677040102e-01 4.144218136492051388e-06 -7.798922045585136402e+03 -2.209762576164767077e-05 9.582373491668262432e+03 3.106629247981409407e-05 1.402508822064738488e+06 0.000000000000000000e+00 -1.501057881631871169e+04 0.000000000000000000e+00 6.425696226776479307e+04
2.924971317655564174e-01 -4.063883526569489391e-07 -6.645704839958847515e+03 -2.257713070316383142e-07 9.293187067241558907e+03 -1.379462685963310053e-05 1.394920074628073256e+06 0.000000000000000000e+00 -4.243736582320914022e+04 0.000000000000000000e+00 2.078434049636454074e+04
2.975058823671092867e-01 -1.387532190746825285e-06 -6.083531480330343584e+03 -1.127369904981795557e-05 7.509658467276440206e+03 1.244442933576058903e-05 1.356460091288517928e+06 0.000000000000000000e+00 -3.541357392771512241e+04 0.000000000000000000e+00 7.852048663528994075e+04
3.025121359101998753e-01 -3.041730853278608655e-06 -5.875392157710432002e+03 7.654461929303477938e-06 9.517186113873156501e+03 -1.633281162712681318e-05 1.334015634775841841e+06 0.000000000000000000e+00 -5.552646197743288212e+04 0.000000000000000000e+00 3.383811785050365143e+04
3.075010376196579687e-01 -1.463925208692585212e-06 -3.756981595861420374e+03 -1.589491081168025512e-05 1.016596908606364741e+04 1.184814631730254354e-05 1.308142069164445857e+06 0.000000000000000000e+00 -3.265610216857396881e+04 0.000000000000000000e+00 6.330269329570988339e+04
3.125134169243361515e-01 1.335335813392318500e-06 -4.638653207319525791e+03 -1.299988688920168873e-05 9.731405911924392058e+03 1.454141426201488118e-05 1.289475984395737061e+06 0.000000000000000000e+00 -6.507212161673034279e+04 0.000000000000000000e+00 4.259203217373818916e+04
3.175159688234982513e-01 -5.420497023312473127e-07 -4.736236720338732994e+03 7.850126883761826329e-06 7.294157165171773158e+03 -1.659127794635576836e-06 1.265942818205931690e+06 0.000000000000000000e+00 -6.046636453124539548e+04 0.000000000000000000e+00 5.761338711673919897e+04
3.225221380836135188e-01 2.359826316783084930e-06 -5.687903039456296028e+03 2.585669069756466069e-06 8.424688389654522325e+03 1.674232245256749207e-06 1.251917926071361173e+06 0.000000000000000000e+00 -5.754299565791957866e+04 0.000000000000000000e+00 4.941867109684727620e+04
3.275181733526948968e-01 1.041281007034431631e-05 -3.844754979637171346e+03 -3.420318863383932021e-05 7.693837837837837469e+03 3.738488059977785721e-05 1.217364031691965880e+06 0.000000000000000000e+00 -5.593174912995187333e+04 0.000000000000000000e+00 4.147761095890410797e+04
3.325123842131759710e-01 1.276983796934627479e-06 -3.554412161861640470e+03 9.103938906037343652e-06 7.633812537249704292e+03 -3.657212098703933034e-06 1.209320854176859371e+06 0.000000000000000000e+00 -7.339345131074481469e+04 0.000000000000000000e+00 6.374185256678261067e+04
3.374959366892091861e-01 5.476335183976807524e-06 -3.644432330168518092e+03 -8.490350975392390334e-06 6.573240934730056324e+03 1.287157949943396801e-05 1.191847100024524378e+06 0.000000000000000000e+00 -7.432812864800477109e+04 0.000000000000000000e+00 4.312155554777003272e+04
3.424919221947719805e-01 1.079200489211511065e-05 -3.118315712273625195e+03 -3.909049735809116055e-05 7.000329163506655277e+03 5.201689386631274612e-05 1.171126719682637602e+06 0.000000000000000000e+00 -5.990019378443024470e+04 0.000000000000000000e+00 3.553414369650551816e+04
3.475179778446125245e-01 1.156610926422060294e-07 -3.408494788773809887e+03 -9.765385701187636683e-06 5.773925180514261228e+03 -1.595375269673808246e-05 1.161824705720913364e+06 0.000000000000000000e+00 -7.084233541346750280e+04 0.000000000000000000e+00 4.780553049955892493e+04
3.525052850529177828e-01 -2.681921603065623680e-06 -1.675533769758901599e+03 8.918948586939166542e-06 7.357478013731438296e+03 -1.163205532492415796e-05 1.142740182021395536e+06 0.000000000000000000e+00 -6.400399348555005417e+04 0.000000000000000000e+00 3.061767766246207975e+04
3.575133254796376558e-01 5.628645446114462623e-06 -1.644476887584214182e+03 -9.221397858527949693e-06 6.725200603965632581e+03 2.125711844011312985e-06 1.125119848916617455e+06 0.000000000000000000e+00 -7.041281461780778773e+04 0.000000000000000000e+00 4.628095267147488630e+04
3.625250227669692404e-01 1.970476961301008603e-06 -2.666683692215027804e+03 -8.573045286854389502e-06 5.182929317873813488e+03 8.562016497891882872e-06 1.113059412498117657e+06 0.000000000000000000e+00 -6.395551127842192363e+04 0.000000000000000000e+00 3.815913025146815198e+04
3.675230446100045678e-01 -4.414034876684965256e-07 -1.513044725849135148e+03 -6.984142280690243577e-06 4.890111555818005399e+03 1.471404287320750364e-05 1.097240907785286894e+06 0.000000000000000000e+00 -7.258986389052920276e+04 0.000000000000000000e+00 4.381342513250078628e+04
3.725177060730277545e-01 -9.900894178126252160e-06 -1.914920349934244541e+03 2.817933381786408699e-05 5.763262850934873313e+03 -2.276603650307872258e-05 1.089283644805306336e+06 0.000000000000000000e+00 -7.603462748013036617e+04 0.000000000000000000e+00 4.799420710160672752e+04
3.775163034622419089e-01 -4.363592169409947746e-06 -2.188150736789844359e+03 1.441062846070569030e-06 5.989837499396639032e+03 -1.662272726880934456e-05 1.074580986312327208e+06 0.000000000000000000e+00 -8.078199940698243154e+04 0.000000000000000000e+00 4.679656910378496832e+04
3.825226892977953153e-01 3.939241976351351096e-06 -1.384431027027027085e+03 -9.584169130067567930e-06 5.265264864864864649e+03 -1.841777079814189097e-06 1.065627094486486400e+06 0.000000000000000000e+00 -7.147757318918919191e+04 0.000000000000000000e+00 6.690836756756756222e+04
3.875130067694269043e-01 -9.261393572181243812e-07 -6.156385142255005576e+02 -4.588891884549526187e-06 4.123868071654373125e+03 6.165419036897392760e-06 1.051218114225500496e+06 0.000000000000000000e+00 -7.428179894625922316e+04 0.000000000000000000e+00 5.986768387776607415e+04
3.924957861003909865e-01 -5.451188028996235032e-06 -7.212635535674057792e+02 1.646906201726579488e-05 3.665872957229749318e+03 -3.205460415292215496e-06 1.043004712361213984e+06 0.000000000000000000e+00 -8.548440845750330482e+04 0.000000000000000000e+00 6.327033450262285623e+04
3.975064703251052212e-01 -6.594716095657023112e-07 -1.153795279102905624e+03 -1.164663163682547553e-06 2.319223046899201108e+03 -2.290756313502880892e-06 1.038324352245833608e+06 0.000000000000000000e+00 -7.807874704169506731e+04 0.000000000000000000e+00 7.228572128120934940e+04
