3.798113400606732779e-03 6.957373684210525826e+05 0.000000000000000000e+00 -1.081328000000000000e+06 0.000000000000000000e+00 -4.912038947368420777e+05 9.611159578947368264e+07 0.000000000000000000e+00 2.453538492631578743e+08 0.000000000000000000e+00 7.124272505263157189e+07
8.299341265228576958e-03 7.250105625000000000e+05 0.000000000000000000e+00 5.124637187500000000e+05 0.000000000000000000e+00 3.122511250000000000e+05 3.097025600000000000e+07 0.000000000000000000e+00 6.624643200000000000e+07 0.000000000000000000e+00 1.777589200000000000e+07
1.293222767532251419e-02 8.143308025477707852e+05 0.000000000000000000e+00 3.486966878980891779e+05 0.000000000000000000e+00 1.361019108280254841e+03 1.227005798726114631e+07 0.000000000000000000e+00 2.224555373248407617e+07 0.000000000000000000e+00 -7.779705477707006503e+05
1.764839556552980082e-02 9.863479452054793946e+05 0.000000000000000000e+00 4.479383287671232829e+05 0.000000000000000000e+00 5.509424657534245853e+03 7.539819835616437718e+06 0.000000000000000000e+00 1.476682345205479302e+07 0.000000000000000000e+00 -5.462029589041095460e+05
2.256548662787912635e-02 9.072794253308129264e+05 0.000000000000000000e+00 7.294665557655955199e+05 0.000000000000000000e+00 -3.353512287334593566e+04 4.212396763705103658e+06 0.000000000000000000e+00 7.633202812854442745e+06 0.000000000000000000e+00 -1.337332143667296739e+06
2.777643688250242340e-02 7.029808390243902104e+05 0.000000000000000000e+00 5.710359414634145796e+05 0.000000000000000000e+00 2.139528780487804761e+04 2.429872546341463458e+06 0.000000000000000000e+00 4.797838673170731403e+06 0.000000000000000000e+00 -5.035870243902438961e+04
3.269804980233311648e-02 6.548088320000000531e+05 0.000000000000000000e+00 5.004816319999999832e+05 0.000000000000000000e+00 -9.980073600000000442e+04 1.650055424000000115e+06 0.000000000000000000e+00 3.043710464000000153e+06 0.000000000000000000e+00 -4.564592320000000182e+05
3.761648458559932462e-02 5.473122481456507230e+05 0.000000000000000000e+00 4.095894268374915700e+05 0.000000000000000000e+00 -5.174008091706001323e+03 1.048704690492245369e+06 0.000000000000000000e+00 2.031784652730950853e+06 0.000000000000000000e+00 6.566278624409979966e+04
4.263843696389812976e-02 4.456028928571428405e+05 0.000000000000000000e+00 3.215437857142856810e+05 0.000000000000000000e+00 -4.434127232142857247e+04 7.038937142857142026e+05 0.000000000000000000e+00 1.223718428571428405e+06 0.000000000000000000e+00 -2.679070357142856810e+05
4.756514582339458480e-02 4.145843244657653850e+05 0.000000000000000000e+00 3.217393318796336534e+05 0.000000000000000000e+00 -1.173869385085041444e+02 5.282863672045355197e+05 0.000000000000000000e+00 9.038959197557785083e+05 0.000000000000000000e+00 -1.122760540776275593e+05
5.262096060748640974e-02 3.762700000000000000e+05 0.000000000000000000e+00 2.507913932584269496e+05 0.000000000000000000e+00 3.203158426966291881e+04 3.943422022471909877e+05 0.000000000000000000e+00 6.940648988764045062e+05 0.000000000000000000e+00 2.069210955056179591e+04
5.756031740041873956e-02 3.463475643564356724e+05 0.000000000000000000e+00 2.615085346534653509e+05 0.000000000000000000e+00 1.827756930693069444e+04 3.246997425742574269e+05 0.000000000000000000e+00 5.646384158415842103e+05 0.000000000000000000e+00 2.469610148514851608e+04
6.254738279606215923e-02 3.143982339955849457e+05 0.000000000000000000e+00 2.052096659308314847e+05 0.000000000000000000e+00 3.185026048565121164e+04 2.538515810645082092e+05 0.000000000000000000e+00 4.077820672062790836e+05 0.000000000000000000e+00 1.989970272259013655e+04
6.757793472572401483e-02 2.975239086115992977e+05 0.000000000000000000e+00 2.020589947275922459e+05 0.000000000000000000e+00 4.483785940246045357e+04 2.129281546572934894e+05 0.000000000000000000e+00 3.261556695957820630e+05 0.000000000000000000e+00 -1.759496265377855707e+03
7.255917516659465827e-02 2.776524247721778229e+05 0.000000000000000000e+00 1.870078571694253478e+05 0.000000000000000000e+00 1.380202045750418438e+04 1.791644827970987535e+05 0.000000000000000000e+00 2.612234569462525542e+05 0.000000000000000000e+00 -1.844808926910916853e+04
7.753384299139773339e-02 2.482164258453297662e+05 0.000000000000000000e+00 1.410409266822899226e+05 0.000000000000000000e+00 5.192482758620690220e+03 1.511143167057248065e+05 0.000000000000000000e+00 2.096679852695011941e+05 0.000000000000000000e+00 1.456584934717107535e+04
8.251793356505521260e-02 2.259311559633027646e+05 0.000000000000000000e+00 1.364882293577981764e+05 0.000000000000000000e+00 -1.036273279816513786e+04 1.320031284403669706e+05 0.000000000000000000e+00 1.719518715596330294e+05 0.000000000000000000e+00 8.049783830275229775e+03
8.752751931716111489e-02 2.010592883244784316e+05 0.000000000000000000e+00 1.132182060386160447e+05 0.000000000000000000e+00 1.154877491253077642e+04 1.158671774005442567e+05 0.000000000000000000e+00 1.421754733704807586e+05 0.000000000000000000e+00 7.480800829337826144e+03
9.254701955136974967e-02 1.800211340018231422e+05 0.000000000000000000e+00 9.989372470373746182e+04 0.000000000000000000e+00 -4.810608933454876933e+03 9.984246490428441030e+04 0.000000000000000000e+00 1.151922552415679093e+05 0.000000000000000000e+00 2.328913172288058377e+03
9.754963178921903511e-02 1.654720033497330733e+05 0.000000000000000000e+00 8.663340940018842230e+04 0.000000000000000000e+00 -1.279650266931853821e+03 8.800915147074217384e+04 0.000000000000000000e+00 9.905102397152726189e+04 0.000000000000000000e+00 3.055210091070867747e+03
1.025319613041059119e-01 1.501334213883677439e+05 0.000000000000000000e+00 7.792575759849906899e+04 0.000000000000000000e+00 8.653070168855534575e+03 8.202275422138837166e+04 0.000000000000000000e+00 8.431041200750469579e+04 0.000000000000000000e+00 7.501828893058161157e+03
1.075116003998943526e-01 1.392654445210199920e+05 0.000000000000000000e+00 7.044377670572018542e+04 0.000000000000000000e+00 9.519093728463129082e+03 7.496909717436251231e+04 0.000000000000000000e+00 7.325713025499654759e+04 0.000000000000000000e+00 5.355614231564438796e+02
1.125102861506304813e-01 1.332348705263971642e+05 0.000000000000000000e+00 6.726147700394218555e+04 0.000000000000000000e+00 1.412217113704877556e+04 6.986382870835588255e+04 0.000000000000000000e+00 6.319030625338177924e+04 0.000000000000000000e+00 3.672245806601221375e+03
1.175500852175193622e-01 1.246644084767458407e+05 0.000000000000000000e+00 6.435899075522685598e+04 0.000000000000000000e+00 7.852963163134689239e+03 6.457897653249893483e+04 0.000000000000000000e+00 5.286247077229413117e+04 0.000000000000000000e+00 2.771793770445171504e+03
1.225369446564099490e-01 1.185468292618338310e+05 0.000000000000000000e+00 6.124104283349884645e+04 0.000000000000000000e+00 -2.673378351539225605e+03 6.046009877523998875e+04 0.000000000000000000e+00 4.466908070175439207e+04 0.000000000000000000e+00 2.389479311486263100e+02
1.275260957852891452e-01 1.130360999272374465e+05 0.000000000000000000e+00 5.198651079311181093e+04 0.000000000000000000e+00 6.498841135095804020e+03 5.705520058210041316e+04 0.000000000000000000e+00 4.204381663837011729e+04 0.000000000000000000e+00 2.738769100169778994e+03
1.325302087090364789e-01 1.064125101846136531e+05 0.000000000000000000e+00 4.664367835699455463e+04 0.000000000000000000e+00 1.740728073621008889e+02 5.416290802985242044e+04 0.000000000000000000e+00 3.790784175972167577e+04 0.000000000000000000e+00 7.384855507547275693e+02
1.375062694904859717e-01 1.008001486800422426e+05 0.000000000000000000e+00 4.865299936642027023e+04 0.000000000000000000e+00 7.152146990496304170e+03 5.109019640971488843e+04 0.000000000000000000e+00 3.327094065469905036e+04 0.000000000000000000e+00 3.514474973600844805e+03
1.425134422753508989e-01 9.558385870608562254e+04 0.000000000000000000e+00 4.636133154156267847e+04 0.000000000000000000e+00 -2.367159531579957729e+03 4.858297561912074889e+04 0.000000000000000000e+00 3.058602265310040093e+04 0.000000000000000000e+00 2.600837780764062245e+03
1.475259222195813014e-01 9.055758276003462379e+04 0.000000000000000000e+00 4.179579352134493820e+04 0.000000000000000000e+00 6.013320333500387278e+03 4.608023909973119589e+04 0.000000000000000000e+00 2.630948471456558400e+04 0.000000000000000000e+00 -2.322550913481252053e+02
1.525299430011916868e-01 8.666323977003719483e+04 0.000000000000000000e+00 3.854175989178221062e+04 0.000000000000000000e+00 6.990151504903617933e+03 4.506044504565437819e+04 0.000000000000000000e+00 2.647038214406492989e+04 0.000000000000000000e+00 4.461809604328711430e+03
1.574945685492469272e-01 8.036544214825898234e+04 0.000000000000000000e+00 3.621907453391029412e+04 0.000000000000000000e+00 1.603389978565940055e+03 4.228534638249686395e+04 0.000000000000000000e+00 1.977251102034213545e+04 0.000000000000000000e+00 -1.740210296437092893e+03
1.625189323163163113e-01 7.746665576642336964e+04 0.000000000000000000e+00 3.303390131386861322e+04 0.000000000000000000e+00 6.072552408759124773e+03 4.162705751824817708e+04 0.000000000000000000e+00 2.125059270072992877e+04 0.000000000000000000e+00 3.410325547445255779e+03
1.675461007718098694e-01 7.268840091116173426e+04 0.000000000000000000e+00 3.112629384965831196e+04 0.000000000000000000e+00 1.017278046697038690e+03 3.929436902050113713e+04 0.000000000000000000e+00 1.739328359908883795e+04 0.000000000000000000e+00 -1.804228787015945272e+03
1.725292014006662711e-01 6.969488822230280493e+04 0.000000000000000000e+00 2.890622645614266730e+04 0.000000000000000000e+00 4.438723407060685531e+03 3.840004219270198519e+04 0.000000000000000000e+00 1.651163608794541506e+04 0.000000000000000000e+00 9.038174506378350088e+02
1.775301965061671094e-01 6.726628571428571013e+04 0.000000000000000000e+00 2.359254316002019186e+04 0.000000000000000000e+00 2.230228419989904069e+03 3.760076728924785129e+04 0.000000000000000000e+00 1.587525795053003458e+04 0.000000000000000000e+00 5.577494321049974815e+02
1.825147654490652804e-01 6.346761771396495897e+04 0.000000000000000000e+00 2.244095931932996609e+04 0.000000000000000000e+00 1.444334426423232571e+03 3.631509633962598309e+04 0.000000000000000000e+00 1.375416798132884287e+04 0.000000000000000000e+00 -7.897580430736505832e+02
1.875360723572403465e-01 6.200872759776536259e+04 0.000000000000000000e+00 2.244288893854748676e+04 0.000000000000000000e+00 2.371503016759776528e+03 3.517264089385474654e+04 0.000000000000000000e+00 1.292550614525139645e+04 0.000000000000000000e+00 1.341435865921787808e+03
1.925323683450522461e-01 6.004816279318838497e+04 0.000000000000000000e+00 2.282419963585734149e+04 0.000000000000000000e+00 1.275081396594194985e+03 3.467043889900395880e+04 0.000000000000000000e+00 1.247935482489022070e+04 0.000000000000000000e+00 9.827869765449287343e+02
1.975198663583639380e-01 5.688841907170860941e+04 0.000000000000000000e+00 1.852510798027064448e+04 0.000000000000000000e+00 3.675594384722397535e+03 3.387644729986088350e+04 0.000000000000000000e+00 1.110574589604148241e+04 0.000000000000000000e+00 7.241749336031364237e+02
2.025153694923672032e-01 5.512576975779214990e+04 0.000000000000000000e+00 1.908481945382611229e+04 0.000000000000000000e+00 4.040808260156325559e+03 3.285078683778828417e+04 0.000000000000000000e+00 1.094728862298562308e+04 0.000000000000000000e+00 9.389220303001062575e+02
2.075088499274508613e-01 5.324683340584854159e+04 0.000000000000000000e+00 1.545073054111612328e+04 0.000000000000000000e+00 2.876719182944422641e+02 3.230260514323662210e+04 0.000000000000000000e+00 9.969254894776615401e+03 0.000000000000000000e+00 -6.112823169754287989e+01
2.125178062418619784e-01 5.161625693838366715e+04 0.000000000000000000e+00 1.638913178565194539e+04 0.000000000000000000e+00 3.136711817071042333e+03 3.150687659277360945e+04 0.000000000000000000e+00 9.659671844999127643e+03 0.000000000000000000e+00 8.922791935765404787e+02
2.175004174234404231e-01 4.952015756249474362e+04 0.000000000000000000e+00 1.435693426479252594e+04 0.000000000000000000e+00 1.786481609292147141e+03 3.069526942176584635e+04 0.000000000000000000e+00 8.829862806161097978e+03 0.000000000000000000e+00 -3.362844457537244693e+02
2.225093171556767890e-01 4.799541317152932606e+04 0.000000000000000000e+00 1.395128007722464099e+04 0.000000000000000000e+00 1.290191682590965456e+03 3.007062461338429057e+04 0.000000000000000000e+00 7.887822540927089904e+03 0.000000000000000000e+00 -2.992604755619471462e+02
2.275289586476768322e-01 4.577530200520435028e+04 0.000000000000000000e+00 1.273389989285167758e+04 0.000000000000000000e+00 2.278542170518904186e+03 2.949200428593295874e+04 0.000000000000000000e+00 7.680897596816164878e+03 0.000000000000000000e+00 1.726780384203275887e+01
2.325285406108919262e-01 4.504288170556455589e+04 0.000000000000000000e+00 1.206779473559747566e+04 0.000000000000000000e+00 2.691323522456478713e+03 2.892439328397577265e+04 0.000000000000000000e+00 7.199566914667200763e+03 0.000000000000000000e+00 5.611745402288396463e+02
2.375276552426477672e-01 4.373090188082263921e+04 0.000000000000000000e+00 1.025418597293021594e+04 0.000000000000000000e+00 1.548915732114607181e+03 2.846636301634733900e+04 0.000000000000000000e+00 6.411532149762700101e+03 0.000000000000000000e+00 2.644227456494990491e+01
2.424991024241769377e-01 4.247401873955396877e+04 0.000000000000000000e+00 9.845786234024952137e+03 0.000000000000000000e+00 1.636584876673475947e+03 2.801775712862762521e+04 0.000000000000000000e+00 6.237705603295460605e+03 0.000000000000000000e+00 -9.587132172944136244e+01
2.474998551644826128e-01 4.083408619916746829e+04 0.000000000000000000e+00 8.918619276336856274e+03 0.000000000000000000e+00 2.023154787063720732e+03 2.754651604226705240e+04 0.000000000000000000e+00 5.944221837976304414e+03 0.000000000000000000e+00 -1.710031920429074592e+00
2.525200307756395035e-01 3.990501156820291362e+04 0.000000000000000000e+00 8.364253634395299741e+03 0.000000000000000000e+00 1.488303990102072476e+03 2.701958651407361685e+04 0.000000000000000000e+00 5.535792143519950514e+03 0.000000000000000000e+00 -7.418717599752552587e+02
2.575182250600202005e-01 3.876200891140749445e+04 0.000000000000000000e+00 7.678283287385440417e+03 0.000000000000000000e+00 1.857013218091051385e+03 2.661812121302436572e+04 0.000000000000000000e+00 5.458498532151106701e+03 0.000000000000000000e+00 -6.889787646226063771e+02
2.625255687975799335e-01 3.767613213898556569e+04 0.000000000000000000e+00 8.382122211445199355e+03 0.000000000000000000e+00 1.105968733953329092e+03 2.621877012609117446e+04 0.000000000000000000e+00 4.681697951731614012e+03 0.000000000000000000e+00 -2.183063559080276264e+02
2.675305520911575030e-01 3.636754642990292632e+04 0.000000000000000000e+00 6.663914168542272819e+03 0.000000000000000000e+00 7.748419933444719163e+02 2.585844614131260096e+04 0.000000000000000000e+00 4.992253186230513165e+03 0.000000000000000000e+00 -7.431482581019316740e+02
2.725404586615198799e-01 3.566704056698577187e+04 0.000000000000000000e+00 5.385121277833606655e+03 0.000000000000000000e+00 6.861893478605807104e+02 2.532704627915586752e+04 0.000000000000000000e+00 4.440532712751890358e+03 0.000000000000000000e+00 -8.128338049399692977e+01
2.775333197047151201e-01 3.473252058831131581e+04 0.000000000000000000e+00 5.211627264972729790e+03 0.000000000000000000e+00 9.145497970894615491e+02 2.504606839506810866e+04 0.000000000000000000e+00 4.211851629746426624e+03 0.000000000000000000e+00 -7.576695013828934862e+02
2.825123907298719983e-01 3.369946184153646755e+04 0.000000000000000000e+00 5.370286914098684974e+03 0.000000000000000000e+00 6.963883159389860111e+02 2.475115281911937200e+04 0.000000000000000000e+00 4.193835459766565691e+03 0.000000000000000000e+00 -5.200804792194157926e+02
2.875104651677040102e-01 3.297791227734150743e+04 0.000000000000000000e+00 5.372054395709634264e+03 0.000000000000000000e+00 7.980694311434590418e+02 2.425274545106301230e+04 0.000000000000000000e+00 4.240166251675924286e+03 0.000000000000000000e+00 -1.637211741045776705e+02
2.924971317655564174e-01 3.220741832641690416e+04 0.000000000000000000e+00 4.009120715763677708e+03 0.000000000000000000e+00 4.388285149522014876e+02 2.408180568495763146e+04 0.000000000000000000e+00 3.885191506086071968e+03 0.000000000000000000e+00 -1.082783247985758635e+03
2.975058823671092867e-01 3.166632306189503652e+04 0.000000000000000000e+00 4.351641594885000814e+03 0.000000000000000000e+00 1.549409466299618089e+03 2.372542687150341953e+04 0.000000000000000000e+00 3.688347038451292065e+03 0.000000000000000000e+00 6.764142838113843936e+01
3.025121359101998753e-01 3.097266041243353175e+04 0.000000000000000000e+00 3.017842030175954278e+03 0.000000000000000000e+00 4.760187194673814588e+02 2.351079054083264782e+04 0.000000000000000000e+00 3.185768362803164564e+03 0.000000000000000000e+00 -9.756700531753923542e+02
3.075010376196579687e-01 3.006336006688613998e+04 0.000000000000000000e+00 3.657432951873334787e+03 0.000000000000000000e+00 1.173617014161049383e+03 2.333201149605476530e+04 0.000000000000000000e+00 3.197396122694257429e+03 0.000000000000000000e+00 -5.041841040915504095e+02
3.125134169243361515e-01 2.938433171124070213e+04 0.000000000000000000e+00 3.075413311884174618e+03 0.000000000000000000e+00 1.339759099135330871e+02 2.296622433138950510e+04 0.000000000000000000e+00 3.024307259199678356e+03 0.000000000000000000e+00 -9.383588176151216658e+02
3.175159688234982513e-01 2.906159955202326455e+04 0.000000000000000000e+00 2.748209330883869825e+03 0.000000000000000000e+00 4.588471279386193373e+02 2.276046251633248539e+04 0.000000000000000000e+00 3.329755440068375265e+03 0.000000000000000000e+00 -5.276747846076765427e+02
3.225221380836135188e-01 2.820288012082310888e+04 0.000000000000000000e+00 2.650695865584293188e+03 0.000000000000000000e+00 -1.077269964130640005e+02 2.245134015480460948e+04 0.000000000000000000e+00 2.685398678497262608e+03 0.000000000000000000e+00 -6.954306211062865941e+02
3.275181733526948968e-01 2.798363154387264149e+04 0.000000000000000000e+00 1.955515734912995185e+03 0.000000000000000000e+00 -7.260217697149204241e+02 2.217936231025545931e+04 0.000000000000000000e+00 2.642370677526841973e+03 0.000000000000000000e+00 -1.112209552017771102e+03
3.325123842131759710e-01 2.722426565377122824e+04 0.000000000000000000e+00 1.899415355328820397e+03 0.000000000000000000e+00 9.501492478895540899e+02 2.193630130674186512e+04 0.000000000000000000e+00 2.315692608769136314e+03 0.000000000000000000e+00 -7.478548618091570006e+02
3.374959366892091861e-01 2.694977150264513330e+04 0.000000000000000000e+00 2.144034754580808112e+03 0.000000000000000000e+00 4.572348036296114628e+02 2.173066040710507150e+04 0.000000000000000000e+00 2.698867533195529631e+03 0.000000000000000000e+00 -4.217296009529482035e+02
3.424919221947719805e-01 2.641137677620448812e+04 0.000000000000000000e+00 1.997649517872471733e+03 0.000000000000000000e+00 7.505800031669569989e+02 2.150306124728100258e+04 0.000000000000000000e+00 2.282878330513630317e+03 0.000000000000000000e+00 -7.919142588070573083e+02
3.475179778446125245e-01 2.582570523082954605e+04 0.000000000000000000e+00 1.607099944457150286e+03 0.000000000000000000e+00 8.166534452902930070e+02 2.127183977521481938e+04 0.000000000000000000e+00 2.120474531969810869e+03 0.000000000000000000e+00 -1.104144019341980538e+03
3.525052850529177828e-01 2.548404381286923308e+04 0.000000000000000000e+00 1.500964394060354380e+03 0.000000000000000000e+00 -4.796995688966948705e+02 2.110521551971898589e+04 0.000000000000000000e+00 2.082306370748842255e+03 0.000000000000000000e+00 -9.137855979562509674e+02
3.575133254796376558e-01 2.498601086831556677e+04 0.000000000000000000e+00 1.036596331751883554e+03 0.000000000000000000e+00 2.635382268856681094e+02 2.082633412789048816e+04 0.000000000000000000e+00 1.733826275570816506e+03 0.000000000000000000e+00 -5.446332135110484387e+02
3.625250227669692404e-01 2.470919632585454019e+04 0.000000000000000000e+00 9.216111429001655324e+02 0.000000000000000000e+00 7.233876825779249202e+02 2.075359734979671703e+04 0.000000000000000000e+00 2.029146694774883144e+03 0.000000000000000000e+00 -1.175435747628369199e+03
3.675230446100045678e-01 2.412740044762300386e+04 0.000000000000000000e+00 1.185941779848216356e+03 0.000000000000000000e+00 1.081695208100955767e+02 2.057167505777544648e+04 0.000000000000000000e+00 1.900228302313204949e+03 0.000000000000000000e+00 -6.276355736354423698e+02
3.725177060730277545e-01 2.407684464520555775e+04 0.000000000000000000e+00 6.306959803304935122e+02 0.000000000000000000e+00 6.595343930470581881e+02 2.032883938475613468e+04 0.000000000000000000e+00 1.500542169363600124e+03 0.000000000000000000e+00 -7.908724912802333620e+02
3.775163034622419089e-01 2.368616164555478099e+04 0.000000000000000000e+00 6.756561877245364940e+02 0.000000000000000000e+00 6.873685328331758910e+02 2.021666886864661137e+04 0.000000000000000000e+00 1.814495279993931945e+03 0.000000000000000000e+00 -3.175243033767523571e+02
3.825226892977953153e-01 2.313054789189189250e+04 0.000000000000000000e+00 5.681841621621621243e+02 0.000000000000000000e+00 1.161776648648648688e+03 2.003636237837837689e+04 0.000000000000000000e+00 1.648335567567567523e+03 0.000000000000000000e+00 -2.780959729729729588e+02
3.875130067694269043e-01 2.283747945205479482e+04 0.000000000000000000e+00 4.521828767123287776e+02 0.000000000000000000e+00 7.422926765015806723e+02 1.976363667017913758e+04 0.000000000000000000e+00 1.498716122233930491e+03 0.000000000000000000e+00 -5.270397787144362383e+02
3.924957861003909865e-01 2.273329761529302050e+04 0.000000000000000000e+00 1.141372654716313306e+01 0.000000000000000000e+00 1.395909966852251273e+03 1.970125019148457068e+04 0.000000000000000000e+00 1.194664332378592462e+03 0.000000000000000000e+00 1.393626878640620532e+02
3.975064703251052212e-01 2.225839509324081519e+04 0.000000000000000000e+00 2.926731429279474810e+02 0.000000000000000000e+00 1.091482113871507408e+03 1.953034007806207956e+04 0.000000000000000000e+00 1.496613097081965179e+03 0.000000000000000000e+00 -1.371773991698159989e+02
