3.798113400606732779e-03 4.783634736842105049e+05 0.000000000000000000e+00 1.863616842105263146e+06 0.000000000000000000e+00 4.254306526315789670e+06 1.649026290526315570e+08 0.000000000000000000e+00 6.972769010526314974e+08 0.000000000000000000e+00 1.054914991157894731e+09
8.299341265228576958e-03 4.969319687500000000e+05 0.000000000000000000e+00 1.740233281250000000e+05 0.000000000000000000e+00 -5.114663125000000000e+05 2.783844000000000000e+07 0.000000000000000000e+00 4.160386000000000000e+07 0.000000000000000000e+00 -2.811253200000000000e+07
1.293222767532251419e-02 1.055215286624203902e+06 0.000000000000000000e+00 8.655149044585988158e+05 0.000000000000000000e+00 -4.319136305732484470e+04 1.381511500636942685e+07 0.000000000000000000e+00 2.233705987261146680e+07 0.000000000000000000e+00 -1.043856713375796191e+07
1.764839556552980082e-02 9.807612054794520373e+05 0.000000000000000000e+00 9.111449315068492433e+05 0.000000000000000000e+00 7.839505205479451688e+05 7.299477041095890105e+06 0.000000000000000000e+00 1.456849008219178021e+07 0.000000000000000000e+00 4.947202191780821886e+05
2.256548662787912635e-02 9.142954102079395670e+05 0.000000000000000000e+00 7.620174517958412180e+05 0.000000000000000000e+00 -1.894390926275992533e+05 4.416618948960302398e+06 0.000000000000000000e+00 8.355564158790170215e+06 0.000000000000000000e+00 -1.838464000000000000e+06
2.777643688250242340e-02 7.713343219512194628e+05 0.000000000000000000e+00 6.634536585365853971e+05 0.000000000000000000e+00 2.360229756097561039e+04 2.527248390243902337e+06 0.000000000000000000e+00 5.049682107317073271e+06 0.000000000000000000e+00 1.335569756097561039e+05
3.269804980233311648e-02 6.739786240000000689e+05 0.000000000000000000e+00 6.181126400000000140e+05 0.000000000000000000e+00 1.239458399999999965e+05 1.582357631999999983e+06 0.000000000000000000e+00 2.977839104000000283e+06 0.000000000000000000e+00 -1.128970000000000000e+05
3.761648458559932462e-02 5.672243182737693423e+05 0.000000000000000000e+00 4.504508159136884497e+05 0.000000000000000000e+00 4.715790155091031920e+04 1.118251673634524690e+06 0.000000000000000000e+00 2.191967978422117420e+06 0.000000000000000000e+00 1.847334996628455701e+04
4.263843696389812976e-02 4.778995714285714203e+05 0.000000000000000000e+00 3.653381071428571013e+05 0.000000000000000000e+00 1.927194642857142753e+04 7.444712857142856810e+05 0.000000000000000000e+00 1.370080142857142724e+06 0.000000000000000000e+00 -1.587678348214285688e+04
4.756514582339458480e-02 4.241441604884430999e+05 0.000000000000000000e+00 2.949582485826428165e+05 0.000000000000000000e+00 -4.635674836458787468e+04 5.343627666812037351e+05 0.000000000000000000e+00 9.442327221979938913e+05 0.000000000000000000e+00 -8.481519755778455874e+04
5.262096060748640974e-02 3.895342471910112072e+05 0.000000000000000000e+00 2.618942696629213460e+05 0.000000000000000000e+00 1.234162640449438186e+04 3.987742022471909877e+05 0.000000000000000000e+00 6.689522247191010974e+05 0.000000000000000000e+00 3.995721207865168253e+03
5.756031740041873956e-02 3.444427326732673100e+05 0.000000000000000000e+00 2.312530891089109064e+05 0.000000000000000000e+00 -3.092820297029702851e+04 3.186033465346534504e+05 0.000000000000000000e+00 5.039134653465346782e+05 0.000000000000000000e+00 -4.146445792079208331e+04
6.254738279606215923e-02 3.239234809909246978e+05 0.000000000000000000e+00 2.136299749816041149e+05 0.000000000000000000e+00 1.416264900662251603e+04 2.666853470689232345e+05 0.000000000000000000e+00 4.256017581555064535e+05 0.000000000000000000e+00 -7.435965170468481119e+03
6.757793472572401483e-02 3.017593251318101538e+05 0.000000000000000000e+00 1.976481405975395173e+05 0.000000000000000000e+00 -1.294321089630931419e+04 2.128384393673110462e+05 0.000000000000000000e+00 3.108943128295254428e+05 0.000000000000000000e+00 -1.542793673110720556e+04
7.255917516659465827e-02 2.763310753208108945e+05 0.000000000000000000e+00 1.718983105821089994e+05 0.000000000000000000e+00 1.796431095406360555e+03 1.819502860331039701e+05 0.000000000000000000e+00 2.619853628417333239e+05 0.000000000000000000e+00 -5.667609819602008429e+03
7.753384299139773339e-02 2.451520107130900724e+05 0.000000000000000000e+00 1.276352192835621099e+05 0.000000000000000000e+00 -4.504981586876464803e+02 1.545772909273518599e+05 0.000000000000000000e+00 2.099831215266153449e+05 0.000000000000000000e+00 5.684046869768999386e+03
8.251793356505521260e-02 2.265957247706422058e+05 0.000000000000000000e+00 1.435731376146789116e+05 0.000000000000000000e+00 -8.222805619266055146e+03 1.328140917431192647e+05 0.000000000000000000e+00 1.712063853211009409e+05 0.000000000000000000e+00 -5.258837155963303303e+03
8.752751931716111489e-02 2.053427850200855464e+05 0.000000000000000000e+00 1.226348228586238256e+05 0.000000000000000000e+00 1.082626823895296184e+04 1.146990799533497484e+05 0.000000000000000000e+00 1.367130480756770994e+05 0.000000000000000000e+00 1.718926733186471392e+04
9.254701955136974967e-02 1.833815278030993650e+05 0.000000000000000000e+00 9.980797812215132581e+04 0.000000000000000000e+00 6.217636736554238269e+03 1.029549680948040041e+05 0.000000000000000000e+00 1.178269608021877793e+05 0.000000000000000000e+00 6.363850957155879769e+03
9.754963178921903511e-02 1.702596830315084371e+05 0.000000000000000000e+00 9.287489333193760831e+04 0.000000000000000000e+00 7.835738302104051400e+03 9.220903339265151590e+04 0.000000000000000000e+00 9.683839129069402406e+04 0.000000000000000000e+00 2.254418925991834840e+03
1.025319613041059119e-01 1.550347887429643597e+05 0.000000000000000000e+00 8.848989418386491889e+04 0.000000000000000000e+00 4.933315196998123611e+03 8.451959474671669886e+04 0.000000000000000000e+00 8.658799549718573689e+04 0.000000000000000000e+00 4.792840150093808916e+03
1.075116003998943526e-01 1.419532350103376957e+05 0.000000000000000000e+00 7.820059545141282433e+04 0.000000000000000000e+00 1.023788421778084012e+04 7.771503239145416592e+04 0.000000000000000000e+00 7.467845623707787308e+04 0.000000000000000000e+00 4.536461750516884422e+03
1.125102861506304813e-01 1.335638890005410940e+05 0.000000000000000000e+00 6.857589858545258176e+04 0.000000000000000000e+00 -3.199820978588544676e+03 7.239764396691659931e+04 0.000000000000000000e+00 6.650632944268378196e+04 0.000000000000000000e+00 8.164459148179640579e+03
1.175500852175193622e-01 1.282830709714123223e+05 0.000000000000000000e+00 6.746259479448158527e+04 0.000000000000000000e+00 4.296338500924477557e+03 6.634309998577726947e+04 0.000000000000000000e+00 5.512717053050775576e+04 0.000000000000000000e+00 4.432793628217892547e+03
1.225369446564099490e-01 1.227845402184707200e+05 0.000000000000000000e+00 5.991634664018537296e+04 0.000000000000000000e+00 -2.783670572658060337e+03 6.218448460774578416e+04 0.000000000000000000e+00 4.742996570671963127e+04 0.000000000000000000e+00 3.649553392916252960e+03
1.275260957852891452e-01 1.153971535289837484e+05 0.000000000000000000e+00 5.787884162017948256e+04 0.000000000000000000e+00 3.346938636914867857e+03 5.984382245937424159e+04 0.000000000000000000e+00 4.520934465195245866e+04 0.000000000000000000e+00 3.629304875090952919e+03
1.325302087090364789e-01 1.094406248807586526e+05 0.000000000000000000e+00 5.178780090903989912e+04 0.000000000000000000e+00 -3.383931316985578633e+03 5.567133426855956350e+04 0.000000000000000000e+00 3.642852275405420369e+04 0.000000000000000000e+00 -1.225730430391111668e+03
1.375062694904859717e-01 1.030599096092925029e+05 0.000000000000000000e+00 4.671886462513199513e+04 0.000000000000000000e+00 1.176481013727560639e+04 5.250506272439281747e+04 0.000000000000000000e+00 3.362677930306229973e+04 0.000000000000000000e+00 7.452282154171066395e+03
1.425134422753508989e-01 9.830554808984449483e+04 0.000000000000000000e+00 4.463803724323286588e+04 0.000000000000000000e+00 7.047604146669226566e+02 5.054955039354962355e+04 0.000000000000000000e+00 3.082589364561335969e+04 0.000000000000000000e+00 2.352116721059704105e+03
1.475259222195813014e-01 9.221263109936671390e+04 0.000000000000000000e+00 3.995653633422934945e+04 0.000000000000000000e+00 3.302717390313909618e+03 4.844095530548088573e+04 0.000000000000000000e+00 2.764097280058317119e+04 0.000000000000000000e+00 3.197334912752289256e+03
1.525299430011916868e-01 8.596667433209333103e+04 0.000000000000000000e+00 3.730895366925938288e+04 0.000000000000000000e+00 2.926989854582346652e+03 4.536434223875549651e+04 0.000000000000000000e+00 2.462573689550219569e+04 0.000000000000000000e+00 2.549179742982752487e+03
1.574945685492469272e-01 8.141255534436041489e+04 0.000000000000000000e+00 3.315294212803817209e+04 0.000000000000000000e+00 1.054017875197152762e+03 4.413735786791765713e+04 0.000000000000000000e+00 2.185839026165729592e+04 0.000000000000000000e+00 8.110671735350022118e+02
1.625189323163163113e-01 7.775206306569343724e+04 0.000000000000000000e+00 3.427952350364963786e+04 0.000000000000000000e+00 3.236376350364963855e+03 4.249827970802920026e+04 0.000000000000000000e+00 2.006363562043795901e+04 0.000000000000000000e+00 1.677558102189781266e+03
1.675461007718098694e-01 7.470301594533029129e+04 0.000000000000000000e+00 2.828105466970386988e+04 0.000000000000000000e+00 2.303431378132118425e+03 4.051794988610478322e+04 0.000000000000000000e+00 1.647324373576309881e+04 0.000000000000000000e+00 -2.834545842824601323e+02
1.725292014006662711e-01 7.056751768467549118e+04 0.000000000000000000e+00 2.676121699574776721e+04 0.000000000000000000e+00 3.853861621122721772e+03 3.943371275999604404e+04 0.000000000000000000e+00 1.657960220193163696e+04 0.000000000000000000e+00 2.285677819164716311e+03
1.775301965061671094e-01 6.745873801110549539e+04 0.000000000000000000e+00 2.415102069661787027e+04 0.000000000000000000e+00 2.123370519939424412e+03 3.825817264008076745e+04 0.000000000000000000e+00 1.522478445229681893e+04 0.000000000000000000e+00 -4.321607142857142776e+02
1.825147654490652804e-01 6.486506354692900641e+04 0.000000000000000000e+00 2.351807994327749839e+04 0.000000000000000000e+00 1.928247097403173029e+03 3.729788555053325399e+04 0.000000000000000000e+00 1.494220189665868929e+04 0.000000000000000000e+00 9.472244970309315022e+02
1.875360723572403465e-01 6.286585564245810383e+04 0.000000000000000000e+00 2.059739709497206786e+04 0.000000000000000000e+00 3.132346592178771061e+03 3.653185787709497527e+04 0.000000000000000000e+00 1.429953608938547586e+04 0.000000000000000000e+00 1.114295418994413467e+03
1.925323683450522461e-01 6.072870686516011483e+04 0.000000000000000000e+00 1.977256763414372836e+04 0.000000000000000000e+00 -1.017172325157973660e+03 3.540395416086537443e+04 0.000000000000000000e+00 1.260797857984363145e+04 0.000000000000000000e+00 9.735791742529720239e+01
1.975198663583639380e-01 5.863300710762615199e+04 0.000000000000000000e+00 1.885984246869862181e+04 0.000000000000000000e+00 4.329140660174528421e+03 3.470020913114961149e+04 0.000000000000000000e+00 1.185096668774503451e+04 0.000000000000000000e+00 1.566445326925508880e+03
2.025153694923672032e-01 5.620233214320177649e+04 0.000000000000000000e+00 1.749575373926469183e+04 0.000000000000000000e+00 3.195789057222812062e+03 3.396618585351732327e+04 0.000000000000000000e+00 1.032120582842806289e+04 0.000000000000000000e+00 2.640870645565955783e+02
2.075088499274508613e-01 5.443526455838237598e+04 0.000000000000000000e+00 1.765591005060798489e+04 0.000000000000000000e+00 2.600255558863266742e+03 3.296003370812246430e+04 0.000000000000000000e+00 9.338240307769814535e+03 0.000000000000000000e+00 1.988116570106940983e+01
2.125178062418619784e-01 5.238827858264967654e+04 0.000000000000000000e+00 1.670611555245243653e+04 0.000000000000000000e+00 1.973483330424157884e+03 3.222759993017978923e+04 0.000000000000000000e+00 9.593290975737476401e+03 0.000000000000000000e+00 1.084871356257636535e+03
2.175004174234404231e-01 5.010927969026176288e+04 0.000000000000000000e+00 1.512355121622758998e+04 0.000000000000000000e+00 3.773818702129450458e+02 3.134937193838902385e+04 0.000000000000000000e+00 8.986916252840670495e+03 0.000000000000000000e+00 -9.209575793283394205e+02
2.225093171556767890e-01 4.845737916904710437e+04 0.000000000000000000e+00 1.404619893225113810e+04 0.000000000000000000e+00 1.186262445578298411e+03 3.080208632611650683e+04 0.000000000000000000e+00 8.575583302141407330e+03 0.000000000000000000e+00 -2.255190599081972493e+02
2.275289586476768322e-01 4.675855380376549874e+04 0.000000000000000000e+00 1.324132006735037612e+04 0.000000000000000000e+00 1.064733200673503688e+03 3.013405908464717868e+04 0.000000000000000000e+00 8.107758150926068083e+03 0.000000000000000000e+00 -4.822559206624062789e+00
2.325285406108919262e-01 4.563589194695578044e+04 0.000000000000000000e+00 1.149185643861532117e+04 0.000000000000000000e+00 8.282067196623797827e+02 2.963636228694086458e+04 0.000000000000000000e+00 6.537286304185691733e+03 0.000000000000000000e+00 1.855315336619795232e+02
2.375276552426477672e-01 4.434369541219898383e+04 0.000000000000000000e+00 1.000374561434347015e+04 0.000000000000000000e+00 1.713020917560203998e+03 2.909322552293900662e+04 0.000000000000000000e+00 7.332240604675690520e+03 0.000000000000000000e+00 -1.568427997011777109e+01
2.424991024241769377e-01 4.269722404740600905e+04 0.000000000000000000e+00 9.603694156973309873e+03 0.000000000000000000e+00 9.361917849847213802e+02 2.898514220113787815e+04 0.000000000000000000e+00 6.034719294987591638e+03 0.000000000000000000e+00 -7.642526969763476927e+02
2.474998551644826128e-01 4.104096420108869643e+04 0.000000000000000000e+00 9.677246749919948343e+03 0.000000000000000000e+00 1.576934486071085530e+03 2.836152724943964131e+04 0.000000000000000000e+00 6.007494844700608155e+03 0.000000000000000000e+00 -2.888558437399935883e+02
2.525200307756395035e-01 4.071885085060315760e+04 0.000000000000000000e+00 9.474374512836375288e+03 0.000000000000000000e+00 1.166633219919579460e+03 2.755787936900711429e+04 0.000000000000000000e+00 5.408182616764614977e+03 0.000000000000000000e+00 -7.315049798948346051e+02
2.575182250600202005e-01 3.962880000000000291e+04 0.000000000000000000e+00 7.362244601743535895e+03 0.000000000000000000e+00 8.997973921466358433e+02 2.737724580880709254e+04 0.000000000000000000e+00 5.041106564339467695e+03 0.000000000000000000e+00 -5.824118023992250528e+02
2.625255687975799335e-01 3.808572191476008447e+04 0.000000000000000000e+00 6.933136760426769797e+03 0.000000000000000000e+00 7.409998288355109253e+02 2.685120602499001689e+04 0.000000000000000000e+00 4.915520054772636286e+03 0.000000000000000000e+00 -6.655241056655445391e+02
2.675305520911575030e-01 3.745767354772786348e+04 0.000000000000000000e+00 6.026463705278854832e+03 0.000000000000000000e+00 -1.305283550351417432e+02 2.647653514864472891e+04 0.000000000000000000e+00 4.644465886966487233e+03 0.000000000000000000e+00 -1.280325320003866182e+03
2.725404586615198799e-01 3.621762606442058313e+04 0.000000000000000000e+00 6.389614851642248141e+03 0.000000000000000000e+00 1.434221716824456507e+03 2.596633035383720198e+04 0.000000000000000000e+00 4.433925636007827961e+03 0.000000000000000000e+00 -1.053543026392341517e+03
2.775333197047151201e-01 3.543165197611600888e+04 0.000000000000000000e+00 5.435757127717321055e+03 0.000000000000000000e+00 5.116785483495747826e+02 2.564911127769017912e+04 0.000000000000000000e+00 4.290669217049654435e+03 0.000000000000000000e+00 -5.062541422183161899e+02
2.825123907298719983e-01 3.442029005125671392e+04 0.000000000000000000e+00 5.345725189896868869e+03 0.000000000000000000e+00 7.202405977891681914e+02 2.540040758352374542e+04 0.000000000000000000e+00 3.943495584511826110e+03 0.000000000000000000e+00 -8.477701722966713760e+02
2.875104651677040102e-01 3.372119057651791081e+04 0.000000000000000000e+00 4.627634552767668538e+03 0.000000000000000000e+00 -5.438888144033709295e+02 2.510213828768435269e+04 0.000000000000000000e+00 3.804627082934303871e+03 0.000000000000000000e+00 -3.688528778011875033e+02
2.924971317655564174e-01 3.295926981007755967e+04 0.000000000000000000e+00 4.723206880208995244e+03 0.000000000000000000e+00 7.693351212012622682e+02 2.459956286629136594e+04 0.000000000000000000e+00 3.523274387635968196e+03 0.000000000000000000e+00 -1.044878937451594538e+03
2.975058823671092867e-01 3.222040245093686099e+04 0.000000000000000000e+00 3.972750199804635486e+03 0.000000000000000000e+00 8.961221028327856857e+02 2.438742989077346647e+04 0.000000000000000000e+00 3.213150164283811137e+03 0.000000000000000000e+00 -9.564971139330432379e+02
3.025121359101998753e-01 3.153873018892395339e+04 0.000000000000000000e+00 3.848409493752972139e+03 0.000000000000000000e+00 -3.141868704336172300e+02 2.420311996887293935e+04 0.000000000000000000e+00 3.594941507068436295e+03 0.000000000000000000e+00 -9.115424322337987633e+02
3.075010376196579687e-01 3.058913326017662257e+04 0.000000000000000000e+00 3.046467889428855415e+03 0.000000000000000000e+00 1.584511846161885387e+03 2.390009418404138705e+04 0.000000000000000000e+00 3.534402926268485317e+03 0.000000000000000000e+00 -3.322318649736113798e+02
3.125134169243361515e-01 3.020269776794691279e+04 0.000000000000000000e+00 2.878969796903277711e+03 0.000000000000000000e+00 2.547355318721093909e+02 2.342545682686507280e+04 0.000000000000000000e+00 3.078053810577116565e+03 0.000000000000000000e+00 -5.509229841142167743e+02
3.175159688234982513e-01 2.972212788949907190e+04 0.000000000000000000e+00 2.449963395585071339e+03 0.000000000000000000e+00 1.608125865744515579e+02 2.321360497489955014e+04 0.000000000000000000e+00 3.075357467752551656e+03 0.000000000000000000e+00 -4.611185271782377413e+02
3.225221380836135188e-01 2.877209469511044153e+04 0.000000000000000000e+00 2.367909382669435672e+03 0.000000000000000000e+00 3.565267132339060367e+02 2.301267222956390469e+04 0.000000000000000000e+00 2.637816424391165128e+03 0.000000000000000000e+00 -9.070568246177082301e+02
3.275181733526948968e-01 2.840265501666049749e+04 0.000000000000000000e+00 2.293492928544983442e+03 0.000000000000000000e+00 -2.878475009255831196e+02 2.267927552758237653e+04 0.000000000000000000e+00 2.544941873380229481e+03 0.000000000000000000e+00 -1.078927508330247974e+03
3.325123842131759710e-01 2.762967736196483020e+04 0.000000000000000000e+00 2.125131394717880994e+03 0.000000000000000000e+00 3.171697519058505463e+02 2.253851399699333706e+04 0.000000000000000000e+00 2.772412001743508881e+03 0.000000000000000000e+00 -7.099388170828256079e+02
3.374959366892091861e-01 2.726061198892898756e+04 0.000000000000000000e+00 2.054797883894475035e+03 0.000000000000000000e+00 5.416414182111201399e+02 2.232114521949339542e+04 0.000000000000000000e+00 2.605276810426374595e+03 0.000000000000000000e+00 -9.409609361314508078e+02
3.424919221947719805e-01 2.680944206552267497e+04 0.000000000000000000e+00 1.434884197718124142e+03 0.000000000000000000e+00 -1.752800006667278012e+02 2.198489101500971083e+04 0.000000000000000000e+00 2.684691963429981115e+03 0.000000000000000000e+00 -1.135860520547716987e+03
3.475179778446125245e-01 2.627551605841800847e+04 0.000000000000000000e+00 1.853434051034077129e+03 0.000000000000000000e+00 7.046097298003724063e+02 2.187694056915084730e+04 0.000000000000000000e+00 2.112957428039337174e+03 0.000000000000000000e+00 -9.475936223739666957e+02
3.525052850529177828e-01 2.577375340890946973e+04 0.000000000000000000e+00 9.155529299057959634e+02 0.000000000000000000e+00 2.910834105061472314e+02 2.158854172121986267e+04 0.000000000000000000e+00 2.180384352546702758e+03 0.000000000000000000e+00 -9.710018840811112568e+02
3.575133254796376558e-01 2.529225492254984056e+04 0.000000000000000000e+00 1.204995562232220209e+03 0.000000000000000000e+00 3.321871373715231925e+02 2.137759422400380208e+04 0.000000000000000000e+00 2.283242222409577607e+03 0.000000000000000000e+00 -5.106609131531145067e+02
3.625250227669692404e-01 2.503342508658334555e+04 0.000000000000000000e+00 8.625060081313055207e+02 0.000000000000000000e+00 6.680844451136877069e+02 2.102335142297846687e+04 0.000000000000000000e+00 2.026439391657882652e+03 0.000000000000000000e+00 -9.546833910555639022e+02
3.675230446100045678e-01 2.458052953655709280e+04 0.000000000000000000e+00 7.447612798810226877e+02 0.000000000000000000e+00 9.035908696571383416e+02 2.094171785170118528e+04 0.000000000000000000e+00 2.065879958299615737e+03 0.000000000000000000e+00 -6.956963162230533726e+02
3.725177060730277545e-01 2.424991617588198278e+04 0.000000000000000000e+00 9.049989707816341706e+02 0.000000000000000000e+00 6.900265881411172586e+02 2.075874892789753721e+04 0.000000000000000000e+00 1.726474240951455386e+03 0.000000000000000000e+00 -5.937458402424381347e+02
3.775163034622419089e-01 2.404254148019941931e+04 0.000000000000000000e+00 9.428201432895925791e+02 0.000000000000000000e+00 4.036913274629191619e+02 2.057754658980423483e+04 0.000000000000000000e+00 1.746960454003213272e+03 0.000000000000000000e+00 -3.074576509608953074e+02
3.825226892977953153e-01 2.376147200000000157e+04 0.000000000000000000e+00 4.148907297297297418e+02 0.000000000000000000e+00 1.244426486486486510e+03 2.046737470270270205e+04 0.000000000000000000e+00 1.697654378378378397e+03 0.000000000000000000e+00 -1.607756756756756715e+02
3.875130067694269043e-01 2.325133656480506033e+04 0.000000000000000000e+00 3.860563751317176298e+02 0.000000000000000000e+00 7.576352476290833238e+02 2.031904067439409846e+04 0.000000000000000000e+00 1.729472918861960125e+03 0.000000000000000000e+00 -5.754353003161222659e+02
3.924957861003909865e-01 2.300664659350561851e+04 0.000000000000000000e+00 2.638416889260773246e+02 0.000000000000000000e+00 1.412317780709941189e+03 2.013029508576577791e+04 0.000000000000000000e+00 1.482267640717021322e+03 0.000000000000000000e+00 1.853401216490200625e+02
3.975064703251052212e-01 2.289298358218202338e+04 0.000000000000000000e+00 2.522497490861780705e+02 0.000000000000000000e+00 1.228290192677033701e+03 1.996226335419119278e+04 0.000000000000000000e+00 1.412738739855027688e+03 0.000000000000000000e+00 -3.648207174276686828e+02
