3.798113400606732779e-03 2.302631578947368293e-02 7.890726400000000000e+07 -6.414473684210525439e-02 -4.545840168421052396e+07 8.593750000000000000e-02 1.678298677894736826e+08 0.000000000000000000e+00 -1.488910416842105091e+08 0.000000000000000000e+00 1.528318787368420959e+08
8.299341265228576958e-03 -1.464843750000000000e-03 5.946130400000000000e+07 3.173828125000000000e-03 1.515230600000000000e+07 -8.972167968750000000e-03 1.614663680000000000e+08 0.000000000000000000e+00 3.684948000000000000e+07 0.000000000000000000e+00 -1.104197680000000000e+08
1.293222767532251419e-02 3.831608280254777087e-03 5.198647113375796378e+07 -1.037519904458598756e-02 2.080365248407643288e+07 1.422546775477707102e-02 1.439255219363057315e+08 0.000000000000000000e+00 6.700375724840764701e+07 0.000000000000000000e+00 7.905775694267516024e+06
1.764839556552980082e-02 -7.758989726027396830e-04 3.696125895890410990e+07 2.474850171232876629e-03 1.835237347945205495e+07 1.260835830479451998e-03 1.034206544657534212e+08 0.000000000000000000e+00 7.389388800000000000e+07 0.000000000000000000e+00 5.379584350684931129e+07
2.256548662787912635e-02 -2.658317580340264553e-04 2.431795780718336627e+07 1.491611531190926423e-03 9.747941867674859241e+06 -1.044866493383742913e-03 8.282069413988658786e+07 0.000000000000000000e+00 6.384304344801512361e+07 0.000000000000000000e+00 1.575924288846880943e+07
2.777643688250242340e-02 -5.228182164634146648e-04 1.510809974634146318e+07 2.297899199695121932e-03 4.353582204878048971e+06 -2.736310261051829069e-03 6.185720757073170692e+07 0.000000000000000000e+00 5.086141564878048748e+07 0.000000000000000000e+00 3.209176788292682916e+07
3.269804980233311648e-02 -2.731933593749999987e-04 1.066924851200000010e+07 3.001708984375000091e-04 2.483259391999999993e+06 -9.396057128906250451e-04 4.962489958399999887e+07 0.000000000000000000e+00 4.510457036800000072e+07 0.000000000000000000e+00 6.881222656000000425e+06
3.761648458559932462e-02 1.791132838840188901e-04 6.141788353337829001e+06 7.375252865812542214e-05 7.130200296695886645e+05 6.716748145650708107e-04 3.731702643830074370e+07 0.000000000000000000e+00 3.137710004045853019e+07 0.000000000000000000e+00 1.046161762913014181e+07
4.263843696389812976e-02 -4.174368722098213821e-04 4.599289714285713620e+06 7.296970912388392547e-04 3.959586071428571013e+05 -8.595330374581472595e-04 3.061423771428571269e+07 0.000000000000000000e+00 2.440253714285714179e+07 0.000000000000000000e+00 6.097493714285713620e+06
4.756514582339458480e-02 -1.175452464020933365e-04 3.724869665939816739e+06 4.497383340601831983e-04 3.753279581334496615e+05 -5.489703717836895251e-04 2.621571650763192400e+07 0.000000000000000000e+00 2.097780779764500633e+07 0.000000000000000000e+00 7.258300008722197963e+05
5.262096060748640974e-02 -5.650895365168539033e-04 2.550162876404494513e+06 1.368833391853932621e-03 3.228288539325842867e+05 -1.237847831811797646e-03 2.158141842696629092e+07 0.000000000000000000e+00 1.760275128089887649e+07 0.000000000000000000e+00 4.752938786516853608e+06
5.756031740041873956e-02 1.643719059405940699e-04 2.049024633663366316e+06 -6.381497524752475494e-04 2.948580990099009941e+05 6.429842202970297320e-04 1.855632095049504936e+07 0.000000000000000000e+00 1.463491421782178245e+07 0.000000000000000000e+00 4.173561346534653567e+06
6.254738279606215923e-02 0.000000000000000000e+00 1.635450442972773919e+06 1.532989943585969962e-05 1.237506715722344816e+05 8.048197203826342892e-05 1.595936726808927953e+07 0.000000000000000000e+00 1.037854365857247822e+07 0.000000000000000000e+00 -1.777121295069904299e+05
6.757793472572401483e-02 6.478951559753953629e-05 1.426779107205623761e+06 -1.190668250219683601e-04 1.569255676625658816e+05 1.126844141311511322e-04 1.457443273110720515e+07 0.000000000000000000e+00 1.050190554657293484e+07 0.000000000000000000e+00 1.575305110720562283e+06
7.255917516659465827e-02 -1.670889901432025325e-04 1.037637653710247367e+06 3.596045657429793410e-04 1.346230418448949349e+05 -4.970897456760275815e-04 1.241396666393899918e+07 0.000000000000000000e+00 7.102345926724939607e+06 0.000000000000000000e+00 1.038881327134089661e+06
7.753384299139773339e-02 1.410735583361232080e-04 8.350772279879478738e+05 -2.506793762554402325e-04 8.070721928356210992e+04 3.669261134185638237e-04 1.104055682356879860e+07 0.000000000000000000e+00 6.970749557415467687e+06 0.000000000000000000e+00 1.868494205557415495e+06
8.251793356505521260e-02 -1.063915567660550586e-04 7.463521467889908236e+05 2.060636467889908371e-04 1.570478532110091764e+05 -3.225344036697247885e-04 9.974316623853212222e+06 0.000000000000000000e+00 6.384967045871559530e+06 0.000000000000000000e+00 -5.867638532110091910e+04
8.752751931716111489e-02 3.340838408708047549e-05 5.403317392769211438e+05 -2.191792471167552372e-04 5.020293689257483493e+04 -2.037405241674225716e-05 8.758055310612933710e+06 0.000000000000000000e+00 5.125188337436827831e+06 0.000000000000000000e+00 9.372927303356226766e+05
9.254701955136974967e-02 4.962931574749316271e-05 4.358087292616225895e+05 -8.846481170237009825e-05 1.620809298085688170e+04 1.443534301646536044e-04 7.724488926162260585e+06 0.000000000000000000e+00 3.635261841385596897e+06 0.000000000000000000e+00 2.537763062898814969e+05
9.754963178921903511e-02 1.911621349314351423e-05 3.341205719669213868e+05 -3.629013791479116619e-06 1.667862242227572642e+04 4.488987834319062325e-05 7.123647604731498286e+06 0.000000000000000000e+00 3.353793051816183608e+06 0.000000000000000000e+00 7.215275184758714167e+05
1.025319613041059119e-01 -3.641497127110693874e-05 2.771343129455909948e+05 1.584623812734521566e-04 5.108503414634146611e+04 -1.954556406103423927e-04 6.361507206003752537e+06 0.000000000000000000e+00 2.813234047279549763e+06 0.000000000000000000e+00 9.492550123827392235e+05
1.075116003998943526e-01 2.153687112336319753e-05 2.590650751206064888e+05 -8.345537560303239338e-05 4.096339352170916391e+04 1.837364317711922765e-04 5.915668818745692261e+06 0.000000000000000000e+00 2.583795649896623101e+06 0.000000000000000000e+00 5.100832639558924711e+05
1.125102861506304813e-01 3.701645172277189899e-05 2.047306225554611010e+05 -4.543785961534745597e-05 4.267752214578341227e+04 1.065119383388005376e-04 5.500994171755430289e+06 0.000000000000000000e+00 2.270173251913117711e+06 0.000000000000000000e+00 6.549515318852902856e+05
1.175500852175193622e-01 5.625200007111364157e-06 1.787954464514293941e+05 -7.850973590172095245e-05 4.079620423837292037e+04 1.162107291592590004e-04 5.173729196984781884e+06 0.000000000000000000e+00 1.804473400654245634e+06 0.000000000000000000e+00 1.402309543450433994e+05
1.225369446564099490e-01 2.870531281032770682e-05 1.230092880503144697e+05 -1.514140599139357892e-04 5.459538430983118815e+03 1.390332774743462563e-04 4.820778048063555732e+06 0.000000000000000000e+00 1.685877534591195174e+06 0.000000000000000000e+00 2.526430824230387589e+04
1.275260957852891452e-01 5.412188485326218735e-05 1.209296842105263058e+05 -1.191984181724472375e-04 3.891569827795294259e+04 1.961622254350594240e-04 4.595724914867814630e+06 0.000000000000000000e+00 1.683704238661169074e+06 0.000000000000000000e+00 1.588479223866116954e+05
1.325302087090364789e-01 9.425326861567812900e-06 9.414782470119521895e+04 -3.145428847988328589e-05 2.443124314011559181e+04 7.729316010605465526e-05 4.249965102743953466e+06 0.000000000000000000e+00 1.286734347118567908e+06 0.000000000000000000e+00 -2.799739184108635982e+03
1.375062694904859717e-01 -4.001121964097148747e-05 7.423084941921858990e+04 1.268396911298838288e-04 2.715052502639915474e+04 -2.025825798574445644e-04 4.034296593030623160e+06 0.000000000000000000e+00 1.331035857233368559e+06 0.000000000000000000e+00 3.752204435058077797e+05
1.425134422753508989e-01 -1.668536427337300858e-05 6.297258437320023222e+04 6.064848699366480841e-05 2.162871030908043758e+04 -9.938571612833557115e-05 3.817357981954309624e+06 0.000000000000000000e+00 1.057867291226722999e+06 0.000000000000000000e+00 -4.768999808024572849e+04
1.475259222195813014e-01 -4.173382044740079510e-05 4.714471693471229082e+04 2.998784113171442959e-05 1.887102938630461358e+04 -1.316083591507585760e-04 3.626326950658344198e+06 0.000000000000000000e+00 9.789790835117773386e+05 0.000000000000000000e+00 1.943826813066654431e+05
1.525299430011916868e-01 2.262243194115657675e-05 4.349162529590801569e+04 -5.688633433378424009e-05 2.151162259046330655e+04 1.125961370793878840e-04 3.429649574568819720e+06 0.000000000000000000e+00 9.397607629354074597e+05 0.000000000000000000e+00 1.245117078119715879e+05
1.574945685492469272e-01 -1.682434686779633366e-05 3.517160674566263333e+04 4.486492498079022761e-05 2.544433145953815620e+04 -7.788171836454078076e-05 3.277860484167104587e+06 0.000000000000000000e+00 8.162519467788246693e+05 0.000000000000000000e+00 6.619299454038095428e+04
1.625189323163163113e-01 1.562856409671532944e-05 3.018778394160584139e+04 -7.727852703010949645e-05 2.419000525547445432e+04 6.826804502166971915e-05 3.075631687007299624e+06 0.000000000000000000e+00 7.018439194160584593e+05 0.000000000000000000e+00 1.513626347445255669e+05
1.675461007718098694e-01 -1.897790165859908682e-05 1.903175398633257282e+04 6.468475272280751174e-05 2.421637585421412223e+04 -5.974041845369447272e-05 2.967090150341685396e+06 0.000000000000000000e+00 6.642622687927107327e+05 0.000000000000000000e+00 1.896516446469248331e+05
1.725292014006662711e-01 2.922895309358209629e-05 1.782552210172396735e+04 -9.985485957741373350e-05 1.663112054586808154e+04 4.611285826713255024e-05 2.803781331047895364e+06 0.000000000000000000e+00 5.855496430101856822e+05 0.000000000000000000e+00 1.085394009954840731e+05
1.775301965061671094e-01 3.419940607647652497e-06 1.509685815244825790e+04 -2.202934715737001618e-06 1.217926097930338256e+04 7.918625994802183166e-05 2.722296504795557819e+06 0.000000000000000000e+00 5.283175446744068759e+05 0.000000000000000000e+00 6.435562241292276303e+04
1.825147654490652804e-01 -2.409021499896599508e-06 7.843107447782800591e+03 4.387448438284734985e-05 1.445255528966882412e+04 -5.036766284177523583e-05 2.601818067771573551e+06 0.000000000000000000e+00 4.817930739460545592e+05 0.000000000000000000e+00 1.400375588052822859e+05
1.875360723572403465e-01 3.524354050279329415e-05 -1.801546927374301731e+03 -1.251527583798882771e-04 1.738364067039106158e+04 1.271440729748603271e-04 2.533612149273742922e+06 0.000000000000000000e+00 4.007601054748603492e+05 0.000000000000000000e+00 9.179284022346368874e+04
1.925323683450522461e-01 -3.660671254150154872e-07 2.149269358466316589e+03 2.915463177412444925e-05 1.706549684052693556e+04 -1.216519500709542695e-05 2.415748811823926400e+06 0.000000000000000000e+00 3.882647291421227274e+05 0.000000000000000000e+00 1.324577093284780858e+05
1.975198663583639380e-01 -7.595623340078411457e-07 9.279239914000253009e+01 2.314194997312507733e-05 1.607938525357278195e+04 3.041259796501517303e-05 2.343675978854179848e+06 0.000000000000000000e+00 3.221821806500568637e+05 0.000000000000000000e+00 1.623539891235613904e+05
2.025153694923672032e-01 -5.677688953488372861e-06 5.073782205924925393e+02 1.996614683851201364e-05 1.591792492521470740e+04 -2.078187289666361132e-05 2.259121468300685287e+06 0.000000000000000000e+00 2.671792430763292941e+05 0.000000000000000000e+00 8.363813104313422809e+04
2.075088499274508613e-01 2.215318020935904162e-05 -4.920283496301724426e+02 -2.201760554183173425e-05 1.144189974581510978e+04 4.491260281088271919e-05 2.186119870113810990e+06 0.000000000000000000e+00 2.160669545902127575e+05 0.000000000000000000e+00 9.194953234559985867e+04
2.125178062418619784e-01 2.258588431663466855e-06 -5.196758247512655544e+03 -3.061878845566416528e-05 1.724106824925816181e+04 3.862505829715046307e-05 2.130111430267062504e+06 0.000000000000000000e+00 1.819771576191307395e+05 0.000000000000000000e+00 1.326101783906440833e+05
2.175004174234404231e-01 -6.971189885636731504e-06 -8.034106220015150939e+03 1.512650598250357700e-05 1.253533136941335033e+04 -2.755533614430340475e-05 2.036008314451645594e+06 0.000000000000000000e+00 1.916273875936369004e+05 0.000000000000000000e+00 9.084682838144937705e+04
2.225093171556767890e-01 1.766389477927198079e-05 -5.168479423179212972e+03 -4.485232082162610476e-05 1.284037871594334320e+04 3.978081228218237532e-05 1.980880179980693851e+06 0.000000000000000000e+00 1.467230152282264025e+05 0.000000000000000000e+00 1.464464640176513640e+05
2.275289586476768322e-01 6.371648027322822843e-06 -3.928780652074085538e+03 1.557410155652074127e-05 1.300353160875554931e+04 -6.901606582088052960e-05 1.929774317465176806e+06 0.000000000000000000e+00 1.555648480024491146e+05 0.000000000000000000e+00 6.781678248890249233e+04
2.325285406108919262e-01 -8.633499627089663553e-06 -6.376971968057046979e+03 -9.415133338184200537e-07 1.549841151110545252e+04 1.367414884352318463e-05 1.877527777781820390e+06 0.000000000000000000e+00 1.427684613173739926e+05 0.000000000000000000e+00 1.139070400378367631e+05
2.375276552426477672e-01 1.323161508228599130e-05 -9.005289927931095008e+03 -1.562141663874362849e-05 1.350907252592722762e+04 5.938925083460131637e-05 1.812280923888205318e+06 0.000000000000000000e+00 9.227874368078749103e+04 0.000000000000000000e+00 9.083622485498330207e+04
2.424991024241769377e-01 -1.285970236185909838e-06 -6.828149443722249089e+03 1.317295152195566633e-05 1.529581523812739579e+04 -1.952449041286107544e-05 1.761479430452619446e+06 0.000000000000000000e+00 1.006719513784545852e+05 0.000000000000000000e+00 1.156490037647932768e+05
2.474998551644826128e-01 -8.880683637528017670e-06 -8.721343323727185634e+03 4.671739913544668545e-05 1.585250387447966750e+04 -2.159194384406019706e-05 1.708269129939161008e+06 0.000000000000000000e+00 7.572472622478386620e+04 0.000000000000000000e+00 1.039760681396093569e+05
2.525200307756395035e-01 1.182567951592947767e-05 -6.697872193009588955e+03 -1.144055202211568354e-05 1.306423705536653324e+04 -3.162198784990720879e-06 1.675343816888339119e+06 0.000000000000000000e+00 5.116324701515620836e+04 0.000000000000000000e+00 9.517135341787814104e+04
2.575182250600202005e-01 -7.043532523656955274e-06 -5.960690857611206411e+03 7.712959168467326500e-06 1.418995544296252046e+04 -7.618366273004992126e-06 1.627701996334103169e+06 0.000000000000000000e+00 4.667165928023247398e+04 0.000000000000000000e+00 7.077452946874301415e+04
2.625255687975799335e-01 -1.326906107697231461e-05 -6.799075255320362885e+03 3.668286194101868028e-05 1.188452193758201611e+04 -4.769432610682469129e-05 1.592032027386318194e+06 0.000000000000000000e+00 -6.174637530666970633e+03 0.000000000000000000e+00 4.083239801449192601e+04
2.675305520911575030e-01 -9.007660070973887522e-06 -6.970417530826693110e+03 9.735824208447825222e-06 1.526981444608607853e+04 -1.908733956656218417e-05 1.568958092045124853e+06 0.000000000000000000e+00 1.621440322558373919e+04 0.000000000000000000e+00 5.575078786539815337e+04
2.725404586615198799e-01 -1.565020561167821401e-05 -8.475428571428570649e+03 3.251420604802453626e-05 7.708521076849843666e+03 -5.137322031853281751e-05 1.522260624742158921e+06 0.000000000000000000e+00 -3.974894483524620341e+02 0.000000000000000000e+00 6.870891331252975215e+04
2.775333197047151201e-01 3.926810140518779067e-06 -6.608647659420476884e+03 1.466440347775092304e-06 9.137404089228939483e+03 -2.076602590380812591e-07 1.491007101713754004e+06 0.000000000000000000e+00 -8.825806291519114893e+03 0.000000000000000000e+00 4.159456727065939049e+04
2.825123907298719983e-01 -9.504492682023097468e-06 -6.130038411659359554e+03 2.501563175446180705e-05 8.685720496510837620e+03 -3.679070914129562380e-05 1.456828794664361281e+06 0.000000000000000000e+00 -1.679074642129315180e+04 0.000000000000000000e+00 6.637854085098499490e+04
2.875104651677040102e-01 3.974708508906339847e-06 -5.967172572304156347e+03 -5.599662869900401768e-06 1.136152691055353353e+04 2.761545639754117807e-05 1.427389315456809010e+06 0.000000000000000000e+00 -2.982527485156100374e+04 0.000000000000000000e+00 6.291637617314690578e+04
2.924971317655564174e-01 1.302700441572553072e-05 -6.573350194777422075e+03 -1.766660477522569747e-05 1.090507651227039969e+04 2.281136843420915561e-05 1.397109336415864062e+06 0.000000000000000000e+00 -3.596077356113236419e+03 0.000000000000000000e+00 4.588004189159509406e+04
2.975058823671092867e-01 1.831976095595417780e-06 -6.023847260456442200e+03 -1.563683738400230904e-05 1.021315833407335049e+04 1.901081702751753818e-06 1.376005842465145048e+06 0.000000000000000000e+00 -4.960774638131604297e+04 0.000000000000000000e+00 8.883144303347836831e+04
3.025121359101998753e-01 -1.234899188318706568e-06 -6.294266914530284339e+03 1.997475823840300904e-05 8.748899053218623521e+03 -1.632679215325212859e-05 1.348061668929142645e+06 0.000000000000000000e+00 -3.883022575764125941e+04 0.000000000000000000e+00 5.504678431542086037e+04
3.075010376196579687e-01 1.046116489000365940e-06 -5.104391785546324172e+03 7.348330459319643203e-06 9.042677284840885477e+03 -1.111945282698437657e-05 1.322783048544703983e+06 0.000000000000000000e+00 -4.780896382923133206e+04 0.000000000000000000e+00 6.980121657522078021e+04
3.125134169243361515e-01 -6.283933239493263779e-06 -4.379493102754876418e+03 1.347118188216368489e-05 1.142556750452443157e+04 -2.991741340739995889e-05 1.295547832857430214e+06 0.000000000000000000e+00 -4.562226293987532699e+04 0.000000000000000000e+00 2.824610464508345103e+04
3.175159688234982513e-01 -1.304756805611498174e-06 -5.742189073690208716e+03 7.723009033215118047e-06 8.658976608933991884e+03 4.293225518464304138e-07 1.276425239952451549e+06 0.000000000000000000e+00 -4.835989916593804810e+04 0.000000000000000000e+00 5.101852069436394231e+04
3.225221380836135188e-01 2.569537444544081990e-07 -2.140086539550689395e+03 5.183436858422220384e-06 7.773804644138192089e+03 -2.031590953421453293e-05 1.259242087521238485e+06 0.000000000000000000e+00 -4.741319116481027595e+04 0.000000000000000000e+00 6.950419331697186863e+04
3.275181733526948968e-01 -1.310640156423546780e-07 -4.482695890410958782e+03 1.448483345288781929e-06 8.259074416882636797e+03 1.386623389629998142e-05 1.235713232136245817e+06 0.000000000000000000e+00 -6.283486353202517785e+04 0.000000000000000000e+00 3.807253135875601583e+04
3.325123842131759710e-01 -3.489988030057731681e-06 -3.898421057313395977e+03 2.408352349677984672e-05 7.989536102190950260e+03 -1.703432318746831017e-05 1.215411311812270433e+06 0.000000000000000000e+00 -6.405166592241387116e+04 0.000000000000000000e+00 7.286856671144044958e+04
3.374959366892091861e-01 -9.194939980906002131e-07 -3.356146725992362462e+03 -5.775705322890025864e-06 7.388982517605017165e+03 9.247864344749588843e-06 1.198776562519707251e+06 0.000000000000000000e+00 -6.952905468941597792e+04 0.000000000000000000e+00 3.406565756928143674e+04
3.424919221947719805e-01 -8.366652359799649455e-06 -3.645791797581445280e+03 3.263645521672820117e-05 7.209000025002292205e+03 -2.387507266291076757e-05 1.181806926434923196e+06 0.000000000000000000e+00 -7.431132387135487807e+04 0.000000000000000000e+00 3.982714308811641240e+04
3.475179778446125245e-01 -1.982441098671259709e-06 -2.837667984448001789e+03 -2.099385929733955933e-05 8.389908190936714163e+03 2.284462373181201194e-06 1.167011518149442971e+06 0.000000000000000000e+00 -7.623818342209298862e+04 0.000000000000000000e+00 7.324779194301956159e+04
3.525052850529177828e-01 -5.738064825163659416e-06 -3.008266709244770936e+03 1.708945393581350728e-05 6.244765511735589826e+03 -2.953232276864122568e-05 1.144708982660067035e+06 0.000000000000000000e+00 -9.149465342487626185e+04 0.000000000000000000e+00 4.362620546064186783e+04
3.575133254796376558e-01 -7.110655816235025785e-07 -2.004606326310061377e+03 -4.150377526423496254e-06 5.941654712541484514e+03 8.228712882077243921e-06 1.129235218983528903e+06 0.000000000000000000e+00 -7.547348790152600850e+04 0.000000000000000000e+00 6.941611165699658159e+04
3.625250227669692404e-01 -7.223856770441198370e-06 -2.216142629122120070e+03 7.971976288397830657e-06 7.106314350248456321e+03 -7.374124020055337234e-06 1.121235376358981943e+06 0.000000000000000000e+00 -8.026081469658183050e+04 0.000000000000000000e+00 4.257506664658936643e+04
3.675230446100045678e-01 -8.685681531541384218e-06 -2.596868038696790336e+03 1.579085380078589326e-05 4.883192674729712962e+03 -2.490014029226720235e-05 1.103595084253730718e+06 0.000000000000000000e+00 -8.483498353126435541e+04 0.000000000000000000e+00 3.531443565237043367e+04
3.725177060730277545e-01 3.610319008555377798e-06 -2.543217794041969228e+03 -8.121909050420980154e-06 4.639672479844473855e+03 1.312972164813865211e-05 1.095541468122820137e+06 0.000000000000000000e+00 -6.981023683458173764e+04 0.000000000000000000e+00 5.147758705472011206e+04
3.775163034622419089e-01 1.744090080057370992e-06 -2.308301280504202623e+03 -8.023487762117211358e-06 6.108105170975238252e+03 6.371147594572509925e-06 1.080064651381524047e+06 0.000000000000000000e+00 -7.643309391053709260e+04 0.000000000000000000e+00 5.052688457533736801e+04
3.825226892977953153e-01 -2.441406250000000051e-07 -1.310825189189189132e+03 1.125026393581081067e-06 3.986601081081081247e+03 -1.542374894425675751e-07 1.075296975567567628e+06 0.000000000000000000e+00 -8.104603675675675913e+04 0.000000000000000000e+00 7.294746983783783799e+04
3.875130067694269043e-01 -9.518654504741834153e-06 -1.234665648050579648e+03 7.936499769494204402e-06 4.697545626975764208e+03 -9.309629997036353866e-06 1.061073331928345608e+06 0.000000000000000000e+00 -8.064227270811381459e+04 0.000000000000000000e+00 4.814065837723920413e+04
3.924957861003909865e-01 2.061677340456344991e-06 -1.373580613394265129e+03 -1.068552280114568928e-05 3.899839474785183484e+03 1.764368382518585537e-05 1.050277620210472262e+06 0.000000000000000000e+00 -7.005488072603225010e+04 0.000000000000000000e+00 5.762174183374634595e+04
3.975064703251052212e-01 1.694811785592590322e-06 -3.517827396072114539e+02 -1.211741268837897322e-05 3.759882832538256935e+03 8.009233540314649469e-06 1.043219860182144912e+06 0.000000000000000000e+00 -7.665447920203210379e+04 0.000000000000000000e+00 6.822411260764513281e+04
