3.798113400606732779e-03 3.534499342105262622e+04 0.000000000000000000e+00 1.111149013157894660e+04 0.000000000000000000e+00 -2.566055098684210316e+04
8.299341265228576958e-03 3.687957031250000000e+04 0.000000000000000000e+00 1.742461132812500000e+04 0.000000000000000000e+00 7.536123046875000000e+03
1.293222767532251419e-02 3.437415923566879064e+04 0.000000000000000000e+00 3.553788216560510045e+04 0.000000000000000000e+00 -2.433254179936305718e+03
1.764839556552980082e-02 3.674231506849314610e+04 0.000000000000000000e+00 2.060080136986301295e+04 0.000000000000000000e+00 1.738355950342465576e+03
2.256548662787912635e-02 3.501551228733459720e+04 0.000000000000000000e+00 2.483839697542533031e+04 0.000000000000000000e+00 -4.949663043478260988e+03
2.777643688250242340e-02 3.134385121951219480e+04 0.000000000000000000e+00 1.693769268292683046e+04 0.000000000000000000e+00 3.760096646341463384e+03
3.269804980233311648e-02 2.895591600000000108e+04 0.000000000000000000e+00 1.919856400000000212e+04 0.000000000000000000e+00 -2.212027500000000146e+03
3.761648458559932462e-02 2.373595954146999429e+04 0.000000000000000000e+00 1.303841537424140188e+04 0.000000000000000000e+00 2.316562373567093800e+03
4.263843696389812976e-02 2.158569642857142753e+04 0.000000000000000000e+00 1.290744419642857065e+04 0.000000000000000000e+00 3.213132254464285325e+03
4.756514582339458480e-02 1.971612734409070981e+04 0.000000000000000000e+00 8.950709114696903271e+03 0.000000000000000000e+00 -2.000061491495856899e+03
5.262096060748640974e-02 1.831677528089887710e+04 0.000000000000000000e+00 9.050621488764045353e+03 0.000000000000000000e+00 1.639594452247190929e+03
5.756031740041873956e-02 1.731861633663366229e+04 0.000000000000000000e+00 8.348086633663366229e+03 0.000000000000000000e+00 1.448275680693069262e+03
6.254738279606215923e-02 1.605575275938189770e+04 0.000000000000000000e+00 7.680644101054696876e+03 0.000000000000000000e+00 1.004561196958547839e+03
6.757793472572401483e-02 1.511292618629173921e+04 0.000000000000000000e+00 7.724413884007029083e+03 0.000000000000000000e+00 1.061848857644991085e+03
7.255917516659465827e-02 1.416135689045936488e+04 0.000000000000000000e+00 7.004219453226706719e+03 0.000000000000000000e+00 1.750419611307420453e+01
7.753384299139773339e-02 1.321509206561767678e+04 0.000000000000000000e+00 7.167011717442250301e+03 0.000000000000000000e+00 1.936293438232340350e+03
8.251793356505521260e-02 1.196831766055045955e+04 0.000000000000000000e+00 5.474987958715596505e+03 0.000000000000000000e+00 -1.974824218750000000e+02
8.752751931716111489e-02 1.108296591939872997e+04 0.000000000000000000e+00 5.665165219644940407e+03 0.000000000000000000e+00 5.951472074640404344e+02
9.254701955136974967e-02 1.010876572470373685e+04 0.000000000000000000e+00 4.509442114858705281e+03 0.000000000000000000e+00 1.042606540565177738e+03
9.754963178921903511e-02 9.406891238354442976e+03 0.000000000000000000e+00 4.386642101957500017e+03 0.000000000000000000e+00 -5.612999188736522882e+01
1.025319613041059119e-01 8.825655534709192580e+03 0.000000000000000000e+00 4.378223639774859294e+03 0.000000000000000000e+00 1.439222678236397712e+02
1.075116003998943526e-01 8.375866988283942192e+03 0.000000000000000000e+00 3.949996554100620415e+03 0.000000000000000000e+00 -2.925518823225361871e+02
1.125102861506304813e-01 7.839533740434413630e+03 0.000000000000000000e+00 3.596019788204375345e+03 0.000000000000000000e+00 4.418174615444075357e+02
1.175500852175193622e-01 7.440699758213625501e+03 0.000000000000000000e+00 3.152333665196984839e+03 0.000000000000000000e+00 2.848771289645854310e+01
1.225369446564099490e-01 7.212644289970208774e+03 0.000000000000000000e+00 3.104763720622310757e+03 0.000000000000000000e+00 1.854897053955643855e+02
1.275260957852891452e-01 6.882418142129517037e+03 0.000000000000000000e+00 2.857616298811544766e+03 0.000000000000000000e+00 4.343543536260004885e+02
1.325302087090364789e-01 6.647291622243420534e+03 0.000000000000000000e+00 2.824609393412266400e+03 0.000000000000000000e+00 9.884265753885864569e+01
1.375062694904859717e-01 6.408645828933474149e+03 0.000000000000000000e+00 2.778350369588173180e+03 0.000000000000000000e+00 7.029719112988384495e+02
1.425134422753508989e-01 6.029427913227106728e+03 0.000000000000000000e+00 2.588472835477059107e+03 0.000000000000000000e+00 9.761504127471683034e+01
1.475259222195813014e-01 5.736519750330311581e+03 0.000000000000000000e+00 2.332678299694746784e+03 0.000000000000000000e+00 4.179781311221468059e+02
1.525299430011916868e-01 5.474411227595535820e+03 0.000000000000000000e+00 2.226045147108555739e+03 0.000000000000000000e+00 3.480856019614474235e+02
1.574945685492469272e-01 5.238658308731345642e+03 0.000000000000000000e+00 2.107256035912160769e+03 0.000000000000000000e+00 -8.988210255995470277e+01
1.625189323163163113e-01 5.003671824817518427e+03 0.000000000000000000e+00 1.951609489051095125e+03 0.000000000000000000e+00 4.203673722627737561e+02
1.675461007718098694e-01 4.897759681093393738e+03 0.000000000000000000e+00 1.993183656036446337e+03 0.000000000000000000e+00 4.050838197608199920e+01
1.725292014006662711e-01 4.661543066222764537e+03 0.000000000000000000e+00 1.814609223060948807e+03 0.000000000000000000e+00 2.563195108283614445e+02
1.775301965061671094e-01 4.510770318021201092e+03 0.000000000000000000e+00 1.615752145381120727e+03 0.000000000000000000e+00 2.804512872286723564e+02
1.825147654490652804e-01 4.352415492333599104e+03 0.000000000000000000e+00 1.659368489467931113e+03 0.000000000000000000e+00 2.379500428373068530e+02
1.875360723572403465e-01 4.270134525139665129e+03 0.000000000000000000e+00 1.539207150837988820e+03 0.000000000000000000e+00 2.488342737430167517e+02
1.925323683450522461e-01 4.125023026668094644e+03 0.000000000000000000e+00 1.458234336510656476e+03 0.000000000000000000e+00 2.956969851129912854e+02
1.975198663583639380e-01 4.006513317313772404e+03 0.000000000000000000e+00 1.382134210193499257e+03 0.000000000000000000e+00 2.045284178575945191e+02
2.025153694923672032e-01 3.908786258805365378e+03 0.000000000000000000e+00 1.361604265174177499e+03 0.000000000000000000e+00 1.944177844253594571e+02
2.075088499274508613e-01 3.745048249330188810e+03 0.000000000000000000e+00 1.309941331379239273e+03 0.000000000000000000e+00 1.293808651446105955e+02
2.125178062418619784e-01 3.618720544597661046e+03 0.000000000000000000e+00 1.173988392389596811e+03 0.000000000000000000e+00 1.564400746203525898e+02
2.175004174234404231e-01 3.536317818365457697e+03 0.000000000000000000e+00 1.123089554751283686e+03 0.000000000000000000e+00 -1.477827781752377767e+01
2.225093171556767890e-01 3.416048698804200285e+03 0.000000000000000000e+00 1.096657197454738935e+03 0.000000000000000000e+00 1.229228344595260154e+02
2.275289586476768322e-01 3.373221797030460948e+03 0.000000000000000000e+00 1.124637915199755071e+03 0.000000000000000000e+00 9.047224667074851823e+01
2.325285406108919262e-01 3.270434868026122331e+03 0.000000000000000000e+00 1.037202335692066981e+03 0.000000000000000000e+00 1.035036381496370979e+02
2.375276552426477672e-01 3.165369801371067297e+03 0.000000000000000000e+00 9.973767621726138941e+02 0.000000000000000000e+00 1.364831077518017253e+02
2.424991024241769377e-01 3.112993635304644613e+03 0.000000000000000000e+00 8.696727162223760388e+02 0.000000000000000000e+00 2.575660949133084543e+01
2.474998551644826128e-01 3.028000512327889737e+03 0.000000000000000000e+00 8.556211335254563437e+02 0.000000000000000000e+00 6.365323006724303667e+01
2.525200307756395035e-01 2.956344695329415572e+03 0.000000000000000000e+00 7.822481286730591137e+02 0.000000000000000000e+00 7.236439839158676079e+01
2.575182250600202005e-01 2.931836614261232171e+03 0.000000000000000000e+00 7.998544370762238032e+02 0.000000000000000000e+00 -7.682681990909768110e+00
2.625255687975799335e-01 2.858634107377189594e+03 0.000000000000000000e+00 7.571689393507160730e+02 0.000000000000000000e+00 4.653670943401609250e+00
2.675305520911575030e-01 2.788827991880807986e+03 0.000000000000000000e+00 7.354118832935197361e+02 0.000000000000000000e+00 1.051117424503942210e+01
2.725404586615198799e-01 2.733726133178187865e+03 0.000000000000000000e+00 6.868001269371131912e+02 0.000000000000000000e+00 9.978000872692652479e+01
2.775333197047151201e-01 2.677405846925323658e+03 0.000000000000000000e+00 6.773025047173468920e+02 0.000000000000000000e+00 1.021293651614237348e+02
2.825123907298719983e-01 2.647268523436052874e+03 0.000000000000000000e+00 7.060947322917310203e+02 0.000000000000000000e+00 9.881173964058544357e+01
2.875104651677040102e-01 2.575818808657345471e+03 0.000000000000000000e+00 5.938962842367362782e+02 0.000000000000000000e+00 5.267184806550469034e+01
2.924971317655564174e-01 2.529342195609705414e+03 0.000000000000000000e+00 6.188274514790368812e+02 0.000000000000000000e+00 -2.933501427597128597e+01
2.975058823671092867e-01 2.480891395080365783e+03 0.000000000000000000e+00 5.671024775774798172e+02 0.000000000000000000e+00 5.202786719651895453e+01
3.025121359101998753e-01 2.440325623621979048e+03 0.000000000000000000e+00 5.410451342354416511e+02 0.000000000000000000e+00 -9.812552689032035147e+00
3.075010376196579687e-01 2.394011015310654784e+03 0.000000000000000000e+00 5.137876574175680844e+02 0.000000000000000000e+00 1.990094581177823230e+01
3.125134169243361515e-01 2.360256907299416980e+03 0.000000000000000000e+00 5.052481801729338713e+02 0.000000000000000000e+00 -2.057950039588779534e-01
3.175159688234982513e-01 2.322175752276723870e+03 0.000000000000000000e+00 4.923133872346278395e+02 0.000000000000000000e+00 1.978822047135797746e+01
3.225221380836135188e-01 2.278060487068151815e+03 0.000000000000000000e+00 4.807777987540117124e+02 0.000000000000000000e+00 -3.161212124787615707e+00
3.275181733526948968e-01 2.244531654942613841e+03 0.000000000000000000e+00 4.285275823768974419e+02 0.000000000000000000e+00 -3.018952702702702595e+01
3.325123842131759710e-01 2.203025805705543007e+03 0.000000000000000000e+00 4.251958689522047621e+02 0.000000000000000000e+00 1.335238887356894466e+01
3.374959366892091861e-01 2.171594856882598378e+03 0.000000000000000000e+00 3.912360999194198712e+02 0.000000000000000000e+00 -7.079190826121991797e+00
3.424919221947719805e-01 2.144933952278959168e+03 0.000000000000000000e+00 3.763100950920501191e+02 0.000000000000000000e+00 2.257217849136170962e+00
3.475179778446125245e-01 2.105280230012741868e+03 0.000000000000000000e+00 3.608362139379880205e+02 0.000000000000000000e+00 4.491559324664292419e+00
3.525052850529177828e-01 2.081568194156155187e+03 0.000000000000000000e+00 3.540106977486827304e+02 0.000000000000000000e+00 -2.380057081270956587e+01
3.575133254796376558e-01 2.048693364809038030e+03 0.000000000000000000e+00 3.437696652896045748e+02 0.000000000000000000e+00 1.027876501291474831e+01
3.625250227669692404e-01 2.032092757114892265e+03 0.000000000000000000e+00 3.458390302665260947e+02 0.000000000000000000e+00 -2.492576419213973882e+00
3.675230446100045678e-01 2.012639707222477455e+03 0.000000000000000000e+00 3.219823721103164758e+02 0.000000000000000000e+00 -1.518990715832294569e+01
3.725177060730277545e-01 1.976445537194808367e+03 0.000000000000000000e+00 3.192803476470924693e+02 0.000000000000000000e+00 2.763779554291269136e+01
3.775163034622419089e-01 1.957741071982678477e+03 0.000000000000000000e+00 3.110433385509684854e+02 0.000000000000000000e+00 -4.283115462588177103e+00
3.825226892977953153e-01 1.930813189189189188e+03 0.000000000000000000e+00 2.741256486486486210e+02 0.000000000000000000e+00 5.293395608108107808e+01
3.875130067694269043e-01 1.916753424657534424e+03 0.000000000000000000e+00 2.750115121180189703e+02 0.000000000000000000e+00 1.646494006849315284e+01
3.924957861003909865e-01 1.900302590673575196e+03 0.000000000000000000e+00 2.733242879670453362e+02 0.000000000000000000e+00 7.783124416696167280e+00
3.975064703251052212e-01 1.879603791586642728e+03 0.000000000000000000e+00 2.630708878012515015e+02 0.000000000000000000e+00 4.870739111579208469e+01
