3.798113400606732779e-03 2.027852302631579005e+04 0.000000000000000000e+00 2.701368750000000000e+04 0.000000000000000000e+00 8.308110526315789321e+04
8.299341265228576958e-03 2.913113281250000000e+04 0.000000000000000000e+00 3.188965234375000000e+04 0.000000000000000000e+00 3.896929687500000000e+04
1.293222767532251419e-02 3.669919745222930214e+04 0.000000000000000000e+00 2.131471019108280234e+04 0.000000000000000000e+00 -1.019789729299363171e+04
1.764839556552980082e-02 3.732126712328766735e+04 0.000000000000000000e+00 2.429663527397260259e+04 0.000000000000000000e+00 1.360185958904109430e+04
2.256548662787912635e-02 3.682586011342154961e+04 0.000000000000000000e+00 2.300624196597353512e+04 0.000000000000000000e+00 -1.090600094517958496e+04
2.777643688250242340e-02 3.485356097560975468e+04 0.000000000000000000e+00 2.438107560975609886e+04 0.000000000000000000e+00 1.104485121951219480e+04
3.269804980233311648e-02 2.903059800000000178e+04 0.000000000000000000e+00 1.804308599999999933e+04 0.000000000000000000e+00 2.995747499999999945e+03
3.761648458559932462e-02 2.513270397842211605e+04 0.000000000000000000e+00 1.510163452461227280e+04 0.000000000000000000e+00 4.716720751854349487e+02
4.263843696389812976e-02 2.288053571428571377e+04 0.000000000000000000e+00 1.127356473214285688e+04 0.000000000000000000e+00 1.741271344866071331e+03
4.756514582339458480e-02 2.031816833842128108e+04 0.000000000000000000e+00 1.215095246402093289e+04 0.000000000000000000e+00 -2.427025948539032015e+03
5.262096060748640974e-02 1.932358286516854059e+04 0.000000000000000000e+00 1.040750491573033651e+04 0.000000000000000000e+00 -1.593810744382022449e+03
5.756031740041873956e-02 1.801704207920792032e+04 0.000000000000000000e+00 1.122728094059405885e+04 0.000000000000000000e+00 9.934370358910890673e+02
6.254738279606215923e-02 1.685113760117733545e+04 0.000000000000000000e+00 9.268033357861171680e+03 0.000000000000000000e+00 -8.429890851116016393e+02
6.757793472572401483e-02 1.581586115992970008e+04 0.000000000000000000e+00 7.935665202108963058e+03 0.000000000000000000e+00 1.817578399604569199e+02
7.255917516659465827e-02 1.494484656871861625e+04 0.000000000000000000e+00 7.929131485958712801e+03 0.000000000000000000e+00 2.574355588618188904e+02
7.753384299139773339e-02 1.382018747907599754e+04 0.000000000000000000e+00 7.506047539337128001e+03 0.000000000000000000e+00 7.912657348510211932e+02
8.251793356505521260e-02 1.249549770642201838e+04 0.000000000000000000e+00 5.912813073394495405e+03 0.000000000000000000e+00 -1.162857153096330421e+03
8.752751931716111489e-02 1.160058571983931688e+04 0.000000000000000000e+00 6.792254503045225647e+03 0.000000000000000000e+00 1.097133860308410021e+03
9.254701955136974967e-02 1.051671923427529691e+04 0.000000000000000000e+00 5.221980401093892397e+03 0.000000000000000000e+00 9.580782816773016748e+02
9.754963178921903511e-02 9.760357584005025274e+03 0.000000000000000000e+00 4.865534177745211309e+03 0.000000000000000000e+00 5.734027530618653827e+02
1.025319613041059119e-01 9.039160975609756861e+03 0.000000000000000000e+00 3.870243902439024168e+03 0.000000000000000000e+00 -1.695286350844277763e+02
1.075116003998943526e-01 8.563095106822880552e+03 0.000000000000000000e+00 4.249694004135079012e+03 0.000000000000000000e+00 1.499377799793246027e+02
1.125102861506304813e-01 8.305484733709516149e+03 0.000000000000000000e+00 3.954704490994821299e+03 0.000000000000000000e+00 8.091824998067559136e+02
1.175500852175193622e-01 7.866638031574456363e+03 0.000000000000000000e+00 3.739331816242355217e+03 0.000000000000000000e+00 7.085713714265396845e+01
1.225369446564099490e-01 7.431558291956306675e+03 0.000000000000000000e+00 3.464288116517709568e+03 0.000000000000000000e+00 3.078491559086395455e+02
1.275260957852891452e-01 7.202684453068153744e+03 0.000000000000000000e+00 3.223108173659956265e+03 0.000000000000000000e+00 6.829224472471501031e+02
1.325302087090364789e-01 6.959389933224846573e+03 0.000000000000000000e+00 3.191162112114920546e+03 0.000000000000000000e+00 2.189605661859603813e+01
1.375062694904859717e-01 6.687079619852164797e+03 0.000000000000000000e+00 2.999593664202745458e+03 0.000000000000000000e+00 5.156204329461456837e+02
1.425134422753508989e-01 6.377816855442502856e+03 0.000000000000000000e+00 2.656496832405452096e+03 0.000000000000000000e+00 7.521271477250911630e+01
1.475259222195813014e-01 6.023322793749145603e+03 0.000000000000000000e+00 2.609058818169392907e+03 0.000000000000000000e+00 2.401615335550594637e+02
1.525299430011916868e-01 5.713051741630029937e+03 0.000000000000000000e+00 2.422098917822117073e+03 0.000000000000000000e+00 2.541757693608386717e+02
1.574945685492469272e-01 5.428458931532332826e+03 0.000000000000000000e+00 2.318410806001536457e+03 0.000000000000000000e+00 8.607503943058195262e+01
1.625189323163163113e-01 5.243702773722628081e+03 0.000000000000000000e+00 2.175341605839416388e+03 0.000000000000000000e+00 3.836658029197080850e+02
1.675461007718098694e-01 5.008183940774487382e+03 0.000000000000000000e+00 2.087344248291571603e+03 0.000000000000000000e+00 3.676474409168564961e+01
1.725292014006662711e-01 4.815678808056169146e+03 0.000000000000000000e+00 1.927571348518311197e+03 0.000000000000000000e+00 1.899329037149355770e+02
1.775301965061671094e-01 4.705622917718324061e+03 0.000000000000000000e+00 1.922738011105502210e+03 0.000000000000000000e+00 1.880962582029277996e+02
1.825147654490652804e-01 4.593972525037667765e+03 0.000000000000000000e+00 1.791603178823598910e+03 0.000000000000000000e+00 9.182882064462761207e+01
1.875360723572403465e-01 4.396858100558659316e+03 0.000000000000000000e+00 1.592849720670390980e+03 0.000000000000000000e+00 1.431461592178770843e+02
1.925323683450522461e-01 4.296415122630394762e+03 0.000000000000000000e+00 1.544563564314019459e+03 0.000000000000000000e+00 1.843870756131519784e+02
1.975198663583639380e-01 4.199028506386745903e+03 0.000000000000000000e+00 1.483853092196787657e+03 0.000000000000000000e+00 2.202252687492095333e+02
2.025153694923672032e-01 4.049202354530541470e+03 0.000000000000000000e+00 1.439229759722088374e+03 0.000000000000000000e+00 2.206443898967480521e+01
2.075088499274508613e-01 3.914408481989511984e+03 0.000000000000000000e+00 1.316691382903203703e+03 0.000000000000000000e+00 9.855380246857038173e+01
2.125178062418619784e-01 3.809669401291674149e+03 0.000000000000000000e+00 1.340700820387502290e+03 0.000000000000000000e+00 1.201939801885145869e+02
2.175004174234404231e-01 3.677963134416294906e+03 0.000000000000000000e+00 1.248669303930645583e+03 0.000000000000000000e+00 1.000500076277249351e+00
2.225093171556767890e-01 3.611782904198104916e+03 0.000000000000000000e+00 1.257440791158566753e+03 0.000000000000000000e+00 1.207898583558243502e+02
2.275289586476768322e-01 3.490898515230368957e+03 0.000000000000000000e+00 1.147004668605541156e+03 0.000000000000000000e+00 -1.799507069876014143e+01
2.325285406108919262e-01 3.425642406272170319e+03 0.000000000000000000e+00 1.143563931384497891e+03 0.000000000000000000e+00 7.930905171629709116e+01
2.375276552426477672e-01 3.337079416417648190e+03 0.000000000000000000e+00 1.105687959219546428e+03 0.000000000000000000e+00 1.172648004921778977e+02
2.424991024241769377e-01 3.247423834686745522e+03 0.000000000000000000e+00 9.340025323721574750e+02 0.000000000000000000e+00 8.195179207536340016e+01
2.474998551644826128e-01 3.199967211015049543e+03 0.000000000000000000e+00 1.020957989113032340e+03 0.000000000000000000e+00 2.335199727825808580e+01
2.525200307756395035e-01 3.108176430559851724e+03 0.000000000000000000e+00 1.003321373337457544e+03 0.000000000000000000e+00 8.584290133003402445e+01
2.575182250600202005e-01 3.032877550108039486e+03 0.000000000000000000e+00 8.749917293793308772e+02 0.000000000000000000e+00 4.125471648908427369e+01
2.625255687975799335e-01 2.976888457807953273e+03 0.000000000000000000e+00 8.840575683231585344e+02 0.000000000000000000e+00 9.333504022365492858e+01
2.675305520911575030e-01 2.911872744093564052e+03 0.000000000000000000e+00 8.081887850209193402e+02 0.000000000000000000e+00 7.352341171759572092e+01
2.725404586615198799e-01 2.856558311736393989e+03 0.000000000000000000e+00 7.562191780821917746e+02 0.000000000000000000e+00 6.053246813349552724e+01
2.775333197047151201e-01 2.800823635846666548e+03 0.000000000000000000e+00 8.027260320004135110e+02 0.000000000000000000e+00 6.083626282730632795e+01
2.825123907298719983e-01 2.741608349286728753e+03 0.000000000000000000e+00 7.367665534490212167e+02 0.000000000000000000e+00 4.048999567714444936e+01
2.875104651677040102e-01 2.687059758666921880e+03 0.000000000000000000e+00 6.732318521356062320e+02 0.000000000000000000e+00 6.602401958437080509e+01
2.924971317655564174e-01 2.653363696262816575e+03 0.000000000000000000e+00 6.576147684055994205e+02 0.000000000000000000e+00 -9.095523298153949554e+00
2.975058823671092867e-01 2.595456708995648569e+03 0.000000000000000000e+00 6.621556256105141074e+02 0.000000000000000000e+00 5.607129140396057210e+01
3.025121359101998753e-01 2.535261596991050737e+03 0.000000000000000000e+00 6.038386580779041424e+02 0.000000000000000000e+00 -1.465820084518611388e+01
3.075010376196579687e-01 2.481639211997700841e+03 0.000000000000000000e+00 6.017543815645085488e+02 0.000000000000000000e+00 6.075437111354967357e+01
3.125134169243361515e-01 2.443583510959179421e+03 0.000000000000000000e+00 5.614613714055901710e+02 0.000000000000000000e+00 1.579269806957570843e+01
3.175159688234982513e-01 2.418998457623954891e+03 0.000000000000000000e+00 5.519566169897142345e+02 0.000000000000000000e+00 3.587524775029226620e-01
3.225221380836135188e-01 2.382185085897678164e+03 0.000000000000000000e+00 5.352180857088918629e+02 0.000000000000000000e+00 1.303872828959788599e+01
3.275181733526948968e-01 2.334491817845242622e+03 0.000000000000000000e+00 4.885931506849315156e+02 0.000000000000000000e+00 -4.762662439837097139e+01
3.325123842131759710e-01 2.293392494017808986e+03 0.000000000000000000e+00 4.585041764145992147e+02 0.000000000000000000e+00 3.861023688588024783e+01
3.374959366892091861e-01 2.269329783134218815e+03 0.000000000000000000e+00 4.535823144028308320e+02 0.000000000000000000e+00 -5.095905300774270330e+01
3.424919221947719805e-01 2.228971255698439109e+03 0.000000000000000000e+00 4.310081757494436943e+02 0.000000000000000000e+00 -2.262607822383718670e+01
3.475179778446125245e-01 2.198416832750677713e+03 0.000000000000000000e+00 4.339751037344398128e+02 0.000000000000000000e+00 -5.214665966935667640e+00
3.525052850529177828e-01 2.160069742934696023e+03 0.000000000000000000e+00 4.168089414018840557e+02 0.000000000000000000e+00 -4.660263452019798791e+01
3.575133254796376558e-01 2.129443753784365981e+03 0.000000000000000000e+00 3.827726927823041478e+02 0.000000000000000000e+00 3.762765672065057032e+01
3.625250227669692404e-01 2.114944134919439875e+03 0.000000000000000000e+00 3.542237614817045710e+02 0.000000000000000000e+00 -3.414636726396626898e+01
3.675230446100045678e-01 2.071731542841312603e+03 0.000000000000000000e+00 3.502152235563428917e+02 0.000000000000000000e+00 -1.479682362632956405e+01
3.725177060730277545e-01 2.052558751215049597e+03 0.000000000000000000e+00 3.200873692034993496e+02 0.000000000000000000e+00 -4.350944254245526110e+00
3.775163034622419089e-01 2.027152260707069900e+03 0.000000000000000000e+00 3.260171147626895163e+02 0.000000000000000000e+00 1.256689117438164160e+01
3.825226892977953153e-01 2.000862054054053942e+03 0.000000000000000000e+00 3.054108378378378461e+02 0.000000000000000000e+00 2.771347972972973039e+01
3.875130067694269043e-01 1.985191570073762023e+03 0.000000000000000000e+00 3.164969968387777044e+02 0.000000000000000000e+00 7.716169158324552413e+00
3.924957861003909865e-01 1.962654034048852736e+03 0.000000000000000000e+00 3.131100054709876872e+02 0.000000000000000000e+00 5.678490007401924800e+01
3.975064703251052212e-01 1.940838758441236678e+03 0.000000000000000000e+00 2.790777027445635667e+02 0.000000000000000000e+00 7.002374697974103412e+01
