3.798113400606732779e-03 1.055363263157894602e+06 0.000000000000000000e+00 2.719351578947368078e+06 0.000000000000000000e+00 5.940869894736841321e+06 1.924864538947368264e+08 0.000000000000000000e+00 7.353162913684209585e+08 0.000000000000000000e+00 9.659262652631578445e+08
8.299341265228576958e-03 8.583116875000000000e+05 0.000000000000000000e+00 1.044737265625000000e+05 0.000000000000000000e+00 -1.028517656250000000e+05 2.370085600000000000e+07 0.000000000000000000e+00 4.203151600000000000e+07 0.000000000000000000e+00 -4.046580000000000000e+05
1.293222767532251419e-02 1.153623337579617975e+06 0.000000000000000000e+00 1.125629961783439619e+06 0.000000000000000000e+00 7.785710828025477531e+04 1.495718481528662518e+07 0.000000000000000000e+00 2.918849385987261310e+07 0.000000000000000000e+00 2.375933757961783558e+06
1.764839556552980082e-02 1.233650630136986263e+06 0.000000000000000000e+00 1.227343671232876601e+06 0.000000000000000000e+00 1.174411068493150640e+06 9.116493150684930384e+06 0.000000000000000000e+00 2.153373457534246519e+07 0.000000000000000000e+00 7.769882301369862631e+06
2.256548662787912635e-02 9.368828733459357172e+05 0.000000000000000000e+00 8.193598185255199205e+05 0.000000000000000000e+00 2.779129489603024467e+03 4.493961436672967859e+06 0.000000000000000000e+00 7.765111531190926209e+06 0.000000000000000000e+00 -2.284844037807183340e+06
2.777643688250242340e-02 8.797249560975609347e+05 0.000000000000000000e+00 6.064662243902438786e+05 0.000000000000000000e+00 -8.815541463414633472e+04 2.934581073170731775e+06 0.000000000000000000e+00 5.703756799999999814e+06 0.000000000000000000e+00 -3.054488585365853505e+05
3.269804980233311648e-02 7.135884799999999814e+05 0.000000000000000000e+00 5.385550080000000307e+05 0.000000000000000000e+00 -9.339038400000000547e+04 1.674648576000000117e+06 0.000000000000000000e+00 3.105785600000000093e+06 0.000000000000000000e+00 -8.394429600000000210e+04
3.761648458559932462e-02 6.127349642616318306e+05 0.000000000000000000e+00 5.053842643290627166e+05 0.000000000000000000e+00 1.767646985839514527e+05 1.177132277815239271e+06 0.000000000000000000e+00 2.441089294672960415e+06 0.000000000000000000e+00 4.320439325691166450e+05
4.263843696389812976e-02 5.469059642857142026e+05 0.000000000000000000e+00 4.570304642857142608e+05 0.000000000000000000e+00 1.026195357142857101e+05 8.156474285714285215e+05 0.000000000000000000e+00 1.482833714285714319e+06 0.000000000000000000e+00 -2.253798883928571377e+04
4.756514582339458480e-02 4.497973868294810527e+05 0.000000000000000000e+00 2.979942154382904409e+05 0.000000000000000000e+00 -4.434729350196249288e+04 5.894300078499781666e+05 0.000000000000000000e+00 1.059589135630178731e+06 0.000000000000000000e+00 1.714647841255996582e+03
5.262096060748640974e-02 4.165053483146067010e+05 0.000000000000000000e+00 2.627996179775280762e+05 0.000000000000000000e+00 -1.386656320224719093e+04 4.521207191011235700e+05 0.000000000000000000e+00 7.915751011235954938e+05 0.000000000000000000e+00 6.206323033707864670e+04
5.756031740041873956e-02 3.899099405940594152e+05 0.000000000000000000e+00 2.883784752475247369e+05 0.000000000000000000e+00 5.125602475247524853e+04 3.556283168316831579e+05 0.000000000000000000e+00 5.990542178217822220e+05 0.000000000000000000e+00 1.262991460396039656e+04
6.254738279606215923e-02 3.553328977189109428e+05 0.000000000000000000e+00 2.647959892077507684e+05 0.000000000000000000e+00 2.959701349031150312e+04 2.913714515575177502e+05 0.000000000000000000e+00 4.749485052734853816e+05 0.000000000000000000e+00 2.257000539612460125e+04
6.757793472572401483e-02 3.328465940246045357e+05 0.000000000000000000e+00 2.175867697715289833e+05 0.000000000000000000e+00 1.716729173989455012e+04 2.415466572934973519e+05 0.000000000000000000e+00 3.797477961335676373e+05 0.000000000000000000e+00 4.445050263620386249e+04
7.255917516659465827e-02 3.205911519434629008e+05 0.000000000000000000e+00 2.222395655570020608e+05 0.000000000000000000e+00 1.531546364143574465e+04 2.022592583224846749e+05 0.000000000000000000e+00 2.935563712107122992e+05 0.000000000000000000e+00 -1.992236191184675590e+03
7.753384299139773339e-02 2.814378895212588250e+05 0.000000000000000000e+00 1.780972802142618166e+05 0.000000000000000000e+00 3.752527619685303307e+03 1.721945282892534451e+05 0.000000000000000000e+00 2.307768865082022094e+05 0.000000000000000000e+00 8.226036826247071076e+03
8.251793356505521260e-02 2.579885688073394704e+05 0.000000000000000000e+00 1.496098440366972645e+05 0.000000000000000000e+00 5.799014908256881426e+03 1.494844311926605587e+05 0.000000000000000000e+00 1.901731192660550587e+05 0.000000000000000000e+00 -8.914539850917432204e+02
8.752751931716111489e-02 2.290553116496047878e+05 0.000000000000000000e+00 1.318265066735778237e+05 0.000000000000000000e+00 5.017324867176364023e+03 1.319470260463910818e+05 0.000000000000000000e+00 1.621046935337566538e+05 0.000000000000000000e+00 1.277181288065310400e+04
9.254701955136974967e-02 2.086671431175934267e+05 0.000000000000000000e+00 1.176838286235186824e+05 0.000000000000000000e+00 8.242009115770282733e+03 1.156528568824065587e+05 0.000000000000000000e+00 1.310334074749316351e+05 0.000000000000000000e+00 1.112165177757520541e+04
9.754963178921903511e-02 1.922736061970061855e+05 0.000000000000000000e+00 1.185918191144143202e+05 0.000000000000000000e+00 1.589100973516172962e+04 1.037215366900450172e+05 0.000000000000000000e+00 1.112317454202868248e+05 0.000000000000000000e+00 1.150548623469067252e+03
1.025319613041059119e-01 1.769010791744840390e+05 0.000000000000000000e+00 1.024832480300187599e+05 0.000000000000000000e+00 3.145359474671669886e+03 9.488597373358349432e+04 0.000000000000000000e+00 9.957225666041276418e+04 0.000000000000000000e+00 8.346696435272044255e+03
1.075116003998943526e-01 1.604843776705720229e+05 0.000000000000000000e+00 9.364188008270158025e+04 0.000000000000000000e+00 -1.185098380427291431e+03 8.600149965541006532e+04 0.000000000000000000e+00 8.187961957270847051e+04 0.000000000000000000e+00 -2.836834079944865607e+03
1.125102861506304813e-01 1.493532237767643237e+05 0.000000000000000000e+00 7.302271871376672061e+04 0.000000000000000000e+00 9.890432093993971648e+03 8.044658514338718669e+04 0.000000000000000000e+00 7.404560068021953339e+04 0.000000000000000000e+00 2.586972404730617654e+03
1.175500852175193622e-01 1.433731986915090238e+05 0.000000000000000000e+00 7.416618745555398345e+04 0.000000000000000000e+00 6.271557957616270869e+03 7.373981510453704686e+04 0.000000000000000000e+00 6.349025288010240911e+04 0.000000000000000000e+00 7.075753662352439278e+03
1.225369446564099490e-01 1.373442118503806705e+05 0.000000000000000000e+00 6.681218669314797444e+04 0.000000000000000000e+00 -8.938576630254883639e+03 7.060274081429990474e+04 0.000000000000000000e+00 5.725924289970209065e+04 0.000000000000000000e+00 2.699709235352532687e+03
1.275260957852891452e-01 1.315599708949793712e+05 0.000000000000000000e+00 6.861072422992966312e+04 0.000000000000000000e+00 6.060889522192577488e+02 6.589036720834343578e+04 0.000000000000000000e+00 5.189216007761338551e+04 0.000000000000000000e+00 3.545346107203492465e+03
1.325302087090364789e-01 1.248725364457662217e+05 0.000000000000000000e+00 5.714890791762527078e+04 0.000000000000000000e+00 -4.315853431345041827e+03 6.314720296279669856e+04 0.000000000000000000e+00 4.409501599236854963e+04 0.000000000000000000e+00 2.118634420066213806e+03
1.375062694904859717e-01 1.171795531151003088e+05 0.000000000000000000e+00 5.626145385427666042e+04 0.000000000000000000e+00 1.026149017951425594e+04 5.967478944033791049e+04 0.000000000000000000e+00 3.883647053854276601e+04 0.000000000000000000e+00 4.416716367476240521e+03
1.425134422753508989e-01 1.103602656939911685e+05 0.000000000000000000e+00 5.286059051641389669e+04 0.000000000000000000e+00 5.771373392205797245e+03 5.704134843540026486e+04 0.000000000000000000e+00 3.595585793818390812e+04 0.000000000000000000e+00 6.230473699366481242e+02
1.475259222195813014e-01 1.029099938949382631e+05 0.000000000000000000e+00 4.391899038680577360e+04 0.000000000000000000e+00 -2.635539477880541199e+03 5.410858408127933217e+04 0.000000000000000000e+00 3.013872814251218733e+04 0.000000000000000000e+00 1.972598478290582761e+03
1.525299430011916868e-01 9.998727358809603902e+04 0.000000000000000000e+00 4.331901521812647843e+04 0.000000000000000000e+00 7.699709164693946150e+03 5.272729928982075944e+04 0.000000000000000000e+00 2.926338045316198622e+04 0.000000000000000000e+00 1.186953161988501734e+03
1.574945685492469272e-01 9.205034043757834297e+04 0.000000000000000000e+00 4.085415036195251741e+04 0.000000000000000000e+00 3.924787317507178159e+03 4.942025801755166322e+04 0.000000000000000000e+00 2.522118429247381209e+04 0.000000000000000000e+00 8.582860031544464618e+02
1.625189323163163113e-01 8.855578160583942372e+04 0.000000000000000000e+00 3.795306744525548129e+04 0.000000000000000000e+00 2.640529635036496529e+03 4.774256116788321378e+04 0.000000000000000000e+00 2.389049459854014640e+04 0.000000000000000000e+00 3.236411970802919768e+03
1.675461007718098694e-01 8.368943963553530921e+04 0.000000000000000000e+00 3.516839635535307025e+04 0.000000000000000000e+00 3.395497579726651338e+02 4.618862870159452723e+04 0.000000000000000000e+00 2.224363781321184433e+04 0.000000000000000000e+00 -8.555601509111617133e+02
1.725292014006662711e-01 8.029016343079408398e+04 0.000000000000000000e+00 3.357405359791673982e+04 0.000000000000000000e+00 5.723113030293042357e+03 4.472620496423509758e+04 0.000000000000000000e+00 2.042139433694828404e+04 0.000000000000000000e+00 1.830188482710881317e+03
1.775301965061671094e-01 7.758609994952044508e+04 0.000000000000000000e+00 2.891931953558808527e+04 0.000000000000000000e+00 2.827903584048460289e+03 4.366010297829379124e+04 0.000000000000000000e+00 1.839405956587582114e+04 0.000000000000000000e+00 8.091944724886420772e+02
1.825147654490652804e-01 7.517316080238707946e+04 0.000000000000000000e+00 2.719315170315223440e+04 0.000000000000000000e+00 1.374955980974327190e+02 4.231269177819137985e+04 0.000000000000000000e+00 1.756864758190788416e+04 0.000000000000000000e+00 1.373547460781707059e+03
1.875360723572403465e-01 7.104942480446927948e+04 0.000000000000000000e+00 2.706010458100558753e+04 0.000000000000000000e+00 3.900812513966480310e+03 4.103484782122905017e+04 0.000000000000000000e+00 1.662915932960893770e+04 0.000000000000000000e+00 9.175456424581005876e+02
1.925323683450522461e-01 6.982229324194065703e+04 0.000000000000000000e+00 2.433045474991967421e+04 0.000000000000000000e+00 5.014482167719824247e+03 4.017929527685551875e+04 0.000000000000000000e+00 1.523204798115026097e+04 0.000000000000000000e+00 -6.313544902002784198e+01
1.975198663583639380e-01 6.671684411281143548e+04 0.000000000000000000e+00 2.205023801694700887e+04 0.000000000000000000e+00 4.585291210319969650e+03 3.955945627924623841e+04 0.000000000000000000e+00 1.394636327304919541e+04 0.000000000000000000e+00 1.878480333881370825e+03
2.025153694923672032e-01 6.406882948953006417e+04 0.000000000000000000e+00 2.003575026536717269e+04 0.000000000000000000e+00 2.703374891440702868e+03 3.856330715043906821e+04 0.000000000000000000e+00 1.278209398822734875e+04 0.000000000000000000e+00 3.882489144070250404e+02
2.075088499274508613e-01 6.231057821337791393e+04 0.000000000000000000e+00 1.978268739838329202e+04 0.000000000000000000e+00 6.969618264672880059e+02 3.782736348439396534e+04 0.000000000000000000e+00 1.275214619066156774e+04 0.000000000000000000e+00 -1.611626811926080194e+01
2.125178062418619784e-01 6.006426810961774027e+04 0.000000000000000000e+00 1.951640286262873269e+04 0.000000000000000000e+00 3.120749869087100706e+03 3.666054389945889852e+04 0.000000000000000000e+00 1.169465386629429304e+04 0.000000000000000000e+00 7.374015534997381565e+02
2.175004174234404231e-01 5.744038515276492399e+04 0.000000000000000000e+00 1.983236158572510976e+04 0.000000000000000000e+00 8.939354431445165119e+02 3.591119131386247318e+04 0.000000000000000000e+00 1.103590876188872971e+04 0.000000000000000000e+00 -5.387435401060516824e+02
2.225093171556767890e-01 5.544374177025669633e+04 0.000000000000000000e+00 1.694039187565256725e+04 0.000000000000000000e+00 3.278782687496306153e+03 3.493874242036209034e+04 0.000000000000000000e+00 9.900568389117630431e+03 0.000000000000000000e+00 5.452902819093399103e+02
2.275289586476768322e-01 5.385303168529006507e+04 0.000000000000000000e+00 1.497995285473748663e+04 0.000000000000000000e+00 1.846106689116791813e+03 3.409586774835451070e+04 0.000000000000000000e+00 9.758927904484922692e+03 0.000000000000000000e+00 2.550014350221950110e+02
2.325285406108919262e-01 5.205271242246194015e+04 0.000000000000000000e+00 1.544544354501300768e+04 0.000000000000000000e+00 8.442308769759700908e+02 3.372465057391810842e+04 0.000000000000000000e+00 8.353854001055064145e+03 0.000000000000000000e+00 -6.449845560547905734e+02
2.375276552426477672e-01 5.037357764106169634e+04 0.000000000000000000e+00 1.380014596589910434e+04 0.000000000000000000e+00 3.255311232202496285e+03 3.309275190718931117e+04 0.000000000000000000e+00 8.530188082264017794e+03 0.000000000000000000e+00 -4.241334505185445778e+02
2.424991024241769377e-01 4.906372920500396867e+04 0.000000000000000000e+00 1.199273432039572617e+04 0.000000000000000000e+00 7.410796008981479872e+02 3.257014488545236600e+04 0.000000000000000000e+00 8.478752587240220237e+03 0.000000000000000000e+00 -5.530200057400435298e+02
2.474998551644826128e-01 4.753168312520012842e+04 0.000000000000000000e+00 1.230151725904578961e+04 0.000000000000000000e+00 1.980447262247838580e+03 3.197158424591738731e+04 0.000000000000000000e+00 8.006185334614153362e+03 0.000000000000000000e+00 2.316233909702209530e+02
2.525200307756395035e-01 4.623758292607485782e+04 0.000000000000000000e+00 1.079400977420352683e+04 0.000000000000000000e+00 4.144048871017631086e+02 3.158406136715125467e+04 0.000000000000000000e+00 7.614318836993505101e+03 0.000000000000000000e+00 -9.108520878441077002e+02
2.575182250600202005e-01 4.491905211236122705e+04 0.000000000000000000e+00 1.025653575739512598e+04 0.000000000000000000e+00 1.225056493554876624e+03 3.097426039788391427e+04 0.000000000000000000e+00 7.486455435511511496e+03 0.000000000000000000e+00 -4.232115043588406138e+02
2.625255687975799335e-01 4.379055126376447879e+04 0.000000000000000000e+00 8.683795287271066627e+03 0.000000000000000000e+00 6.562982826496262305e+02 3.047615222228561470e+04 0.000000000000000000e+00 6.773648884578079560e+03 0.000000000000000000e+00 4.489371255776801490e+02
2.675305520911575030e-01 4.277597359881801822e+04 0.000000000000000000e+00 8.721628477927672066e+03 0.000000000000000000e+00 1.240531337595448804e+03 3.028869791911185894e+04 0.000000000000000000e+00 6.496270418801175765e+03 0.000000000000000000e+00 -1.267188356968282505e+03
2.725404586615198799e-01 4.197227439572644653e+04 0.000000000000000000e+00 8.502876606547839401e+03 0.000000000000000000e+00 9.780532078066323720e+02 2.990340508806262005e+04 0.000000000000000000e+00 6.569389961389961172e+03 0.000000000000000000e+00 -4.737091421166763183e+01
2.775333197047151201e-01 4.070257399126321252e+04 0.000000000000000000e+00 8.809374932147749860e+03 0.000000000000000000e+00 1.181569519476826827e+03 2.921596774110166007e+04 0.000000000000000000e+00 5.421994571819990597e+03 0.000000000000000000e+00 -7.937514410525499216e+02
2.825123907298719983e-01 3.946466152041005262e+04 0.000000000000000000e+00 6.970959995059593894e+03 0.000000000000000000e+00 6.140590131538318701e+02 2.901017041931698986e+04 0.000000000000000000e+00 5.599675514111036136e+03 0.000000000000000000e+00 -8.926115729018712273e+02
2.875104651677040102e-01 3.836886726680712309e+04 0.000000000000000000e+00 5.831023558705228425e+03 0.000000000000000000e+00 3.288502202643171586e+02 2.826967094426355106e+04 0.000000000000000000e+00 5.252373108599885200e+03 0.000000000000000000e+00 -4.041692683393985703e+02
2.924971317655564174e-01 3.769849093157937023e+04 0.000000000000000000e+00 6.326577812713127969e+03 0.000000000000000000e+00 -2.529713440220092480e+02 2.803476244090210093e+04 0.000000000000000000e+00 5.270082141742477688e+03 0.000000000000000000e+00 -7.155675825636639047e+02
2.975058823671092867e-01 3.684110469762898720e+04 0.000000000000000000e+00 5.501945830743273291e+03 0.000000000000000000e+00 1.161208862445608702e+03 2.755795613178225540e+04 0.000000000000000000e+00 4.693675872480241196e+03 0.000000000000000000e+00 -9.999635023532545119e+02
3.025121359101998753e-01 3.629047909731529217e+04 0.000000000000000000e+00 6.024237603216462958e+03 0.000000000000000000e+00 1.783866023950542683e+02 2.741285651290476017e+04 0.000000000000000000e+00 4.113404522069949053e+03 0.000000000000000000e+00 -1.451657083567506788e+03
3.075010376196579687e-01 3.535834222709933965e+04 0.000000000000000000e+00 4.746145958091655302e+03 0.000000000000000000e+00 8.927738307989758368e+02 2.704128923028688223e+04 0.000000000000000000e+00 4.181322631551444829e+03 0.000000000000000000e+00 -6.918164393583111860e+02
3.125134169243361515e-01 3.436610303639654012e+04 0.000000000000000000e+00 3.504814317313493120e+03 0.000000000000000000e+00 1.144464508345063450e+03 2.678180317715664569e+04 0.000000000000000000e+00 4.053220510758093951e+03 0.000000000000000000e+00 -1.412656022521616705e+03
3.175159688234982513e-01 3.399058855890991981e+04 0.000000000000000000e+00 3.180184967236788907e+03 0.000000000000000000e+00 3.444151251092925463e+02 2.625395926948354827e+04 0.000000000000000000e+00 3.775758878486310095e+03 0.000000000000000000e+00 -9.304924010963641194e+02
3.225221380836135188e-01 3.295308166886917024e+04 0.000000000000000000e+00 3.210238550122711331e+03 0.000000000000000000e+00 -2.441594487445724155e+02 2.608381680196337766e+04 0.000000000000000000e+00 3.902534717764772722e+03 0.000000000000000000e+00 -7.225268642627903546e+02
3.275181733526948968e-01 3.261095475749722391e+04 0.000000000000000000e+00 3.115192891521658566e+03 0.000000000000000000e+00 -2.690014068863383727e+02 2.587234476119955434e+04 0.000000000000000000e+00 3.571448204368752158e+03 0.000000000000000000e+00 -1.169991040355423820e+03
3.325123842131759710e-01 3.194355871442931311e+04 0.000000000000000000e+00 2.455875392511808968e+03 0.000000000000000000e+00 6.002817367480007533e+02 2.561561272761237342e+04 0.000000000000000000e+00 3.617934511684175959e+03 0.000000000000000000e+00 -6.263738758372844586e+02
3.374959366892091861e-01 3.106869158813019021e+04 0.000000000000000000e+00 2.483575517640052112e+03 0.000000000000000000e+00 -1.154991416459377120e+02 2.519848593350383817e+04 0.000000000000000000e+00 3.502069999649651436e+03 0.000000000000000000e+00 -9.461430122972358276e+02
3.424919221947719805e-01 3.075900090841660494e+04 0.000000000000000000e+00 2.552843343973197534e+03 0.000000000000000000e+00 8.980339864487578438e+01 2.479737069231346322e+04 0.000000000000000000e+00 3.058601438465192587e+03 0.000000000000000000e+00 -1.306189334022285493e+03
3.475179778446125245e-01 3.016222119123076118e+04 0.000000000000000000e+00 2.629775410853726044e+03 0.000000000000000000e+00 1.268753814486881993e+03 2.464459607279380361e+04 0.000000000000000000e+00 2.786892932989185283e+03 0.000000000000000000e+00 -7.749516777207827545e+02
3.525052850529177828e-01 2.956801430624301429e+04 0.000000000000000000e+00 2.187327223375379162e+03 0.000000000000000000e+00 -8.390738463994890139e+01 2.448741574325403053e+04 0.000000000000000000e+00 2.880345393581350891e+03 0.000000000000000000e+00 -1.011121060194794836e+03
3.575133254796376558e-01 2.928458817668294068e+04 0.000000000000000000e+00 1.981043082370795219e+03 0.000000000000000000e+00 8.176537008224049714e+02 2.442969830843636009e+04 0.000000000000000000e+00 2.950866445416989336e+03 0.000000000000000000e+00 -3.165434157782189004e+02
3.625250227669692404e-01 2.867084354765848184e+04 0.000000000000000000e+00 1.154159433820207823e+03 0.000000000000000000e+00 2.616694473723836722e+02 2.399109146212919586e+04 0.000000000000000000e+00 2.536413672639662764e+03 0.000000000000000000e+00 -1.149387622346032231e+03
3.675230446100045678e-01 2.824526054720818865e+04 0.000000000000000000e+00 1.465495906509488350e+03 0.000000000000000000e+00 6.991730201430352736e+02 2.364562162004534548e+04 0.000000000000000000e+00 2.547870845453418951e+03 0.000000000000000000e+00 -5.021333391655549008e+02
3.725177060730277545e-01 2.788372485562353540e+04 0.000000000000000000e+00 1.395179827320029744e+03 0.000000000000000000e+00 6.928746640745612240e+01 2.350885333638287193e+04 0.000000000000000000e+00 2.399550117216536364e+03 0.000000000000000000e+00 -5.533830979472811578e+02
3.775163034622419089e-01 2.744471953717048018e+04 0.000000000000000000e+00 1.293629033036594592e+03 0.000000000000000000e+00 6.960282993497493180e+02 2.329739102612725037e+04 0.000000000000000000e+00 2.400448376442032441e+03 0.000000000000000000e+00 -9.492871790981995446e+02
3.825226892977953153e-01 2.700810205405405213e+04 0.000000000000000000e+00 9.504318918918918371e+02 0.000000000000000000e+00 1.630430810810810726e+03 2.315051070270270429e+04 0.000000000000000000e+00 2.382520432432432244e+03 0.000000000000000000e+00 -3.809637837837837537e+02
3.875130067694269043e-01 2.683680674394099333e+04 0.000000000000000000e+00 8.456416227608009422e+02 0.000000000000000000e+00 7.538571127502634681e+02 2.298001264488935703e+04 0.000000000000000000e+00 2.256592623814541639e+03 0.000000000000000000e+00 -4.044295310853530054e+02
3.924957861003909865e-01 2.633745927332410793e+04 0.000000000000000000e+00 4.041028803140990817e+02 0.000000000000000000e+00 1.478927068516075224e+03 2.284136087278344712e+04 0.000000000000000000e+00 2.072636488269558868e+03 0.000000000000000000e+00 1.382049729668844318e+00
3.975064703251052212e-01 2.611681040827705874e+04 0.000000000000000000e+00 4.834770088594263484e+02 0.000000000000000000e+00 1.185497899758379390e+03 2.263674092063689022e+04 0.000000000000000000e+00 1.973333002911839458e+03 0.000000000000000000e+00 -2.955223096462424905e+02
