3.798113400606732779e-03 -1.027960526315789417e-04 -2.400039578947368078e+06 2.826891447368421167e-04 -1.707702105263157748e+06 -4.690069901315789417e-04
8.299341265228576958e-03 -1.277923583984375000e-04 -1.693380750000000000e+06 2.584457397460937500e-04 1.836003906250000000e+04 -5.533695220947265625e-04
1.293222767532251419e-02 3.265575238853503137e-05 -1.278385528662420344e+06 -7.075413017515923351e-05 -9.431584394904459259e+03 1.152670307523885433e-04
1.764839556552980082e-02 1.849866893193493090e-05 -1.172872547945205355e+06 -7.969059356271403943e-05 -1.749602328767123108e+05 5.741641946034888142e-05
2.256548662787912635e-02 0.000000000000000000e+00 -7.896407107750473078e+05 1.107632325141777010e-05 -5.455668431001890713e+04 -2.307567344045368630e-05
2.777643688250242340e-02 -8.336509146341464043e-06 -5.595673756097560981e+05 2.441406250000000136e-05 -5.313333658536585426e+04 -1.533322217987804885e-05
3.269804980233311648e-02 -2.148437499999999875e-05 -3.729745599999999977e+05 4.101562500000000255e-05 2.339243800000000192e+04 -5.712890625000000331e-05
3.761648458559932462e-02 -1.300546822319622436e-05 -3.199489683074848144e+05 2.658712807653405315e-05 -5.325973836817262054e+04 -3.965433111724544905e-05
4.263843696389812976e-02 -3.337860107421875000e-06 -2.392377500000000000e+05 -9.775161743164062500e-06 -3.454548214285713766e+04 -3.942421504429408240e-06
4.756514582339458480e-02 1.448021151330135190e-05 -1.869538805058875005e+05 -2.725686873092019260e-05 -2.960665678150894018e+04 4.344063453990405739e-05
5.262096060748640974e-02 1.101547412658005513e-05 -1.615736966292134894e+05 -2.342395568161867981e-05 -2.822658146067415510e+04 3.752011931344364641e-05
5.756031740041873956e-02 -5.410449339611695268e-06 -1.333403069306930702e+05 1.760520557365795170e-05 -1.651173638613861476e+04 -2.147065530909170200e-05
6.254738279606215923e-02 -3.592945180279617363e-07 -1.126278969830757851e+05 -7.964361816286484236e-06 -1.200759185675741901e+04 -2.589914650784890761e-06
6.757793472572401483e-02 -2.507375707106765950e-06 -9.755267486818980251e+04 -2.956557986187389998e-06 -8.469954305799648864e+03 4.141527655254558089e-06
7.255917516659465827e-02 -2.815086246977868864e-06 -8.403460070671378344e+04 -2.769681630091128880e-06 -9.523099869815881902e+03 3.848041281151200013e-06
7.753384299139773339e-02 -7.356095162370271340e-07 -7.022412855708069401e+04 1.736855802226314096e-06 -1.054400870438567108e+04 -6.308873281616170540e-06
8.251793356505521260e-02 1.080265832603524732e-06 -5.941371100917431613e+04 -2.980642362472114174e-06 -3.412393348623853399e+03 6.935636111355703386e-06
8.752751931716111489e-02 5.125149831540754608e-06 -5.088351639238046482e+04 -7.497904383179992963e-06 -9.840623040041467902e+03 1.191913703106777292e-05
9.254701955136974967e-02 -6.259302714790336840e-07 -4.252504284412032575e+04 -1.328363131694393845e-06 -5.557386508659981700e+03 2.505459781114687933e-06
9.754963178921903511e-02 -1.814506895739558310e-06 -3.674181178687323700e+04 4.638492979953940979e-06 -4.396535538574269594e+03 -4.565018228894064420e-06
1.025319613041059119e-01 -1.202381126876172739e-07 -3.245241275797373237e+04 1.056377704326923136e-06 -4.749501688555346846e+03 4.702169049747889451e-07
1.075116003998943526e-01 1.766696459338387257e-06 -2.953937698139214262e+04 -2.313531077705031189e-06 -4.764125775327360316e+03 4.805835011414542008e-06
1.125102861506304813e-01 7.548600912112546065e-07 -2.557640009275720877e+04 1.887150228028136516e-07 -3.151413465254695893e+03 9.435751140140682250e-09
1.175500852175193622e-01 1.796938891160574626e-06 -2.344482434931019816e+04 -7.074904329931731527e-07 -4.146307779832171946e+03 -4.855858416632591619e-06
1.225369446564099490e-01 1.293032108573320182e-07 -2.092900417080437182e+04 8.404708705726581578e-07 -3.052749155908639750e+03 -2.117340077788811761e-06
1.275260957852891452e-01 -1.643197269888430772e-06 -1.843732233810332400e+04 2.716456747968711843e-06 -2.823370603929177832e+03 -1.422994032144373087e-06
1.325302087090364789e-01 1.657651962572246189e-06 -1.628499410807474305e+04 -6.116872737921552718e-06 -2.483588575276359279e+03 5.853155380239604928e-06
1.375062694904859717e-01 -8.829795571541710249e-07 -1.438542090813094001e+04 2.439472718123020133e-06 -2.207504751847940952e+03 2.231618041347676805e-07
1.425134422753508989e-01 1.347483772077174142e-07 -1.304278441159531576e+04 -9.461679530020157737e-07 -2.281666922633902686e+03 2.317818553600139285e-06
1.475259222195813014e-01 9.176546340379971466e-07 -1.186124925964736394e+04 8.620392016720579320e-07 -2.518529500205020668e+03 -3.181202731331723498e-06
1.525299430011916868e-01 -2.130367161657586997e-06 -1.118554683801149804e+04 5.862581435594762066e-06 -1.866835982414609362e+03 -5.776087174272069432e-06
1.574945685492469272e-01 -2.024055814494277225e-07 -9.795521980021838317e+03 1.281079228929914631e-06 -1.688555829659885831e+03 -1.540874197802503192e-06
1.625189323163163113e-01 1.672897895757299328e-06 -8.950950656934306608e+03 -3.620899506729015039e-06 -1.673582043795620621e+03 4.565663581346943949e-06
1.675461007718098694e-01 -5.599306493250818586e-07 -8.007884965831434783e+03 2.042850763759743417e-06 -1.193277334851936075e+03 -2.980300125608682960e-06
1.725292014006662711e-01 4.144523910571250137e-07 -7.122962982496621407e+03 -1.116607170081089212e-06 -1.719160760787157642e+03 6.543720397637373557e-07
1.775301965061671094e-01 6.932312042529025654e-08 -6.667841998990408683e+03 -2.041180768077990821e-07 -1.649615598182735994e+03 -4.040960228124211534e-06
1.825147654490652804e-01 -1.904136754409288259e-06 -6.179450146237702938e+03 3.577469053738663047e-06 -1.407734704127153009e+03 -1.009769490974622498e-06
1.875360723572403465e-01 5.933026361731843882e-07 -5.693258994413407891e+03 -8.422169605446927597e-07 -1.148602122905027954e+03 4.658619118802374682e-06
1.925323683450522461e-01 -6.553255236224161594e-07 -4.801520402698939506e+03 -8.947399605567901106e-07 -1.021163542893863109e+03 -9.983091751691856947e-07
1.975198663583639380e-01 -2.223109270266852018e-07 -4.552839964588339171e+03 -4.230082917035537933e-07 -1.131307347919564791e+03 3.280629999525736369e-07
2.025153694923672032e-01 3.408674773684020125e-07 -4.023011097172633526e+03 -7.697126297811324961e-07 -6.816940075267780230e+02 9.354529987715460574e-07
2.075088499274508613e-01 -2.417981183734457193e-07 -3.636848840138313335e+03 1.867995290208729471e-06 -1.033998213835901879e+03 -1.858735680184312813e-06
2.125178062418619784e-01 -1.499510951682230849e-06 -3.450858090417175845e+03 2.720693494038008447e-06 -8.101734159539187203e+02 -6.393896053964751756e-06
2.175004174234404231e-01 -1.643906236848750160e-07 -3.166424711724602275e+03 2.193587384795050989e-06 -6.562706842858345908e+02 -4.301126552505050132e-06
2.225093171556767890e-01 -1.298594762711530651e-07 -2.800385177596974245e+03 -1.043685420401489282e-06 -6.128867043596461599e+02 1.398394175031027844e-06
2.275289586476768322e-01 -5.360312398352594647e-07 -2.474427062605235278e+03 8.367459332068919686e-07 -6.280359329557630872e+02 -1.582255612356856674e-06
2.325285406108919262e-01 3.153181448165463103e-07 -2.159800920451858474e+03 8.660146230876977133e-08 -5.680729812817201037e+02 1.576035586503829331e-06
2.375276552426477672e-01 -1.670983579880031615e-07 -2.097858182457373914e+03 3.576655864799393781e-07 -6.233377394972754928e+02 -3.729874062232213657e-07
2.424991024241769377e-01 9.814796874736211997e-08 -1.912113990512045575e+03 7.706289987079626616e-07 -4.450410413114311154e+02 -8.851671630236998860e-07
2.474998551644826128e-01 7.612293742995516666e-07 -1.765915209734229848e+03 -1.637278326879202752e-06 -5.970485430675632870e+02 3.362625713268992036e-06
2.525200307756395035e-01 -8.805779676263339583e-07 -1.404673677698731808e+03 2.090060006639296090e-06 -6.171814413857099453e+02 -3.154603018319684614e-06
2.575182250600202005e-01 -2.728641215259667394e-07 -1.276236226808732454e+03 6.676075506668653737e-07 -3.095739810744356078e+02 -1.106464012787795292e-06
2.625255687975799335e-01 -3.889350153290280522e-07 -1.060599532150396499e+03 1.195207966804341110e-06 -4.050584241456039081e+02 -1.995196363960893248e-06
2.675305520911575030e-01 -2.275512929606053460e-07 -9.826323304014028963e+02 1.040836469653139162e-06 -3.105084712997610836e+02 -7.690390919501939578e-08
2.725404586615198799e-01 -3.933837199794966550e-07 -9.611785053154915204e+02 -7.694412048246226391e-07 -3.462464431163061249e+02 5.519364255559231350e-07
2.775333197047151201e-01 1.593442443521079291e-07 -7.625149016465478553e+02 -3.384093110250213131e-07 -4.685390958203013838e+02 3.319014396591555135e-07
2.825123907298719983e-01 5.503077139813500037e-08 -6.762280985611066626e+02 3.833307843281047407e-07 -2.928212190452665027e+02 -1.943980845793707262e-07
2.875104651677040102e-01 1.709709174786918221e-07 -5.642222754261636055e+02 -3.280595809740710538e-07 -3.097982426738172421e+02 5.826893448258834224e-08
2.924971317655564174e-01 1.590982179238576239e-07 -4.229759215804135692e+02 -1.437528243990509596e-07 -2.908007490550115790e+02 4.148988726290400456e-07
2.975058823671092867e-01 -5.013544048596927153e-08 -3.928330965278394160e+02 1.036584107345040437e-07 -2.936036986058076650e+02 -2.613479211819276654e-07
3.025121359101998753e-01 -4.367829193726087066e-07 -3.418072716268211479e+02 1.136814747579850897e-06 -2.320880420215295601e+02 -1.879838400327001248e-06
3.075010376196579687e-01 -1.479872106390761490e-07 -2.979736217797982931e+02 1.786052542195746421e-08 -2.531059831739562185e+02 -8.228599212258975219e-08
3.125134169243361515e-01 -6.382119696360345695e-08 -1.589158254574703335e+02 7.584903792982103993e-07 -1.861671827870500806e+02 -6.179610129071988367e-07
3.175159688234982513e-01 -2.674271761501508104e-07 -1.587235610220942874e+02 5.738291649679244893e-07 -2.638706565413445446e+02 -1.527362947193882595e-06
3.225221380836135188e-01 5.398333151430054643e-07 -6.644676703794601735e+01 -2.065424156657070102e-07 -1.828682839343024398e+02 1.231980859411872461e-06
3.275181733526948968e-01 1.745637104891706665e-07 -3.444518002591632921e+01 -9.516264411618382565e-07 -2.710221399481673643e+02 1.081772443763594537e-06
3.325123842131759710e-01 6.515223453748098655e-08 2.444091640943985411e+01 -4.126308187373795682e-08 -2.136234555271889519e+02 -3.860269896345748555e-07
3.374959366892091861e-01 -1.079870858222681689e-07 9.783669376029149589e+01 3.330492795409557517e-07 -2.461933398731738123e+02 -9.271118989468740420e-07
3.424919221947719805e-01 -6.917951853919942925e-08 1.539739476118644177e+02 -3.194466003133620821e-07 -1.393391894256973558e+02 1.012259131566226898e-07
3.475179778446125245e-01 1.849580403890449793e-07 1.845526186820008547e+02 -1.844595011966216672e-07 -1.837088084425131456e+02 1.100026728082015474e-06
3.525052850529177828e-01 6.791294030291993090e-09 2.047784767683218945e+02 -1.504895939492730257e-07 -2.233551013891106436e+02 -4.066782181928775750e-08
3.575133254796376558e-01 -9.414601861955913961e-08 1.695980869311954393e+02 5.385620071342482247e-08 -2.496014593281265661e+02 -1.179895211612518286e-07
3.625250227669692404e-01 -1.766616690322193476e-07 1.981774130402047831e+02 4.461776993034510821e-08 -2.613112483059779834e+02 2.997733979066475905e-09
3.675230446100045678e-01 -1.476721597479660068e-07 2.220037034606944815e+02 5.489455294284559823e-07 -2.100201940671726106e+02 -1.935937517976513000e-07
3.725177060730277545e-01 -1.784220003019755385e-07 2.459437360626679663e+02 1.982709025360583839e-07 -2.564807307450397502e+02 -2.976790035600502827e-07
3.775163034622419089e-01 1.896024568209086967e-07 2.748434226767157611e+02 -1.406761846667896442e-07 -3.162332351866281215e+02 1.044786346069599381e-06
3.825226892977953153e-01 8.000554265202702512e-08 2.293187027027026943e+02 -2.791945998733108284e-07 -4.044437837837837719e+02 -6.669534219277871050e-07
3.875130067694269043e-01 -3.104466155909386570e-07 2.297801106427818922e+02 1.921920052820814859e-09 -2.023471417281348863e+02 -6.447821949756812098e-07
3.924957861003909865e-01 1.042525960791925554e-07 3.266424741737199611e+02 -1.019200485927292290e-07 -2.459009944324654953e+02 4.166727787595189361e-07
3.975064703251052212e-01 1.402889719890341501e-07 2.821392974412985950e+02 -4.762640437201846343e-07 -3.579536831670900483e+02 8.890482729588083301e-07
