3.798113400606732779e-03 -1.644736842105263067e-02 1.979387957894736826e+08 3.782894736842105227e-02 3.905082475789473653e+08 -5.468750000000000000e-02 1.963913162105263174e+08 0.000000000000000000e+00 2.456028968421052396e+08 0.000000000000000000e+00 -2.170335393684210479e+08
8.299341265228576958e-03 4.638671875000000000e-03 7.157699200000000000e+07 -1.257324218750000000e-02 3.742575600000000000e+07 3.103637695312500000e-02 1.902837600000000000e+08 0.000000000000000000e+00 2.199227200000000000e+08 0.000000000000000000e+00 1.569721280000000000e+08
1.293222767532251419e-02 -6.220143312101911615e-04 4.859765727388535440e+07 -4.217257165605095906e-03 1.993182899363057315e+07 2.279682523885350354e-03 1.383226113630573452e+08 0.000000000000000000e+00 9.187956749044586718e+07 0.000000000000000000e+00 1.563351887898089178e+07
1.764839556552980082e-02 -5.351027397260273676e-05 3.295052098630136624e+07 -1.685573630136986099e-03 1.211733128767123260e+07 2.361140839041095570e-03 1.123757098082191646e+08 0.000000000000000000e+00 1.008309374246575236e+08 0.000000000000000000e+00 8.266680460273972154e+07
2.256548662787912635e-02 -3.662570888468809349e-03 2.332697358034026623e+07 3.603497164461247782e-03 2.314186767485822551e+06 -6.542414933837429128e-03 8.096869044990548491e+07 0.000000000000000000e+00 6.352021051039697975e+07 0.000000000000000000e+00 -2.611406155009451788e+06
2.777643688250242340e-02 3.429878048780487599e-04 1.262953272195122018e+07 -1.619664634146341384e-03 -2.119868097560975584e+05 2.453315548780487815e-03 5.939867348292683065e+07 0.000000000000000000e+00 4.266426567804878205e+07 0.000000000000000000e+00 1.060283317073170654e+07
3.269804980233311648e-02 -1.105468750000000114e-03 9.533149184000000358e+06 4.326171874999999722e-03 8.524405760000000009e+05 -3.340332031250000094e-03 4.863355289599999785e+07 0.000000000000000000e+00 4.405853798399999738e+07 0.000000000000000000e+00 -9.185731840000000084e+05
3.761648458559932462e-02 -1.017389792650033635e-04 6.730687784221173264e+06 -2.039718370701281130e-04 1.658147215104517760e+06 -1.385123522315407979e-03 3.817370635738368332e+07 0.000000000000000000e+00 2.954944440188806504e+07 0.000000000000000000e+00 6.949146411328388378e+06
4.263843696389812976e-02 -3.269740513392857046e-05 4.405840857142857276e+06 -2.844674246651785637e-04 1.998266785714285506e+05 3.561292375837053184e-04 3.131155885714285448e+07 0.000000000000000000e+00 2.445479085714285448e+07 0.000000000000000000e+00 6.496651428571428172e+06
4.756514582339458480e-02 1.771696467509812451e-04 3.477825535106847063e+06 -6.541648495420846225e-04 3.622837086785869906e+05 1.015318360226777090e-03 2.620569354382904619e+07 0.000000000000000000e+00 2.073234789707806334e+07 0.000000000000000000e+00 -5.005579276057566749e+05
5.262096060748640974e-02 8.306610450316010688e-05 2.789479910112359561e+06 -2.625283230556530747e-04 3.976081348314606585e+05 2.940638681476035626e-04 2.269323361797752604e+07 0.000000000000000000e+00 1.630540512359550595e+07 0.000000000000000000e+00 1.843548044943820219e+06
5.756031740041873956e-02 1.359694074876237646e-05 2.040908673267326783e+06 -1.693574508818069320e-04 3.195980198019801755e+05 7.006201413598390874e-05 1.864546217821782082e+07 0.000000000000000000e+00 1.303117433663366362e+07 0.000000000000000000e+00 2.315628356435643509e+06
6.254738279606215923e-02 7.664949717929849809e-06 1.609550928623988060e+06 -4.330696590630365235e-04 2.476638155506499752e+05 2.874356144223693551e-05 1.619627219229825772e+07 0.000000000000000000e+00 1.073187866372332536e+07 0.000000000000000000e+00 1.554939353446161374e+06
6.757793472572401483e-02 -1.029767135325131833e-05 1.322928702987697674e+06 -6.350230667838313082e-05 1.547709525483303878e+05 -2.355592322056238822e-04 1.441017251318101771e+07 0.000000000000000000e+00 9.903801363796133548e+06 0.000000000000000000e+00 -4.872615817223198246e+05
7.255917516659465827e-02 9.080923377347963662e-05 1.078120980472382391e+06 -7.010472847312628169e-05 5.092340264087781543e+04 1.916982924958155116e-04 1.284589089231913723e+07 0.000000000000000000e+00 8.234739478519620374e+06 0.000000000000000000e+00 1.537428781848614453e+05
7.753384299139773339e-02 5.884876129896217072e-06 8.846218413123536156e+05 -4.413657097422163058e-05 1.081944532976230403e+05 -1.326549160947439079e-04 1.165931130900569260e+07 0.000000000000000000e+00 6.427577036491462961e+06 0.000000000000000000e+00 4.745188831603616127e+05
8.251793356505521260e-02 4.689627831135321785e-06 6.937249908256881172e+05 -4.756122554114105536e-05 9.026064220183486759e+04 -2.507113535469825214e-04 1.006303001834862493e+07 0.000000000000000000e+00 5.263355889908256941e+06 0.000000000000000000e+00 -3.505248807339449995e+05
8.752751931716111489e-02 6.074251652196449781e-06 5.251153474147985689e+05 7.795289620318776710e-05 8.742166956071012828e+04 -8.579880458727485104e-05 9.009420838149540126e+06 0.000000000000000000e+00 5.306825794479720294e+06 0.000000000000000000e+00 1.228641961383957649e+06
9.254701955136974967e-02 6.810121353691886415e-05 4.400425013673655340e+05 -1.417662517092069285e-04 7.335611668185961207e+03 1.515029448211030016e-04 7.967985764813126065e+06 0.000000000000000000e+00 3.577296393801276106e+06 0.000000000000000000e+00 -3.534175387420236948e+05
9.754963178921903511e-02 6.297105621270804928e-05 3.437544042709096684e+05 -6.256215325028786846e-05 3.800290924316968449e+04 2.198875680414529498e-04 7.295927431382811628e+06 0.000000000000000000e+00 3.344194485501936637e+06 0.000000000000000000e+00 3.768340902334345155e+05
1.025319613041059119e-01 -7.035647279549718568e-05 2.910907317073170561e+05 1.832199812382739109e-04 4.667621163227016950e+04 -1.586685037523452232e-04 6.558030288930581883e+06 0.000000000000000000e+00 2.868908331707316916e+06 0.000000000000000000e+00 1.862311264540337725e+05
1.075116003998943526e-01 3.693236884045486036e-05 2.321437904893177038e+05 6.650350243366643212e-05 3.333917022742935660e+04 6.743943091510165892e-05 6.094801422467263415e+06 0.000000000000000000e+00 2.546987754651964176e+06 0.000000000000000000e+00 -2.723369813921433524e+05
1.125102861506304813e-01 1.056804127695756449e-05 1.929809210790755169e+05 4.378188529025276379e-06 5.340015150343975256e+04 2.917534252531499037e-05 5.735241552755662240e+06 0.000000000000000000e+00 2.584557953157610260e+06 0.000000000000000000e+00 3.407664144701244659e+05
1.175500852175193622e-01 -2.500088892049495040e-06 1.745492362395107339e+05 4.847394574029299260e-05 4.629083771867444011e+04 -4.982816055681979717e-05 5.254653596927890554e+06 0.000000000000000000e+00 1.951050313184468774e+06 0.000000000000000000e+00 1.841045245342056733e+05
1.225369446564099490e-01 -7.240979808010592552e-05 1.312808590532936214e+05 2.017130089374379596e-04 3.383844819596160232e+04 -2.330043859649123003e-04 5.009973386295928620e+06 0.000000000000000000e+00 1.795704975041377125e+06 0.000000000000000000e+00 -5.473277881496193731e+04
1.275260957852891452e-01 2.652801358234295378e-05 1.235762153771525482e+05 -4.073944943002667975e-05 2.942621974290565049e+04 -2.676487084647101520e-05 4.754575802085859701e+06 0.000000000000000000e+00 1.592605244724714896e+06 0.000000000000000000e+00 1.589589405772495666e+05
1.325302087090364789e-01 5.490800880983109624e-05 8.589839313169855450e+04 -7.852612437573648944e-05 2.775396936198866388e+04 8.952690558189775561e-05 4.411688724987374619e+06 0.000000000000000000e+00 1.607152514449245296e+06 0.000000000000000000e+00 5.543287043375792564e+04
1.375062694904859717e-01 4.117133876715944857e-05 8.189776557550158759e+04 1.095023552996304112e-04 2.456937529039070796e+04 -1.874269124950501465e-04 4.200226115311509930e+06 0.000000000000000000e+00 1.187897093136219541e+06 0.000000000000000000e+00 2.276569613516367390e+05
1.425134422753508989e-01 2.295702243862785390e-05 6.034026646189287567e+04 -8.273843291808648701e-06 2.003614359761950254e+04 8.038582877797891349e-05 3.889401267037819140e+06 0.000000000000000000e+00 1.036421774620848475e+06 0.000000000000000000e+00 1.407928984449990385e+05
1.475259222195813014e-01 1.423755068568044105e-06 5.724515267210351158e+04 5.196706000273360889e-05 4.017363889015444875e+04 1.690709143924552462e-05 3.713533364071256015e+06 0.000000000000000000e+00 9.533024316369766602e+05 0.000000000000000000e+00 5.349086700988655502e+04
1.525299430011916868e-01 -8.586616503212714878e-06 3.919826851538721530e+04 2.278755918160297586e-05 2.241770172472099875e+04 8.338925642543117904e-06 3.480252904971254524e+06 0.000000000000000000e+00 9.113491782211700920e+05 0.000000000000000000e+00 2.586181778829895193e+05
1.574945685492469272e-01 1.516560844421078059e-05 4.044569903344522027e+04 -4.296922392526387834e-05 2.318551219314918853e+04 1.895701055526347574e-05 3.281427567274638917e+06 0.000000000000000000e+00 7.618124343430257868e+05 0.000000000000000000e+00 8.130736312532858574e+04
1.625189323163163113e-01 3.414404653284671890e-05 2.458444613138686327e+04 -3.517763458029197202e-05 1.313798306569343185e+04 -2.162515682025547501e-05 3.184603225693430752e+06 0.000000000000000000e+00 6.778750691970803309e+05 0.000000000000000000e+00 1.037729728467153327e+05
1.675461007718098694e-01 -3.096943292639521426e-05 2.543732346241457708e+04 7.241842143899487774e-05 2.470063781321184433e+04 -1.088318357706612985e-04 3.003074769931662828e+06 0.000000000000000000e+00 7.241584692482915707e+05 0.000000000000000000e+00 6.553649202733485436e+04
1.725292014006662711e-01 3.138571505092791126e-05 1.309424346507565133e+04 -6.262657295546693163e-05 2.739426996736658475e+04 3.983973906656887914e-05 2.882789021986353677e+06 0.000000000000000000e+00 5.663624949072090676e+05 0.000000000000000000e+00 1.055719798266143771e+05
1.775301965061671094e-01 -2.561874428161281991e-05 1.097183139828369531e+04 2.165192127949899131e-05 1.482821403331650617e+04 -1.246680038737143440e-04 2.760828833922261372e+06 0.000000000000000000e+00 5.367214457344774855e+05 0.000000000000000000e+00 -4.153994447248864162e+03
1.825147654490652804e-01 -7.169363385919820156e-06 1.068950409170137937e+04 -4.566321890971668137e-05 1.899597672013944248e+04 -5.532635230638276213e-05 2.637689681113179307e+06 0.000000000000000000e+00 4.315102843806316378e+05 0.000000000000000000e+00 2.737028473514727375e+04
1.875360723572403465e-01 -2.438678421787709568e-05 6.447296983240223199e+03 2.081332925977653672e-05 2.035341229050279435e+04 7.385594884776536655e-06 2.571512048268156592e+06 0.000000000000000000e+00 4.472042547486033291e+05 0.000000000000000000e+00 8.007738636871508788e+04
1.925323683450522461e-01 7.778926415069078892e-06 -3.374637196101531345e+02 -4.538578663850808263e-05 1.681703844918067989e+04 4.905462903385053559e-05 2.459643832494377159e+06 0.000000000000000000e+00 3.192242955981578561e+05 0.000000000000000000e+00 3.670202848880796864e+03
1.975198663583639380e-01 -1.057211964082458579e-05 -3.013674971544201071e+03 4.298011255849247298e-05 1.660276554951308935e+04 -4.947653187049449731e-05 2.386083953964841086e+06 0.000000000000000000e+00 2.961648880232705269e+05 0.000000000000000000e+00 1.687370433286960761e+05
2.025153694923672032e-01 -1.804609849946926860e-05 -1.674939882273473131e+03 2.014283840345460020e-05 1.289991006465309329e+04 -2.738130284726913091e-05 2.295249113191160839e+06 0.000000000000000000e+00 2.142749149860079342e+05 0.000000000000000000e+00 2.723774042265753451e+04
2.075088499274508613e-01 1.370841586709107211e-05 -2.713850466005633280e+03 2.225101759829627493e-06 1.273328136664453086e+04 1.191659397255490157e-05 2.213659089605899062e+06 0.000000000000000000e+00 2.123325870526002545e+05 0.000000000000000000e+00 1.257503726671093900e+05
2.125178062418619784e-01 -9.812075214915344165e-06 -3.289763309478094016e+03 4.075047524109792380e-06 1.392611206144178868e+04 -5.800284147470654238e-05 2.134164175248734653e+06 0.000000000000000000e+00 2.140180108221330156e+05 0.000000000000000000e+00 1.323839162157444516e+05
2.175004174234404231e-01 -1.216490615268075071e-05 -7.842558707179530757e+03 3.222056224223550261e-05 1.895472906321016853e+04 -3.252879466164464476e-05 2.089462648598602973e+06 0.000000000000000000e+00 1.158783967679488269e+05 0.000000000000000000e+00 3.045932699267738644e+04
2.225093171556767890e-01 -1.181240273044266294e-05 -7.764419455881484282e+03 2.368252078367250472e-05 1.409908488800457053e+04 -2.986286993213293819e-05 2.018638326589310775e+06 0.000000000000000000e+00 1.589168478162368701e+05 0.000000000000000000e+00 1.234078761253718403e+05
2.275289586476768322e-01 1.573759692379075677e-05 -8.277592530231135243e+03 -3.662996921279466141e-05 1.422285014541558303e+04 5.645553423036172458e-05 1.946939366294198669e+06 0.000000000000000000e+00 1.357707638144803350e+05 0.000000000000000000e+00 6.516943762436859106e+04
2.325285406108919262e-01 4.689802266567224019e-06 -6.107454932421371268e+03 3.410765284776162846e-06 1.141463220126243868e+04 5.911993160278682379e-05 1.887044553217033856e+06 0.000000000000000000e+00 1.285652182707874890e+05 0.000000000000000000e+00 1.058386975424299308e+05
2.375276552426477672e-01 1.199889589558797686e-05 -9.753594375109862085e+03 -3.109585109421691214e-05 1.142673594656354362e+04 2.676363170702232504e-05 1.845631824503427837e+06 0.000000000000000000e+00 1.000940290384953405e+05 0.000000000000000000e+00 1.037204092107575998e+05
2.424991024241769377e-01 4.484409028750864989e-06 -8.655807944895581386e+03 -1.292564955345837615e-05 1.909170577212027274e+04 3.157221797815406986e-05 1.793443070180473849e+06 0.000000000000000000e+00 9.643498779396619648e+04 0.000000000000000000e+00 6.334226502118751523e+04
2.474998551644826128e-01 1.188260486711495289e-05 -7.923213832853026361e+03 -2.232678914505283470e-05 9.825400704450848934e+03 1.636985170509125870e-05 1.754014354402817786e+06 0.000000000000000000e+00 5.172300070445084566e+04 0.000000000000000000e+00 9.504516836375280400e+04
2.525200307756395035e-01 6.886985771729044257e-06 -1.004186031549644395e+04 1.878818048252397298e-05 1.306024720074234574e+04 7.234355668110114546e-06 1.707954590287658619e+06 0.000000000000000000e+00 2.550137309000928144e+04 0.000000000000000000e+00 8.678521942468296038e+04
2.575182250600202005e-01 9.721239102898442718e-06 -7.186775113627896644e+03 -3.850658482974442660e-05 1.271441996870575895e+04 3.787354006780418639e-05 1.656306670680277050e+06 0.000000000000000000e+00 2.493407000968631110e+04 0.000000000000000000e+00 5.709366133671112038e+04
2.625255687975799335e-01 7.187571318537113699e-06 -7.686140925429337585e+03 2.994821382723797487e-05 1.431023677754321943e+04 1.417316631126262296e-05 1.624033035202829866e+06 0.000000000000000000e+00 4.298546653734238498e+04 0.000000000000000000e+00 8.484724687624807120e+04
2.675305520911575030e-01 3.128408886925063133e-06 -8.908213915853135404e+03 -3.290223139697048865e-06 1.385546225542315005e+04 -4.989272793802902228e-07 1.588705041465873132e+06 0.000000000000000000e+00 -3.708717637149445636e+02 0.000000000000000000e+00 6.474656798442440049e+04
2.725404586615198799e-01 6.004410568836938710e-06 -8.133397366054899976e+03 1.827148592452530661e-06 9.772104723118422044e+03 1.197492527155947393e-05 1.552215562913206639e+06 0.000000000000000000e+00 -1.127871370391918208e+04 0.000000000000000000e+00 1.036469625006611313e+05
2.775333197047151201e-01 -6.032993964380799973e-06 -7.715036472199964010e+03 1.855334963941375617e-06 1.166837356217850902e+04 -6.200226537661229882e-06 1.519772589655439835e+06 0.000000000000000000e+00 -1.877506139013105212e+03 0.000000000000000000e+00 6.221612593377620215e+04
2.825123907298719983e-01 -1.083126196504662487e-05 -8.792860915210276289e+03 1.693440066695485908e-05 1.184202833323040795e+04 -1.042720041067127731e-05 1.490273989205212099e+06 0.000000000000000000e+00 -1.000944427839189848e+04 0.000000000000000000e+00 6.020252385598715773e+04
2.875104651677040102e-01 -7.014191486305304914e-06 -7.772299559471365683e+03 2.992721700823596922e-06 1.209816969929132392e+04 -1.122270637808848888e-05 1.462292495690480806e+06 0.000000000000000000e+00 -3.282926642405669554e+04 0.000000000000000000e+00 9.104838460065121762e+04
2.924971317655564174e-01 3.093066906333444785e-06 -5.705328601648383483e+03 -1.035161442740061699e-05 1.116040846617114948e+04 1.024437305656058779e-06 1.427318952155266888e+06 0.000000000000000000e+00 -3.308911193055057811e+04 0.000000000000000000e+00 2.873131479961622244e+04
2.975058823671092867e-01 7.789285936043090179e-06 -6.223980818754995198e+03 -1.873608836377347692e-05 1.021308231950981281e+04 4.919396127670825930e-05 1.402504263564514695e+06 0.000000000000000000e+00 -4.014038682177426381e+04 0.000000000000000000e+00 8.500274149720273272e+04
3.025121359101998753e-01 9.224802483679909931e-06 -7.248110673987289374e+03 -2.255538090117158615e-05 9.081690199299640881e+03 3.801536881646924167e-05 1.384997828368855640e+06 0.000000000000000000e+00 -4.150033807444554986e+04 0.000000000000000000e+00 7.481990955860100803e+04
3.075010376196579687e-01 4.388586246538120117e-06 -5.541754548779850666e+03 -2.517823783769661145e-05 8.208383090348539554e+03 5.707713624131264568e-06 1.357343040518367663e+06 0.000000000000000000e+00 -5.146281435961749958e+04 0.000000000000000000e+00 7.360995399487903342e+04
3.125134169243361515e-01 3.240153076613714282e-06 -5.583432455258395748e+03 -1.005429318318922205e-05 1.061705690729941671e+04 1.297043095214156460e-05 1.336528506414639065e+06 0.000000000000000000e+00 -6.573346438769354427e+04 0.000000000000000000e+00 5.249814598833701893e+04
3.175159688234982513e-01 -3.079609813244785788e-06 -4.054742442848581959e+03 1.531650176587321237e-05 9.103722883162557991e+03 -6.474615802846027687e-06 1.307973344912615139e+06 0.000000000000000000e+00 -5.981936666306451662e+04 0.000000000000000000e+00 5.684373981982690020e+04
3.225221380836135188e-01 -4.904014064564848324e-06 -4.024389352463659179e+03 -3.078835897677931024e-06 9.171529242967717437e+03 -3.542965800217104275e-05 1.286522437304134481e+06 0.000000000000000000e+00 -6.797135888238626649e+04 0.000000000000000000e+00 5.637385810836323071e+04
3.275181733526948968e-01 1.202173384857460258e-06 -3.894677823028508101e+03 -2.680033147445390495e-06 8.453502554609403887e+03 -1.999856100749722258e-07 1.269658396149574313e+06 0.000000000000000000e+00 -7.192710018511662201e+04 0.000000000000000000e+00 4.821063369122547010e+04
3.325123842131759710e-01 1.155366292464662897e-06 -3.191876246475177595e+03 -6.919167307880481282e-06 7.914812030208954639e+03 5.949484883847639283e-06 1.250226710622058949e+06 0.000000000000000000e+00 -8.749118414474678866e+04 0.000000000000000000e+00 6.920521415800102113e+04
3.374959366892091861e-01 3.421373016151070363e-06 -2.554786812878814544e+03 9.032424762638825420e-06 8.299545247521284182e+03 -1.779113968398556631e-06 1.224553178572679870e+06 0.000000000000000000e+00 -8.567520779175279313e+04 0.000000000000000000e+00 5.543627397260274302e+04
3.424919221947719805e-01 -1.202248471083807758e-05 -4.572985056963555508e+03 2.926675138905962228e-05 6.823493220211853441e+03 -3.842114736575462613e-05 1.212774979039745405e+06 0.000000000000000000e+00 -8.289421196943052928e+04 0.000000000000000000e+00 6.654382785088632954e+04
3.475179778446125245e-01 -2.568473919364850970e-06 -3.159980919397523394e+03 -1.746881330251249656e-06 6.662489495866958350e+03 -2.979070798244682556e-05 1.195017468160878168e+06 0.000000000000000000e+00 -7.770231907733523985e+04 0.000000000000000000e+00 7.569107929558597971e+04
3.525052850529177828e-01 -5.459347681821810885e-06 -2.842281590292192050e+03 1.457612696840571658e-05 6.840130033530256696e+03 -1.049842694383183055e-05 1.177495556250997819e+06 0.000000000000000000e+00 -7.097333699505029654e+04 0.000000000000000000e+00 5.337918416094523127e+04
3.575133254796376558e-01 1.613931747763871025e-06 -2.371054533191284008e+03 -7.388064954328931872e-06 6.514858688904047995e+03 5.237442424645610820e-06 1.165501509576840792e+06 0.000000000000000000e+00 -8.965971521640825085e+04 0.000000000000000000e+00 6.725430858964828076e+04
3.625250227669692404e-01 8.194390199141694608e-06 -1.946988586056316763e+03 -1.373635665280078176e-05 7.368343321788886897e+03 2.346145085336357204e-05 1.148750060533052078e+06 0.000000000000000000e+00 -8.736995127239872818e+04 0.000000000000000000e+00 5.430718313507001585e+04
3.675230446100045678e-01 -6.193887649541806622e-07 -1.911200810678797779e+03 9.080808847115602166e-06 4.933789762993095792e+03 -1.105733535137312311e-05 1.138315275317309424e+06 0.000000000000000000e+00 -8.160701219663335360e+04 0.000000000000000000e+00 5.559558395847458451e+04
3.725177060730277545e-01 1.125149200926296635e-05 -1.789146777974727001e+03 -1.609549663359826388e-05 4.378307278860998849e+03 6.697499477350048419e-05 1.121548925152953248e+06 0.000000000000000000e+00 -9.879214775001429371e+04 0.000000000000000000e+00 6.937997415518325579e+04
3.775163034622419089e-01 -2.107722760841533304e-06 -2.457741265058164117e+03 3.996592519359265274e-06 5.143378683087276841e+03 -1.571448730916557004e-05 1.116113044041897403e+06 0.000000000000000000e+00 -9.487731658173643518e+04 0.000000000000000000e+00 6.668296106081188191e+04
3.825226892977953153e-01 -1.319679054054054074e-07 -1.137401297297297333e+03 -6.202491554054054441e-07 5.849310702702702656e+03 7.687130489864864910e-07 1.098856835459459340e+06 0.000000000000000000e+00 -8.676332627027026319e+04 0.000000000000000000e+00 7.158209037837837241e+04
3.875130067694269043e-01 -2.122402693624868197e-06 -1.519650895679662881e+03 9.036290256190726840e-06 5.023543519494204702e+03 -2.397350315298999230e-06 1.092828338040042203e+06 0.000000000000000000e+00 -8.866570115911486209e+04 0.000000000000000000e+00 5.879017070600632724e+04
3.924957861003909865e-01 6.914161812506034188e-06 -2.154696463167379989e+03 -2.160989846490522318e-05 5.015492961735269091e+03 2.150618603771763435e-05 1.081588549905062420e+06 0.000000000000000000e+00 -1.009070816206996533e+05 0.000000000000000000e+00 7.599937983458308736e+04
3.975064703251052212e-01 -4.268414867418376158e-06 -1.452867306858311167e+03 9.674267006381266282e-06 4.072087925159532006e+03 -1.571387741233504836e-05 1.071503855473638745e+06 0.000000000000000000e+00 -7.039354488569482055e+04 0.000000000000000000e+00 8.481126314354749047e+04
