3.798113400606732779e-03 5.263157894736841813e-02 4.907888842105262727e+07 -1.250000000000000000e-01 -2.870529010526315495e+07 1.562500000000000000e-01 1.037391562105263174e+08 0.000000000000000000e+00 -9.870686315789473057e+07 0.000000000000000000e+00 9.448128000000000000e+07
8.299341265228576958e-03 -1.049804687500000000e-02 3.852293200000000000e+07 2.673339843750000000e-02 9.385210000000000000e+06 -3.628540039062500000e-02 9.724598400000000000e+07 0.000000000000000000e+00 1.631274700000000000e+07 0.000000000000000000e+00 -7.153408000000000000e+07
1.293222767532251419e-02 3.732085987261146535e-03 3.349900555414012820e+07 -9.330214968152866772e-03 1.324637350318471342e+07 1.140152269108280284e-02 8.495839714649681747e+07 0.000000000000000000e+00 3.463747179617834836e+07 0.000000000000000000e+00 2.881994904458598830e+04
1.764839556552980082e-02 1.391267123287671156e-03 2.394037479452054575e+07 -3.692208904109589053e-03 1.148411178082191758e+07 1.110338184931506733e-03 6.166176613698630035e+07 0.000000000000000000e+00 4.050339769863013178e+07 0.000000000000000000e+00 3.173845216438356042e+07
2.256548662787912635e-02 3.544423440453686432e-04 1.557398309262759984e+07 5.907372400756143827e-05 5.748316914933837950e+06 7.384215500945179615e-05 4.908493864650283754e+07 0.000000000000000000e+00 3.519497291493383795e+07 0.000000000000000000e+00 9.341418706994328648e+06
2.777643688250242340e-02 -6.383384146341463663e-04 9.885699121951218694e+06 1.557736280487804961e-03 2.882724214634146541e+06 -1.944788490853658529e-03 3.740500917073170841e+07 0.000000000000000000e+00 2.976908862439024448e+07 0.000000000000000000e+00 2.015392343414634094e+07
3.269804980233311648e-02 4.609375000000000299e-04 6.990761984000000171e+06 -1.027343750000000045e-03 1.585535871999999974e+06 1.485351562500000127e-03 3.029639782400000095e+07 0.000000000000000000e+00 2.752809983999999985e+07 0.000000000000000000e+00 5.320340480000000447e+06
3.761648458559932462e-02 2.923760957518543695e-04 4.001331096426163334e+06 -7.414763149022252000e-04 3.193882454484153423e+05 1.352897947572488180e-03 2.337938798651382327e+07 0.000000000000000000e+00 2.047500359811193496e+07 0.000000000000000000e+00 6.942050913014160469e+06
4.263843696389812976e-02 -3.138950892857142547e-04 3.024251142857142724e+06 -1.569475446428571274e-04 2.164467321428571304e+05 1.874651227678571274e-04 1.944007542857142910e+07 0.000000000000000000e+00 1.601015428571428545e+07 0.000000000000000000e+00 4.377683714285713620e+06
4.756514582339458480e-02 -8.177060619276057781e-05 2.522837240296554752e+06 2.793829044919319844e-04 2.386521203663323249e+05 -4.752916484954208560e-04 1.676115532141299732e+07 0.000000000000000000e+00 1.343676633929350227e+07 0.000000000000000000e+00 6.710811687745312229e+05
5.262096060748640974e-02 -3.332931004213482884e-04 1.750167910112359561e+06 1.337972919592696685e-03 2.039310786516853841e+05 -1.294939705495084170e-03 1.383691505617977493e+07 0.000000000000000000e+00 1.158249995505617931e+07 0.000000000000000000e+00 3.293016449438202195e+06
5.756031740041873956e-02 -4.509652015006188058e-05 1.370799524752475321e+06 1.610859785929764758e-04 1.798971881188118714e+05 -3.673345735757657985e-04 1.194354186138613895e+07 0.000000000000000000e+00 9.394936396039603278e+06 0.000000000000000000e+00 2.651413544554455671e+06
6.254738279606215923e-02 -6.515207260240371914e-05 1.093359485896492377e+06 1.494665194996320687e-04 2.179973706156487606e+04 -2.826450208486632246e-04 1.041302359970566444e+07 0.000000000000000000e+00 6.998892566102526151e+06 0.000000000000000000e+00 -1.398591513367672160e+05
6.757793472572401483e-02 -2.231162126537785412e-05 9.929845202108962694e+05 -1.973720342706502623e-05 1.224111353251318069e+05 2.799679399165202098e-04 9.588969954305799678e+06 0.000000000000000000e+00 7.033301258347978815e+06 0.000000000000000000e+00 1.216815128295254661e+06
7.255917516659465827e-02 -2.034126836525943844e-05 7.271986371582667343e+05 -1.583713037009484826e-04 4.831408443369909219e+04 -7.446357169425330664e-05 8.273667094662451185e+06 0.000000000000000000e+00 5.025659453226706013e+06 0.000000000000000000e+00 4.970972482797098928e+05
7.753384299139773339e-02 4.004985143957147847e-05 6.126314402410446201e+05 -4.258361755105457332e-05 3.806233679276866314e+04 -9.992029262219619400e-06 7.474023445597589947e+06 0.000000000000000000e+00 4.909767691998661496e+06 0.000000000000000000e+00 1.228870620689655188e+06
8.251793356505521260e-02 2.488302528311353286e-05 5.324528807339449413e+05 -1.859577423935636657e-04 8.942154128440367640e+04 3.151018685157146192e-04 6.747992660550459288e+06 0.000000000000000000e+00 4.138254091743119527e+06 0.000000000000000000e+00 -1.317878256880734116e+05
8.752751931716111489e-02 8.782355513800700435e-05 3.818276988467021147e+05 -1.263570890566282387e-04 3.231182065569522092e+04 2.870558456573150431e-04 6.042573974342361093e+06 0.000000000000000000e+00 3.576971461448749527e+06 0.000000000000000000e+00 7.002359341713101603e+05
9.254701955136974967e-02 -1.201786121239744741e-05 2.990833764813126763e+05 1.936210973108477563e-05 -3.012710483135825052e+04 3.555840324464448255e-04 5.351181301731996238e+06 0.000000000000000000e+00 2.575149272561531514e+06 0.000000000000000000e+00 7.879784138559708663e+04
9.754963178921903511e-02 2.862320736941274875e-05 2.420119970689835609e+05 -2.821430440699256793e-05 -3.507040720192609569e+03 1.257376609442060081e-05 5.031088544331623241e+06 0.000000000000000000e+00 2.687308507903276477e+06 0.000000000000000000e+00 5.521145809693289921e+05
1.025319613041059119e-01 2.821587711069418469e-05 2.027722926829268399e+05 -6.156191369606004425e-05 2.951705816135084387e+04 3.810975609756097558e-05 4.441637463414634578e+06 0.000000000000000000e+00 2.191189013133208267e+06 0.000000000000000000e+00 6.941166228893058142e+05
1.075116003998943526e-01 2.120035751206064624e-05 1.873805761543762928e+05 -5.905813878359751840e-05 3.067765954514128316e+04 1.985850948699172981e-04 4.189138481047553476e+06 0.000000000000000000e+00 1.994062864231564337e+06 0.000000000000000000e+00 4.023285237767057260e+05
1.125102861506304813e-01 9.284779121898431321e-06 1.494933044755352894e+05 -7.876965051789441158e-05 2.195422122594109896e+04 3.933764650324650598e-05 3.919502514647909440e+06 0.000000000000000000e+00 1.708801365386101883e+06 0.000000000000000000e+00 4.050239777382700704e+05
1.175500852175193622e-01 -6.416894822927037142e-05 1.355577163988052926e+05 1.159763458256293659e-04 1.822027250746693244e+04 -5.489778525458683192e-05 3.733551187597781420e+06 0.000000000000000000e+00 1.585556444318020251e+06 0.000000000000000000e+00 9.866678196558100171e+04
1.225369446564099490e-01 -6.141902515723270771e-06 9.555712254220456816e+04 8.727966732869911028e-07 1.531835021516054439e+03 7.495545504385965174e-05 3.553865317179742269e+06 0.000000000000000000e+00 1.540934724131082417e+06 0.000000000000000000e+00 2.064843164515061289e+04
1.275260957852891452e-01 -1.883015249818093724e-05 1.010675178268251184e+05 3.475880351079311360e-05 1.849958961920931324e+04 4.137600332737084778e-05 3.394902740722774528e+06 0.000000000000000000e+00 1.463838921173902461e+06 0.000000000000000000e+00 8.886853262187726796e+04
1.325302087090364789e-01 -2.433049492172156527e-05 7.863976387408113806e+04 6.082623730430390977e-05 9.984978620728354144e+03 -7.422444903484652320e-05 3.185366872790527996e+06 0.000000000000000000e+00 1.171276149262106512e+06 0.000000000000000000e+00 -9.110682453285449810e+03
1.375062694904859717e-01 2.186180042238648218e-05 6.245051066525871283e+04 3.093651003167898398e-06 8.652086166842660532e+03 -4.295018809398099029e-05 3.035683358817317989e+06 0.000000000000000000e+00 1.205454421964097070e+06 0.000000000000000000e+00 3.142800895459345193e+05
1.425134422753508989e-01 -1.031118016893837582e-05 5.003242081013630377e+04 3.777641461892877501e-05 -2.431428297177961213e+03 -2.373914888894221547e-05 2.907427925513534341e+06 0.000000000000000000e+00 1.166528454597811447e+06 0.000000000000000000e+00 1.111266438855826418e+05
1.475259222195813014e-01 -3.483194529078773635e-05 4.499067037222652289e+04 9.241894473409949869e-05 5.782263611098455840e+03 -6.799334203188356688e-05 2.740426290035992395e+06 0.000000000000000000e+00 1.012781953801995493e+06 0.000000000000000000e+00 1.380712772335869377e+05
1.525299430011916868e-01 4.177719183293878569e-05 3.927512749408184027e+04 -8.850820087926953119e-05 1.335039161312140641e+04 3.517210221508285507e-05 2.626165394656746648e+06 0.000000000000000000e+00 9.089932336827865802e+05 0.000000000000000000e+00 1.023941778829895193e+05
1.574945685492469272e-01 1.445472054838840046e-05 3.678478359687790362e+04 -2.681627118129979267e-05 1.586864431592995425e+04 6.517459722671573702e-05 2.487278482630323153e+06 0.000000000000000000e+00 7.956489524810934672e+05 0.000000000000000000e+00 5.552507687952440028e+04
1.625189323163163113e-01 1.757099680656934383e-05 3.227580496350365138e+04 4.260877623175183160e-05 1.166595970802919874e+04 -3.254465813184306898e-05 2.371153770510949194e+06 0.000000000000000000e+00 7.612667141605840297e+05 0.000000000000000000e+00 1.582486236496350612e+05
1.675461007718098694e-01 -1.842177267226651334e-05 2.146900911161730983e+04 5.495249546198746913e-05 1.455679384965831377e+04 -7.107154655022067424e-05 2.286106533029612619e+06 0.000000000000000000e+00 7.574899316628701054e+05 0.000000000000000000e+00 1.697274533029612794e+05
1.725292014006662711e-01 -4.860762023271912926e-06 2.235237709727395850e+04 1.807495282163694550e-05 8.663423278504797054e+03 -3.320850080965487977e-05 2.200670882948215120e+06 0.000000000000000000e+00 6.846667132544418564e+05 0.000000000000000000e+00 1.032639293272241921e+05
1.775301965061671094e-01 -1.187736129953306356e-05 2.088297627460878357e+04 4.226399575261862330e-05 1.281199192327107448e+04 -3.176731993488925967e-05 2.129092426047450863e+06 0.000000000000000000e+00 6.430933871781928465e+05 0.000000000000000000e+00 1.523872629984856176e+05
1.825147654490652804e-01 -5.582582757245413132e-06 1.239598262873349267e+04 3.311322666474637258e-05 9.059478980176667392e+03 3.060863769516824568e-05 2.038092590504889376e+06 0.000000000000000000e+00 6.455270709326715441e+05 0.000000000000000000e+00 8.071387538775148278e+04
1.875360723572403465e-01 -2.181580612779329578e-05 1.148514592178770909e+04 2.327860400663407924e-05 1.137069675977653606e+04 1.403041392065293371e-05 2.014013039553072536e+06 0.000000000000000000e+00 6.093636934078212362e+05 0.000000000000000000e+00 1.250062730726256996e+05
1.925323683450522461e-01 1.098201376245046462e-06 1.157223433651065534e+04 4.680429674949126647e-06 1.080854492877797929e+04 9.537355999651922822e-06 1.934854415765234968e+06 0.000000000000000000e+00 5.416377645924815442e+05 0.000000000000000000e+00 1.143091614008782199e+05
1.975198663583639380e-01 5.434267105096749165e-06 4.509546275452130430e+03 -9.238254078664473410e-06 9.835678968003034242e+03 2.575101571392436807e-05 1.872288593297078507e+06 0.000000000000000000e+00 4.796308251422789763e+05 0.000000000000000000e+00 1.041199690400910476e+05
2.025153694923672032e-01 2.190975405288044039e-06 4.975151597027887874e+03 1.590224084483257866e-06 9.007675769564799339e+03 -3.843041537501206862e-06 1.829966161150246160e+06 0.000000000000000000e+00 4.939121659751037951e+05 0.000000000000000000e+00 6.041269593746984901e+04
2.075088499274508613e-01 -7.133743330509056890e-06 4.838254322288122239e+03 -2.188203087430442688e-05 1.160651556023723970e+04 1.671342138444892450e-05 1.756081421969818417e+06 0.000000000000000000e+00 4.222310138542215573e+05 0.000000000000000000e+00 2.857298605418031366e+04
2.125178062418619784e-01 -1.206000992756152933e-05 2.517817594693663978e+03 3.015002481890382332e-05 1.315491848490138000e+04 -4.717999466802670557e-05 1.723799705358701525e+06 0.000000000000000000e+00 3.874438233548612334e+05 0.000000000000000000e+00 6.164100401466224866e+04
2.175004174234404231e-01 1.011002335661981318e-05 3.479692955138456455e+03 -3.546727706001178505e-05 6.057971551216227454e+03 2.203861798775355558e-05 1.670196488511068048e+06 0.000000000000000000e+00 3.956075023987879977e+05 0.000000000000000000e+00 4.045256257890749839e+04
2.225093171556767890e-01 -5.579147869427316666e-06 5.394426035736096310e+02 7.060507820964914084e-06 1.280520588640885762e+04 -1.806008642215480562e-05 1.612132859793936368e+06 0.000000000000000000e+00 3.324436445302495849e+05 0.000000000000000000e+00 6.328351671558873932e+04
2.275289586476768322e-01 3.353990677139139931e-06 1.021553803765498287e+03 8.954874830189039946e-06 6.069695392622073086e+03 -9.420836626908579375e-06 1.587796876167151378e+06 0.000000000000000000e+00 3.503606281953161233e+05 0.000000000000000000e+00 4.129765804377774475e+04
2.325285406108919262e-01 3.268650064577156237e-06 -5.853744565513979978e+02 -1.477998290069670595e-05 7.062155458133993307e+03 9.095374092736434820e-06 1.541974826623979025e+06 0.000000000000000000e+00 3.406912990740909590e+05 0.000000000000000000e+00 3.508069896130828420e+04
2.375276552426477672e-01 -1.556938280014062169e-05 -2.642117208648268843e+03 4.990957055282123546e-05 7.518882896818421614e+03 -5.034944423998066629e-05 1.509047614413781092e+06 0.000000000000000000e+00 3.385702193004043074e+05 0.000000000000000000e+00 4.299385227632273018e+04
2.424991024241769377e-01 3.750746522208904082e-06 -6.455845221413738955e+02 7.736429914490233067e-06 1.000280249185420325e+04 1.047426879072898652e-05 1.456779571927810553e+06 0.000000000000000000e+00 2.926390529603430768e+05 0.000000000000000000e+00 3.479588364594060840e+04
2.474998551644826128e-01 1.266435518731988453e-06 -2.485150176112711961e+03 -2.774431886407300777e-05 8.811552993916106061e+03 -4.202103408681556046e-05 1.429412059686199063e+06 0.000000000000000000e+00 2.478268208773615188e+05 0.000000000000000000e+00 5.422687006083893357e+04
2.525200307756395035e-01 -1.721746442932261064e-05 -3.742638787503866752e+03 3.857316153727188569e-05 1.027794271574389131e+04 -5.668925678549335324e-05 1.391489749953603605e+06 0.000000000000000000e+00 2.610966567274976987e+05 0.000000000000000000e+00 3.567826786266626004e+04
2.575182250600202005e-01 6.621502682363460389e-06 -3.929323895387824905e+03 -1.538953645406452452e-05 7.120118500856866376e+03 2.063034668150659251e-05 1.371725343625661219e+06 0.000000000000000000e+00 2.392237807614931662e+05 0.000000000000000000e+00 2.710564661351613177e+04
2.625255687975799335e-01 -9.855051759428309742e-06 -3.997749757516973659e+03 1.566709465217949388e-05 5.972568950761681663e+03 -6.195972029315484749e-06 1.345903137330975151e+06 0.000000000000000000e+00 2.281432067096479586e+05 0.000000000000000000e+00 3.175359616591544545e+04
2.675305520911575030e-01 -9.412195702903852911e-06 -3.608238273428977664e+03 2.293717033042901892e-05 8.818691153118570583e+03 -1.940085468130790523e-05 1.316337584733709693e+06 0.000000000000000000e+00 2.312122603112356737e+05 0.000000000000000000e+00 1.261521912152552432e+04
2.725404586615198799e-01 -6.404704606759401291e-06 -3.805651240281376886e+03 1.818109694822023516e-05 6.329085735441899487e+03 -2.169335431321732608e-05 1.287235862273232080e+06 0.000000000000000000e+00 2.031871742740783666e+05 0.000000000000000000e+00 5.783799185486856732e+04
2.775333197047151201e-01 1.426209870240649276e-06 -5.438576472716933495e+03 2.883973056194587109e-06 8.056099051360922203e+03 -8.278012377381289858e-06 1.270418227104712045e+06 0.000000000000000000e+00 1.957047905497970933e+05 0.000000000000000000e+00 2.732135962984981961e+04
2.825123907298719983e-01 -1.592123139628234540e-06 -3.978439276230470114e+03 -4.221538627802136585e-06 4.074752300376705989e+03 -7.628923377385290212e-06 1.247123712616562843e+06 0.000000000000000000e+00 1.841920964367319248e+05 0.000000000000000000e+00 3.946541404310504731e+04
2.875104651677040102e-01 2.674525826627142619e-06 -5.294292664240566410e+03 -1.491629924383274914e-05 7.169785098640107208e+03 7.156073601851858740e-06 1.219505743727255380e+06 0.000000000000000000e+00 1.680684129477111564e+05 0.000000000000000000e+00 2.112076460448190119e+04
2.924971317655564174e-01 -1.896478979065761786e-06 -4.895921950317308074e+03 1.029517160064270787e-05 7.497605659526753698e+03 1.223680484111479623e-05 1.194592157209076453e+06 0.000000000000000000e+00 1.463632511761781934e+05 0.000000000000000000e+00 7.769074292848142250e+03
2.975058823671092867e-01 4.168016619860580379e-06 -3.993197406979841617e+03 1.547423595539916522e-06 4.724061451025663700e+03 -1.117884821646612160e-07 1.174053691856851103e+06 0.000000000000000000e+00 1.334119527573039522e+05 0.000000000000000000e+00 3.162151851522955258e+04
3.025121359101998753e-01 7.810473498767887262e-07 -5.465556352946262450e+03 -1.107187391919934219e-05 6.108633435649128842e+03 -3.190156236489991650e-06 1.151714239764817758e+06 0.000000000000000000e+00 1.374903276122951938e+05 0.000000000000000000e+00 3.677178159180320563e+03
3.075010376196579687e-01 -7.358536473846476021e-06 -4.356562637822020406e+03 1.445681957725871392e-05 5.162849600250823642e+03 -2.435027490920729519e-05 1.137486746386581101e+06 0.000000000000000000e+00 1.301204938705126260e+05 0.000000000000000000e+00 4.556928956471756828e+04
3.125134169243361515e-01 -2.297563090689724503e-06 -4.944249346470943237e+03 3.858727754876332336e-06 5.054114940679670326e+03 2.909510183113814502e-05 1.114328454614920542e+06 0.000000000000000000e+00 1.227086092097325600e+05 0.000000000000000000e+00 5.664196259802935856e+03
3.175159688234982513e-01 1.103287004745016682e-06 -4.072291499248460241e+03 2.905482342495898561e-05 6.860272361996640029e+03 -1.921518225764065567e-05 1.101866371997524286e+06 0.000000000000000000e+00 1.102237398591231031e+05 0.000000000000000000e+00 4.930540421058835818e+03
3.225221380836135188e-01 -1.426957475929771700e-05 -3.753407589201435258e+03 3.515772489144799009e-05 5.368659996224278075e+03 -4.961627011751935609e-05 1.083111535737209721e+06 0.000000000000000000e+00 1.028581998867283401e+05 0.000000000000000000e+00 1.885833037568435248e+04
3.275181733526948968e-01 2.133179840799704025e-06 -4.156179192891521780e+03 1.590845982969270619e-06 5.002808441318030418e+03 -1.305216817845242457e-05 1.072730571492040064e+06 0.000000000000000000e+00 9.333043465383190778e+04 0.000000000000000000e+00 1.352778970751573434e+04
3.325123842131759710e-01 -6.900707508094861526e-07 -4.455032388339842328e+03 1.238706859143857211e-06 4.180688401220456399e+03 -4.153251351031483295e-06 1.048800225730983773e+06 0.000000000000000000e+00 8.808107926737060188e+04 0.000000000000000000e+00 3.053982966988978660e+04
3.374959366892091861e-01 3.951685833654486651e-06 -5.017848439197001426e+03 -1.158562437594156235e-05 5.168808324282661488e+03 7.842428460458781823e-06 1.041980253231965820e+06 0.000000000000000000e+00 8.351167908068528050e+04 0.000000000000000000e+00 -9.878322530918263510e+03
3.424919221947719805e-01 6.511013509571711066e-08 -4.728661193942778482e+03 1.308713715423913976e-05 4.262919300935919637e+03 -1.383590370783988649e-05 1.030298109059997252e+06 0.000000000000000000e+00 8.217018613372893014e+04 0.000000000000000000e+00 1.599329005158806285e+04
3.475179778446125245e-01 1.207461924049236998e-06 -3.706686967033685050e+03 -1.566908681786437719e-06 5.120294834514979812e+03 -3.650179332125310264e-06 1.010837650472114212e+06 0.000000000000000000e+00 6.278206161989086831e+04 0.000000000000000000e+00 1.515623693926226042e+04
3.525052850529177828e-01 -1.185035126935973131e-06 -4.619616669327798263e+03 -2.588366198307520455e-06 5.945121251796264005e+03 1.013516884879450816e-07 9.972924188408111222e+05 0.000000000000000000e+00 7.222891010697749152e+04 0.000000000000000000e+00 1.634723499920166068e+04
3.575133254796376558e-01 5.875647174467889499e-06 -3.848361582267323683e+03 2.496214436541453723e-06 4.566030213610687497e+03 5.833544607134919490e-06 9.836909221512826625e+05 0.000000000000000000e+00 6.559011532064597122e+04 0.000000000000000000e+00 3.350025210199967842e+04
3.625250227669692404e-01 -1.764606234000903381e-07 -3.664152507152537055e+03 -1.646965818400843050e-06 5.084970576720373174e+03 1.061704750790543483e-05 9.723797297997289570e+05 0.000000000000000000e+00 7.637912844451137062e+04 0.000000000000000000e+00 2.124406035235657328e+04
3.675230446100045678e-01 -6.097775599807537054e-06 -3.169361007224664718e+03 1.675375415090144329e-05 3.961487041532707735e+03 -3.052580994407446573e-05 9.673315149632934481e+05 0.000000000000000000e+00 5.835675734313146677e+04 0.000000000000000000e+00 4.893101852459374641e+03
3.725177060730277545e-01 -2.212607299588312776e-06 -2.435948539081708532e+03 3.688842138272628899e-06 4.064569043398707890e+03 -9.533580426893333056e-06 9.487896620733032469e+05 0.000000000000000000e+00 5.664126982674824831e+04 0.000000000000000000e+00 8.997502887529304644e+03
3.775163034622419089e-01 2.491767692803973309e-06 -2.676175615945277059e+03 7.265393588202312088e-06 4.591030981719888587e+03 -1.609508635851930502e-05 9.384918586963267298e+05 0.000000000000000000e+00 4.421761372490880603e+04 0.000000000000000000e+00 9.368877831486473951e+03
3.825226892977953153e-01 -2.428209459459459476e-06 -3.028555243243243240e+03 1.383023648648648719e-05 4.017480216216216377e+03 -1.443728885135135195e-05 9.293233954594593961e+05 0.000000000000000000e+00 4.664084756756756542e+04 0.000000000000000000e+00 2.085756886486486474e+04
3.875130067694269043e-01 7.370525717860906499e-06 -1.832082402528978037e+03 -1.698565307231296161e-05 4.531292729188619887e+03 1.870126191632639855e-05 9.215619102212856524e+05 0.000000000000000000e+00 5.524661074815595930e+04 0.000000000000000000e+00 2.094587481559536536e+04
3.924957861003909865e-01 1.181693109773758606e-06 -1.995078943133910570e+03 -1.382832362501206806e-07 3.581055089627651341e+03 -4.283637522929874787e-06 9.122888335468091536e+05 0.000000000000000000e+00 3.705049368905480515e+04 0.000000000000000000e+00 2.933001548611334874e+04
3.975064703251052212e-01 1.208753983450529853e-05 -2.443512149185304679e+03 -1.944949669610773895e-05 3.156484678768354115e+03 2.168287066055580803e-05 9.085935441918097204e+05 0.000000000000000000e+00 5.587092705532495165e+04 0.000000000000000000e+00 3.372002944055511034e+04
