3.798113400606732779e-03 -2.425986842105263067e-02 5.483745684210526198e+07 4.091282894736841813e-02 1.817706711578947306e+08 -7.365337171052631360e-02 1.038893945263157785e+08 0.000000000000000000e+00 -1.460989305263157748e+07 0.000000000000000000e+00 1.893807157894736826e+08
8.299341265228576958e-03 -1.257324218750000000e-02 7.580248000000000000e+07 2.752685546875000000e-02 9.622019000000000000e+06 -4.145812988281250000e-02 1.486281760000000000e+08 0.000000000000000000e+00 1.604483400000000000e+07 0.000000000000000000e+00 9.831304000000000000e+07
1.293222767532251419e-02 -3.980891719745223130e-04 3.444456193630573153e+07 -4.578025477707006220e-03 4.112304101910828147e+06 -1.940684713375796181e-03 1.057654705732484162e+08 0.000000000000000000e+00 2.014852239490446076e+07 0.000000000000000000e+00 7.773911235668790527e+06
1.764839556552980082e-02 -3.063463184931506517e-03 2.832801315068493038e+07 4.287510702054794093e-03 1.257891945205479302e+07 -1.443105201198630104e-03 8.971433731506848335e+07 0.000000000000000000e+00 6.244772821917808056e+07 0.000000000000000000e+00 6.196576789041095227e+07
2.256548662787912635e-02 -1.314390359168241939e-03 1.771324104347826168e+07 3.994860586011342134e-03 1.138690540642722044e+06 -4.495141186200378274e-03 6.064038182230623811e+07 0.000000000000000000e+00 3.476231452551984787e+07 0.000000000000000000e+00 -1.091487987901701406e+07
2.777643688250242340e-02 1.209984756097560966e-03 1.244711461463414691e+07 -2.262766768292682768e-03 2.344884917073170654e+06 3.664491234756097563e-03 5.432246571707317233e+07 0.000000000000000000e+00 4.960864405853658170e+07 0.000000000000000000e+00 1.703554122926829383e+07
3.269804980233311648e-02 3.671875000000000009e-04 9.253790720000000671e+06 -8.554687500000000009e-04 2.002404351999999955e+06 1.161132812500000056e-03 4.278342860800000280e+07 0.000000000000000000e+00 4.013885030399999768e+07 0.000000000000000000e+00 3.943299839999999851e+06
3.761648458559932462e-02 5.794841537424139924e-05 5.785307231287930161e+06 -1.422370195549561790e-04 1.573480264329062775e+06 -1.580411328388401951e-05 3.143665637761294469e+07 0.000000000000000000e+00 2.683071680647336319e+07 0.000000000000000000e+00 1.040272554551584646e+07
4.263843696389812976e-02 -2.811976841517856911e-04 4.262776000000000000e+06 5.940028599330356368e-04 8.843997857142856810e+05 -1.067842755998883774e-03 2.581234285714285448e+07 0.000000000000000000e+00 2.095132800000000000e+07 0.000000000000000000e+00 7.645176000000000000e+06
4.756514582339458480e-02 -3.407108591365024279e-04 3.101447926733537111e+06 8.040776275621456344e-04 4.818058787614478933e+04 -1.475278020061055470e-03 2.151133993196685612e+07 0.000000000000000000e+00 1.337602567815089412e+07 0.000000000000000000e+00 -2.811414105538595933e+06
5.262096060748640974e-02 3.291783707865168448e-05 2.391225707865168341e+06 1.645891853932584224e-05 4.829986516853932408e+05 -2.976321102528089839e-04 1.779885159550561756e+07 0.000000000000000000e+00 1.150984197752808966e+07 0.000000000000000000e+00 2.981878292134831194e+06
5.756031740041873956e-02 2.728452776918316816e-04 1.759061861386138713e+06 -6.531063872988861901e-04 -7.965927722772277775e+04 4.833334743386448213e-04 1.526009536633663438e+07 0.000000000000000000e+00 9.703079287128712982e+06 0.000000000000000000e+00 1.209258534653465264e+06
6.254738279606215923e-02 1.255135516311012874e-04 1.483387698798135854e+06 1.039558805494235816e-04 2.335559519254353654e+05 -1.388074487981358763e-04 1.364684825116507150e+07 0.000000000000000000e+00 9.088642229090016335e+06 0.000000000000000000e+00 9.217027265145940473e+05
6.757793472572401483e-02 -6.993835127416519885e-05 1.242134720562390052e+06 1.473854212434094703e-04 2.358830369068541040e+05 -1.124698793112917312e-04 1.205319086115992814e+07 0.000000000000000000e+00 7.473764780316344462e+06 0.000000000000000000e+00 3.176696801405975129e+05
7.255917516659465827e-02 -4.867374930258508702e-05 9.602347182443742640e+05 -2.379201924865166607e-04 1.090223872047610203e+05 -2.868663694904221868e-04 1.064975692319137044e+07 0.000000000000000000e+00 6.184034076994607225e+06 0.000000000000000000e+00 8.852275395201785432e+04
7.753384299139773339e-02 -3.473711604452627938e-05 7.296386528289254056e+05 1.522303026657181152e-04 4.816964713759625010e+04 -1.205071422779963269e-04 9.228019915634416044e+06 0.000000000000000000e+00 5.192282332775359973e+06 0.000000000000000000e+00 7.202985523937060498e+05
8.251793356505521260e-02 1.679866685779816607e-06 6.056748623853211757e+05 -1.315895570527523009e-05 4.157022935779816908e+04 1.826155076333142214e-04 8.301741211009174585e+06 0.000000000000000000e+00 4.299103706422018819e+06 0.000000000000000000e+00 2.553158256880734189e+04
8.752751931716111489e-02 1.543872294933264192e-05 4.804921622392121353e+05 -8.731736750032395925e-05 5.195176985875340324e+04 2.455642777309835381e-04 7.331312408448879607e+06 0.000000000000000000e+00 3.511586998056239914e+06 0.000000000000000000e+00 7.240767427756900433e+05
9.254701955136974967e-02 2.372275728905537867e-05 3.883774074749316205e+05 -2.636905138125284718e-05 2.121093527803099278e+04 2.019755277398943026e-05 6.533771551504101604e+06 0.000000000000000000e+00 2.983349090246125590e+06 0.000000000000000000e+00 2.868804667274384410e+05
9.754963178921903511e-02 4.554156743954778600e-05 2.955192396105935331e+05 -1.445216407803831212e-04 6.297161184968073212e+04 1.423557329013137363e-04 5.804079593007432297e+06 0.000000000000000000e+00 2.383953036742384546e+06 0.000000000000000000e+00 2.154768587878153485e+05
1.025319613041059119e-01 1.748605695942776647e-05 2.609203151969981263e+05 -8.988657767061444088e-05 5.177874371482176502e+04 9.657553839191487495e-05 5.375996157598499209e+06 0.000000000000000000e+00 2.352295912945590913e+06 0.000000000000000000e+00 3.450201095684802858e+05
1.075116003998943526e-01 6.730272226050999227e-07 2.067214996554100653e+05 -8.412840282563748240e-06 3.879905444521019672e+04 -6.132960565988973534e-05 5.017295128876636736e+06 0.000000000000000000e+00 1.973990946933149593e+06 0.000000000000000000e+00 1.497406478290833766e+05
1.125102861506304813e-01 2.596718713766715914e-05 1.828828025044446113e+05 -1.177581742289557118e-05 5.423271052021334617e+04 1.275713554147020183e-05 4.596266069722501561e+06 0.000000000000000000e+00 1.788335857772281161e+06 0.000000000000000000e+00 5.550492781943263253e+05
1.175500852175193622e-01 1.750062224434646740e-05 1.425190430948655994e+05 -8.750311122173233698e-06 9.163664912530222864e+03 -1.496580989546295002e-05 4.333998514009387232e+06 0.000000000000000000e+00 1.687083036836865358e+06 0.000000000000000000e+00 1.110757001848954678e+05
1.225369446564099490e-01 -1.137868255544521696e-05 1.162251439920556149e+05 3.879096325719960344e-05 1.295082264150943411e+04 -3.749793114862628395e-06 3.993297104799735360e+06 0.000000000000000000e+00 1.368895266997683095e+06 0.000000000000000000e+00 7.407005362462761695e+04
1.275260957852891452e-01 1.948150997453310785e-05 9.283647829250546056e+04 1.509965058816395799e-06 2.895182925054571751e+04 -4.012510090119451726e-05 3.838816302692214493e+06 0.000000000000000000e+00 1.338145218530196464e+06 0.000000000000000000e+00 1.395816560756730614e+05
1.325302087090364789e-01 -1.490516806015375067e-05 8.304757219011278357e+04 1.534355535604062644e-05 2.540526884013242670e+04 -3.255025671960047108e-05 3.596476469782840461e+06 0.000000000000000000e+00 1.048224917569159996e+06 0.000000000000000000e+00 -1.390708184725885221e+05
1.375062694904859717e-01 5.613687549498415971e-06 7.245155480464624998e+04 3.711414437862988499e-05 2.576644223864836385e+04 1.257802767889552593e-04 3.435757671805702150e+06 0.000000000000000000e+00 1.056570877296726452e+06 0.000000000000000000e+00 2.265744354804646282e+05
1.425134422753508989e-01 -1.331079621808408426e-05 5.655661816087540501e+04 2.277833437320023112e-05 1.761595853330773753e+04 -7.904456979506622972e-05 3.172766593204069883e+06 0.000000000000000000e+00 8.234736125935879536e+05 0.000000000000000000e+00 1.026755384910731482e+04
1.475259222195813014e-01 2.833189163301858834e-05 5.159805439883365761e+04 -4.004102572476251487e-05 2.482954193812929952e+04 9.619853475804350008e-05 3.030438728324752767e+06 0.000000000000000000e+00 7.702003706774796592e+05 0.000000000000000000e+00 1.081454032529955875e+05
1.525299430011916868e-01 -1.833944414207811798e-05 3.585810483598241262e+04 2.074926980734274507e-05 1.383773283733513563e+04 -9.690259895415009991e-05 2.834134011498139706e+06 0.000000000000000000e+00 6.051314927291172789e+05 0.000000000000000000e+00 1.658841366249577259e+05
1.574945685492469272e-01 1.200610668500020130e-05 3.577364467990455159e+04 -2.938336636065838655e-05 1.797972159987058694e+04 1.856207283536215439e-05 2.712945272778743878e+06 0.000000000000000000e+00 6.544933664415415842e+05 0.000000000000000000e+00 1.442797033202571911e+05
1.625189323163163113e-01 -1.593151231751824986e-05 2.797038948905109646e+04 5.722157276459854670e-05 2.198707153284671585e+04 -4.984834768476277675e-05 2.557887719708029646e+06 0.000000000000000000e+00 5.798017681751825148e+05 0.000000000000000000e+00 1.624088105109489115e+05
1.675461007718098694e-01 -1.697931311396640004e-05 2.385151025056947401e+04 -5.794168876352505496e-05 1.773665831435079599e+04 7.025038734383898308e-05 2.461629521640091203e+06 0.000000000000000000e+00 4.419197813211844768e+05 0.000000000000000000e+00 -1.222460820045558103e+04
1.725292014006662711e-01 -1.957181000098889257e-05 1.801845667007285010e+04 3.849981046247157404e-05 2.118131443451890664e+04 -5.591485850611464825e-05 2.339415338893101085e+06 0.000000000000000000e+00 4.058771522563206963e+05 0.000000000000000000e+00 1.717358916174967890e+05
1.775301965061671094e-01 -1.381070610250504856e-05 1.122589601211509398e+04 3.045980885797892486e-05 1.875284805653710282e+04 -1.731056086286518616e-05 2.253620854114083573e+06 0.000000000000000000e+00 3.013642079757698230e+05 0.000000000000000000e+00 1.366763775870772370e+05
1.825147654490652804e-01 8.265684547549411265e-06 1.123396448934975888e+04 -1.697134008759490668e-05 1.165357960353333874e+04 1.681807150414340007e-05 2.186302954415197019e+06 0.000000000000000000e+00 2.774929882714407868e+05 0.000000000000000000e+00 7.334203740140033187e+04
1.875360723572403465e-01 1.063853002793296196e-06 5.133558435754190214e+03 -5.765264926675977739e-05 1.167874324022346445e+04 1.238331714821927357e-04 2.081841197765363147e+06 0.000000000000000000e+00 2.619754976536312897e+05 0.000000000000000000e+00 1.493604111731843732e+05
1.925323683450522461e-01 -2.300993359751525980e-06 -2.891893541822855241e+03 3.242308825104423069e-06 1.274766198993252510e+04 -1.299538295223305022e-05 1.995515530898575438e+06 0.000000000000000000e+00 2.285109272785691137e+05 0.000000000000000000e+00 6.218363928456677240e+04
1.975198663583639380e-01 1.877292272669786148e-06 3.465738813709371243e+03 5.088450107499683401e-06 1.489321522701403774e+04 -6.051797457948652979e-07 1.917537193878841354e+06 0.000000000000000000e+00 1.793513142278993328e+05 0.000000000000000000e+00 1.114851217402301700e+05
2.025153694923672032e-01 3.439595797548972604e-06 -1.055854289298465801e+03 -1.199146754077004853e-05 1.280159644890475829e+04 2.282266047175046135e-05 1.853744344301843317e+06 0.000000000000000000e+00 1.301130931197529717e+05 0.000000000000000000e+00 3.773714947409051820e+04
2.075088499274508613e-01 1.263499994275115067e-05 -3.246658636561405274e+03 -2.398413705947010616e-05 1.267161015823582056e+04 4.982159380080835865e-05 1.780042679612539941e+06 0.000000000000000000e+00 1.186199733449357736e+05 0.000000000000000000e+00 9.469961098261925508e+04
2.125178062418619784e-01 1.193216529935416426e-05 -2.154625065456449647e+03 -4.142165953918659972e-05 1.329907208936987263e+04 4.394659094628207755e-05 1.734763422586838948e+06 0.000000000000000000e+00 9.788705603072089434e+04 0.000000000000000000e+00 5.568905987083260698e+04
2.175004174234404231e-01 -9.699046797407625335e-06 -6.469399545492803554e+03 8.466117119771063496e-06 1.235453985354768156e+04 -2.681622048859523864e-05 1.691718329433549428e+06 0.000000000000000000e+00 8.564523524955811445e+04 0.000000000000000000e+00 3.372903694975170220e+04
2.225093171556767890e-01 4.771133350406808753e-06 -6.607236894466223930e+03 -3.062759795906305944e-05 1.178094615945312398e+04 4.206485109138905827e-05 1.622159470144402236e+06 0.000000000000000000e+00 7.950303642560233129e+04 0.000000000000000000e+00 1.086926041646145750e+05
2.275289586476768322e-01 3.026999942599112321e-06 -3.495576917189652704e+03 5.044999904331854221e-07 1.136535374253788541e+04 8.945532237773610537e-06 1.580895181999081746e+06 0.000000000000000000e+00 5.677040991887341806e+04 0.000000000000000000e+00 7.979162038879534521e+04
2.325285406108919262e-01 4.405571826169210801e-06 -7.829807942080657995e+03 -7.532106670547360429e-06 1.181857624652102095e+04 2.735717988830880819e-06 1.530226497516962932e+06 0.000000000000000000e+00 3.143521481454532477e+04 0.000000000000000000e+00 7.894657580994306772e+04
2.375276552426477672e-01 3.315145593469854190e-06 -6.727028862717525044e+03 -7.223584233279135100e-06 1.085905965899103649e+04 -6.603737836312401431e-06 1.485045155211812351e+06 0.000000000000000000e+00 2.354827857268412845e+04 0.000000000000000000e+00 1.095379675865705794e+05
2.424991024241769377e-01 1.648679789981935907e-07 -8.381229652389714829e+03 -1.968523669238431210e-05 8.608990799047827750e+03 -1.565421460587848108e-05 1.450022309455877636e+06 0.000000000000000000e+00 9.135256900714128278e+03 0.000000000000000000e+00 6.180947188222781551e+04
2.474998551644826128e-01 3.596051472942683517e-07 -6.557084854306755915e+03 3.212212065722061923e-05 1.412175574767851504e+04 -3.224524633265289804e-05 1.402675134422030067e+06 0.000000000000000000e+00 1.099996055075248114e+04 0.000000000000000000e+00 7.009017688120396633e+04
2.525200307756395035e-01 9.968005722239407410e-06 -5.383444231364058396e+03 2.413465627899783736e-05 1.342573312712650841e+04 9.537569111506341297e-06 1.372747857717290521e+06 0.000000000000000000e+00 -2.196627677080111607e+04 0.000000000000000000e+00 9.668310745437674632e+04
2.575182250600202005e-01 4.220298412934952236e-06 -7.149272572833619051e+03 1.009961068474778360e-05 1.197495363981819537e+04 -8.840797537441322780e-06 1.340242085567394271e+06 0.000000000000000000e+00 -2.864021601967066454e+04 0.000000000000000000e+00 6.363783467699873290e+04
2.625255687975799335e-01 -1.114352142408854873e-06 -7.365322074513607731e+03 4.624561390996748211e-06 9.875693501454898069e+03 -1.406869579791179283e-06 1.307261991669994779e+06 0.000000000000000000e+00 -3.728859382666742749e+04 0.000000000000000000e+00 7.947964534717863717e+04
2.675305520911575030e-01 -5.124118004446224024e-06 -5.769525192968890224e+03 1.092246206210905534e-05 8.318345673216332216e+03 2.946367852556578708e-06 1.272289281838140683e+06 0.000000000000000000e+00 -3.820093641347123048e+04 0.000000000000000000e+00 6.327232951768133353e+04
2.725404586615198799e-01 -1.208306922535304253e-05 -5.565060136457396766e+03 8.711237591401332906e-06 9.425773734595652058e+03 -1.764320183476192688e-05 1.247914955519119743e+06 0.000000000000000000e+00 -5.958304204791875964e+04 0.000000000000000000e+00 6.521255069550959888e+04
2.775333197047151201e-01 -4.947559903843668313e-06 -6.734731977149946943e+03 -2.170868121074262472e-06 1.081983384599477904e+04 -5.793188764959805404e-06 1.212045012743298663e+06 0.000000000000000000e+00 -5.102200036187866499e+04 0.000000000000000000e+00 4.857590570475870481e+04
2.825123907298719983e-01 1.568000061755079442e-06 -4.535760983140863573e+03 -4.016492465880318467e-06 1.137002744395726586e+04 -6.938400273266226654e-06 1.186521529648613650e+06 0.000000000000000000e+00 -6.237907243870808452e+04 0.000000000000000000e+00 7.419278078181931050e+04
2.875104651677040102e-01 5.564591912468875447e-06 -5.233656387665198054e+03 -2.139328403323117965e-05 9.281191342654663458e+03 1.167278366512641268e-05 1.172946987933346070e+06 0.000000000000000000e+00 -6.294463742578050005e+04 0.000000000000000000e+00 7.750076996743919153e+04
2.924971317655564174e-01 1.255288467095908969e-05 -5.148252505519656552e+03 7.450453132044064236e-06 8.809717000543296308e+03 -2.428170407125270213e-05 1.143131105804020306e+06 0.000000000000000000e+00 -8.503491474875445419e+04 0.000000000000000000e+00 3.440214285218878649e+04
2.975058823671092867e-01 -2.981026191057632287e-06 -5.228361957197406809e+03 1.815715952735103356e-06 7.759609270935085078e+03 1.537938512204733020e-06 1.128551391173075186e+06 0.000000000000000000e+00 -7.149091554924074444e+04 0.000000000000000000e+00 6.063108569398809777e+04
3.025121359101998753e-01 5.316927060816652398e-07 -4.618730188923955211e+03 -9.224142815310081296e-06 9.336829017336041943e+03 1.071317924310516800e-05 1.099646555704465834e+06 0.000000000000000000e+00 -7.227539838312221400e+04 0.000000000000000000e+00 5.408394829449656390e+04
3.075010376196579687e-01 -3.347572764801170586e-06 -4.808478152270471583e+03 -1.326781888488268853e-06 7.653368615770497854e+03 1.382914968385849562e-06 1.080949489512462867e+06 0.000000000000000000e+00 -6.970286719966557575e+04 0.000000000000000000e+00 6.645046191148037906e+04
3.125134169243361515e-01 -9.957180640694124238e-06 -3.878211783631610615e+03 2.355761578834299040e-05 7.758086949527448269e+03 -3.378222028470341786e-05 1.063545385079429019e+06 0.000000000000000000e+00 -6.585172990146793018e+04 0.000000000000000000e+00 4.798518978483812680e+04
3.175159688234982513e-01 5.180652022280947945e-07 -4.380770480690826844e+03 4.015005317267734631e-06 8.181167450953424122e+03 5.396512523209321218e-08 1.046574174612686737e+06 0.000000000000000000e+00 -8.725250381664390443e+04 0.000000000000000000e+00 6.619247925651579862e+04
3.225221380836135188e-01 -5.300391141212007318e-06 -3.722258183877666852e+03 1.361970071502737480e-05 8.843744006041155444e+03 -1.130711701493770085e-05 1.035399128563337843e+06 0.000000000000000000e+00 -9.050151436662262131e+04 0.000000000000000000e+00 6.744337156881253759e+04
3.275181733526948968e-01 -3.742103619029989020e-06 -3.295954979637171618e+03 3.859609288226583101e-06 7.161553794890781319e+03 -6.620992514346538078e-07 1.009667715364679694e+06 0.000000000000000000e+00 -8.648584198445020593e+04 0.000000000000000000e+00 4.429314653831913893e+04
3.325123842131759710e-01 9.034443189197363891e-06 -3.146593130932154509e+03 -1.471571804086570557e-05 6.928311838956741667e+03 2.199973786215608017e-05 9.942155066226639319e+05 0.000000000000000000e+00 -8.468269674515420047e+04 0.000000000000000000e+00 5.450333981515251799e+04
3.374959366892091861e-01 1.413454727297410939e-06 -2.208424902778264368e+03 2.932758182281995725e-06 7.885427600462460759e+03 2.540984242456009626e-05 9.868621966857023071e+05 0.000000000000000000e+00 -8.967423578460568388e+04 0.000000000000000000e+00 4.529164502680167061e+04
3.424919221947719805e-01 1.578920776071139983e-06 -2.533899740809574268e+03 9.685132595487920625e-07 6.765746060055505041e+03 4.864947906683113151e-06 9.667180600888414774e+05 0.000000000000000000e+00 -9.252105282984273799e+04 0.000000000000000000e+00 4.079045272483311419e+04
3.475179778446125245e-01 6.572740712908811362e-06 -2.377398895677459222e+03 -7.194917625053092253e-06 7.843999607932825711e+03 1.197690555877740397e-05 9.611445935897016898e+05 0.000000000000000000e+00 -9.365282451726729050e+04 0.000000000000000000e+00 3.832164929591269902e+04
3.525052850529177828e-01 -4.545233414497844879e-06 -2.564751460961200792e+03 9.367234901405076719e-06 6.153434456330832290e+03 -2.164443270497365492e-06 9.435994374580872245e+05 0.000000000000000000e+00 -1.009453330352866033e+05 0.000000000000000000e+00 2.712582008622066132e+04
3.575133254796376558e-01 2.470017283534272148e-06 -2.299865318729832779e+03 -8.300755052846992509e-06 7.175459987276866741e+03 6.367779405959944961e-06 9.298525589288041228e+05 0.000000000000000000e+00 -1.043305866284461663e+05 0.000000000000000000e+00 5.920154075618337083e+04
3.625250227669692404e-01 2.823369974401445410e-06 -1.983235175425387524e+03 -3.396867000451738949e-06 5.218067158560457756e+03 4.224026172639662543e-06 9.193889248004817637e+05 0.000000000000000000e+00 -9.222667333232946112e+04 0.000000000000000000e+00 4.142414214726697537e+04
3.675230446100045678e-01 1.423882218285472670e-06 -2.053304755447659318e+03 -3.645138478810810086e-06 4.861867273217709226e+03 4.784244253439188476e-06 9.130521467678557383e+05 0.000000000000000000e+00 -9.299418125086571672e+04 0.000000000000000000e+00 3.818095108953188901e+04
3.725177060730277545e-01 -4.266423381303962365e-06 -1.795096003202012753e+03 7.092383571905912611e-06 4.651745439990851992e+03 -4.739088998240859091e-06 8.965756157584767789e+05 0.000000000000000000e+00 -9.510689827891817549e+04 0.000000000000000000e+00 2.866406815712733805e+04
3.775163034622419089e-01 2.478089380158735726e-06 -1.013405451624247576e+03 -6.733938533040042568e-06 5.304129139917667089e+03 7.824836575392528869e-06 8.877984605264065322e+05 0.000000000000000000e+00 -7.800186775708345522e+04 0.000000000000000000e+00 3.716538311003233684e+04
3.825226892977953153e-01 -6.181046769425675900e-06 -1.303344648648648672e+03 1.677229597761824303e-05 4.661228108108108245e+03 -1.921143402924408702e-05 8.812723891891891835e+05 0.000000000000000000e+00 -9.605273600000000442e+04 0.000000000000000000e+00 5.653309578378378501e+04
3.875130067694269043e-01 -1.122300818295574305e-06 -8.329837723919915788e+02 8.992877473821128808e-06 3.272404425711275053e+03 -8.633918078857679489e-06 8.678835388830348384e+05 0.000000000000000000e+00 -9.421446743940991291e+04 0.000000000000000000e+00 4.768379683877766365e+04
3.924957861003909865e-01 -3.271655657644900741e-06 -1.081056994818652868e+02 2.672952100698355753e-06 3.280043150001609320e+03 -2.813985287669359492e-06 8.588329555820166133e+05 0.000000000000000000e+00 -8.806791501303382393e+04 0.000000000000000000e+00 5.469411617803238187e+04
3.975064703251052212e-01 -2.323276129112198801e-06 -9.992918406542346474e+02 2.013505978563905825e-05 4.846198475930859786e+03 -2.904095161390248819e-06 8.524582714825599687e+05 0.000000000000000000e+00 -8.513033928505050426e+04 0.000000000000000000e+00 4.785665046775293013e+04
