3.798113400606732779e-03 -9.868421052631578400e-03 1.207688353684210479e+08 3.125000000000000000e-02 2.544478854736841917e+08 -4.481907894736841813e-02 9.001680168421052396e+07 0.000000000000000000e+00 -1.596661894736842066e+07 0.000000000000000000e+00 1.780552488421052396e+08
8.299341265228576958e-03 1.586914062500000000e-03 2.560688000000000000e+07 -6.103514897404238582e-05 -6.676983500000000000e+06 1.449584960937500000e-03 1.089353600000000000e+08 0.000000000000000000e+00 -9.695700000000000000e+05 0.000000000000000000e+00 7.915219200000000000e+07
1.293222767532251419e-02 1.492834394904458809e-04 3.000099220382165909e+07 4.503383757961783307e-03 7.976933095541401766e+06 -3.452179538216560827e-03 7.531071918471337855e+07 0.000000000000000000e+00 3.642893370700637251e+07 0.000000000000000000e+00 8.285685401273885742e+06
1.764839556552980082e-02 -3.879494863013698415e-04 2.434038706849315017e+07 2.789223030821917464e-03 1.341213808219178021e+07 -1.710656571061643788e-03 6.845064767123287916e+07 0.000000000000000000e+00 6.660391276712328196e+07 0.000000000000000000e+00 6.085587813698630035e+07
2.256548662787912635e-02 7.827268431001890283e-04 1.403473494139886647e+07 -2.901996691871455529e-03 3.201069489603024442e+06 6.922702032136105821e-04 4.767665796597353369e+07 0.000000000000000000e+00 3.600738625330813229e+07 0.000000000000000000e+00 -1.652093822306238115e+06
2.777643688250242340e-02 -3.048780487804878046e-04 9.250742321951219812e+06 5.430640243902439511e-04 7.034162731707317289e+05 -1.321932164634146431e-03 3.747345732682926953e+07 0.000000000000000000e+00 2.707194505365853757e+07 0.000000000000000000e+00 8.080581307317073457e+06
3.269804980233311648e-02 5.703124999999999644e-04 6.240562175999999978e+06 -4.570312500000000265e-04 5.261965119999999879e+05 -1.520507812499999941e-03 2.812800819200000167e+07 0.000000000000000000e+00 2.527958425600000098e+07 0.000000000000000000e+00 3.141450751999999862e+06
3.761648458559932462e-02 3.582265677680377802e-04 4.248259754551584832e+06 -9.693189480782198183e-04 1.179045027646662202e+06 1.353885704652730898e-03 2.290648641942009330e+07 0.000000000000000000e+00 2.009357982467970252e+07 0.000000000000000000e+00 9.436503865138232708e+06
4.263843696389812976e-02 -3.487723214285713821e-04 3.190064571428571362e+06 8.283342633928571274e-04 6.287507857142856810e+05 -6.517682756696428726e-04 1.933085257142857090e+07 0.000000000000000000e+00 1.757536571428571269e+07 0.000000000000000000e+00 7.955138857142856345e+06
4.756514582339458480e-02 -1.907980811164413618e-04 2.251236535542957019e+06 5.758013519406890738e-04 1.066849158307893667e+05 -6.873841583078935721e-04 1.551779513999127783e+07 0.000000000000000000e+00 1.083127180113388598e+07 0.000000000000000000e+00 -6.286033667684256798e+05
5.262096060748640974e-02 -4.800517907303370314e-05 1.666006292134831427e+06 4.382187061095505344e-04 -2.199626404494381859e+04 -2.909456745962078609e-04 1.355339937078651600e+07 0.000000000000000000e+00 8.995408539325842634e+06 0.000000000000000000e+00 1.178789213483145926e+06
5.756031740041873956e-02 -1.379334100402227728e-04 1.370015841584158363e+06 3.798834168084777281e-04 1.215532475247524708e+05 -1.781765777285736359e-04 1.176422400000000000e+07 0.000000000000000000e+00 1.006716895049504936e+07 0.000000000000000000e+00 3.145149782178218011e+06
6.254738279606215923e-02 1.686288937944566992e-04 1.100956099092469783e+06 -3.717500613195977386e-04 1.731968565121412685e+05 4.666038140789796336e-04 1.033042143536914326e+07 0.000000000000000000e+00 7.875107037527592853e+06 0.000000000000000000e+00 1.677173984792739619e+06
6.757793472572401483e-02 -4.676859072934973091e-05 9.438324077328646090e+05 4.498795172451669250e-04 1.017258629173989466e+05 -4.264415881755272229e-04 9.207316695957820863e+06 0.000000000000000000e+00 5.755827514938488603e+06 0.000000000000000000e+00 1.277778558875219664e+06
7.255917516659465827e-02 9.080923377347962984e-06 8.153390039055235684e+05 2.887733633996652331e-05 9.815507532081086538e+04 -4.218088908778129509e-05 8.502566992746885866e+06 0.000000000000000000e+00 5.955230161056350917e+06 0.000000000000000000e+00 6.078648346661707619e+05
7.753384299139773339e-02 -5.691778631883997341e-05 5.772555313023100607e+05 1.226782120307792258e-04 6.814902577837295212e+03 -4.726418851808357653e-05 7.471527038500167429e+06 0.000000000000000000e+00 4.864170038165383972e+06 0.000000000000000000e+00 7.701669581519920612e+05
8.251793356505521260e-02 2.351813360091743250e-05 4.671628990825688234e+05 -3.191746702981651215e-05 2.580749713302752298e+03 -2.813776698681192732e-05 6.692493504587156698e+06 0.000000000000000000e+00 3.806767559633027762e+06 0.000000000000000000e+00 3.452480733944954118e+05
8.752751931716111489e-02 -4.606307502915641338e-05 3.888903065958273946e+05 -2.784032007256706065e-05 1.618486562135544955e+04 1.838726593883633731e-04 5.951182803680187091e+06 0.000000000000000000e+00 3.158822779836724512e+06 0.000000000000000000e+00 4.235649874303485849e+05
9.254701955136974967e-02 -1.112764927073837713e-07 3.019297429352780455e+05 -1.368144477837283587e-04 8.483669097538740971e+03 -2.218575073353463889e-05 5.386389819507747889e+06 0.000000000000000000e+00 2.787262658158614300e+06 0.000000000000000000e+00 2.619965432999088371e+05
9.754963178921903511e-02 -1.472050664712655689e-05 2.636360515021459432e+05 -4.170810216685857897e-05 6.130417502355280885e+04 -1.369824924107610145e-05 4.900525918140898459e+06 0.000000000000000000e+00 2.615101769077776466e+06 0.000000000000000000e+00 3.667206565476813703e+05
1.025319613041059119e-01 7.218867260787992235e-05 2.125456570356472803e+05 -4.708753517823639474e-05 1.609114896810506616e+04 2.293456115150093865e-04 4.533131575234521180e+06 0.000000000000000000e+00 2.201317391369605903e+06 0.000000000000000000e+00 1.755661208255159436e+05
1.075116003998943526e-01 5.182309614059269458e-05 1.785557767057202000e+05 2.860365696071674740e-05 5.128609924190213860e+03 -6.015180802033080754e-05 4.155284377670572139e+06 0.000000000000000000e+00 2.033966930392832495e+06 0.000000000000000000e+00 1.596796361130255100e+05
1.125102861506304813e-01 2.249483071809538524e-05 1.242340474607714423e+05 -1.009247941949447378e-04 1.039511556002164298e+03 1.166824985989796816e-04 3.896859743062533904e+06 0.000000000000000000e+00 1.804817848960346309e+06 0.000000000000000000e+00 2.996832328978898004e+05
1.175500852175193622e-01 6.528009884795904209e-06 1.169865384724790201e+05 3.257060251031148061e-05 2.932579149480870456e+03 7.092266058348741594e-05 3.709959718958896585e+06 0.000000000000000000e+00 1.593024901152041042e+06 0.000000000000000000e+00 5.148162366661925626e+04
1.225369446564099490e-01 -1.991269447202913053e-05 1.030344240979808092e+05 1.330530039721946451e-04 7.519386693147965161e+03 -1.886210588381330780e-04 3.543595624230387621e+06 0.000000000000000000e+00 1.454945434227077290e+06 0.000000000000000000e+00 -2.116064985104270163e+05
1.275260957852891452e-01 -5.151645494785350493e-05 9.674244967256851669e+04 1.078292694943002621e-04 1.013424812030075145e+03 -2.273089556678995924e-04 3.359099746786320582e+06 0.000000000000000000e+00 1.379141231142372126e+06 0.000000000000000000e+00 1.325912665534804692e+05
1.325302087090364789e-01 3.178307895179843806e-06 8.176904461029122467e+04 -2.109738861455586051e-05 3.372612535772403135e+03 3.493398764098535393e-06 3.204716054093485232e+06 0.000000000000000000e+00 1.151057478704898618e+06 0.000000000000000000e+00 8.214396498512990092e+02
1.375062694904859717e-01 9.074709609292502645e-06 6.727794889123547182e+04 1.484952481520591265e-05 9.329386272439282038e+03 2.681164202745512029e-06 3.020256101372756064e+06 0.000000000000000000e+00 1.219004742555438308e+06 0.000000000000000000e+00 3.514992456177402055e+05
1.425134422753508989e-01 3.119132001103858967e-05 5.528294567095411912e+04 -6.968248689167786932e-05 6.217947782683816513e+03 4.144684324156507749e-05 2.865380232674217783e+06 0.000000000000000000e+00 1.184621447494720574e+06 0.000000000000000000e+00 1.392212432328661962e+05
1.475259222195813014e-01 4.182280513918629784e-06 4.403514328671010298e+04 -1.294727265479065170e-05 3.918010296596655735e+03 2.559422197480523185e-05 2.718306135860403534e+06 0.000000000000000000e+00 1.032431799535286380e+06 0.000000000000000000e+00 1.093843247528361244e+05
1.525299430011916868e-01 1.998039609401420450e-05 4.410868041934393113e+04 -4.268539165539397742e-05 1.819826175177544792e+04 1.002941576661312077e-04 2.593512884680419229e+06 0.000000000000000000e+00 9.022164626310449094e+05 0.000000000000000000e+00 1.090687913425769366e+05
1.574945685492469272e-01 1.279598212480284570e-05 4.193618182553484075e+04 -3.909883427023091892e-05 1.222076855259432887e+04 5.562697784810126411e-05 2.437378577910785563e+06 0.000000000000000000e+00 8.605140744934686227e+05 0.000000000000000000e+00 3.938674970679823309e+04
1.625189323163163113e-01 -6.560165516651460186e-07 3.010206131386861671e+04 -1.461223964273494683e-05 1.270376408759124206e+04 -1.597146918303775142e-05 2.352238472408759408e+06 0.000000000000000000e+00 8.304411281751825009e+05 0.000000000000000000e+00 1.575357103649635101e+05
1.675461007718098694e-01 2.433064315205011330e-05 2.963321412300683369e+04 -3.023951363183370987e-05 8.231041571753985409e+03 3.567915027939920351e-05 2.246674514806378167e+06 0.000000000000000000e+00 7.434377038724373560e+05 0.000000000000000000e+00 5.390790888382687990e+04
1.725292014006662711e-01 7.983238289877048774e-06 2.691942908000132229e+04 -1.635276230345782353e-05 1.391828064739427282e+04 2.069847669512476707e-05 2.171768274516267236e+06 0.000000000000000000e+00 6.545361284240366658e+05 0.000000000000000000e+00 1.088612806803573330e+05
1.775301965061671094e-01 -4.405869431474003236e-06 1.796802826855123567e+04 2.438633325182988244e-05 1.131545482079757676e+04 -6.864914564337771510e-05 2.118290673397274222e+06 0.000000000000000000e+00 6.051336012115093181e+05 0.000000000000000000e+00 8.753688844018171949e+04
1.825147654490652804e-01 1.009769490974622667e-05 1.440995101775532567e+04 -2.489803059174569393e-05 6.611172678661112514e+03 1.616352449481520869e-05 2.051403471180832479e+06 0.000000000000000000e+00 5.906858190197641961e+05 0.000000000000000000e+00 7.803289763360808138e+04
1.875360723572403465e-01 -4.091742318435754109e-07 1.276550614525139645e+04 -7.228744762569832825e-07 1.286195217877094910e+04 -1.469276470844972161e-05 1.972459005139664747e+06 0.000000000000000000e+00 5.773024250279329717e+05 0.000000000000000000e+00 1.191353850279329636e+05
1.925323683450522461e-01 -9.099382831744672135e-06 1.108595737388882844e+04 4.554920946235407149e-05 1.433477305344329034e+04 -8.274424416970118756e-05 1.906214439755810192e+06 0.000000000000000000e+00 4.747596632751419093e+05 0.000000000000000000e+00 1.018654008782264136e+05
1.975198663583639380e-01 9.139449222208168665e-06 4.358368028329327899e+03 -1.929164822309346013e-05 8.302591222966990244e+03 -2.260778621790818287e-05 1.877593138636650983e+06 0.000000000000000000e+00 4.781483497660300927e+05 0.000000000000000000e+00 1.856486228405210422e+05
2.025153694923672032e-01 5.545170279781434635e-06 6.467275499372768536e+03 5.384675441625253932e-06 1.185937817234391696e+04 7.271226004814303421e-06 1.802364109234777745e+06 0.000000000000000000e+00 4.247404373250989593e+05 0.000000000000000000e+00 7.105603242304352170e+04
2.075088499274508613e-01 9.068128277496621798e-06 2.305284206187455766e+03 -3.116819676143259710e-05 5.802673017472348874e+03 1.546529583700679999e-05 1.743502934163823258e+06 0.000000000000000000e+00 4.165458664040853037e+05 0.000000000000000000e+00 5.546422404909661418e+04
2.125178062418619784e-01 1.410552397887938562e-05 3.988068772909757627e+03 -1.276315538270204227e-05 7.661156920928608997e+03 2.902605746258073074e-05 1.707173155524524394e+06 0.000000000000000000e+00 3.557975269680572674e+05 0.000000000000000000e+00 2.744060883225694124e+04
2.175004174234404231e-01 2.095980451982156567e-06 1.428055214207558265e+03 -2.420651933759784726e-05 6.893134921302920702e+03 5.825592726832758586e-06 1.657618896725864848e+06 0.000000000000000000e+00 3.993546563420587336e+05 0.000000000000000000e+00 -2.280556013803552105e+03
2.225093171556767890e-01 -6.541069915880302035e-06 2.409770177892476568e+03 -1.423644628750418584e-06 6.766453300762396793e+03 -8.282148819960206748e-06 1.600423017040641513e+06 0.000000000000000000e+00 3.624948299678887706e+05 0.000000000000000000e+00 8.759599724197710748e+04
2.275289586476768322e-01 -7.062999866064595698e-06 8.642315934486454125e+02 -2.690666615643655302e-06 4.426987295270167124e+03 3.026999942599112321e-06 1.553894215827338165e+06 0.000000000000000000e+00 3.251685314556865487e+05 0.000000000000000000e+00 7.327505770702587324e+04
2.325285406108919262e-01 1.723147044912957482e-05 -8.914553689993269927e+02 -4.137329348043585435e-05 9.639464318847434697e+03 4.039181024093646435e-05 1.525646708602404920e+06 0.000000000000000000e+00 3.347024647008531610e+05 0.000000000000000000e+00 4.486828777763629478e+04
2.375276552426477672e-01 4.883670790121287133e-06 -2.808448584988574567e+03 -1.358244116936192650e-05 6.011398839866408707e+03 1.023403683369221297e-05 1.490793234944629949e+06 0.000000000000000000e+00 3.069793243100720574e+05 0.000000000000000000e+00 7.095303469854104333e+04
2.424991024241769377e-01 -2.242204514375432494e-06 -3.434908243715496610e+03 -3.099518005166039335e-06 6.222462208566171284e+03 -9.611803175594685108e-06 1.453297007276349468e+06 0.000000000000000000e+00 2.666180292742221500e+05 0.000000000000000000e+00 5.426895953269292477e+03
2.474998551644826128e-01 6.285272574447646350e-06 -5.334079795068843850e+03 2.970651216778738327e-07 8.761354082612871935e+03 7.829229456852385832e-06 1.421864166506564245e+06 0.000000000000000000e+00 2.752849726544988807e+05 0.000000000000000000e+00 4.830324892731347791e+04
2.525200307756395035e-01 -5.059518055985153703e-07 -4.926250046396536163e+03 3.885256775827404969e-06 7.725955088153418728e+03 3.569036897328333220e-06 1.395783138385400642e+06 0.000000000000000000e+00 2.608431905969687796e+05 0.000000000000000000e+00 2.547921163006495772e+04
2.575182250600202005e-01 5.122569108114149598e-06 -4.906046583712092797e+03 -1.490201922360479822e-05 4.381588495641159170e+03 3.026972654794724701e-05 1.364838472483421443e+06 0.000000000000000000e+00 2.669959639371134690e+05 0.000000000000000000e+00 2.945107088890544765e+04
2.625255687975799335e-01 5.098161051520511076e-06 -5.342613339419182012e+03 -1.073956877246533900e-05 4.158643007930621025e+03 9.238675730658413112e-06 1.338955221087465063e+06 0.000000000000000000e+00 2.389076510526616185e+05 0.000000000000000000e+00 4.258358509727848286e+04
2.675305520911575030e-01 -1.887832949006503454e-06 -4.108848427942170929e+03 -3.910511108656328704e-06 8.602455088993523532e+03 -9.607721258336670363e-06 1.310941255602656631e+06 0.000000000000000000e+00 2.258324320293837227e+05 0.000000000000000000e+00 3.486831278220405511e+04
2.725404586615198799e-01 -5.165084360289839341e-07 -4.778545089120430930e+03 -8.754817990691277831e-06 5.535222721743269176e+03 -5.003675474030781835e-06 1.291504090548474109e+06 0.000000000000000000e+00 2.180478612154228613e+05 0.000000000000000000e+00 2.583574252922198139e+04
2.775333197047151201e-01 -4.215522979295370710e-06 -3.233096182180060168e+03 -3.470864728461757090e-06 7.057250239098404563e+03 -8.364783995592834558e-06 1.256465337089978391e+06 0.000000000000000000e+00 1.793065238452193153e+05 0.000000000000000000e+00 1.347588678367410284e+04
2.825123907298719983e-01 6.175507935527697378e-06 -5.584971679120608314e+03 -6.995692583214969852e-06 6.668919360217378198e+03 2.729526261347495764e-05 1.234963957660717657e+06 0.000000000000000000e+00 1.798144505897610215e+05 0.000000000000000000e+00 4.823957571790280053e+04
2.875104651677040102e-01 -6.008824039934878340e-06 -3.320592989848687921e+03 3.241725498587435243e-05 5.030145182915150144e+03 -3.622537644698094119e-05 1.212830130626316648e+06 0.000000000000000000e+00 1.622891921087914088e+05 0.000000000000000000e+00 2.262955449147672698e+04
2.924971317655564174e-01 -1.237791190800957073e-05 -3.698976430198013986e+03 2.223000731860268623e-05 8.192809349316255975e+03 -2.733173332218324027e-05 1.190198861158954445e+06 0.000000000000000000e+00 1.719253493624940747e+05 0.000000000000000000e+00 1.960154231351651106e+04
2.975058823671092867e-01 -2.780484429113755306e-06 -3.807161353343397423e+03 -4.756091786641949900e-06 5.019305567889175109e+03 -9.622617043543534355e-06 1.170557033300772542e+06 0.000000000000000000e+00 1.392842667613888625e+05 0.000000000000000000e+00 3.943044489832164254e+04
3.025121359101998753e-01 5.119026549868142585e-07 -3.479800786822878308e+03 -6.535994208259478308e-06 6.264704509100341056e+03 1.493687089802375523e-05 1.150338075137261767e+06 0.000000000000000000e+00 1.408770401625524100e+05 0.000000000000000000e+00 7.220235355151095973e+03
3.075010376196579687e-01 -8.573052202539583878e-07 -4.773087693995924383e+03 7.858631185661284939e-06 7.602012771071746101e+03 -4.934608023723677139e-06 1.133385909181167372e+06 0.000000000000000000e+00 1.262613671108324343e+05 0.000000000000000000e+00 3.633661083764435898e+04
3.125134169243361515e-01 -2.455581919710185029e-06 -6.079388055499698567e+03 8.927450174300598825e-06 5.984200120651518773e+03 -8.061760128227584877e-06 1.111854628755278420e+06 0.000000000000000000e+00 1.089182037401970738e+05 0.000000000000000000e+00 3.494045574100140948e+04
3.175159688234982513e-01 -4.106146417659714666e-06 -4.419049071135955273e+03 -3.357830014441355189e-07 5.567070094605613122e+03 -8.478520786464421416e-06 1.096674293326521991e+06 0.000000000000000000e+00 1.047842296470218425e+05 0.000000000000000000e+00 2.563454293601595418e+04
3.225221380836135188e-01 2.968219039078724030e-06 -2.849043005474797155e+03 -7.383675311497074552e-06 6.650692240891070469e+03 -4.463851148055503502e-06 1.081756306437606225e+06 0.000000000000000000e+00 1.202434851425335219e+05 0.000000000000000000e+00 2.715822903530300391e+04
3.275181733526948968e-01 5.097938263606071899e-06 -3.131625323954091073e+03 -1.187711148648648715e-05 6.285706923361717600e+03 1.243300369076268102e-05 1.069808778378378367e+06 0.000000000000000000e+00 9.787202251018141396e+04 0.000000000000000000e+00 3.938190596075527537e+03
3.325123842131759710e-01 3.674043092626115249e-06 -5.513623597854417312e+03 -5.152184413695215509e-06 3.124030280117775874e+03 1.582995698527858425e-06 1.051276619301351253e+06 0.000000000000000000e+00 8.529176619194606610e+04 0.000000000000000000e+00 4.392652755366181373e+04
3.374959366892091861e-01 4.259609405108083068e-06 -3.878593000035034947e+03 -5.653818909189643754e-06 3.413314367795956969e+03 1.110877051181550693e-05 1.033936276354973204e+06 0.000000000000000000e+00 9.334422982867954124e+04 0.000000000000000000e+00 1.069424867743404775e+03
3.424919221947719805e-01 -6.266850502962771422e-07 -3.155017476602021816e+03 -1.607406460175516227e-06 3.878653943278134193e+03 2.690879802002683548e-06 1.013979651068014675e+06 0.000000000000000000e+00 7.138863675836952461e+04 0.000000000000000000e+00 1.900332490478293767e+04
3.475179778446125245e-01 -1.667115059463521401e-06 -3.545028261508804917e+03 -4.766034679566765727e-06 5.485444767536837389e+03 -3.584496793523540327e-06 1.006874539288397995e+06 0.000000000000000000e+00 8.057777109811481205e+04 0.000000000000000000e+00 3.742556983696539828e+04
3.525052850529177828e-01 -9.043689126616637721e-07 -3.459554590451860349e+03 8.451171563148650838e-06 4.576775091809036894e+03 -1.535867894778859909e-06 9.901516579275107943e+05 0.000000000000000000e+00 7.648808302730320429e+04 0.000000000000000000e+00 7.520551301293309734e+03
3.575133254796376558e-01 6.377135532033938955e-06 -4.300008185727097043e+03 -1.246984483141847675e-05 3.599035985008162697e+03 9.097896994351235408e-06 9.811183135562692769e+05 0.000000000000000000e+00 7.459162400840033661e+04 0.000000000000000000e+00 3.650614429260142060e+04
3.625250227669692404e-01 -1.849619815586884491e-07 -2.512212739045324270e+03 1.396899516997863577e-05 5.061782261707573525e+03 -6.614717225894889965e-06 9.704201752748079598e+05 0.000000000000000000e+00 6.679526095467549749e+04 0.000000000000000000e+00 2.111965306429754492e+04
3.675230446100045678e-01 -2.036151572148225859e-06 -2.607816751598393239e+03 -3.823123756096494064e-06 4.285453885353104852e+03 -1.707412765001567589e-05 9.568081492465499323e+05 0.000000000000000000e+00 5.933443550656489242e+04 0.000000000000000000e+00 2.905166176031027499e+04
3.725177060730277545e-01 8.445598840699868704e-06 -2.848458345245583132e+03 -1.837790227071302198e-05 4.962665904282692281e+03 -3.201126254806593190e-05 9.457058933043627767e+05 0.000000000000000000e+00 5.759607707701984327e+04 0.000000000000000000e+00 2.684676859740408327e+04
3.775163034622419089e-01 2.047117314044172954e-06 -2.622173836892588042e+03 -7.366928755145806506e-06 4.439649209424841501e+03 7.511708433606167272e-06 9.383156149798994884e+05 0.000000000000000000e+00 5.137943177884582110e+04 0.000000000000000000e+00 3.376210706035677867e+04
3.825226892977953153e-01 -4.031619510135135122e-06 -2.337982702702702682e+03 1.554252005912162279e-05 4.388951783783783867e+03 6.023510082347972943e-06 9.316214728648648597e+05 0.000000000000000000e+00 4.216495048648648662e+04 0.000000000000000000e+00 3.848740670270270493e+04
3.875130067694269043e-01 2.392526672813488055e-06 -2.038028872497365683e+03 -8.875502173340358300e-07 4.467470600632244896e+03 3.842835180123815045e-06 9.149430288724973798e+05 0.000000000000000000e+00 4.106723877766069927e+04 0.000000000000000000e+00 2.345086954689146660e+04
3.924957861003909865e-01 -2.124533356933672590e-06 -3.080835143050236638e+03 -7.605577993756637565e-07 3.468100125510894031e+03 -9.444116475718469939e-07 9.127062240272905910e+05 0.000000000000000000e+00 4.912064694107425021e+04 0.000000000000000000e+00 3.666406740256815101e+04
3.975064703251052212e-01 1.237265542717303858e-06 -2.051548132085992165e+03 -5.126030469766433544e-06 4.116173025215290181e+03 8.118609780605290994e-07 9.099412324886934366e+05 0.000000000000000000e+00 3.267964264915432796e+04 0.000000000000000000e+00 4.275049327798773447e+04
