3.798113400606732779e-03 6.995697894736841554e+05 0.000000000000000000e+00 4.841616000000000000e+06 0.000000000000000000e+00 9.173832421052630991e+06 2.319151427368420959e+08 0.000000000000000000e+00 1.043985461894736767e+09 0.000000000000000000e+00 1.697406544842105150e+09
8.299341265228576958e-03 1.121940750000000000e+06 0.000000000000000000e+00 1.816869750000000000e+06 0.000000000000000000e+00 5.512370000000000000e+05 4.188688000000000000e+07 0.000000000000000000e+00 9.250770400000000000e+07 0.000000000000000000e+00 3.467640800000000000e+07
1.293222767532251419e-02 9.442789299363057362e+05 0.000000000000000000e+00 7.237361528662421042e+05 0.000000000000000000e+00 1.799981146496815491e+05 1.502607653503184766e+07 0.000000000000000000e+00 2.869902838216560706e+07 0.000000000000000000e+00 -5.510982114649681374e+06
1.764839556552980082e-02 1.023867726027397206e+06 0.000000000000000000e+00 1.174929534246575320e+06 0.000000000000000000e+00 6.545349041095890570e+05 8.922790575342465192e+06 0.000000000000000000e+00 2.014405961643835530e+07 0.000000000000000000e+00 3.778380712328766938e+06
2.256548662787912635e-02 1.076705875236294931e+06 0.000000000000000000e+00 7.576042344045368955e+05 0.000000000000000000e+00 -6.512350850661626318e+05 5.052612476370510645e+06 0.000000000000000000e+00 8.859576378071833402e+06 0.000000000000000000e+00 -3.906126396975425538e+06
2.777643688250242340e-02 9.011572292682926636e+05 0.000000000000000000e+00 7.834973658536585281e+05 0.000000000000000000e+00 2.928718634146341356e+05 2.920233521951219533e+06 0.000000000000000000e+00 6.028105053658536635e+06 0.000000000000000000e+00 6.103571512195122195e+05
3.269804980233311648e-02 7.615680000000000000e+05 0.000000000000000000e+00 5.140588479999999981e+05 0.000000000000000000e+00 -1.337247520000000077e+05 1.768323199999999953e+06 0.000000000000000000e+00 3.200705535999999847e+06 0.000000000000000000e+00 -5.372491520000000019e+05
3.761648458559932462e-02 6.567782279163857456e+05 0.000000000000000000e+00 5.671131490222521825e+05 0.000000000000000000e+00 9.311470262980445113e+04 1.191910365475387778e+06 0.000000000000000000e+00 2.250162492245448288e+06 0.000000000000000000e+00 -1.485897559002022899e+05
4.263843696389812976e-02 5.508832857142856810e+05 0.000000000000000000e+00 3.808905714285714203e+05 0.000000000000000000e+00 3.553645312500000000e+04 8.567713571428570431e+05 0.000000000000000000e+00 1.612352571428571362e+06 0.000000000000000000e+00 6.591990625000000000e+04
4.756514582339458480e-02 4.755225678150894237e+05 0.000000000000000000e+00 2.866204134321848978e+05 0.000000000000000000e+00 -3.007377583951155611e+04 5.935313109463584842e+05 0.000000000000000000e+00 9.839931059747056570e+05 0.000000000000000000e+00 -1.689558970780636882e+05
5.262096060748640974e-02 4.340302921348314267e+05 0.000000000000000000e+00 3.132258876404494513e+05 0.000000000000000000e+00 2.992382584269662766e+04 4.562858876404494513e+05 0.000000000000000000e+00 7.571764494382021949e+05 0.000000000000000000e+00 -1.420879213483145941e+04
5.756031740041873956e-02 4.041398415841584210e+05 0.000000000000000000e+00 2.565161386138614034e+05 0.000000000000000000e+00 -1.621826237623762427e+04 3.709895445544554386e+05 0.000000000000000000e+00 5.941185742574257310e+05 0.000000000000000000e+00 -2.842131683168316886e+04
6.254738279606215923e-02 3.767534481236202992e+05 0.000000000000000000e+00 2.617444748589649098e+05 0.000000000000000000e+00 4.178881334314446576e+04 2.958467108167770202e+05 0.000000000000000000e+00 4.399491233750306419e+05 0.000000000000000000e+00 -1.725464410105469506e+04
6.757793472572401483e-02 3.432013497363795759e+05 0.000000000000000000e+00 2.262424042179261742e+05 0.000000000000000000e+00 -1.977314411247803218e+04 2.456729420035149378e+05 0.000000000000000000e+00 3.647987627416520263e+05 0.000000000000000000e+00 -1.049609753954305779e+04
7.255917516659465827e-02 3.179771143760461127e+05 0.000000000000000000e+00 2.204414952575785865e+05 0.000000000000000000e+00 6.672876139111028806e+02 2.095818962246605952e+05 0.000000000000000000e+00 2.921863641435744939e+05 0.000000000000000000e+00 -8.986194532267063551e+03
7.753384299139773339e-02 2.822785671242048847e+05 0.000000000000000000e+00 1.671050070304653491e+05 0.000000000000000000e+00 1.829601272179444322e+03 1.781302551054569776e+05 0.000000000000000000e+00 2.311549943086709245e+05 0.000000000000000000e+00 9.263225979243388792e+03
8.251793356505521260e-02 2.694453211009174702e+05 0.000000000000000000e+00 1.811722568807339412e+05 0.000000000000000000e+00 -1.374582425458715761e+03 1.554225137614679115e+05 0.000000000000000000e+00 1.884889908256880881e+05 0.000000000000000000e+00 -1.583535091743119301e+04
8.752751931716111489e-02 2.335526282234028913e+05 0.000000000000000000e+00 1.531076718932227523e+05 0.000000000000000000e+00 3.044912789944279211e+04 1.364067155630426423e+05 0.000000000000000000e+00 1.617171273811066640e+05 0.000000000000000000e+00 1.129081871193469124e+04
9.254701955136974967e-02 2.170706873290793155e+05 0.000000000000000000e+00 1.304231030082041834e+05 0.000000000000000000e+00 1.163724065633545979e+04 1.201895569735642639e+05 0.000000000000000000e+00 1.322519015496809443e+05 0.000000000000000000e+00 -3.058091385597082876e+02
9.754963178921903511e-02 1.967424984821522085e+05 0.000000000000000000e+00 1.116550511881084531e+05 0.000000000000000000e+00 -9.683647021877943189e+03 1.104227178896681726e+05 0.000000000000000000e+00 1.212717529571862251e+05 0.000000000000000000e+00 1.096734428975191076e+04
1.025319613041059119e-01 1.772750288930581592e+05 0.000000000000000000e+00 1.042630844277673605e+05 0.000000000000000000e+00 1.209942514071294499e+04 9.824133283302064228e+04 0.000000000000000000e+00 1.006549493433395837e+05 0.000000000000000000e+00 8.576796247654783656e+03
1.075116003998943526e-01 1.690903928325292945e+05 0.000000000000000000e+00 9.543697863542384584e+04 0.000000000000000000e+00 4.672215713301171718e+02 9.107280496209510602e+04 0.000000000000000000e+00 8.362682288077188423e+04 0.000000000000000000e+00 2.960881934872501802e+02
1.125102861506304813e-01 1.568960519440365024e+05 0.000000000000000000e+00 8.886030702635851048e+04 0.000000000000000000e+00 2.203929071654943255e+04 8.439392131096853700e+04 0.000000000000000000e+00 7.636348210558862775e+04 0.000000000000000000e+00 6.743604235912499462e+03
1.175500852175193622e-01 1.504751779263262870e+05 0.000000000000000000e+00 8.179427563646707858e+04 0.000000000000000000e+00 2.797074100412459302e+03 7.927706670459394809e+04 0.000000000000000000e+00 6.531712018205092318e+04 0.000000000000000000e+00 1.085627762764898398e+04
1.225369446564099490e-01 1.402972620986428519e+05 0.000000000000000000e+00 6.911064892419728858e+04 0.000000000000000000e+00 8.494967759020191806e+03 7.444224084740152466e+04 0.000000000000000000e+00 5.962969612711023365e+04 0.000000000000000000e+00 7.469857133399536906e+03
1.275260957852891452e-01 1.380306922144069686e+05 0.000000000000000000e+00 6.991036041717196349e+04 0.000000000000000000e+00 2.128624787775891491e+03 7.021840019403347105e+04 0.000000000000000000e+00 5.018226728110598924e+04 0.000000000000000000e+00 3.727701673538685100e+03
1.325302087090364789e-01 1.268901112171034183e+05 0.000000000000000000e+00 6.180874429044385761e+04 0.000000000000000000e+00 1.658356994556983182e+02 6.632286852589641057e+04 0.000000000000000000e+00 4.427322552045339398e+04 0.000000000000000000e+00 2.154097076482801185e+03
1.375062694904859717e-01 1.220286175290390674e+05 0.000000000000000000e+00 5.893839746568109695e+04 0.000000000000000000e+00 1.121592228088701086e+04 6.415640464625132154e+04 0.000000000000000000e+00 4.121702724392819073e+04 0.000000000000000000e+00 5.530873917634635291e+03
1.425134422753508989e-01 1.154777592628143611e+05 0.000000000000000000e+00 5.475517604146669328e+04 0.000000000000000000e+00 1.155880207333461385e+03 5.940062507199078391e+04 0.000000000000000000e+00 3.671180495296602021e+04 0.000000000000000000e+00 -2.336153004415434680e+03
1.475259222195813014e-01 1.087706548817713774e+05 0.000000000000000000e+00 4.961695566996218258e+04 0.000000000000000000e+00 3.404884413868513548e+03 5.741532170030525594e+04 0.000000000000000000e+00 3.403274427080960595e+04 0.000000000000000000e+00 3.134846052211945789e+03
1.525299430011916868e-01 1.018711072032465308e+05 0.000000000000000000e+00 4.806138654041257541e+04 0.000000000000000000e+00 1.004619411565776136e+04 5.462622928643896012e+04 0.000000000000000000e+00 2.928665268853567613e+04 0.000000000000000000e+00 2.158483598241460641e+03
1.574945685492469272e-01 9.667509168115824286e+04 0.000000000000000000e+00 4.707355166417276632e+04 0.000000000000000000e+00 1.042247583613054530e+03 5.224956169369514828e+04 0.000000000000000000e+00 2.705384332915436244e+04 0.000000000000000000e+00 1.845225219395802014e+03
1.625189323163163113e-01 9.192920759124089091e+04 0.000000000000000000e+00 4.142561635036496591e+04 0.000000000000000000e+00 8.052378394160584321e+03 5.104664759124087868e+04 0.000000000000000000e+00 2.557782189781021953e+04 0.000000000000000000e+00 2.539652554744525787e+03
1.675461007718098694e-01 8.714902050113894802e+04 0.000000000000000000e+00 4.113009111617312010e+04 0.000000000000000000e+00 9.784276765375853984e+02 4.883270159453302767e+04 0.000000000000000000e+00 2.437759908883826938e+04 0.000000000000000000e+00 2.023398917995444208e+03
1.725292014006662711e-01 8.397280996802584559e+04 0.000000000000000000e+00 3.827273415301447676e+04 0.000000000000000000e+00 6.880872861522234416e+03 4.739534482644955278e+04 0.000000000000000000e+00 2.045050097240992909e+04 0.000000000000000000e+00 8.676643043148631023e+02
1.775301965061671094e-01 7.954780817768802808e+04 0.000000000000000000e+00 3.226530237253912128e+04 0.000000000000000000e+00 1.383518172640080820e+03 4.603061080262493488e+04 0.000000000000000000e+00 1.946409288238263616e+04 0.000000000000000000e+00 1.207302120141342812e+03
1.825147654490652804e-01 7.778596567106856673e+04 0.000000000000000000e+00 3.079200354515642903e+04 0.000000000000000000e+00 1.842557712192383860e+03 4.482887553546633717e+04 0.000000000000000000e+00 1.835968826257791807e+04 0.000000000000000000e+00 -2.015452155159679819e+02
1.875360723572403465e-01 7.412867575418994238e+04 0.000000000000000000e+00 2.896749765363128608e+04 0.000000000000000000e+00 2.423481787709497439e+03 4.386476692737430130e+04 0.000000000000000000e+00 1.794838346368715065e+04 0.000000000000000000e+00 2.793984134078212264e+03
1.925323683450522461e-01 7.196380164935204084e+04 0.000000000000000000e+00 2.660942058477026876e+04 0.000000000000000000e+00 3.066874370782906681e+03 4.257244425404305366e+04 0.000000000000000000e+00 1.578887951162043464e+04 0.000000000000000000e+00 1.082605628146085479e+02
1.975198663583639380e-01 6.903108799797647225e+04 0.000000000000000000e+00 2.401178823826988446e+04 0.000000000000000000e+00 5.230675806247628316e+03 4.134464105223219667e+04 0.000000000000000000e+00 1.583448387504742459e+04 0.000000000000000000e+00 2.103413785253572769e+03
2.025153694923672032e-01 6.657556923670752440e+04 0.000000000000000000e+00 2.333058612370935225e+04 0.000000000000000000e+00 2.898884299913152972e+03 4.043528090321335912e+04 0.000000000000000000e+00 1.462230936987359019e+04 0.000000000000000000e+00 -1.993777139824375411e+02
2.075088499274508613e-01 6.409110572717488685e+04 0.000000000000000000e+00 2.136939613913760331e+04 0.000000000000000000e+00 6.493016098376423315e+02 3.974746021204973658e+04 0.000000000000000000e+00 1.280858677780576727e+04 0.000000000000000000e+00 -4.168150862167670425e+02
2.125178062418619784e-01 6.168181253272822505e+04 0.000000000000000000e+00 2.083604259032990012e+04 0.000000000000000000e+00 4.084187118170710619e+03 3.891461686158143129e+04 0.000000000000000000e+00 1.230203246639902318e+04 0.000000000000000000e+00 2.789469802757898265e+02
2.175004174234404231e-01 5.963882097466543200e+04 0.000000000000000000e+00 1.917206699772746288e+04 0.000000000000000000e+00 7.902329770221361969e+02 3.772415116572679108e+04 0.000000000000000000e+00 1.214652638666778876e+04 0.000000000000000000e+00 -7.864107398367141286e+02
2.225093171556767890e-01 5.731886952581706282e+04 0.000000000000000000e+00 1.809369303205216784e+04 0.000000000000000000e+00 3.395964303303717315e+03 3.697161269478536997e+04 0.000000000000000000e+00 1.135587021532278777e+04 0.000000000000000000e+00 7.046067650361497954e+02
2.275289586476768322e-01 5.579146364610439196e+04 0.000000000000000000e+00 1.622317587632022151e+04 0.000000000000000000e+00 1.929357875401806268e+03 3.633960508189193206e+04 0.000000000000000000e+00 1.033107117710087368e+04 0.000000000000000000e+00 -2.377646563600183924e+02
2.325285406108919262e-01 5.355338569843378355e+04 0.000000000000000000e+00 1.618487271933494776e+04 0.000000000000000000e+00 3.149941098357375722e+03 3.550773972677496204e+04 0.000000000000000000e+00 1.022772692048823956e+04 0.000000000000000000e+00 3.770886435159078474e+02
2.375276552426477672e-01 5.174645132712252234e+04 0.000000000000000000e+00 1.501671520478115781e+04 0.000000000000000000e+00 2.683650553700123055e+03 3.474648310775180289e+04 0.000000000000000000e+00 9.427721989804886107e+03 0.000000000000000000e+00 -6.814053436456319446e+01
2.424991024241769377e-01 5.074005746796549647e+04 0.000000000000000000e+00 1.385720419360829328e+04 0.000000000000000000e+00 1.353937568585079362e+03 3.428730444178076141e+04 0.000000000000000000e+00 8.876470886161430826e+03 0.000000000000000000e+00 -3.862510424932048068e+02
2.474998551644826128e-01 4.906823643932116829e+04 0.000000000000000000e+00 1.228650605187319889e+04 0.000000000000000000e+00 1.398853410182516882e+03 3.344910714056996221e+04 0.000000000000000000e+00 8.543840666026257168e+03 0.000000000000000000e+00 7.818926512968299392e+01
2.525200307756395035e-01 4.792621292916795937e+04 0.000000000000000000e+00 1.282135576863594179e+04 0.000000000000000000e+00 2.636099226724404616e+03 3.332235917104856344e+04 0.000000000000000000e+00 7.909291927002784178e+03 0.000000000000000000e+00 -6.716576554283947189e+02
2.575182250600202005e-01 4.648321764399076346e+04 0.000000000000000000e+00 1.055360143059384609e+04 0.000000000000000000e+00 4.871662618284777295e+02 3.252626015945160543e+04 0.000000000000000000e+00 7.284920527531480730e+03 0.000000000000000000e+00 -7.238650473139110773e+02
2.625255687975799335e-01 4.546104364694471587e+04 0.000000000000000000e+00 9.475673418154847241e+03 0.000000000000000000e+00 1.826320762252524673e+03 3.223260112968562680e+04 0.000000000000000000e+00 7.552592913790152124e+03 0.000000000000000000e+00 1.900624037199748955e+02
2.675305520911575030e-01 4.375693282335234107e+04 0.000000000000000000e+00 8.701605998260172782e+03 0.000000000000000000e+00 4.536087046574888291e+02 3.161506148769003266e+04 0.000000000000000000e+00 6.466350699382775019e+03 0.000000000000000000e+00 -1.059708427113682546e+03
2.725404586615198799e-01 4.277502469984661730e+04 0.000000000000000000e+00 8.756584968530172773e+03 0.000000000000000000e+00 2.456910350663775262e+03 3.117001745385307004e+04 0.000000000000000000e+00 6.571672290685988628e+03 0.000000000000000000e+00 -6.417131221240809680e+01
2.775333197047151201e-01 4.197217173727608315e+04 0.000000000000000000e+00 7.849199576084989531e+03 0.000000000000000000e+00 1.052860340682916785e+03 3.071237366557241330e+04 0.000000000000000000e+00 6.481503760953291930e+03 0.000000000000000000e+00 -6.711771913045726023e+02
2.825123907298719983e-01 4.103579610943000444e+04 0.000000000000000000e+00 7.847676601000432129e+03 0.000000000000000000e+00 1.640094164145001059e+03 3.037662515901933148e+04 0.000000000000000000e+00 6.003261656271228276e+03 0.000000000000000000e+00 -6.626921262273822322e+02
2.875104651677040102e-01 3.973241601225818886e+04 0.000000000000000000e+00 6.846405669411989948e+03 0.000000000000000000e+00 1.264100076613675583e+03 2.986965255698142209e+04 0.000000000000000000e+00 5.791174870714422468e+03 0.000000000000000000e+00 -4.013922859605439726e+02
2.924971317655564174e-01 3.922229002762718301e+04 0.000000000000000000e+00 6.310588354968846943e+03 0.000000000000000000e+00 7.699986822180351282e+02 2.963068980106115851e+04 0.000000000000000000e+00 5.807636939509183321e+03 0.000000000000000000e+00 -9.595217145036932607e+02
2.975058823671092867e-01 3.783873119616375334e+04 0.000000000000000000e+00 6.561182133025486110e+03 0.000000000000000000e+00 1.520643104520024735e+03 2.896572879850812387e+04 0.000000000000000000e+00 5.294156824438327021e+03 0.000000000000000000e+00 -7.594645235769469309e+02
3.025121359101998753e-01 3.744886775323159236e+04 0.000000000000000000e+00 5.223356015736457266e+03 0.000000000000000000e+00 -3.011945657342959635e+02 2.871257031689075302e+04 0.000000000000000000e+00 4.854526998400415323e+03 0.000000000000000000e+00 -1.255473606847952851e+03
3.075010376196579687e-01 3.635811874379474466e+04 0.000000000000000000e+00 5.425349929456027894e+03 0.000000000000000000e+00 1.586617756179129628e+03 2.836193192245388855e+04 0.000000000000000000e+00 4.817186392851544042e+03 0.000000000000000000e+00 -6.544271724930763412e+02
3.125134169243361515e-01 3.578499320329781040e+04 0.000000000000000000e+00 4.924339593806555968e+03 0.000000000000000000e+00 1.034019203699979954e+02 2.808088863864870291e+04 0.000000000000000000e+00 4.425294027749849192e+03 0.000000000000000000e+00 -1.904555640458475864e+03
3.175159688234982513e-01 3.513531907536029757e+04 0.000000000000000000e+00 4.617782240080164229e+03 0.000000000000000000e+00 5.299022506901395673e+02 2.774657122928353056e+04 0.000000000000000000e+00 4.461447475710033359e+03 0.000000000000000000e+00 -9.929740743287717351e+02
3.225221380836135188e-01 3.422152373041344254e+04 0.000000000000000000e+00 4.474260600339815028e+03 0.000000000000000000e+00 6.180976401736833168e+02 2.704222676986973966e+04 0.000000000000000000e+00 4.441321502737398987e+03 0.000000000000000000e+00 -1.066826354540305829e+03
3.275181733526948968e-01 3.355601510551647516e+04 0.000000000000000000e+00 3.258706553128471114e+03 0.000000000000000000e+00 -6.090574324324324351e+01 2.708139503887449246e+04 0.000000000000000000e+00 3.847828804146612583e+03 0.000000000000000000e+00 -8.012051832654572081e+02
3.325123842131759710e-01 3.312591995872510597e+04 0.000000000000000000e+00 3.833796810091000680e+03 0.000000000000000000e+00 7.776395385039629673e+02 2.676253563073200712e+04 0.000000000000000000e+00 3.793057918286380300e+03 0.000000000000000000e+00 -9.186957132817990441e+02
3.374959366892091861e-01 3.219675128753109675e+04 0.000000000000000000e+00 2.923687629191045289e+03 0.000000000000000000e+00 2.547697509021476492e+02 2.651629443296079626e+04 0.000000000000000000e+00 3.610480748344602944e+03 0.000000000000000000e+00 -1.314113302736222522e+03
3.424919221947719805e-01 3.183952235621598811e+04 0.000000000000000000e+00 2.634029719390944138e+03 0.000000000000000000e+00 3.203221295285401311e+02 2.615570747318504436e+04 0.000000000000000000e+00 3.314407554025785885e+03 0.000000000000000000e+00 -4.585929043495654014e+02
3.475179778446125245e-01 3.102312961087332951e+04 0.000000000000000000e+00 2.168296664161793160e+03 0.000000000000000000e+00 3.793104518574182293e+02 2.578905374587512415e+04 0.000000000000000000e+00 3.088768974417616846e+03 0.000000000000000000e+00 -3.582794785506583253e+02
3.525052850529177828e-01 3.057284598435254520e+04 0.000000000000000000e+00 2.232044962478045818e+03 0.000000000000000000e+00 -3.667041673319495203e+02 2.557364585661823367e+04 0.000000000000000000e+00 3.241261504071531363e+03 0.000000000000000000e+00 -1.126842471658949307e+03
3.575133254796376558e-01 3.018023597581071590e+04 0.000000000000000000e+00 1.911665151642893989e+03 0.000000000000000000e+00 4.508684995133017992e+02 2.536587765863678578e+04 0.000000000000000000e+00 2.956369706678112379e+03 0.000000000000000000e+00 -2.829245732768201265e+02
3.625250227669692404e-01 2.977516879987953507e+04 0.000000000000000000e+00 1.754582020780002949e+03 0.000000000000000000e+00 3.303996386086432722e+02 2.518917608793856198e+04 0.000000000000000000e+00 2.652927450685137501e+03 0.000000000000000000e+00 -7.780655925312452155e+02
3.675230446100045678e-01 2.942450215427684088e+04 0.000000000000000000e+00 1.640124517930436241e+03 0.000000000000000000e+00 1.318368581822423380e+02 2.486545735552493716e+04 0.000000000000000000e+00 2.714279990376834576e+03 0.000000000000000000e+00 -9.002488900553331632e+02
3.725177060730277545e-01 2.876898804963119983e+04 0.000000000000000000e+00 1.656384584596031800e+03 0.000000000000000000e+00 7.530114357596203263e+02 2.468265629824461212e+04 0.000000000000000000e+00 2.685653610841100090e+03 0.000000000000000000e+00 -8.599591171593573335e+02
3.775163034622419089e-01 2.844981888140338197e+04 0.000000000000000000e+00 1.022477572213679423e+03 0.000000000000000000e+00 6.075634839092269885e+02 2.448069882292909460e+04 0.000000000000000000e+00 2.507500017238882720e+03 0.000000000000000000e+00 -8.746052502740982391e+02
3.825226892977953153e-01 2.817665037837837735e+04 0.000000000000000000e+00 1.002853189189189152e+03 0.000000000000000000e+00 6.194712972972972693e+02 2.427914724324324197e+04 0.000000000000000000e+00 2.377972324324324291e+03 0.000000000000000000e+00 -5.617635675675675202e+02
3.875130067694269043e-01 2.767367755532139199e+04 0.000000000000000000e+00 7.098904636459431003e+02 0.000000000000000000e+00 4.652178082191780959e+02 2.413286069546891667e+04 0.000000000000000000e+00 2.629260906217070897e+03 0.000000000000000000e+00 -7.264412539515279832e+02
3.924957861003909865e-01 2.744561722395649122e+04 0.000000000000000000e+00 1.033100222057734982e+03 0.000000000000000000e+00 1.579637112605799302e+03 2.388915248608116599e+04 0.000000000000000000e+00 2.248960370739870541e+03 0.000000000000000000e+00 -6.757105525697551229e+01
3.975064703251052212e-01 2.704042941577349848e+04 0.000000000000000000e+00 1.192410780001239118e+03 0.000000000000000000e+00 1.168375391859240608e+03 2.367599529149371301e+04 0.000000000000000000e+00 2.224981153584040840e+03 0.000000000000000000e+00 -4.924036428969704957e+02
