3.798113400606732779e-03 -2.955386513157894708e-04 -4.193644631578946952e+06 5.332545230263157666e-04 6.762652631578946603e+04 -1.460025185032894600e-03
8.299341265228576958e-03 -3.051757812500000000e-05 -2.326362250000000000e+06 9.918212890625000000e-05 -3.812155937500000000e+05 -8.201599121093750000e-05
1.293222767532251419e-02 2.177050159235668984e-05 -1.621482292993630748e+06 -5.753632563694267594e-05 -5.258127388535032514e+05 5.714756667993630660e-05
1.764839556552980082e-02 1.923025470890410852e-05 -1.051112767123287544e+06 -3.762441138698630267e-05 -1.142048835616438300e+05 4.807563677226027130e-06
2.256548662787912635e-02 -2.169113303402646546e-05 -8.184703516068053432e+05 -4.084394198960302830e-05 -1.264864650283553929e+05 -8.497616744447070440e-05
2.777643688250242340e-02 -7.406095179115853460e-06 -5.505879804878048599e+05 1.940843535632621981e-05 -8.443252682926828857e+04 -3.072692126762576153e-05
3.269804980233311648e-02 1.318359374999999985e-05 -4.464406400000000140e+05 -5.615234374999999905e-06 -7.050660800000000745e+04 2.789306640625000106e-05
3.761648458559932462e-02 -6.255794841537424320e-06 -2.981898961564396741e+05 -3.292523600809170556e-07 -5.196235738368172315e+04 -1.588642637390424823e-05
4.263843696389812976e-02 -8.378710065569195461e-06 -2.355118214285714203e+05 1.590592520577566819e-05 -4.449520535714285506e+04 -3.382989338466099234e-05
4.756514582339458480e-02 -2.182678941343218628e-06 -1.860487675534234731e+05 2.973234606683384290e-05 -1.239669254252071551e+04 -1.996352690252943794e-08
5.262096060748640974e-02 3.514664896418539440e-06 -1.489337752808988735e+05 -1.358718014834971925e-05 -1.821637921348314558e+04 1.186199402541257019e-05
5.756031740041873956e-02 8.762472926980197332e-06 -1.277798811881188158e+05 -2.130187383972772136e-05 -2.050437871287128655e+04 3.758043345838490388e-05
6.254738279606215923e-02 -9.423995795775078340e-06 -1.036447819475104188e+05 2.070060395013183707e-05 -1.182944419916605329e+04 -3.443706962504982120e-05
6.757793472572401483e-02 1.394476329086115882e-06 -9.060188400702987565e+04 -1.769912263840070232e-06 -1.252926274165202085e+04 6.422636169540860551e-06
7.255917516659465827e-02 -4.086415519806583767e-07 -7.623692021573368402e+04 1.748077750139483044e-06 -7.689316719360238494e+03 4.205602639134275855e-06
7.753384299139773339e-02 1.168546366939027466e-06 -6.592971141613658983e+04 -4.556053731207629234e-06 -1.109841848008034867e+04 1.203554866702651620e-05
8.251793356505521260e-02 -1.259900014334862455e-06 -5.366642201834862499e+04 1.042917234088302768e-05 -6.607053325688073528e+03 -8.031862591384747411e-06
8.752751931716111489e-02 -7.592814565245562226e-07 -4.581711234935856191e+04 -5.061876376830374817e-06 -8.240338473500065447e+03 8.731736750032395925e-06
9.254701955136974967e-02 -2.747138413713537095e-07 -3.856199088422971545e+04 2.411570240392832663e-06 -6.650340929808568944e+03 -2.220748442351654982e-06
9.754963178921903511e-02 -8.689187951428870972e-07 -3.349393405213022197e+04 1.584498979378205752e-06 -4.733798806657594469e+03 -9.839227533235632700e-07
1.025319613041059119e-01 -7.500567981941839040e-07 -2.950982363977485875e+04 -2.018282605827861327e-06 -5.038870544090056683e+03 1.075701686723147290e-06
1.075116003998943526e-01 -1.093669236733287441e-06 -2.526586905582356849e+04 2.124242171347346727e-06 -2.907053411440385844e+03 -1.782470534868194296e-06
1.125102861506304813e-01 -1.825817845617222101e-06 -2.275206678518976696e+04 4.045578301335317286e-06 -4.404880575094689448e+03 -7.910108127669185910e-06
1.175500852175193622e-01 1.283140240819673688e-06 -1.910120096714549800e+04 -5.916280235102803529e-06 -2.480325416014791699e+03 9.868989677792711464e-06
1.225369446564099490e-01 5.636811848311817142e-07 -1.708995749751737821e+04 4.506418934644985129e-06 -3.147487851704733657e+03 -2.065568284379137779e-06
1.275260957852891452e-01 -5.107234757761338172e-07 -1.508686005335920345e+04 3.068041749408804180e-06 -2.293981081736599663e+03 -2.193705364248575198e-06
1.325302087090364789e-01 1.078843735971606599e-06 -1.325380349026429394e+04 -1.820334748155266235e-06 -1.837605746029964621e+03 1.271494403109393401e-07
1.375062694904859717e-01 -9.474306197201689346e-07 -1.177035776135163724e+04 -1.537157842199049608e-06 -1.903948891235480460e+03 1.510571778890575414e-06
1.425134422753508989e-01 -9.373800153580342044e-07 -1.032861432136686562e+04 4.218210069111153814e-07 -1.431216164330965512e+03 -4.300230820454981547e-06
1.475259222195813014e-01 3.336925941956353537e-08 -9.028580800947651369e+03 -1.217977968814068905e-06 -1.561693380108433303e+03 4.233724788857123161e-06
1.525299430011916868e-01 9.752827638865403103e-07 -8.606619546838011956e+03 -2.479488719827950554e-06 -1.714015049036185246e+03 3.281258875589173920e-06
1.574945685492469272e-01 4.270264096433048770e-07 -7.237515590245479871e+03 -8.306033921674687457e-07 -7.388136854450599458e+02 2.626027292250121035e-06
1.625189323163163113e-01 -7.211726947422446189e-07 -6.795575474452555682e+03 1.081202152001596754e-06 -1.370126131386861516e+03 -1.785737754654710365e-06
1.675461007718098694e-01 1.183946474809581417e-06 -6.343862756264236850e+03 -2.635095548521141602e-06 -1.145151267084282381e+03 3.095096770614589058e-06
1.725292014006662711e-01 -8.289047821142500273e-07 -5.227315027853775973e+03 3.408166749761018251e-06 -9.634696904769754155e+02 -2.930339357158750138e-06
1.775301965061671094e-01 -8.554665624704221333e-07 -4.717324583543664630e+03 3.498169823405358770e-06 -7.221687910146390550e+02 -3.330097362165918144e-06
1.825147654490652804e-01 9.268241399302785672e-07 -4.257312653254158249e+03 -9.899347331161925263e-07 -8.600879198794647209e+02 1.606164596581509162e-06
1.875360723572403465e-01 -3.426834191689944120e-07 -3.973583016759776456e+03 -1.820825331703910727e-06 -9.343539664804469567e+02 4.386688743889665175e-06
1.925323683450522461e-01 -4.338875973111009553e-07 -3.137769947520616824e+03 2.365953932230306620e-06 -7.544222983827781945e+02 -1.953004884224473167e-06
1.975198663583639380e-01 -2.686257034905779455e-07 -2.969866902744403433e+03 9.031381410459086090e-07 -7.825093714430250884e+02 -1.163658758655305425e-06
2.025153694923672032e-01 -1.973055808525523647e-07 -2.636451027694683034e+03 6.478690714561420739e-07 -5.883413104313423219e+02 -1.317824588530107256e-06
2.075088499274508613e-01 -6.348947703533972147e-07 -2.220536307220224899e+03 2.383912807229527858e-06 -5.710503560878426015e+02 -5.312002413016635189e-06
2.125178062418619784e-01 -9.322004140120440830e-08 -2.062399720719148263e+03 4.088364672881393226e-07 -4.549464566241927059e+02 -3.985156769901488342e-07
2.175004174234404231e-01 4.726230430940156611e-07 -1.720021715343826372e+03 -1.047990225991078283e-06 -3.176550374547597357e+02 -4.058393522220351999e-07
2.225093171556767890e-01 -1.238474634808219012e-07 -1.511110498217135273e+03 -2.945886267262268434e-08 -2.855863162664250012e+02 3.389272210549191371e-07
2.275289586476768322e-01 -2.776501683460412571e-07 -1.353197152915965262e+03 4.582249623755118705e-07 -3.515270932190418307e+02 -1.692250040247888125e-07
2.325285406108919262e-01 -2.087317296672912213e-07 -1.109737070925727267e+03 2.775687894511851401e-07 -2.112128499445182399e+02 -4.191288720712895811e-07
2.375276552426477672e-01 9.870336394796977438e-08 -1.004439092986465084e+03 -2.639242122956583089e-07 -1.783375153805589619e+01 8.953038827671823340e-07
2.424991024241769377e-01 -4.513260925075549174e-07 -9.247596441172994446e+02 9.345953559460098086e-07 -3.812597032059831577e+02 -8.956968171511235434e-07
2.474998551644826128e-01 1.837113252481588267e-07 -6.002254242715338250e+02 -1.081747005583573404e-06 -2.412966218379763177e+02 1.246158869801673072e-06
2.525200307756395035e-01 -1.515023596988091771e-07 -6.436721311475409948e+02 -7.055951020240488923e-08 -1.182507346118156590e+02 -2.102036244574988598e-07
2.575182250600202005e-01 5.120750013970642582e-07 -5.476574323820877908e+02 -4.747835714551821689e-07 -1.646579837567990410e+02 1.871393100132255459e-06
2.625255687975799335e-01 1.671528213613282416e-07 -3.906202430535744838e+02 -2.925174373823244095e-07 -3.065167741199292664e+02 1.675010564058310009e-06
2.675305520911575030e-01 1.887832949006503560e-07 -3.417583021499288520e+02 -1.388905669626213231e-06 -9.192338548211154148e+01 4.753293675177089084e-07
2.725404586615198799e-01 -1.727075082971915175e-07 -1.868848310149680003e+02 1.896554413543925482e-07 -8.240590786481196517e+01 -2.108403576758938300e-07
2.775333197047151201e-01 -8.361628664021506083e-08 -2.046467676480471312e+02 7.020612746206736264e-08 5.596074343448703914e+00 3.772593309970080015e-07
2.825123907298719983e-01 -4.633327105558729328e-07 -9.683363181621689364e+01 8.356856098362332712e-07 -2.112244642746865964e+01 -9.350401810569672093e-07
2.875104651677040102e-01 1.574539859686242887e-07 -2.337785655286343456e+01 -7.180413211631811260e-07 -1.044566175062248590e+02 1.112863584122788310e-07
2.924971317655564174e-01 5.203323091744789531e-07 4.196699765342334132e+01 -8.238888868318614059e-07 -5.023877862418938633e+01 1.035064431631571573e-06
2.975058823671092867e-01 3.604331667369682707e-07 7.219165149631471934e+01 -4.105686072229375687e-07 -1.329304013853121376e+02 4.369913393709483623e-08
3.025121359101998753e-01 -1.172560527369925591e-07 8.095619514936664984e+01 4.818052856133948901e-07 -1.116977865202541977e+02 -4.224557469653988264e-07
3.075010376196579687e-01 -2.108977220583816774e-07 1.451889219835919960e+02 8.085475805417842762e-07 -2.847679103307728710e+01 -8.838468381103605393e-07
3.125134169243361515e-01 -1.154457949882490402e-08 1.148348984516388498e+02 2.251960083965130397e-07 -1.251149205710838572e+02 -4.610592466040250099e-07
3.175159688234982513e-01 4.844869020836812480e-07 1.941295202915778475e+02 -9.425908540538947471e-07 -5.283794736273344483e+01 9.635772916441531740e-07
3.225221380836135188e-01 -4.793397205965641330e-07 2.032572021899188428e+02 1.246744177128563419e-06 -6.582887483481216861e+01 -1.499665015279875413e-06
3.275181733526948968e-01 -6.785352156807519555e-08 2.389683265457238122e+02 3.631006387020649396e-08 -1.462097463902258312e+02 -7.816903108316455018e-08
3.325123842131759710e-01 1.567810477196856907e-07 2.825607336968608365e+02 -2.309723064628549702e-07 -1.361630981079374294e+02 2.162017095411008421e-07
3.374959366892091861e-01 1.031757800183057249e-07 2.935585257331044318e+02 2.111628658405738806e-08 -1.028919086991556640e+02 -9.323909705928883592e-07
3.424919221947719805e-01 -4.008342691830084538e-07 2.881516805707190088e+02 9.054378161748160648e-07 -7.706102226037387481e+01 -6.923038583224295939e-07
3.475179778446125245e-01 3.950923099954667207e-07 2.768897964517920514e+02 -9.099586609706317168e-07 -1.018409595844087931e+02 1.209300287321297905e-06
3.525052850529177828e-01 4.957949184446351695e-08 3.448486348395337586e+02 -1.936280154466210376e-07 -1.061026025866198381e+02 2.493135810716834127e-07
3.575133254796376558e-01 -2.258334931110170048e-07 3.647673122762913067e+02 1.791113385290122072e-07 -1.076053452491358229e+02 -5.310917252220441122e-07
3.625250227669692404e-01 2.678502236050199323e-07 2.995144707122421437e+02 -4.049346239124143103e-07 -1.570326005119710828e+02 4.628429461667164393e-07
3.675230446100045678e-01 -2.580786520642419095e-08 3.251823079558792529e+02 -3.114742352499471664e-09 -1.607624463253359011e+02 9.177365860043086064e-08
3.725177060730277545e-01 -7.328825440276745771e-08 3.321630739321859664e+02 4.938232379995997279e-07 -1.658589684944822693e+02 -4.872796438564955048e-07
3.775163034622419089e-01 -1.380457399273208680e-07 2.967258810792919803e+02 7.558846003337447191e-07 -2.183682776977127560e+02 -3.043950652513256781e-07
3.825226892977953153e-01 -1.289264575855151934e-07 3.403024324324324539e+02 3.082945540144636887e-07 -2.172472702702702634e+02 -2.118123544229043382e-07
3.875130067694269043e-01 -8.501669880713250990e-08 2.938279768177028473e+02 1.819920112762612181e-07 -1.507663066385669310e+02 -1.418201137016143788e-07
3.924957861003909865e-01 2.239245587004795182e-07 2.993904161168860583e+02 -6.485955200254240900e-07 -2.570706658513822731e+02 7.969946464273646605e-07
3.975064703251052212e-01 -1.777245736788303071e-08 2.680594263056811997e+02 2.304747396962703838e-07 -2.153045040579889928e+02 -2.252280833988368388e-07
