3.798113400606732779e-03 1.744372039473683981e+04 0.000000000000000000e+00 8.968893092105263349e+03 0.000000000000000000e+00 -1.736855263157894569e+03
8.299341265228576958e-03 3.075307031250000000e+04 0.000000000000000000e+00 2.320127929687500000e+04 0.000000000000000000e+00 2.752029882812500000e+04
1.293222767532251419e-02 4.041047770700637193e+04 0.000000000000000000e+00 3.475907643312102300e+04 0.000000000000000000e+00 1.172673566878980864e+03
1.764839556552980082e-02 3.923630136986300931e+04 0.000000000000000000e+00 2.325105479452054715e+04 0.000000000000000000e+00 1.000921982020547887e+02
2.256548662787912635e-02 3.831983364839319256e+04 0.000000000000000000e+00 2.384535160680529225e+04 0.000000000000000000e+00 -7.752827504725898507e+03
2.777643688250242340e-02 3.227403170731707360e+04 0.000000000000000000e+00 2.155512195121951299e+04 0.000000000000000000e+00 1.208614756097560894e+04
3.269804980233311648e-02 2.824398400000000038e+04 0.000000000000000000e+00 1.621965300000000025e+04 0.000000000000000000e+00 1.057366250000000036e+02
3.761648458559932462e-02 2.423594605529332330e+04 0.000000000000000000e+00 1.225928523263654824e+04 0.000000000000000000e+00 2.945305461901550643e+03
4.263843696389812976e-02 2.203262723214285506e+04 0.000000000000000000e+00 1.009821651785714312e+04 0.000000000000000000e+00 1.009964285714285666e+03
4.756514582339458480e-02 1.916116528565198314e+04 0.000000000000000000e+00 7.786910597470562607e+03 0.000000000000000000e+00 -2.331100087221980175e+03
5.262096060748640974e-02 1.817710112359550476e+04 0.000000000000000000e+00 1.009350421348314558e+04 0.000000000000000000e+00 3.020655898876404535e+03
5.756031740041873956e-02 1.742323762376237573e+04 0.000000000000000000e+00 9.338654084158415571e+03 0.000000000000000000e+00 3.209847230816831711e+02
6.254738279606215923e-02 1.601624822173166467e+04 0.000000000000000000e+00 7.715903850870738097e+03 0.000000000000000000e+00 9.801032468727004243e+01
6.757793472572401483e-02 1.504233743409490307e+04 0.000000000000000000e+00 6.843763620386643197e+03 0.000000000000000000e+00 -3.892619178383127974e+02
7.255917516659465827e-02 1.427572252185233447e+04 0.000000000000000000e+00 7.453767528361539917e+03 0.000000000000000000e+00 1.152844708945508728e+03
7.753384299139773339e-02 1.309227854034148004e+04 0.000000000000000000e+00 6.627000334784064762e+03 0.000000000000000000e+00 1.243346752594576628e+03
8.251793356505521260e-02 1.208227981651376285e+04 0.000000000000000000e+00 5.703405963302752752e+03 0.000000000000000000e+00 2.398971294438073585e+02
8.752751931716111489e-02 1.087781158481275088e+04 0.000000000000000000e+00 5.371889594401969589e+03 0.000000000000000000e+00 7.754517947388882249e+02
9.254701955136974967e-02 1.017001914311759356e+04 0.000000000000000000e+00 4.796644940747492910e+03 0.000000000000000000e+00 4.867020852324521343e+02
9.754963178921903511e-02 9.291959384486548515e+03 0.000000000000000000e+00 4.677697477232282836e+03 0.000000000000000000e+00 1.208255417146446234e+03
1.025319613041059119e-01 8.794440525328329386e+03 0.000000000000000000e+00 4.281749718574108556e+03 0.000000000000000000e+00 4.941887429643527412e+02
1.075116003998943526e-01 8.247408683666437355e+03 0.000000000000000000e+00 3.843533425223983613e+03 0.000000000000000000e+00 -3.049399552033080454e+02
1.125102861506304813e-01 7.822517739816032190e+03 0.000000000000000000e+00 3.737700548813480964e+03 0.000000000000000000e+00 7.901092216124294509e+02
1.175500852175193622e-01 7.423435642156166068e+03 0.000000000000000000e+00 3.086261982648271896e+03 0.000000000000000000e+00 3.423932584269663266e+02
1.225369446564099490e-01 7.337332009268454385e+03 0.000000000000000000e+00 3.331021251241310893e+03 0.000000000000000000e+00 1.481602946044356202e+02
1.275260957852891452e-01 6.868747999029832499e+03 0.000000000000000000e+00 2.706466893039048955e+03 0.000000000000000000e+00 6.825417171962163820e+02
1.325302087090364789e-01 6.591726614668087677e+03 0.000000000000000000e+00 2.838994220301890891e+03 0.000000000000000000e+00 -9.704183968351944145e+01
1.375062694904859717e-01 6.375590285110876721e+03 0.000000000000000000e+00 2.602567476240760243e+03 0.000000000000000000e+00 5.553128299894402744e+02
1.425134422753508989e-01 6.113009022845075378e+03 0.000000000000000000e+00 2.474827990017277898e+03 0.000000000000000000e+00 -3.861204165866769245e+01
1.475259222195813014e-01 5.739873707230397486e+03 0.000000000000000000e+00 2.278357282791926536e+03 0.000000000000000000e+00 -2.019048561437878675e+01
1.525299430011916868e-01 5.453342915116671975e+03 0.000000000000000000e+00 2.206381636794048063e+03 0.000000000000000000e+00 1.926547598917821915e+02
1.574945685492469272e-01 5.166355481861932276e+03 0.000000000000000000e+00 1.963777409309661380e+03 0.000000000000000000e+00 6.272099830145184995e+01
1.625189323163163113e-01 5.021528175182482300e+03 0.000000000000000000e+00 1.871106277372262866e+03 0.000000000000000000e+00 2.498998357664233652e+02
1.675461007718098694e-01 4.859480637813211615e+03 0.000000000000000000e+00 1.764914009111617133e+03 0.000000000000000000e+00 1.056941468536446394e+02
1.725292014006662711e-01 4.675384909516432344e+03 0.000000000000000000e+00 1.783158255595477613e+03 0.000000000000000000e+00 3.409527639516102795e+02
1.775301965061671094e-01 4.526645633518424802e+03 0.000000000000000000e+00 1.652645759717314377e+03 0.000000000000000000e+00 1.194066364840989394e+02
1.825147654490652804e-01 4.377573813111170239e+03 0.000000000000000000e+00 1.600945729563650275e+03 0.000000000000000000e+00 4.429588761854116541e+01
1.875360723572403465e-01 4.258957765363128601e+03 0.000000000000000000e+00 1.556843016759776447e+03 0.000000000000000000e+00 3.403954469273742802e+02
1.925323683450522461e-01 4.095871907464924334e+03 0.000000000000000000e+00 1.490242261968512366e+03 0.000000000000000000e+00 5.217528381707186469e+01
1.975198663583639380e-01 3.967306336157834721e+03 0.000000000000000000e+00 1.417090375616542133e+03 0.000000000000000000e+00 1.351418363475401350e+02
2.025153694923672032e-01 3.837709929557078340e+03 0.000000000000000000e+00 1.296368040142815971e+03 0.000000000000000000e+00 1.595260783556885258e+02
2.075088499274508613e-01 3.769030845680002130e+03 0.000000000000000000e+00 1.207268497103208347e+03 0.000000000000000000e+00 1.587473837275870778e+02
2.125178062418619784e-01 3.669821958456973334e+03 0.000000000000000000e+00 1.227025222551928891e+03 0.000000000000000000e+00 2.795440740094257421e+02
2.175004174234404231e-01 3.520652807002777536e+03 0.000000000000000000e+00 1.142040063967679544e+03 0.000000000000000000e+00 2.448003745475970163e+02
2.225093171556767890e-01 3.458272295660054169e+03 0.000000000000000000e+00 1.172576032781072172e+03 0.000000000000000000e+00 2.281845905321014243e+02
2.275289586476768322e-01 3.360998010102556236e+03 0.000000000000000000e+00 1.082030537272309857e+03 0.000000000000000000e+00 6.400631888106536849e+01
2.325285406108919262e-01 3.252982227639023222e+03 0.000000000000000000e+00 1.050356720571917094e+03 0.000000000000000000e+00 2.026459534680661534e+02
2.375276552426477672e-01 3.173323677271928318e+03 0.000000000000000000e+00 1.001063737036385987e+03 0.000000000000000000e+00 1.322033661451924900e+02
2.424991024241769377e-01 3.105214188037074109e+03 0.000000000000000000e+00 8.988221430621443915e+02 0.000000000000000000e+00 4.531160417334931623e+01
2.474998551644826128e-01 3.032429586935638781e+03 0.000000000000000000e+00 8.689839897534421880e+02 0.000000000000000000e+00 1.150433237271853955e+02
2.525200307756395035e-01 2.971604330343334368e+03 0.000000000000000000e+00 8.294538199814414838e+02 0.000000000000000000e+00 6.877868852459016580e+01
2.575182250600202005e-01 2.901334207585127842e+03 0.000000000000000000e+00 8.728976380299531002e+02 0.000000000000000000e+00 1.044371954399821192e+02
2.625255687975799335e-01 2.838985108689450499e+03 0.000000000000000000e+00 7.275781365892622716e+02 0.000000000000000000e+00 2.723502667313287873e+01
2.675305520911575030e-01 2.779037240579389618e+03 0.000000000000000000e+00 7.521052180997223786e+02 0.000000000000000000e+00 -1.811602642879827485e+01
2.725404586615198799e-01 2.725345956524038684e+03 0.000000000000000000e+00 6.749477971121806377e+02 0.000000000000000000e+00 4.032902165864494748e+01
2.775333197047151201e-01 2.673917956936438713e+03 0.000000000000000000e+00 6.618173546669423786e+02 0.000000000000000000e+00 5.130103781632072923e+01
2.825123907298719983e-01 2.620901377138269709e+03 0.000000000000000000e+00 6.335217439634410539e+02 0.000000000000000000e+00 5.738336935712962372e+01
2.875104651677040102e-01 2.587973376747749171e+03 0.000000000000000000e+00 6.228870905956713386e+02 0.000000000000000000e+00 7.442687583796207207e+01
2.924971317655564174e-01 2.514993815672357869e+03 0.000000000000000000e+00 6.181948698979296069e+02 0.000000000000000000e+00 3.610302107295194673e+01
2.975058823671092867e-01 2.478836337803037168e+03 0.000000000000000000e+00 5.456309830388064483e+02 0.000000000000000000e+00 4.786169079122635850e+01
3.025121359101998753e-01 2.447624573083740415e+03 0.000000000000000000e+00 5.573345726514202170e+02 0.000000000000000000e+00 -2.833075472309887033e+01
3.075010376196579687e-01 2.395721628259393128e+03 0.000000000000000000e+00 4.914805873438888284e+02 0.000000000000000000e+00 4.820005225479437883e+01
3.125134169243361515e-01 2.343651719284134288e+03 0.000000000000000000e+00 4.530460486627790146e+02 0.000000000000000000e+00 -7.048956867082244671e+00
3.175159688234982513e-01 2.312679745753554016e+03 0.000000000000000000e+00 5.020208073405310643e+02 0.000000000000000000e+00 1.243982400212199479e+01
3.225221380836135188e-01 2.271419142911081963e+03 0.000000000000000000e+00 4.862601094959411512e+02 0.000000000000000000e+00 4.663953653011138556e+01
3.275181733526948968e-01 2.250278711588300666e+03 0.000000000000000000e+00 4.517744909292854345e+02 0.000000000000000000e+00 -3.397315577563865219e+01
3.325123842131759710e-01 2.206957168399797411e+03 0.000000000000000000e+00 4.113488529314961397e+02 0.000000000000000000e+00 2.407476404814218540e+01
3.374959366892091861e-01 2.177614826752619138e+03 0.000000000000000000e+00 3.799318571979119383e+02 0.000000000000000000e+00 -3.252576813929860577e+01
3.424919221947719805e-01 2.142976039470284832e+03 0.000000000000000000e+00 3.990815824783938979e+02 0.000000000000000000e+00 -2.216026260740568077e+01
3.475179778446125245e-01 2.104268566014310181e+03 0.000000000000000000e+00 3.348620250269545977e+02 0.000000000000000000e+00 5.966481957762930222e-01
3.525052850529177828e-01 2.083261057001437166e+03 0.000000000000000000e+00 3.378156155197189605e+02 0.000000000000000000e+00 -5.472546702858055312e+01
3.575133254796376558e-01 2.060809957768392906e+03 0.000000000000000000e+00 3.193145449946731560e+02 0.000000000000000000e+00 2.436826382874355446e+01
3.625250227669692404e-01 2.038789579882547741e+03 0.000000000000000000e+00 3.404138533353410594e+02 0.000000000000000000e+00 -1.015852469507604283e+01
3.675230446100045678e-01 2.000867018058016129e+03 0.000000000000000000e+00 3.400941903782924669e+02 0.000000000000000000e+00 9.538521823444073178e+00
3.725177060730277545e-01 1.970142603922465696e+03 0.000000000000000000e+00 3.009179770141231529e+02 0.000000000000000000e+00 2.302592522442678558e+01
3.775163034622419089e-01 1.953499148399197338e+03 0.000000000000000000e+00 3.014680632460126617e+02 0.000000000000000000e+00 -1.366824352162790301e+00
3.825226892977953153e-01 1.932210810810810699e+03 0.000000000000000000e+00 3.010344864864864576e+02 0.000000000000000000e+00 2.350643918918918729e+01
3.875130067694269043e-01 1.913005268703898992e+03 0.000000000000000000e+00 2.820057955742887543e+02 0.000000000000000000e+00 2.913367689673340521e+01
3.924957861003909865e-01 1.892127982492839465e+03 0.000000000000000000e+00 2.948373700640427728e+02 0.000000000000000000e+00 6.573932352846523486e+01
3.975064703251052212e-01 1.878580806641472236e+03 0.000000000000000000e+00 2.749945604361564051e+02 0.000000000000000000e+00 7.019614645932718133e+01
