3.798113400606732779e-03 -3.289473684210526133e-03 2.708361970526315570e+08 2.138157894736841813e-02 5.436014484210525751e+08 -1.233552631578947300e-03 2.725044547368420959e+08 0.000000000000000000e+00 9.799251536842104793e+07 0.000000000000000000e+00 8.947541692631578445e+08
8.299341265228576958e-03 -1.220703125000000000e-03 6.533200000000000000e+07 -1.257324218750000000e-02 5.590520800000000000e+07 1.199340820312500000e-02 1.341855040000000000e+08 0.000000000000000000e+00 1.446681280000000000e+08 0.000000000000000000e+00 1.929400000000000000e+08
1.293222767532251419e-02 8.957006369426751772e-04 3.616448081528662890e+07 -3.632563694267515984e-03 7.609399439490445890e+06 4.067973726114650079e-03 9.956961834394904971e+07 0.000000000000000000e+00 3.627956015286624432e+07 0.000000000000000000e+00 -5.145273070063694380e+06
1.764839556552980082e-02 -5.886130136986301043e-04 2.434596997260273993e+07 1.043450342465753258e-03 5.635932054794520140e+06 -2.628692208904109470e-03 7.745021895890410244e+07 0.000000000000000000e+00 4.101133676712328196e+07 0.000000000000000000e+00 1.862932164383561537e+07
2.256548662787912635e-02 -6.498109640831758278e-04 1.910500028733459488e+07 2.687854442344045445e-03 1.756113179584121099e+06 -3.345049621928166631e-03 6.618414360680529475e+07 0.000000000000000000e+00 5.198894457466918975e+07 0.000000000000000000e+00 -1.107099245368620008e+07
2.777643688250242340e-02 8.241234756097560706e-04 1.377908386341463402e+07 -1.812595274390243994e-03 5.357456858536585234e+06 3.072003620426829069e-03 5.247764729756097496e+07 0.000000000000000000e+00 4.498206720000000298e+07 0.000000000000000000e+00 2.818481326829268411e+07
3.269804980233311648e-02 -3.906250000000000081e-05 8.481132031999999657e+06 -1.992187500000000143e-04 2.093615360000000102e+06 1.269531250000000111e-05 3.903558041600000113e+07 0.000000000000000000e+00 3.289380864000000060e+07 0.000000000000000000e+00 9.831703552000001073e+06
3.761648458559932462e-02 -6.268964935940660611e-04 5.727501637221847661e+06 1.367055799055967710e-03 8.741839838165879482e+05 -1.881347985502360067e-03 3.164616829669588804e+07 0.000000000000000000e+00 2.791367932029669732e+07 0.000000000000000000e+00 7.434474076871206984e+06
4.263843696389812976e-02 5.471365792410713821e-04 4.086083142857142724e+06 -1.402718680245535528e-03 5.040785714285714203e+05 2.151761736188616009e-03 2.495812114285714179e+07 0.000000000000000000e+00 1.866235542857142910e+07 0.000000000000000000e+00 2.215982857142856810e+06
4.756514582339458480e-02 1.533198866114260749e-05 2.947642724814653397e+06 -8.083365133013519378e-04 2.192678238116005377e+05 4.725233727649367859e-04 2.075927288966419548e+07 0.000000000000000000e+00 1.497406141125163622e+07 0.000000000000000000e+00 -7.127480994330571266e+05
5.262096060748640974e-02 -3.387794066011235827e-04 2.316650247191010974e+06 3.641535726825842782e-04 1.176989101123595465e+05 -1.110462660200140428e-03 1.774976431460674107e+07 0.000000000000000000e+00 1.250887622471910156e+07 0.000000000000000000e+00 1.885573033707865048e+06
5.756031740041873956e-02 2.477664758663366369e-04 1.851651643564356491e+06 -4.260374767945544544e-04 2.330872871287128655e+05 1.164955667930074167e-03 1.538791287128712982e+07 0.000000000000000000e+00 1.163436609900990129e+07 0.000000000000000000e+00 2.853449188118811697e+06
6.254738279606215923e-02 -6.706831003188617947e-05 1.514014265391218942e+06 2.098279985283296506e-04 1.849238165317635285e+05 -1.544966427520235407e-04 1.359606970615648665e+07 0.000000000000000000e+00 8.548098825607063249e+06 0.000000000000000000e+00 1.595089974000490503e+06
6.757793472572401483e-02 6.178602811950790997e-05 1.201764780316344462e+06 -1.029767135325131833e-05 9.877235149384885153e+04 8.667206722319859198e-05 1.151477562038664334e+07 0.000000000000000000e+00 6.852792014059753157e+06 0.000000000000000000e+00 -2.591831001757469203e+05
7.255917516659465827e-02 4.068253673051887688e-05 9.865628685140412999e+05 -1.714478333643295574e-04 1.409855726241398661e+05 4.453284824251441468e-04 1.068987288971545547e+07 0.000000000000000000e+00 6.969728309466245584e+06 0.000000000000000000e+00 1.416999564069183543e+06
7.753384299139773339e-02 -1.193322104117844097e-05 7.946067733511885162e+05 1.414004958988952216e-05 9.929416806160027045e+04 6.042214831980248328e-05 9.221542010043522343e+06 0.000000000000000000e+00 5.244670543019752949e+06 0.000000000000000000e+00 6.654144492802142631e+05
8.251793356505521260e-02 6.915451189793577857e-05 5.786013211009174120e+05 -1.728862797448394600e-04 -3.348825458715596324e+04 2.266770109124140100e-04 8.201562422018349171e+06 0.000000000000000000e+00 3.938573211009174585e+06 0.000000000000000000e+00 -1.370105963302752352e+05
8.752751931716111489e-02 4.011537028638071810e-05 5.236349793961384567e+05 -6.991716745496955650e-05 6.658576752624077199e+04 2.138484585574057409e-04 7.107945856680057012e+06 0.000000000000000000e+00 3.640704680057017133e+06 0.000000000000000000e+00 4.835624040430219029e+05
9.254701955136974967e-02 4.562336201002734916e-05 3.864108222424794803e+05 -1.870557842411121180e-04 5.083432634457611857e+04 2.005758781050592565e-05 6.430498771194165573e+06 0.000000000000000000e+00 2.807876842297174037e+06 0.000000000000000000e+00 6.268652397447584663e+05
9.754963178921903511e-02 1.373913953731811886e-04 3.120463402072647586e+05 -7.360253323563279121e-05 2.966029854495969994e+04 2.498397100387312795e-04 5.815644693813461810e+06 0.000000000000000000e+00 2.316122925154401921e+06 0.000000000000000000e+00 2.410801549251544056e+05
1.025319613041059119e-01 8.171611163227017471e-05 2.442409305816135020e+05 6.311928353658536770e-05 2.610547654784239967e+03 -3.442245397514071329e-05 5.214032018011257052e+06 0.000000000000000000e+00 1.813627533208255190e+06 0.000000000000000000e+00 1.285599939962476492e+05
1.075116003998943526e-01 -6.393758614748449001e-06 2.075676581667815335e+05 -3.718475404893176959e-05 2.641191729841488632e+04 2.603774067453480190e-05 4.890627528600964695e+06 0.000000000000000000e+00 1.763708559614059282e+06 0.000000000000000000e+00 1.458191812543073611e+05
1.125102861506304813e-01 1.539914586070959465e-05 1.865709478240704921e+05 6.084172335162712060e-05 4.176828383705650776e+04 -1.910173460810079583e-04 4.516999588776377961e+06 0.000000000000000000e+00 1.465995031923939241e+06 0.000000000000000000e+00 3.680307607637010515e+05
1.175500852175193622e-01 -5.972434575451572261e-06 1.557637843834447558e+05 5.965489884084768048e-05 3.171254842838856712e+04 -5.814442846856777264e-05 4.286158737021761015e+06 0.000000000000000000e+00 1.355046776845399057e+06 0.000000000000000000e+00 2.372369404067700380e+05
1.225369446564099490e-01 1.965408805031446782e-05 1.254132560079443938e+05 -5.379013571665012210e-05 2.848084316451506311e+04 8.973642833498841876e-05 3.947876112015889026e+06 0.000000000000000000e+00 1.253276752333664335e+06 0.000000000000000000e+00 2.538450579278384685e+05
1.275260957852891452e-01 5.773395813121513250e-06 1.078606141159349936e+05 -3.717178688909774569e-05 2.875475721561969476e+04 7.348866709048326089e-05 3.731060357991753612e+06 0.000000000000000000e+00 1.024331688576279324e+06 0.000000000000000000e+00 2.887363337375697447e+05
1.325302087090364789e-01 -4.822260254755624968e-05 9.247241164917792776e+04 1.043361764210762598e-04 9.783115201167162013e+03 -1.159534397620784430e-04 3.569810983446495607e+06 0.000000000000000000e+00 9.649149529207114829e+05 0.000000000000000000e+00 5.937347982717019477e+04
1.375062694904859717e-01 -2.794598072861668249e-05 6.918747370644139301e+04 6.079024221224920527e-05 1.903817697993664115e+04 -9.803006616288278453e-05 3.323234669482576661e+06 0.000000000000000000e+00 7.893935442449841648e+05 0.000000000000000000e+00 2.283593258711721282e+05
1.425134422753508989e-01 1.101421518045690137e-05 6.668908120560567477e+04 -5.340722637502399696e-05 2.437748819351123166e+04 2.470582202978018768e-05 3.149532074486465659e+06 0.000000000000000000e+00 7.514449237857554108e+05 0.000000000000000000e+00 3.938771357266269888e+02
1.475259222195813014e-01 -3.247941250170850556e-06 4.530827937491457124e+04 1.056470753223381426e-04 1.213220319832338646e+04 -6.150510665349219171e-05 2.953654730511640664e+06 0.000000000000000000e+00 7.189092095311859157e+05 0.000000000000000000e+00 1.114162525855392014e+05
1.525299430011916868e-01 8.607257408268515614e-06 4.434743050388907432e+04 -3.208628690924078140e-05 2.514712749408184027e+04 3.103102063826301853e-05 2.801851173486641608e+06 0.000000000000000000e+00 5.221040784578964813e+05 0.000000000000000000e+00 1.338691809266148193e+05
1.574945685492469272e-01 -2.938336636065838655e-05 3.240765673150806469e+04 5.702900675375095914e-05 2.523240182796133740e+04 -8.400325302301127697e-05 2.668269105673959479e+06 0.000000000000000000e+00 5.284940322724147700e+05 0.000000000000000000e+00 1.898826319407934352e+04
1.625189323163163113e-01 -8.339986313868614067e-06 2.977540905109489177e+04 -3.161353786496350922e-05 2.074479883211679044e+04 -7.832993556113138837e-05 2.517876975182482041e+06 0.000000000000000000e+00 4.565028624817518867e+05 0.000000000000000000e+00 1.719552747445255518e+05
1.675461007718098694e-01 -1.809157108663154699e-05 2.674457403189066099e+04 5.391844312802533651e-05 2.201107972665147827e+04 -1.550861263057908373e-05 2.423553312072892673e+06 0.000000000000000000e+00 4.490453576309795026e+05 0.000000000000000000e+00 6.638322323462414715e+03
1.725292014006662711e-01 -1.776914329037149336e-05 1.865693773280153255e+04 3.437942940963180540e-05 2.379550463130830394e+04 -8.849162120512906122e-05 2.314223933019085787e+06 0.000000000000000000e+00 3.479153160826713429e+05 0.000000000000000000e+00 8.285812097438771161e+04
1.775301965061671094e-01 -6.839881215295304995e-06 1.354347097425542597e+04 1.069116568336698586e-05 1.541540434124179774e+04 -3.158823520712392911e-05 2.211788825845532585e+06 0.000000000000000000e+00 3.059184492680464173e+05 0.000000000000000000e+00 1.222904795557799080e+05
1.825147654490652804e-01 -4.616089101598274728e-07 1.061605884959673858e+04 3.669790835770628436e-05 1.474174173535407317e+04 -3.837124065703565660e-05 2.126225383556382731e+06 0.000000000000000000e+00 3.181168582823717152e+05 0.000000000000000000e+00 3.010308605867233928e+04
1.875360723572403465e-01 -2.588708973463687063e-05 8.578842458100558360e+03 6.493595059357541352e-05 2.249911776536312755e+04 -8.753259754713686779e-05 2.039401145921787713e+06 0.000000000000000000e+00 2.249219718435754185e+05 0.000000000000000000e+00 1.050995056983240211e+05
1.925323683450522461e-01 1.809172371387022119e-05 6.277171254150154709e+03 -5.150474572036153301e-05 1.469887287137196108e+04 6.639368850464507396e-05 1.966161814715647371e+06 0.000000000000000000e+00 2.082680364142658073e+05 0.000000000000000000e+00 7.086915968726571009e+04
1.975198663583639380e-01 -5.162553749841911960e-06 4.170685417984064770e+03 1.018925082205640447e-05 1.478213188314151921e+04 -2.175868198273681427e-05 1.893291277500948403e+06 0.000000000000000000e+00 1.248843307449095591e+05 0.000000000000000000e+00 1.489069019349942973e+05
2.025153694923672032e-01 -5.230070322300492386e-06 1.427732509890958227e+03 2.287566794123323461e-05 1.621649638135675195e+04 -2.990210250711666551e-05 1.828443451510180486e+06 0.000000000000000000e+00 1.245862672971147404e+05 0.000000000000000000e+00 2.778907420631091736e+04
2.075088499274508613e-01 1.420039816574686837e-06 -2.501539307059927978e+03 -2.644963926068836049e-05 1.122289001351072875e+04 1.257489983240399480e-05 1.771865687054890208e+06 0.000000000000000000e+00 6.750145320479058137e+04 0.000000000000000000e+00 1.087641404199775570e+05
2.125178062418619784e-01 9.796094636389422261e-06 -3.514360970500960320e+03 -2.076143493492537911e-05 1.465457008203875012e+04 1.628021437328176841e-06 1.705596849711991614e+06 0.000000000000000000e+00 9.216740652818990930e+04 0.000000000000000000e+00 8.489950776749869692e+04
2.175004174234404231e-01 -1.401173206564051974e-06 -3.275028027943775669e+03 3.338542392725254522e-06 1.037624105715007136e+04 -7.071525959663144436e-06 1.641215762982913991e+06 0.000000000000000000e+00 8.726287686221698823e+04 0.000000000000000000e+00 3.514638296439693659e+04
2.225093171556767890e-01 -2.463482360966096226e-05 -6.905690904434506592e+03 6.374176440820708664e-05 9.463386773310217905e+03 -1.053052136328825250e-04 1.604067061878213659e+06 0.000000000000000000e+00 6.700392127814660489e+04 0.000000000000000000e+00 8.006920588640886126e+04
2.275289586476768322e-01 8.221481325577836234e-07 -2.851129037195775254e+03 -1.883466630950558627e-05 1.169345660492882416e+04 9.678925742384816578e-06 1.543346686667687260e+06 0.000000000000000000e+00 4.078383284861472930e+03 0.000000000000000000e+00 8.888339200979642919e+04
2.325285406108919262e-01 -4.050283775671693856e-06 -3.181251305186182435e+03 1.950531397231368395e-05 1.595844942062467089e+04 -2.525209818911101819e-05 1.507721260109508410e+06 0.000000000000000000e+00 4.804248660251396359e+04 0.000000000000000000e+00 9.158778716824624280e+04
2.375276552426477672e-01 1.517456934434874307e-05 -3.694974863772192293e+03 -3.429727324661627913e-05 1.326789073650905266e+04 4.457100599841800037e-05 1.466508109263490885e+06 0.000000000000000000e+00 1.648961012480225008e+03 0.000000000000000000e+00 7.618432202496044920e+04
2.424991024241769377e-01 -6.013559533959110617e-06 -6.162926746914727119e+03 1.160464487173534960e-05 9.741700471021222256e+03 -7.238219490455067368e-06 1.418435402427700814e+06 0.000000000000000000e+00 -8.125283136089679829e+03 0.000000000000000000e+00 4.586571080309962417e+04
2.474998551644826128e-01 -2.071638348543067528e-06 -8.626182516810758898e+03 -3.278269967779379011e-05 1.158386474543708027e+04 -1.591936808307316750e-05 1.389527013768811943e+06 0.000000000000000000e+00 2.324978802433557576e+03 0.000000000000000000e+00 8.537655741274415050e+04
2.525200307756395035e-01 -1.442340221930096007e-06 -4.615389297865759545e+03 2.650205763802969590e-05 1.384427293535416175e+04 -2.965198520385478142e-05 1.348271818867924623e+06 0.000000000000000000e+00 -2.204524441695020141e+04 0.000000000000000000e+00 4.332602833281781932e+04
2.575182250600202005e-01 -2.386651516280455832e-06 -7.786917815363981390e+03 2.702446259593174909e-05 1.393789529841293552e+04 -1.702308299493331305e-05 1.317272379226585152e+06 0.000000000000000000e+00 -1.728073055659041711e+04 0.000000000000000000e+00 4.905582594441546826e+04
2.625255687975799335e-01 -3.064468391624351007e-07 -6.643918982141838569e+03 1.824751633194499807e-06 9.553375706053517206e+03 6.891571530709762014e-06 1.284692977919780882e+06 0.000000000000000000e+00 -5.037667598562218336e+04 0.000000000000000000e+00 7.616340320648142369e+04
2.675305520911575030e-01 -2.332822144129464958e-06 -6.979477444387676769e+03 8.663804783833417789e-06 8.900062468068654198e+03 -1.908565400142914117e-05 1.262386509990196209e+06 0.000000000000000000e+00 -5.021906551966970437e+04 0.000000000000000000e+00 5.054559003603926976e+04
2.725404586615198799e-01 -7.954229914846352669e-06 -5.492864230179298829e+03 2.019547984873327364e-05 1.193414079441476679e+04 -2.201617208573543940e-05 1.232134945998836309e+06 0.000000000000000000e+00 -7.158405585232982412e+04 0.000000000000000000e+00 7.026939355794149742e+04
2.775333197047151201e-01 4.449017515573706635e-06 -5.304673094321089593e+03 -1.692835388017938631e-05 1.047611528420399554e+04 2.775035233694458001e-05 1.197551629022669047e+06 0.000000000000000000e+00 -7.349144797994158580e+04 0.000000000000000000e+00 5.543349238762374443e+04
2.825123907298719983e-01 -4.369292479775211505e-06 -6.575820762057679531e+03 4.759784802846909569e-06 9.453449367010436617e+03 -1.204759278218211540e-05 1.175574107725560432e+06 0.000000000000000000e+00 -7.675220532328783884e+04 0.000000000000000000e+00 4.127461772370777908e+04
2.875104651677040102e-01 4.436476115088105477e-06 -6.325526527485156294e+03 -1.102104837285721147e-05 9.948269680137904288e+03 5.357819392612167454e-06 1.157371734150545904e+06 0.000000000000000000e+00 -8.883070676115686365e+04 0.000000000000000000e+00 7.339678375790079008e+04
2.924971317655564174e-01 2.167404547503727816e-06 -4.800982834155983255e+03 -5.102431538915026298e-06 1.097533232380445952e+04 -4.381092212948941417e-05 1.131770125929093920e+06 0.000000000000000000e+00 -7.832876172421366209e+04 0.000000000000000000e+00 3.991168105052653118e+04
2.975058823671092867e-01 -6.775059525130982816e-06 -4.825417280880916223e+03 2.634685148132936513e-05 8.809579255838734753e+03 -3.407448437569376255e-05 1.110389735902672866e+06 0.000000000000000000e+00 -7.196365509279814432e+04 0.000000000000000000e+00 4.756608329633247195e+04
3.025121359101998753e-01 -1.667641638926116372e-06 -5.001007133284337215e+03 8.834278808741515991e-06 7.646069430634213859e+03 -1.282131443598417724e-05 1.087675526004063897e+06 0.000000000000000000e+00 -7.407375660369201796e+04 0.000000000000000000e+00 2.870770342829968286e+04
3.075010376196579687e-01 -3.980345665464806559e-06 -3.654548487223702978e+03 1.959554789151904826e-06 7.880049746564247471e+03 -3.123040445210848171e-06 1.065298347536186455e+06 0.000000000000000000e+00 -8.273652990541882173e+04 0.000000000000000000e+00 7.085130751946491364e+04
3.125134169243361515e-01 1.178237482404986959e-07 -4.706417856424693127e+03 7.167611351297004461e-07 7.753107741805751175e+03 -4.003552778755278631e-06 1.044331578684898443e+06 0.000000000000000000e+00 -9.292205944098130567e+04 0.000000000000000000e+00 5.348758367182787333e+04
3.175159688234982513e-01 -1.344091385780668210e-05 -3.568511007849416728e+03 3.877813976677702338e-05 7.563438653712018095e+03 -4.475987409250326915e-05 1.031240179269287037e+06 0.000000000000000000e+00 -9.068519896650980809e+04 0.000000000000000000e+00 5.363224520831900736e+04
3.225221380836135188e-01 -2.442788960732490069e-07 -4.606655842929960272e+03 -1.011683352605248399e-06 9.108976703794602145e+03 -4.401053035621578277e-06 1.009222618689824478e+06 0.000000000000000000e+00 -9.283992478761564416e+04 0.000000000000000000e+00 6.658918602982821176e+04
3.275181733526948968e-01 3.615559052202887962e-06 -4.152713217326915583e+03 -7.014184561273602562e-06 6.556656645686783122e+03 9.093131016290262187e-06 9.998180561273602070e+05 0.000000000000000000e+00 -8.695087863754165301e+04 0.000000000000000000e+00 3.337277512032580853e+04
3.325123842131759710e-01 -1.337792549169609559e-06 -3.245450777017711061e+03 4.751769638933613428e-06 7.608729925189250935e+03 -8.437214372603787447e-06 9.862234661305674817e+05 0.000000000000000000e+00 -9.784239522492150718e+04 0.000000000000000000e+00 6.679329368333971070e+04
3.374959366892091861e-01 -4.105647619381284860e-07 -4.127790351399642532e+03 -5.268914444872648868e-06 7.348256875591213429e+03 2.412067976386504564e-06 9.640720888484042371e+05 0.000000000000000000e+00 -9.611139403706688609e+04 0.000000000000000000e+00 4.334565756928143674e+04
3.424919221947719805e-01 3.743832768003734055e-06 -2.818895198726550007e+03 -7.276057596946386961e-06 6.318087424680596087e+03 9.965920053088200224e-06 9.534494902032687096e+05 0.000000000000000000e+00 -9.106230791155855695e+04 0.000000000000000000e+00 4.455310163431648107e+04
3.475179778446125245e-01 -1.116727791028196194e-06 -2.082588035416734783e+03 -5.822937767504165095e-06 6.731252850655078873e+03 -3.370124940781520433e-06 9.422868943705687998e+05 0.000000000000000000e+00 -9.775810030385205755e+04 0.000000000000000000e+00 4.136503989283496776e+04
3.525052850529177828e-01 -2.993772952259300675e-06 -1.970486092926712445e+03 8.887763452019799012e-07 5.089239022832508454e+03 -1.489090192399808508e-06 9.295035861408270430e+05 0.000000000000000000e+00 -9.038438269200063951e+04 0.000000000000000000e+00 2.407350956410665822e+04
3.575133254796376558e-01 2.337160293283565140e-06 -2.050930551616834236e+03 -1.584272828109311809e-05 5.439736094611062981e+03 1.698955543461286375e-05 9.179558845107342349e+05 0.000000000000000000e+00 -1.044034284400364850e+05 0.000000000000000000e+00 5.650621321213143528e+04
3.625250227669692404e-01 -5.734970260502936452e-07 -2.367958801385333572e+03 3.757140773226923499e-06 6.400996476434271244e+03 -3.825151638495708598e-06 9.058942053305224981e+05 0.000000000000000000e+00 -9.947024363800631545e+04 0.000000000000000000e+00 4.289610167143501894e+04
3.675230446100045678e-01 -2.356525071262457188e-06 -1.766005788479904368e+03 -1.164023713448373859e-06 5.122013282884617183e+03 1.310772574570420497e-05 8.952673087359388592e+05 0.000000000000000000e+00 -9.709260745503721409e+04 0.000000000000000000e+00 4.080613013144369324e+04
3.725177060730277545e-01 4.100652329678655238e-06 -2.177498084510263652e+03 -9.895659302811768358e-06 3.853451655326205127e+03 1.949860182762200756e-05 8.839883611412888858e+05 0.000000000000000000e+00 -9.045726845445709478e+04 0.000000000000000000e+00 4.581025879124020867e+04
3.775163034622419089e-01 3.290370715706690647e-06 -2.953205397838933663e+02 -6.771396066130078005e-06 4.515675053957702403e+03 9.502323794646551448e-06 8.743215215451555559e+05 0.000000000000000000e+00 -9.792508307072769094e+04 0.000000000000000000e+00 3.666152096592907037e+04
3.825226892977953153e-01 1.992715371621621766e-06 -1.294471675675675669e+03 -4.797033361486486787e-06 4.034336864864864765e+03 3.841915646114865095e-06 8.640397422702702461e+05 0.000000000000000000e+00 -9.706448951351351570e+04 0.000000000000000000e+00 5.682491156756756391e+04
3.875130067694269043e-01 5.116276796298735540e-06 -1.649815595363540751e+03 -1.222471793911354137e-05 3.552521390937829437e+03 2.062308147659543123e-05 8.558547759747102391e+05 0.000000000000000000e+00 -9.203219557428873668e+04 0.000000000000000000e+00 4.217602697576396167e+04
3.924957861003909865e-01 -3.746218582048724388e-06 -8.224726547163132864e+02 1.384089482830753415e-05 2.657172773790750853e+03 -2.143075881794483971e-05 8.477239676889905240e+05 0.000000000000000000e+00 -8.687022420751134632e+04 0.000000000000000000e+00 6.208176554565056722e+04
3.975064703251052212e-01 2.417054202032092176e-06 -8.398739111579209293e+02 -1.185082582786072765e-05 3.394883390124527978e+03 1.026302692386624130e-05 8.405304129360015504e+05 0.000000000000000000e+00 -9.731543810172851954e+04 0.000000000000000000e+00 5.793614492286723544e+04
