3.798113400606732779e-03 -1.151315789473684147e-02 1.578608505263157748e+07 3.536184210526315680e-02 2.066859957894736901e+07 -4.379111842105262720e-02 1.729603098947368264e+08 0.000000000000000000e+00 -1.118119073684210479e+08 0.000000000000000000e+00 4.535828210526315868e+07
8.299341265228576958e-03 9.368896484375000000e-03 4.776372000000000000e+07 -8.773803710937500000e-03 3.493452000000000000e+07 2.698135375976562500e-02 1.606943520000000000e+08 0.000000000000000000e+00 -3.560348400000000000e+07 0.000000000000000000e+00 1.218837680000000000e+08
1.293222767532251419e-02 -3.383757961783439606e-03 5.172658710828025639e+07 9.255573248407642992e-03 6.872944509554140270e+06 -9.827826433121019528e-03 1.359071453757961988e+08 0.000000000000000000e+00 6.806036871337580681e+07 0.000000000000000000e+00 -9.607176152866242453e+06
1.764839556552980082e-02 8.575021404109588186e-03 4.255479583561643958e+07 -1.523036172945205387e-02 1.622890783561643772e+07 2.246595408818493136e-02 1.203218235616438240e+08 0.000000000000000000e+00 9.538791452054794133e+07 0.000000000000000000e+00 8.382870794520547986e+07
2.256548662787912635e-02 9.747164461247636875e-04 2.478428818147448078e+07 -2.436791115311909544e-03 5.808625965973535553e+06 3.230594281663516122e-03 8.678294309262759984e+07 0.000000000000000000e+00 6.242174693383742869e+07 0.000000000000000000e+00 1.097183189413988777e+07
2.777643688250242340e-02 3.191692073170731832e-04 1.228200585365853645e+07 4.406440548780487924e-04 5.924819512195122115e+03 -1.490448742378048695e-03 6.077624819512195140e+07 0.000000000000000000e+00 4.672515496585366130e+07 0.000000000000000000e+00 7.701336663414633833e+06
3.269804980233311648e-02 -3.750000000000000078e-04 1.093718732799999975e+07 1.125000000000000132e-03 2.943801087999999989e+06 -1.593750000000000114e-03 5.164513689599999785e+07 0.000000000000000000e+00 4.857310822399999946e+07 0.000000000000000000e+00 1.314981990400000103e+07
3.761648458559932462e-02 2.344276803776129431e-04 6.514549901550910436e+06 1.830643122049898958e-04 1.464707366149696521e+06 -7.022952840525960305e-04 3.761044145111260563e+07 0.000000000000000000e+00 3.322429384760620445e+07 0.000000000000000000e+00 9.560046047201618552e+06
4.263843696389812976e-02 -3.760201590401785230e-05 4.415956857142857276e+06 6.171635219029017547e-04 -2.606526964285714203e+05 -3.972053527832031250e-04 2.968429714285714179e+07 0.000000000000000000e+00 2.098626971428571269e+07 0.000000000000000000e+00 1.371398285714285681e+06
4.756514582339458480e-02 1.499127780200610661e-04 3.395355799389446154e+06 8.245202791103357822e-04 6.056371077191452496e+05 3.083433275185346848e-04 2.446053852943741903e+07 0.000000000000000000e+00 1.925081594417793304e+07 0.000000000000000000e+00 1.690156434365460183e+06
5.262096060748640974e-02 1.220703125000000000e-04 2.614926022471909877e+06 -9.470736042837078067e-04 5.421278202247191221e+05 8.358044570751404275e-04 2.119191442696629092e+07 0.000000000000000000e+00 1.633123667415730283e+07 0.000000000000000000e+00 5.689585258426966146e+06
5.756031740041873956e-02 4.592744430693069320e-05 1.991735445544554386e+06 1.087755259900990049e-05 7.917195049504950293e+04 6.073300201113861359e-05 1.811709465346534550e+07 0.000000000000000000e+00 1.109126970297029801e+07 0.000000000000000000e+00 7.649740990099010523e+05
6.254738279606215923e-02 -3.065979887171939924e-05 1.808498908020603238e+06 9.581187147412312515e-05 4.502232190336030908e+05 -2.328228476821191746e-04 1.671826856217807159e+07 0.000000000000000000e+00 1.240850498307579011e+07 0.000000000000000000e+00 2.975698287956830580e+06
6.757793472572401483e-02 -1.930813378734622102e-05 1.358803458699472714e+06 6.371684149824253173e-05 1.101380456942003511e+05 -6.559402117201229988e-05 1.429927547275922634e+07 0.000000000000000000e+00 9.157504224956063554e+06 0.000000000000000000e+00 7.309129560632688226e+05
7.255917516659465827e-02 1.046122373070485444e-04 1.032810837269853102e+06 -2.695218058396875644e-04 8.349364180769945960e+04 2.410077064348149474e-04 1.267494897526501864e+07 0.000000000000000000e+00 7.611125192486517131e+06 0.000000000000000000e+00 1.423014826111214468e+06
7.753384299139773339e-02 9.808126883160362352e-05 9.040792982926013647e+05 -9.350414295279545261e-05 1.215289293605624407e+05 2.957150255272849269e-04 1.152199589152996428e+07 0.000000000000000000e+00 6.020376768664211966e+06 0.000000000000000000e+00 7.862464492802142631e+05
8.251793356505521260e-02 -3.079755590596330785e-05 7.076326605504587060e+05 1.047116900802752386e-04 7.275247706422019110e+04 -1.194105235808486364e-04 1.007952675229357928e+07 0.000000000000000000e+00 5.311700550458716229e+06 0.000000000000000000e+00 -3.929155963302752352e+05
8.752751931716111489e-02 -4.859401321757159825e-05 5.628858468316703802e+05 4.049501101464299854e-05 4.955809770636257599e+04 -3.442075936244655215e-05 8.999066455876637250e+06 0.000000000000000000e+00 4.275042226772061549e+06 0.000000000000000000e+00 6.413427974601530004e+05
9.254701955136974967e-02 5.007442171832269981e-05 4.354945341841385234e+05 -5.752994672971741230e-05 3.102368277119416598e+04 1.538675702911349225e-04 7.982990118505013175e+06 0.000000000000000000e+00 3.874823234275296330e+06 0.000000000000000000e+00 -2.439755259799452906e+05
9.754963178921903511e-02 -2.126295404584947030e-05 3.682844459332146798e+05 9.895451690568408325e-05 5.631087532712236862e+04 -1.431160368470637522e-06 7.238758367842562497e+06 0.000000000000000000e+00 3.048931111902020406e+06 0.000000000000000000e+00 -3.464225269548832875e+04
1.025319613041059119e-01 -3.403311151500938242e-05 2.822670409005628317e+05 1.305213341346153817e-04 6.040552345215759851e+04 -2.112354614944887481e-04 6.506606661163226701e+06 0.000000000000000000e+00 2.490737446904315148e+06 0.000000000000000000e+00 5.277527894934334327e+05
1.075116003998943526e-01 -2.103210070640937325e-07 2.252929455547897960e+05 2.105313280711578196e-05 2.540732460372157220e+04 8.383921144092436133e-05 5.987730260509992950e+06 0.000000000000000000e+00 2.431456242591316346e+06 0.000000000000000000e+00 1.135133507925568556e+05
1.125102861506304813e-01 6.929615637319317084e-05 1.968588748550668824e+05 5.351958046687794719e-05 4.500344252917987615e+04 5.429331206036948511e-05 5.597463092834506184e+06 0.000000000000000000e+00 2.415295035325036850e+06 0.000000000000000000e+00 6.510060409677668940e+05
1.175500852175193622e-01 6.899659383722532579e-05 1.734213943962452176e+05 -5.637624494009787113e-05 4.171199772436353669e+04 2.902266548904377597e-04 5.201507545441616327e+06 0.000000000000000000e+00 2.010919577869435539e+06 0.000000000000000000e+00 1.602179513582705113e+05
1.225369446564099490e-01 -2.010664928831513011e-05 1.383697880172128498e+05 3.785351497848394729e-05 4.125188321747766167e+04 -6.217060007034094717e-05 4.925207744190665893e+06 0.000000000000000000e+00 1.668589865607414860e+06 0.000000000000000000e+00 -1.205038066865276569e+01
1.275260957852891452e-01 1.942229565850109080e-05 1.221370613630851294e+05 -6.845174933300994741e-05 3.975054668930390471e+04 1.401602860477807445e-04 4.594775672083434649e+06 0.000000000000000000e+00 1.520444290080038831e+06 0.000000000000000000e+00 1.356313984962406103e+05
1.325302087090364789e-01 -9.534923685539531418e-06 9.742110094831939205e+04 4.548268194826328672e-06 2.149227091633466262e+04 7.274489191122832320e-06 4.338879170416924171e+06 0.000000000000000000e+00 1.313511651198024862e+06 0.000000000000000000e+00 -1.570861882049267588e+05
1.375062694904859717e-01 -1.124026531151003140e-05 8.645894487856388150e+04 3.965029369060190273e-05 2.278222935586061067e+04 -6.722245825633579256e-05 4.082049378669482656e+06 0.000000000000000000e+00 1.297933300105596660e+06 0.000000000000000000e+00 3.592029262935586157e+05
1.425134422753508989e-01 -1.940376631791130850e-05 7.002944749472067633e+04 9.931541262718371690e-05 2.537532117488961376e+04 -6.853419637286427702e-05 3.870432989057400730e+06 0.000000000000000000e+00 1.091476370896525215e+06 0.000000000000000000e+00 -2.781722710693031331e+04
1.475259222195813014e-01 7.118775342840220315e-06 5.457916734247573913e+04 -2.527165246708278250e-05 3.206358594924597855e+04 -1.379262722675292691e-05 3.651507208164380863e+06 0.000000000000000000e+00 1.044180297234498197e+06 0.000000000000000000e+00 2.245243573739122439e+04
1.525299430011916868e-01 -2.751432643938112927e-05 4.415768684477511124e+04 1.051138089966604687e-04 2.667312817044301482e+04 -1.055756492472839777e-04 3.431897734190057497e+06 0.000000000000000000e+00 9.306722867771389429e+05 0.000000000000000000e+00 1.255084802164355788e+05
1.574945685492469272e-01 1.295395721276337424e-05 3.896724390342540573e+04 -3.996769725401382929e-05 2.161509216645771812e+04 4.024415365794475593e-05 3.304077402030169033e+06 0.000000000000000000e+00 8.556612247340963222e+05 0.000000000000000000e+00 -9.513274525821975840e+04
1.625189323163163113e-01 1.979855725364963647e-05 3.201995445255474624e+04 -3.875955177919708547e-06 2.920833401459854213e+04 1.036483876026459981e-05 3.094769275328467600e+06 0.000000000000000000e+00 7.289234125547446311e+05 0.000000000000000000e+00 2.315986779562043957e+05
1.675461007718098694e-01 -5.144193123576309737e-06 2.169592938496583156e+04 3.065661037158314337e-05 2.190593166287015993e+04 -2.346169161090546470e-06 2.946865275626423769e+06 0.000000000000000000e+00 6.492211025056947256e+05 0.000000000000000000e+00 7.565724373576309881e+04
1.725292014006662711e-01 -6.824381118765864056e-06 2.132437722912615209e+04 6.946704931272044232e-05 2.609425585918185971e+04 -6.632847780762765729e-05 2.830290499390183948e+06 0.000000000000000000e+00 5.630369673995451303e+05 0.000000000000000000e+00 1.450422736592280271e+05
1.775301965061671094e-01 -2.224501908758202761e-05 1.555765068147400234e+04 1.666835917781423412e-05 2.073962443210499623e+04 -4.952751825940181463e-06 2.699375652700656094e+06 0.000000000000000000e+00 5.120184795557798934e+05 0.000000000000000000e+00 5.222869257950530300e+04
1.825147654490652804e-01 -1.494458846642441466e-05 8.706367219120211303e+03 2.582124841206534781e-05 2.085368784897633668e+04 9.160051810984075968e-07 2.607158877130786888e+06 0.000000000000000000e+00 4.951516015244172886e+05 0.000000000000000000e+00 1.295932821649088582e+05
1.875360723572403465e-01 -3.846237779329608948e-06 8.675446703910614815e+03 3.929436539804469398e-05 1.713676156424581131e+04 -3.000270054993016763e-05 2.485732197541899513e+06 0.000000000000000000e+00 4.317128509497206542e+05 0.000000000000000000e+00 1.658907316201117355e+05
1.925323683450522461e-01 5.059570626271821955e-06 5.992569776159365574e+03 -1.850600057231980184e-05 1.830018892577915904e+04 4.364206510807137966e-05 2.432190498875441495e+06 0.000000000000000000e+00 3.967742546856591944e+05 0.000000000000000000e+00 3.405181107422083733e+04
1.975198663583639380e-01 5.434267105096749165e-06 1.840420892879726807e+03 -1.743905716453774868e-05 2.163803981282407767e+04 6.311160206146452514e-06 2.343995702036170289e+06 0.000000000000000000e+00 3.133284593398254365e+05 0.000000000000000000e+00 1.200279003414695762e+05
2.025153694923672032e-01 3.034383141947312852e-05 -1.538761748528418593e+03 -4.674080864614494176e-05 1.397099990350284679e+04 7.246710050178520747e-05 2.255706290456431918e+06 0.000000000000000000e+00 3.023099133455562987e+05 0.000000000000000000e+00 4.106733262568754435e+04
2.075088499274508613e-01 -1.010799995420092053e-05 5.239616203714305129e+02 2.491219457738899588e-05 1.561214115276282973e+04 -1.917612823169754233e-05 2.172642436511026230e+06 0.000000000000000000e+00 2.504422516659415269e+05 0.000000000000000000e+00 6.385487920492798003e+04
2.125178062418619784e-01 1.210528823338497133e-05 -3.312414382963868320e+03 -5.685490325059456695e-05 1.786409914470239164e+04 5.773083871104659523e-05 2.098690055507069454e+06 0.000000000000000000e+00 2.012847030895444332e+05 0.000000000000000000e+00 1.240144164775702666e+05
2.175004174234404231e-01 -7.849652280952782577e-06 -2.748823499705411905e+03 -2.870671266097129832e-05 1.318719165053446704e+04 2.027655599013130174e-05 2.025777105630839244e+06 0.000000000000000000e+00 1.887245531520915683e+05 0.000000000000000000e+00 4.087828297281373671e+04
2.225093171556767890e-01 -9.599982023600796339e-06 -4.765781919189929795e+03 1.321680891826402248e-05 1.551947613325190650e+04 -4.710532261480270130e-05 1.964236513543862384e+06 0.000000000000000000e+00 2.026850055751462933e+05 0.000000000000000000e+00 1.118339487401745428e+05
2.275289586476768322e-01 -2.947587907067962771e-06 -6.638065819684677990e+03 -6.831770703782719104e-06 1.480593418031532201e+04 4.300570462429923515e-05 1.896211945507423952e+06 0.000000000000000000e+00 1.428519871422011347e+05 0.000000000000000000e+00 7.850196601867442951e+04
2.325285406108919262e-01 6.110954468557291800e-06 -7.557422880323068057e+03 -1.509974214614447145e-05 1.431306044785622180e+04 2.017147906699652578e-05 1.858269059792989399e+06 0.000000000000000000e+00 1.298223765121059550e+05 0.000000000000000000e+00 1.018125593291252153e+05
2.375276552426477672e-01 1.814210743869748547e-05 -8.571642960098435651e+03 -3.821429478763842908e-05 1.261721244506943185e+04 7.372631677153827247e-05 1.785813808824046515e+06 0.000000000000000000e+00 1.020710564246792055e+05 0.000000000000000000e+00 1.088494630339251162e+05
2.424991024241769377e-01 8.770976482703897499e-06 -6.707421606199247435e+03 -1.592624677122550010e-05 1.413148373372950846e+04 3.261912964479259618e-05 1.749303661945199594e+06 0.000000000000000000e+00 9.400790397244779160e+04 0.000000000000000000e+00 1.296604365809599403e+05
2.474998551644826128e-01 -2.250708031265009418e-06 -8.362713800832532797e+03 -1.832226847020806059e-09 1.260142888248478994e+04 -9.128370233121071970e-06 1.708698009862311883e+06 0.000000000000000000e+00 4.954579570925392181e+04 0.000000000000000000e+00 1.128481854626961285e+05
2.525200307756395035e-01 8.336877513145685243e-06 -7.862861243427158115e+03 -1.425726879059697054e-05 1.572026180018558807e+04 2.724588230745437958e-05 1.659755325208784547e+06 0.000000000000000000e+00 5.223610318589545932e+04 0.000000000000000000e+00 9.403492087844108755e+04
2.575182250600202005e-01 -4.416305806897772402e-06 -7.037483585425825368e+03 3.939020980995268138e-06 1.377257968854779756e+04 -8.065238118695747653e-06 1.627744479248938151e+06 0.000000000000000000e+00 4.505442443931152957e+04 0.000000000000000000e+00 9.636250485060724895e+04
2.625255687975799335e-01 2.753842731927882815e-05 -8.207842072231414932e+03 -1.714012889042619987e-05 1.284021954698465197e+04 4.892528257741626970e-05 1.588304917441661470e+06 0.000000000000000000e+00 2.487289325041364646e+04 0.000000000000000000e+00 5.937147486734751874e+04
2.675305520911575030e-01 -9.924607503348475737e-06 -8.059915438892033308e+03 3.160771737479460195e-05 1.338957749823945960e+04 -3.201225300672456395e-05 1.538489295204429654e+06 0.000000000000000000e+00 4.369449612681403960e+04 0.000000000000000000e+00 3.977500360392703442e+04
2.725404586615198799e-01 -5.763911328310942831e-06 -5.117507378219706879e+03 9.193043116884618370e-06 1.304826699106151136e+04 -1.585055439174726745e-05 1.511493974506796338e+06 0.000000000000000000e+00 1.849646543608187494e+04 0.000000000000000000e+00 1.027580371291056217e+05
2.775333197047151201e-01 -5.232328578156098834e-06 -7.725849820353089854e+03 8.767483187383681801e-06 1.208044542094243479e+04 -8.113442115114168705e-06 1.484351988419882488e+06 0.000000000000000000e+00 5.048606922221934838e+03 0.000000000000000000e+00 7.039558632098637463e+04
2.825123907298719983e-01 -9.193908054406225956e-06 -7.723383091459272691e+03 3.782800148984129173e-06 1.079623600321126469e+04 -2.965442424485117119e-05 1.443229457469276851e+06 0.000000000000000000e+00 1.789821320323596592e+04 0.000000000000000000e+00 5.485164483418761665e+04
2.875104651677040102e-01 1.695096275857115411e-06 -6.294134840068952144e+03 -1.676976281184160074e-05 1.018273587435357149e+04 3.475970268432173048e-05 1.422257645661750576e+06 0.000000000000000000e+00 -9.342673817276383488e+03 0.000000000000000000e+00 7.365160084275042755e+04
2.924971317655564174e-01 -2.438330115941693634e-06 -6.230295576182824334e+03 -5.870053982822595904e-07 1.030688524893363683e+04 -4.176769180085309011e-07 1.405622637737113982e+06 0.000000000000000000e+00 5.673876244090209866e+02 0.000000000000000000e+00 5.144107068628697016e+04
2.975058823671092867e-01 -1.214090666903472203e-06 -7.031349968919278581e+03 4.075875810318798995e-06 8.447519758458396609e+03 -3.490510667347482267e-06 1.374103335760589689e+06 0.000000000000000000e+00 -1.948284948050794628e+04 0.000000000000000000e+00 1.018533089423674537e+05
3.025121359101998753e-01 -9.921412282218668199e-06 -6.680040465176602993e+03 2.070830946565215558e-05 9.062635597250442515e+03 -3.045556929823613210e-05 1.337483714841554640e+06 0.000000000000000000e+00 -2.895937607539665260e+04 0.000000000000000000e+00 3.980208447537935717e+04
3.075010376196579687e-01 -2.773484447666823526e-06 -5.710255442336834676e+03 1.202651236805664442e-05 1.072472650885718758e+04 -2.325344728552673114e-05 1.320680448053508997e+06 0.000000000000000000e+00 -4.177837863824006490e+04 0.000000000000000000e+00 9.327322075560432859e+04
3.125134169243361515e-01 1.780243196071284928e-06 -4.379420068369193359e+03 3.207935645454202620e-06 1.015970078423486848e+04 2.830646514125496668e-05 1.303440354554594960e+06 0.000000000000000000e+00 -4.834176231650914997e+04 0.000000000000000000e+00 7.914319533480796963e+04
3.175159688234982513e-01 1.277894165495967252e-05 -4.062272538829562563e+03 -2.035804368755587588e-05 8.425933137507245192e+03 2.950573202689825151e-05 1.278512372685207985e+06 0.000000000000000000e+00 -4.186603845133656432e+04 0.000000000000000000e+00 6.982262871963140788e+04
3.225221380836135188e-01 8.863175795261468568e-06 -4.723183990938267016e+03 2.235382350858976956e-07 1.005298818198980553e+04 -2.206575877265433314e-07 1.262116324259014567e+06 0.000000000000000000e+00 -5.338780683405701711e+04 0.000000000000000000e+00 6.781355907117236347e+04
3.275181733526948968e-01 5.685466609589041458e-06 -4.590236801184746582e+03 -5.247080074509440821e-06 8.547782302850795531e+03 -1.523167236960847822e-05 1.236551767197334440e+06 0.000000000000000000e+00 -5.814266123657904245e+04 0.000000000000000000e+00 5.849082976675305690e+04
3.325123842131759710e-01 -3.070841987866603904e-06 -2.918651520677477947e+03 2.088129116926265637e-05 8.063980643496980520e+03 -1.199724105478931119e-05 1.212439828993835486e+06 0.000000000000000000e+00 -6.055164126422160916e+04 0.000000000000000000e+00 7.735759481217253779e+04
3.374959366892091861e-01 6.470671716795712111e-06 -3.488459377080194827e+03 -1.201971107736572906e-05 6.777937007322286263e+03 1.849840163716804425e-05 1.206530950776022160e+06 0.000000000000000000e+00 -6.481403748729986546e+04 0.000000000000000000e+00 4.704427145009284141e+04
3.424919221947719805e-01 2.132356924384735205e-06 -3.928231021176941340e+03 1.674144348648626119e-05 6.578812657826967552e+03 -3.172287863366641912e-05 1.188643640600388404e+06 0.000000000000000000e+00 -6.976263170790656295e+04 0.000000000000000000e+00 6.001562623240464018e+04
3.475179778446125245e-01 1.148634299343287538e-06 -2.573354069330545371e+03 -8.534990974286928278e-06 6.853153330937367173e+03 1.401094546386447445e-05 1.167781015323291998e+06 0.000000000000000000e+00 -8.280705459535399859e+04 0.000000000000000000e+00 5.056060639722939231e+04
3.525052850529177828e-01 -9.823317499600830208e-07 -2.232297365479802011e+03 4.825899628772154132e-06 6.917434328596519663e+03 -4.775223784528181498e-07 1.141045014849113766e+06 0.000000000000000000e+00 -6.987893392942679930e+04 0.000000000000000000e+00 4.038169669487466308e+04
3.575133254796376558e-01 2.657139805014141231e-07 -3.113661978523963171e+03 4.380538227843735127e-06 6.641320385372994679e+03 -4.204175251348958544e-06 1.135406264871120919e+06 0.000000000000000000e+00 -8.746474444129347103e+04 0.000000000000000000e+00 6.412147496378505457e+04
3.625250227669692404e-01 7.470166390603824710e-06 -3.775964342719469641e+03 -1.488151257340761801e-05 6.103808944436078491e+03 2.067530304171058566e-05 1.121563500436681090e+06 0.000000000000000000e+00 -8.010867182653213968e+04 0.000000000000000000e+00 4.106417322692365269e+04
3.675230446100045678e-01 -4.015347855565032777e-06 -1.942238027542666487e+03 8.813830931187075564e-06 5.214108260612821141e+03 -3.862280517099344903e-06 1.107811931617202237e+06 0.000000000000000000e+00 -7.661739267618776648e+04 0.000000000000000000e+00 4.939215315413833014e+04
3.725177060730277545e-01 2.149788795814512234e-06 -1.680515180970896154e+03 -6.965874085139230611e-06 5.657195265595517412e+03 3.242132778103379472e-06 1.100888236491509015e+06 0.000000000000000000e+00 -8.811627148493338609e+04 0.000000000000000000e+00 4.026941917776888295e+04
3.775163034622419089e-01 -1.225576813013287813e-05 -2.193631432689058784e+03 2.861923876542018028e-05 4.023472903924259299e+03 -4.790187175478034288e-05 1.085541085939277662e+06 0.000000000000000000e+00 -7.747951979368504544e+04 0.000000000000000000e+00 6.545068843822618510e+04
3.825226892977953153e-01 3.500654890730574229e-06 -1.467075135135135042e+03 -7.854255470069679425e-06 5.096093405405405065e+03 1.000674995216163441e-05 1.074101939891891787e+06 0.000000000000000000e+00 -7.700530508108108188e+04 0.000000000000000000e+00 9.124051027027027158e+04
3.875130067694269043e-01 -4.579244599578503838e-06 -1.074477555321391037e+03 9.904545903582719665e-06 5.473983983140147757e+03 1.138379626580611201e-06 1.062551280084299389e+06 0.000000000000000000e+00 -7.231635152792414010e+04 0.000000000000000000e+00 5.454307608008430543e+04
3.924957861003909865e-01 -6.339029261738487314e-06 -1.660272519550735524e+02 6.042034583883114547e-06 3.973500543880539681e+03 -5.067373478381553299e-06 1.054977428584301611e+06 0.000000000000000000e+00 -8.342032658578187693e+04 0.000000000000000000e+00 7.134937253564188723e+04
3.975064703251052212e-01 -2.427642048974660817e-06 -1.402073923548726953e+03 1.134487799896227138e-05 3.597940747165603170e+03 -6.632340766042221921e-06 1.043104245437085745e+06 0.000000000000000000e+00 -7.033952493649712414e+04 0.000000000000000000e+00 6.226808807384920510e+04
