3.798113400606732779e-03 1.137360210526315728e+06 0.000000000000000000e+00 -8.833629473684210097e+05 0.000000000000000000e+00 1.478344000000000000e+06 1.455738071578947306e+08 0.000000000000000000e+00 6.137426997894736528e+08 0.000000000000000000e+00 9.250715755789473057e+08
8.299341265228576958e-03 9.362953750000000000e+05 0.000000000000000000e+00 9.725105625000000000e+05 0.000000000000000000e+00 1.631613375000000000e+06 3.095151000000000000e+07 0.000000000000000000e+00 6.899760000000000000e+07 0.000000000000000000e+00 3.169548400000000000e+07
1.293222767532251419e-02 8.315258598726114724e+05 0.000000000000000000e+00 4.559363057324840920e+05 0.000000000000000000e+00 1.205122165605095652e+05 1.240676687898089178e+07 0.000000000000000000e+00 2.407997798726114631e+07 0.000000000000000000e+00 -2.369294878980891779e+06
1.764839556552980082e-02 1.033856328767123283e+06 0.000000000000000000e+00 8.823461369863012806e+05 0.000000000000000000e+00 5.956323835616437718e+05 6.194023013698630035e+06 0.000000000000000000e+00 1.259255408219178021e+07 0.000000000000000000e+00 2.758829369863013737e+06
2.256548662787912635e-02 7.228930661625709618e+05 0.000000000000000000e+00 3.072654517958412180e+05 0.000000000000000000e+00 -1.576493308128544595e+05 3.948171856332703494e+06 0.000000000000000000e+00 7.779309610586011782e+06 0.000000000000000000e+00 -1.073474782608695794e+06
2.777643688250242340e-02 6.907494243902439484e+05 0.000000000000000000e+00 4.803921560975609464e+05 0.000000000000000000e+00 7.385623902439024823e+04 2.280693073170731775e+06 0.000000000000000000e+00 4.452646087804878131e+06 0.000000000000000000e+00 5.010436682926829089e+05
3.269804980233311648e-02 6.214120960000000196e+05 0.000000000000000000e+00 4.281152640000000247e+05 0.000000000000000000e+00 1.360794000000000096e+03 1.467649023999999976e+06 0.000000000000000000e+00 2.844288512000000104e+06 0.000000000000000000e+00 1.263409440000000031e+05
3.761648458559932462e-02 5.670219608900876483e+05 0.000000000000000000e+00 3.775778610923803062e+05 0.000000000000000000e+00 -2.101801753202966938e+04 9.771236898179366253e+05 0.000000000000000000e+00 1.811528674308833433e+06 0.000000000000000000e+00 -9.242355225893459283e+04
4.263843696389812976e-02 5.031500000000000000e+05 0.000000000000000000e+00 3.350253571428571013e+05 0.000000000000000000e+00 1.341512723214285688e+04 7.120591428571428405e+05 0.000000000000000000e+00 1.303060714285714319e+06 0.000000000000000000e+00 3.454056919642857247e+04
4.756514582339458480e-02 4.390286402093327488e+05 0.000000000000000000e+00 3.083492926297427039e+05 0.000000000000000000e+00 -7.080406105538595875e+04 5.236291321412996040e+05 0.000000000000000000e+00 8.567304596598342760e+05 0.000000000000000000e+00 -1.667947457479284785e+05
5.262096060748640974e-02 3.847118202247190638e+05 0.000000000000000000e+00 2.411504494382022531e+05 0.000000000000000000e+00 -2.989051966292134694e+03 3.917212584269662620e+05 0.000000000000000000e+00 6.690872359550561523e+05 0.000000000000000000e+00 3.681285393258427212e+04
5.756031740041873956e-02 3.638241188118811697e+05 0.000000000000000000e+00 1.920772475247524853e+05 0.000000000000000000e+00 -1.532589727722772295e+03 3.214099207920792396e+05 0.000000000000000000e+00 5.024535049504950293e+05 0.000000000000000000e+00 -2.239268811881188230e+04
6.254738279606215923e-02 3.335087878341918113e+05 0.000000000000000000e+00 1.977768594554819574e+05 0.000000000000000000e+00 2.088758204562178071e+04 2.675597782683345140e+05 0.000000000000000000e+00 4.216533804267843952e+05 0.000000000000000000e+00 -1.293074074074073906e+03
6.757793472572401483e-02 3.121569349736379227e+05 0.000000000000000000e+00 1.733863339191564010e+05 0.000000000000000000e+00 -6.390551405975395028e+03 2.292266151142354938e+05 0.000000000000000000e+00 3.402581933216168545e+05 0.000000000000000000e+00 4.329237258347978241e+03
7.255917516659465827e-02 2.913205251999256434e+05 0.000000000000000000e+00 1.668117210340338643e+05 0.000000000000000000e+00 -2.863590254788915991e+04 1.937833944578761584e+05 0.000000000000000000e+00 2.684470418448949349e+05 0.000000000000000000e+00 2.114345731820717901e+03
7.753384299139773339e-02 2.668669943086709245e+05 0.000000000000000000e+00 1.471557442249748856e+05 0.000000000000000000e+00 2.205437562772012097e+04 1.691332735185805359e+05 0.000000000000000000e+00 2.198519129561432928e+05 0.000000000000000000e+00 -7.228541011047874235e+03
8.251793356505521260e-02 2.487058715596330294e+05 0.000000000000000000e+00 1.263329266055045882e+05 0.000000000000000000e+00 1.357457568807339612e+03 1.469855137614679115e+05 0.000000000000000000e+00 1.799226422018348821e+05 0.000000000000000000e+00 -9.912735091743119483e+03
8.752751931716111489e-02 2.298557885188545042e+05 0.000000000000000000e+00 1.214259883374368364e+05 0.000000000000000000e+00 1.500649475184657422e+04 1.304407992743294162e+05 0.000000000000000000e+00 1.588990042762731609e+05 0.000000000000000000e+00 1.026786782428404877e+04
9.254701955136974967e-02 1.952755660893345485e+05 0.000000000000000000e+00 9.635553691886963497e+04 0.000000000000000000e+00 1.587968094804010889e+03 1.156776955332725629e+05 0.000000000000000000e+00 1.300626144029170391e+05 0.000000000000000000e+00 8.855113947128531436e+03
9.754963178921903511e-02 1.811763023134093964e+05 0.000000000000000000e+00 8.442038815031926788e+04 0.000000000000000000e+00 2.788544750340207429e+03 1.031373834397571482e+05 0.000000000000000000e+00 1.087361540877211373e+05 0.000000000000000000e+00 2.515129906835549264e+03
1.025319613041059119e-01 1.684522746716697875e+05 0.000000000000000000e+00 7.573630318949343928e+04 0.000000000000000000e+00 -4.486813133208254840e+03 9.921313621013132797e+04 0.000000000000000000e+00 1.021634641651031852e+05 0.000000000000000000e+00 1.351751594746716728e+04
1.075116003998943526e-01 1.573685017229496734e+05 0.000000000000000000e+00 7.428965403170227364e+04 0.000000000000000000e+00 1.181857753273604430e+04 9.011901860785664758e+04 0.000000000000000000e+00 8.890865885596140288e+04 0.000000000000000000e+00 3.937957960027566969e+03
1.125102861506304813e-01 1.516713327664837416e+05 0.000000000000000000e+00 6.812260524078225717e+04 0.000000000000000000e+00 1.020297132256319128e+04 8.347136554069722479e+04 0.000000000000000000e+00 7.559246440442143648e+04 0.000000000000000000e+00 8.961968926335317519e+03
1.175500852175193622e-01 1.449686474185748957e+05 0.000000000000000000e+00 6.501594424690656160e+04 0.000000000000000000e+00 5.564902289859195662e+03 7.755024093301095127e+04 0.000000000000000000e+00 6.628323709287442034e+04 0.000000000000000000e+00 5.200009102545868700e+03
1.225369446564099490e-01 1.381866984442237881e+05 0.000000000000000000e+00 6.042309698775240395e+04 0.000000000000000000e+00 -8.496620986428335982e+02 7.339786084078119893e+04 0.000000000000000000e+00 5.802974697120159544e+04 0.000000000000000000e+00 3.071795564382654902e+03
1.275260957852891452e-01 1.341198156682027620e+05 0.000000000000000000e+00 5.683482512733446492e+04 0.000000000000000000e+00 5.848153286441911405e+03 6.996980451127819833e+04 0.000000000000000000e+00 5.128836672325975815e+04 0.000000000000000000e+00 3.838262187727382752e+03
1.325302087090364789e-01 1.286378524213007040e+05 0.000000000000000000e+00 5.635928847988328198e+04 0.000000000000000000e+00 2.593208910835531242e+03 6.701800168340721575e+04 0.000000000000000000e+00 4.764105628191459255e+04 0.000000000000000000e+00 4.092905841423039988e+02
1.375062694904859717e-01 1.216257892291446624e+05 0.000000000000000000e+00 5.593710158394931204e+04 0.000000000000000000e+00 1.385188595564941897e+04 6.466501203801478550e+04 0.000000000000000000e+00 4.671190707497359836e+04 0.000000000000000000e+00 6.669826399155226682e+03
1.425134422753508989e-01 1.156626945670954156e+05 0.000000000000000000e+00 4.803505932040698826e+04 0.000000000000000000e+00 3.568021213284699229e+02 6.164811364945286914e+04 0.000000000000000000e+00 4.079474448070646758e+04 0.000000000000000000e+00 1.035916778652332368e+03
1.475259222195813014e-01 1.079966015763816104e+05 0.000000000000000000e+00 4.511018816346986569e+04 0.000000000000000000e+00 2.690957401248348560e+03 5.866579579935304355e+04 0.000000000000000000e+00 3.812918164836666983e+04 0.000000000000000000e+00 5.959285616656795355e+03
1.525299430011916868e-01 1.032073371660466655e+05 0.000000000000000000e+00 4.456936083868785499e+04 0.000000000000000000e+00 4.849391951301995505e+03 5.626950557997970463e+04 0.000000000000000000e+00 3.636989922218464199e+04 0.000000000000000000e+00 4.145263442678389765e+03
1.574945685492469272e-01 9.640826238524688233e+04 0.000000000000000000e+00 4.088213725886682369e+04 0.000000000000000000e+00 2.410124317547619739e+03 5.472117248352003662e+04 0.000000000000000000e+00 3.282752748008249910e+04 0.000000000000000000e+00 -1.750993852873377250e+02
1.625189323163163113e-01 9.267100963503650564e+04 0.000000000000000000e+00 3.994682394160584226e+04 0.000000000000000000e+00 2.686701897810219180e+03 5.218540379562044109e+04 0.000000000000000000e+00 2.941913927007299571e+04 0.000000000000000000e+00 3.579593284671533183e+03
1.675461007718098694e-01 8.990345330296126485e+04 0.000000000000000000e+00 3.748342824601366738e+04 0.000000000000000000e+00 -2.936318337129840529e+03 5.025470615034168441e+04 0.000000000000000000e+00 2.662338496583143205e+04 0.000000000000000000e+00 4.197362613895216441e+02
1.725292014006662711e-01 8.616690641790552763e+04 0.000000000000000000e+00 3.412093008537429705e+04 0.000000000000000000e+00 4.539309226357253465e+03 4.952643491446089320e+04 0.000000000000000000e+00 2.628463565942578498e+04 0.000000000000000000e+00 4.544065926096845942e+03
1.775301965061671094e-01 8.297197778899545665e+04 0.000000000000000000e+00 3.324006865219586325e+04 0.000000000000000000e+00 2.903957849570923827e+03 4.813362948006057559e+04 0.000000000000000000e+00 2.410047652700656181e+04 0.000000000000000000e+00 1.950916708732963116e+03
1.825147654490652804e-01 8.062445047121038078e+04 0.000000000000000000e+00 3.048045519808561585e+04 0.000000000000000000e+00 4.231262371118792544e+03 4.613461620727348054e+04 0.000000000000000000e+00 2.116326225294691176e+04 0.000000000000000000e+00 1.069467222074507390e+03
1.875360723572403465e-01 7.802370860335195903e+04 0.000000000000000000e+00 3.066657966480447067e+04 0.000000000000000000e+00 3.598861452513966469e+03 4.526229094972067105e+04 0.000000000000000000e+00 1.982677273743016849e+04 0.000000000000000000e+00 2.042113072625698351e+03
1.925323683450522461e-01 7.601317082574703090e+04 0.000000000000000000e+00 2.811637485273642233e+04 0.000000000000000000e+00 -2.240620381278783100e+02 4.423618378494162607e+04 0.000000000000000000e+00 1.899535525329334996e+04 0.000000000000000000e+00 1.050713291207025804e+03
1.975198663583639380e-01 7.333343558871885762e+04 0.000000000000000000e+00 2.499145041102819960e+04 0.000000000000000000e+00 3.312632351081319939e+03 4.306485615277601755e+04 0.000000000000000000e+00 1.802369181737700637e+04 0.000000000000000000e+00 2.946223447578095147e+03
2.025153694923672032e-01 7.126287291324906982e+04 0.000000000000000000e+00 2.504942429798321245e+04 0.000000000000000000e+00 -4.721826208626845869e+02 4.232574196661198948e+04 0.000000000000000000e+00 1.704711763002991574e+04 0.000000000000000000e+00 6.639172054424394673e+02
2.075088499274508613e-01 6.913457949575214298e+04 0.000000000000000000e+00 2.426288525040646709e+04 0.000000000000000000e+00 3.937388261695939946e+03 4.164039991756165546e+04 0.000000000000000000e+00 1.719439016235773670e+04 0.000000000000000000e+00 4.280213423710183633e+02
2.125178062418619784e-01 6.597443183801710256e+04 0.000000000000000000e+00 2.323767079769593329e+04 0.000000000000000000e+00 -9.868729272124279817e+01 4.028545854424856225e+04 0.000000000000000000e+00 1.516401186943620269e+04 0.000000000000000000e+00 2.079982021295164941e+03
2.175004174234404231e-01 6.483529669219762582e+04 0.000000000000000000e+00 2.198548674354010654e+04 0.000000000000000000e+00 5.921802878545577187e+02 3.945136200656510482e+04 0.000000000000000000e+00 1.451989293830485622e+04 0.000000000000000000e+00 4.057974917936200541e+02
2.225093171556767890e-01 6.274611894958728226e+04 0.000000000000000000e+00 2.189219597722661274e+04 0.000000000000000000e+00 5.564683438072535864e+03 3.894405232363428513e+04 0.000000000000000000e+00 1.463706388763026735e+04 0.000000000000000000e+00 2.300297787671637707e+03
2.275289586476768322e-01 6.075631287310577318e+04 0.000000000000000000e+00 2.045698331547528142e+04 0.000000000000000000e+00 1.583543261135772298e+02 3.772944497168222733e+04 0.000000000000000000e+00 1.269181325577835742e+04 0.000000000000000000e+00 7.454168835144650984e+02
2.325285406108919262e-01 5.876679708220399334e+04 0.000000000000000000e+00 1.765244290833681953e+04 0.000000000000000000e+00 2.677646699288741729e+03 3.722116733669256064e+04 0.000000000000000000e+00 1.257007476397504252e+04 0.000000000000000000e+00 6.258854801447984073e+01
2.375276552426477672e-01 5.717414631745473889e+04 0.000000000000000000e+00 1.872948243979609833e+04 0.000000000000000000e+00 2.641018948848655327e+03 3.672497971523994056e+04 0.000000000000000000e+00 1.215258639479697740e+04 0.000000000000000000e+00 1.266885146774477107e+03
2.424991024241769377e-01 5.589147779109617841e+04 0.000000000000000000e+00 1.736311691118126691e+04 0.000000000000000000e+00 -3.515528168419630788e+02 3.595120935964749515e+04 0.000000000000000000e+00 1.123283466986308304e+04 0.000000000000000000e+00 -9.599968936234869261e+02
2.474998551644826128e-01 5.462364137047710392e+04 0.000000000000000000e+00 1.721918872878642287e+04 0.000000000000000000e+00 2.490958949727825711e+03 3.562054332372718636e+04 0.000000000000000000e+00 1.055529580531540159e+04 0.000000000000000000e+00 1.490683701569004143e+03
2.525200307756395035e-01 5.350211939375193469e+04 0.000000000000000000e+00 1.557641521806371929e+04 0.000000000000000000e+00 1.169609279307145243e+03 3.499879888648314227e+04 0.000000000000000000e+00 1.054477203835447108e+04 0.000000000000000000e+00 -1.243148391586761647e+02
2.575182250600202005e-01 5.194297414499664592e+04 0.000000000000000000e+00 1.527311335966023398e+04 0.000000000000000000e+00 1.509917174577155265e+03 3.420232483421503275e+04 0.000000000000000000e+00 9.667218836152298536e+03 0.000000000000000000e+00 1.920905595708218527e+02
2.625255687975799335e-01 5.062255400239630399e+04 0.000000000000000000e+00 1.554612107034860492e+04 0.000000000000000000e+00 1.065423061562161138e+03 3.392114292234837922e+04 0.000000000000000000e+00 9.776240086723340937e+03 0.000000000000000000e+00 1.059854510184287051e+02
2.675305520911575030e-01 4.962448704105162324e+04 0.000000000000000000e+00 1.368282282763286821e+04 0.000000000000000000e+00 5.396847875616188048e+02 3.359157901713591127e+04 0.000000000000000000e+00 9.774510266359204252e+03 0.000000000000000000e+00 1.718876707032490572e+02
2.725404586615198799e-01 4.834806833447929239e+04 0.000000000000000000e+00 1.362097847358121180e+04 0.000000000000000000e+00 8.445226635637594654e+02 3.292719944993917306e+04 0.000000000000000000e+00 9.121260062410747196e+03 0.000000000000000000e+00 -9.237491405299624603e+01
2.775333197047151201e-01 4.728120888153643318e+04 0.000000000000000000e+00 1.345504009098663664e+04 0.000000000000000000e+00 6.980192312663168650e+02 3.239250642334634176e+04 0.000000000000000000e+00 8.691773877529918536e+03 0.000000000000000000e+00 5.460228888257037028e+01
2.825123907298719983e-01 4.669566790588526055e+04 0.000000000000000000e+00 1.276652696844315506e+04 0.000000000000000000e+00 7.945645155314024350e+02 3.193180184030136661e+04 0.000000000000000000e+00 8.371829210152534870e+03 0.000000000000000000e+00 -1.417960970789847579e+02
2.875104651677040102e-01 4.502946715188660892e+04 0.000000000000000000e+00 1.132572533997318533e+04 0.000000000000000000e+00 4.402636468109557200e+02 3.194651446083125848e+04 0.000000000000000000e+00 7.628151695077571276e+03 0.000000000000000000e+00 -3.536425972036008147e+02
2.924971317655564174e-01 4.421169922204625618e+04 0.000000000000000000e+00 1.110589131766637001e+04 0.000000000000000000e+00 1.585983608641875435e+03 3.126915016934653977e+04 0.000000000000000000e+00 8.074155336438982886e+03 0.000000000000000000e+00 -2.349722456623010203e+02
2.975058823671092867e-01 4.334210887132581411e+04 0.000000000000000000e+00 9.183960216677027347e+03 0.000000000000000000e+00 1.060808897966432824e+03 3.105100293046798470e+04 0.000000000000000000e+00 7.450424651451913633e+03 0.000000000000000000e+00 6.691235680667791712e+02
3.025121359101998753e-01 4.235378115948294726e+04 0.000000000000000000e+00 1.057374363408412864e+04 0.000000000000000000e+00 -5.860529160001728997e+02 3.045979438848298742e+04 0.000000000000000000e+00 7.143292032337555611e+03 0.000000000000000000e+00 2.600824110501059039e+01
3.075010376196579687e-01 4.178777212729267922e+04 0.000000000000000000e+00 9.559241594816325232e+03 0.000000000000000000e+00 1.875138297538799407e+03 3.003057783351622857e+04 0.000000000000000000e+00 6.806426921670064075e+03 0.000000000000000000e+00 4.727329584051837230e+00
3.125134169243361515e-01 4.087602139553589222e+04 0.000000000000000000e+00 9.085461492057109353e+03 0.000000000000000000e+00 1.367012869495274572e+02 2.980341652925799281e+04 0.000000000000000000e+00 6.693043555198069953e+03 0.000000000000000000e+00 -4.284937462296400668e+02
3.175159688234982513e-01 4.031275566602155595e+04 0.000000000000000000e+00 8.319033627727401836e+03 0.000000000000000000e+00 4.056674558654497673e+02 2.941696802271320485e+04 0.000000000000000000e+00 6.191454097120570623e+03 0.000000000000000000e+00 -3.419527070173198240e+02
3.225221380836135188e-01 3.937363367944119818e+04 0.000000000000000000e+00 8.043083707759109529e+03 0.000000000000000000e+00 7.403522748725694100e+02 2.909474797054936789e+04 0.000000000000000000e+00 6.028149367566547880e+03 0.000000000000000000e+00 -5.294901264866906558e+02
3.275181733526948968e-01 3.852271366160680918e+04 0.000000000000000000e+00 7.672459681599407304e+03 0.000000000000000000e+00 -5.231718992965568304e+02 2.888005805257312022e+04 0.000000000000000000e+00 5.872175342465753602e+03 0.000000000000000000e+00 -7.194129581636431112e+02
3.325123842131759710e-01 3.787974274353522924e+04 0.000000000000000000e+00 7.052642073707713280e+03 0.000000000000000000e+00 2.540577670637003393e+02 2.868145735965200947e+04 0.000000000000000000e+00 5.843638880240533581e+03 0.000000000000000000e+00 -6.588884599304376479e+02
3.374959366892091861e-01 3.718881855446169357e+04 0.000000000000000000e+00 7.093967137301615367e+03 0.000000000000000000e+00 -9.453476509126581959e+02 2.827186042111901406e+04 0.000000000000000000e+00 5.481383736818133912e+03 0.000000000000000000e+00 -1.407127912272711455e+03
3.424919221947719805e-01 3.667190559134587238e+04 0.000000000000000000e+00 6.364205252148113686e+03 0.000000000000000000e+00 -8.757590279108919162e+01 2.792935485752860768e+04 0.000000000000000000e+00 5.480655993466068139e+03 0.000000000000000000e+00 -7.565976214486328217e+02
3.475179778446125245e-01 3.584851465351063234e+04 0.000000000000000000e+00 6.612952069787957043e+03 0.000000000000000000e+00 2.869609893161695027e+02 2.773422759499460881e+04 0.000000000000000000e+00 5.395316365537295496e+03 0.000000000000000000e+00 -3.837722743163328687e+02
3.525052850529177828e-01 3.545162228963755479e+04 0.000000000000000000e+00 6.319167172281654530e+03 0.000000000000000000e+00 3.710560114960881606e+02 2.746158760977167549e+04 0.000000000000000000e+00 5.289022129969663183e+03 0.000000000000000000e+00 -7.008185853424876086e+02
3.575133254796376558e-01 3.489805986004552688e+04 0.000000000000000000e+00 5.553734883613983584e+03 0.000000000000000000e+00 4.843474795165209343e+02 2.730006085643553160e+04 0.000000000000000000e+00 5.437323665795463967e+03 0.000000000000000000e+00 -6.635790635466885306e+02
3.625250227669692404e-01 3.433246414696581633e+04 0.000000000000000000e+00 5.370816684234301647e+03 0.000000000000000000e+00 -3.541447372383676679e+02 2.694438162927269877e+04 0.000000000000000000e+00 4.795193013100436474e+03 0.000000000000000000e+00 -1.017272940822165310e+03
3.675230446100045678e-01 3.370305162245113752e+04 0.000000000000000000e+00 5.269633342810693648e+03 0.000000000000000000e+00 -8.285406761002850544e+02 2.676310175039549722e+04 0.000000000000000000e+00 4.895694624878799004e+03 0.000000000000000000e+00 -5.796910963847516314e+02
3.725177060730277545e-01 3.324208451026359398e+04 0.000000000000000000e+00 4.857789925095774379e+03 0.000000000000000000e+00 1.183067070730173327e+03 2.664292480988049647e+04 0.000000000000000000e+00 4.995936645891703847e+03 0.000000000000000000e+00 -4.862359768997656033e+02
3.775163034622419089e-01 3.297499457319974317e+04 0.000000000000000000e+00 5.158304852400687196e+03 0.000000000000000000e+00 1.399958350859530753e+02 2.634230308713910563e+04 0.000000000000000000e+00 4.550211514194495976e+03 0.000000000000000000e+00 -5.735083884402948797e+02
3.825226892977953153e-01 3.233042335135134999e+04 0.000000000000000000e+00 5.040242162162162458e+03 0.000000000000000000e+00 1.506581405405405349e+03 2.625107200000000012e+04 0.000000000000000000e+00 4.613789405405404978e+03 0.000000000000000000e+00 -4.403984054054054127e+02
3.875130067694269043e-01 3.199552876712329089e+04 0.000000000000000000e+00 4.370313593256058994e+03 0.000000000000000000e+00 9.186757639620653890e+02 2.589802992623814862e+04 0.000000000000000000e+00 4.383884510010537269e+03 0.000000000000000000e+00 -3.525811380400421626e+02
3.924957861003909865e-01 3.180923044443729304e+04 0.000000000000000000e+00 4.417064435361889991e+03 0.000000000000000000e+00 1.852294043059891237e+03 2.578765534064943859e+04 0.000000000000000000e+00 4.364577556077623740e+03 0.000000000000000000e+00 3.082514594664178276e+02
3.975064703251052212e-01 3.117951214918530604e+04 0.000000000000000000e+00 4.063295409206369186e+03 0.000000000000000000e+00 1.569117848956074795e+03 2.572411107118518339e+04 0.000000000000000000e+00 4.151299869896536620e+03 0.000000000000000000e+00 -1.308744439625797611e+02
