3.798113400606732779e-03 3.522342105263158010e+04 0.000000000000000000e+00 3.106336513157894660e+04 0.000000000000000000e+00 1.354787500000000000e+05
8.299341265228576958e-03 4.457881640625000000e+04 0.000000000000000000e+00 2.503153906250000000e+04 0.000000000000000000e+00 3.086254296875000000e+04
1.293222767532251419e-02 4.338477070063694555e+04 0.000000000000000000e+00 2.013193471337579831e+04 0.000000000000000000e+00 -2.592775477707006303e+03
1.764839556552980082e-02 4.598656849315068393e+04 0.000000000000000000e+00 2.129969178082191502e+04 0.000000000000000000e+00 1.911482705479452125e+04
2.256548662787912635e-02 4.325703213610585954e+04 0.000000000000000000e+00 2.085201512287334481e+04 0.000000000000000000e+00 -5.439587901701323062e+03
2.777643688250242340e-02 3.964110243902439106e+04 0.000000000000000000e+00 1.901547682926829293e+04 0.000000000000000000e+00 3.165510670731707251e+03
3.269804980233311648e-02 3.510466799999999785e+04 0.000000000000000000e+00 1.774429999999999927e+04 0.000000000000000000e+00 8.094217499999999745e+02
3.761648458559932462e-02 3.202655428186109202e+04 0.000000000000000000e+00 1.555589211058664841e+04 0.000000000000000000e+00 -4.047203304113284048e+02
4.263843696389812976e-02 2.888958928571428260e+04 0.000000000000000000e+00 1.494940513392857065e+04 0.000000000000000000e+00 2.777280133928571104e+03
4.756514582339458480e-02 2.583758046227649538e+04 0.000000000000000000e+00 1.330798517226341028e+04 0.000000000000000000e+00 -6.093657217618840150e+03
5.262096060748640974e-02 2.319835814606741405e+04 0.000000000000000000e+00 1.140924297752808889e+04 0.000000000000000000e+00 5.210194873595505669e+02
5.756031740041873956e-02 2.226597277227722952e+04 0.000000000000000000e+00 9.003865099009901314e+03 0.000000000000000000e+00 1.727642326732673155e+02
6.254738279606215923e-02 2.101826244787834003e+04 0.000000000000000000e+00 1.041837331371106120e+04 0.000000000000000000e+00 1.096908756438557702e+03
6.757793472572401483e-02 2.001371353251317851e+04 0.000000000000000000e+00 9.608746045694198983e+03 0.000000000000000000e+00 2.818947166080843658e+02
7.255917516659465827e-02 1.858341528733494488e+04 0.000000000000000000e+00 8.528588432211270629e+03 0.000000000000000000e+00 -1.071854286777013158e+03
7.753384299139773339e-02 1.718858118513559020e+04 0.000000000000000000e+00 7.710838299296953664e+03 0.000000000000000000e+00 3.390288542015400139e+02
8.251793356505521260e-02 1.624471674311926654e+04 0.000000000000000000e+00 7.164135321100918190e+03 0.000000000000000000e+00 1.274920799885321117e+02
8.752751931716111489e-02 1.506835402358429565e+04 0.000000000000000000e+00 6.641577296877025219e+03 0.000000000000000000e+00 7.437463392510043150e+02
9.254701955136974967e-02 1.314681221513217861e+04 0.000000000000000000e+00 5.416766180492251806e+03 0.000000000000000000e+00 2.753832896536007411e+02
9.754963178921903511e-02 1.215172615932167901e+04 0.000000000000000000e+00 5.098058829687009165e+03 0.000000000000000000e+00 1.731407018737569388e+02
1.025319613041059119e-01 1.154338236397748551e+04 0.000000000000000000e+00 4.737505065666041446e+03 0.000000000000000000e+00 2.745530253283301931e+02
1.075116003998943526e-01 1.101598828394210796e+04 0.000000000000000000e+00 4.642754996554100217e+03 0.000000000000000000e+00 7.120152050310131244e+02
1.125102861506304813e-01 1.054884563654634076e+04 0.000000000000000000e+00 4.168153358583906993e+03 0.000000000000000000e+00 8.021633299837675395e+02
1.175500852175193622e-01 1.002684226994737583e+04 0.000000000000000000e+00 4.000845967856635070e+03 0.000000000000000000e+00 2.557767742853079369e+02
1.225369446564099490e-01 9.733136312479311528e+03 0.000000000000000000e+00 4.000526713008937804e+03 0.000000000000000000e+00 -9.862225256537570317e+01
1.275260957852891452e-01 9.504720834343923343e+03 0.000000000000000000e+00 3.711066699005578357e+03 0.000000000000000000e+00 3.202443305845258124e+02
1.325302087090364789e-01 9.163325065933449878e+03 0.000000000000000000e+00 3.551027439537624105e+03 0.000000000000000000e+00 3.288346332977947100e+02
1.375062694904859717e-01 8.747934952481520668e+03 0.000000000000000000e+00 3.638476874340020913e+03 0.000000000000000000e+00 8.965936642027454582e+02
1.425134422753508989e-01 8.334273756959109960e+03 0.000000000000000000e+00 3.254495680552889098e+03 0.000000000000000000e+00 7.796235481858322203e+01
1.475259222195813014e-01 7.878032894437104005e+03 0.000000000000000000e+00 3.156477288259146007e+03 0.000000000000000000e+00 3.155396145610278609e+02
1.525299430011916868e-01 7.545345958741968388e+03 0.000000000000000000e+00 2.944133581332431277e+03 0.000000000000000000e+00 4.312347818735204328e+02
1.574945685492469272e-01 7.137486957576737041e+03 0.000000000000000000e+00 2.814782868928701191e+03 0.000000000000000000e+00 5.874752295062077678e+01
1.625189323163163113e-01 6.856872408759124482e+03 0.000000000000000000e+00 2.682995036496350622e+03 0.000000000000000000e+00 1.792343248175182566e+02
1.675461007718098694e-01 6.648761389521640012e+03 0.000000000000000000e+00 2.590886389521640012e+03 0.000000000000000000e+00 -9.664420202164008344e+01
1.725292014006662711e-01 6.439271384777664935e+03 0.000000000000000000e+00 2.438946500972409922e+03 0.000000000000000000e+00 4.056036193427168541e+02
1.775301965061671094e-01 6.242950530035335760e+03 0.000000000000000000e+00 2.394933114588591707e+03 0.000000000000000000e+00 3.246876577486117981e+02
1.825147654490652804e-01 6.111496587786936288e+03 0.000000000000000000e+00 2.169724600431327417e+03 0.000000000000000000e+00 3.352200951283642212e+02
1.875360723572403465e-01 5.932142569832401932e+03 0.000000000000000000e+00 2.217740335195530861e+03 0.000000000000000000e+00 2.702776815642458246e+02
1.925323683450522461e-01 5.824916354289385708e+03 0.000000000000000000e+00 2.041307914747777659e+03 0.000000000000000000e+00 8.864928510228124026e+01
1.975198663583639380e-01 5.645033514607309371e+03 0.000000000000000000e+00 1.871415808777032908e+03 0.000000000000000000e+00 3.097880865056279163e+02
2.025153694923672032e-01 5.498319019588922856e+03 0.000000000000000000e+00 1.884920196854192909e+03 0.000000000000000000e+00 5.079030565473318859e+01
2.075088499274508613e-01 5.350025326890930046e+03 0.000000000000000000e+00 1.854386590029540457e+03 0.000000000000000000e+00 2.972484600059539162e+02
2.125178062418619784e-01 5.137944842031768530e+03 0.000000000000000000e+00 1.746035957409670118e+03 0.000000000000000000e+00 1.027130171059521757e+02
2.175004174234404231e-01 5.063207474118340542e+03 0.000000000000000000e+00 1.688872653817018772e+03 0.000000000000000000e+00 2.255671871054624944e+01
2.225093171556767890e-01 4.914934536356651734e+03 0.000000000000000000e+00 1.687623332873663003e+03 0.000000000000000000e+00 4.019135950828392083e+02
2.275289586476768322e-01 4.768149701515383640e+03 0.000000000000000000e+00 1.585787693249655604e+03 0.000000000000000000e+00 7.931280613806826807e+01
2.325285406108919262e-01 4.634088734469649353e+03 0.000000000000000000e+00 1.349822640205191647e+03 0.000000000000000000e+00 1.529951066887381046e+02
2.375276552426477672e-01 4.554232237651608557e+03 0.000000000000000000e+00 1.520051045878010200e+03 0.000000000000000000e+00 1.822088767797503976e+02
2.424991024241769377e-01 4.447077271115763324e+03 0.000000000000000000e+00 1.379842992926240413e+03 0.000000000000000000e+00 -8.213370291898097975e+00
2.474998551644826128e-01 4.347860902977905425e+03 0.000000000000000000e+00 1.345524175472302204e+03 0.000000000000000000e+00 1.783222702529618857e+02
2.525200307756395035e-01 4.311864893287967789e+03 0.000000000000000000e+00 1.241682400247448186e+03 0.000000000000000000e+00 9.662941540364987247e+01
2.575182250600202005e-01 4.190607078459131117e+03 0.000000000000000000e+00 1.273365263393189707e+03 0.000000000000000000e+00 1.548332464048878592e+02
2.625255687975799335e-01 4.088472870428481656e+03 0.000000000000000000e+00 1.237771780681234759e+03 0.000000000000000000e+00 9.225909311348205222e+01
2.675305520911575030e-01 4.050177269024177804e+03 0.000000000000000000e+00 1.228291793816710651e+03 0.000000000000000000e+00 2.311029259468938335e+01
2.725404586615198799e-01 3.959549796371713910e+03 0.000000000000000000e+00 1.143640873750462788e+03 0.000000000000000000e+00 8.991354392553022024e+01
2.775333197047151201e-01 3.874403701501796149e+03 0.000000000000000000e+00 1.122047819681029750e+03 0.000000000000000000e+00 2.664405194251298781e+01
2.825123907298719983e-01 3.826463286605323447e+03 0.000000000000000000e+00 1.090129512752424034e+03 0.000000000000000000e+00 1.238849271290063569e+01
2.875104651677040102e-01 3.726027197854817132e+03 0.000000000000000000e+00 1.016894081593564465e+03 0.000000000000000000e+00 5.858341388742577927e+00
2.924971317655564174e-01 3.670781259753320228e+03 0.000000000000000000e+00 1.003281138378665787e+03 0.000000000000000000e+00 2.792730236160399215e+01
2.975058823671092867e-01 3.608616641506082942e+03 0.000000000000000000e+00 8.779439659000088341e+02 0.000000000000000000e+00 1.097870526596216934e+02
3.025121359101998753e-01 3.547610392979118842e+03 0.000000000000000000e+00 9.723349617396567055e+02 0.000000000000000000e+00 -3.775164822100212092e+01
3.075010376196579687e-01 3.500041176777969667e+03 0.000000000000000000e+00 9.064180174531013563e+02 0.000000000000000000e+00 1.304222605424047856e+02
3.125134169243361515e-01 3.436222481399557637e+03 0.000000000000000000e+00 8.785262014880354400e+02 0.000000000000000000e+00 2.476579937914739737e+00
3.175159688234982513e-01 3.391797231582359927e+03 0.000000000000000000e+00 8.105539389533455505e+02 0.000000000000000000e+00 1.078204973917143938e+01
3.225221380836135188e-01 3.328254634698886548e+03 0.000000000000000000e+00 8.153924863130074527e+02 0.000000000000000000e+00 1.657772559939588675e+01
3.275181733526948968e-01 3.277639689004072352e+03 0.000000000000000000e+00 7.993971121806738438e+02 0.000000000000000000e+00 -3.833587560162902719e+01
3.325123842131759710e-01 3.229289235613830897e+03 0.000000000000000000e+00 7.477939457555352192e+02 0.000000000000000000e+00 1.989387058896786087e+01
3.374959366892091861e-01 3.181257190904950676e+03 0.000000000000000000e+00 7.381690081631223848e+02 0.000000000000000000e+00 -4.339222401289283226e+01
3.424919221947719805e-01 3.148259790480794436e+03 0.000000000000000000e+00 6.988006567268666913e+02 0.000000000000000000e+00 9.055927782963438810e-01
3.475179778446125245e-01 3.094793217237886438e+03 0.000000000000000000e+00 6.864759042049204254e+02 0.000000000000000000e+00 2.241926887640082100e+01
3.525052850529177828e-01 3.064039342168290204e+03 0.000000000000000000e+00 6.870028420884559637e+02 0.000000000000000000e+00 3.692431243014529851e+00
3.575133254796376558e-01 3.018705336818143678e+03 0.000000000000000000e+00 6.610265269676787057e+02 0.000000000000000000e+00 2.616690682220570352e+01
3.625250227669692404e-01 2.984824936003613857e+03 0.000000000000000000e+00 6.355375997590723500e+02 0.000000000000000000e+00 -1.445657656979370564e+01
3.675230446100045678e-01 2.935825324964095216e+03 0.000000000000000000e+00 6.204667235308269255e+02 0.000000000000000000e+00 -3.244413096253526874e+01
3.725177060730277545e-01 2.911358225170107289e+03 0.000000000000000000e+00 5.886900909142890441e+02 0.000000000000000000e+00 7.667031419749557131e+01
3.775163034622419089e-01 2.879512125830052355e+03 0.000000000000000000e+00 6.024752828900642498e+02 0.000000000000000000e+00 2.067016156280814343e+01
3.825226892977953153e-01 2.845886054054054057e+03 0.000000000000000000e+00 5.980085945945945696e+02 0.000000000000000000e+00 8.788228378378377670e+01
3.875130067694269043e-01 2.822476923076923413e+03 0.000000000000000000e+00 5.550438356164384004e+02 0.000000000000000000e+00 5.415432692307692264e+01
3.924957861003909865e-01 2.791481118656068247e+03 0.000000000000000000e+00 5.436811122196119186e+02 0.000000000000000000e+00 1.276360441540887649e+02
3.975064703251052212e-01 2.760338715073415642e+03 0.000000000000000000e+00 5.415965305743138742e+02 0.000000000000000000e+00 1.317799888482745985e+02
