3.798113400606732779e-03 1.985725657894736651e+04 0.000000000000000000e+00 -4.888599917763157805e+02 0.000000000000000000e+00 -1.462367105263157828e+04
8.299341265228576958e-03 2.707183203125000000e+04 0.000000000000000000e+00 1.773720507812500000e+04 0.000000000000000000e+00 2.425636914062500000e+04
1.293222767532251419e-02 3.868249681528662768e+04 0.000000000000000000e+00 2.618646656050955426e+04 0.000000000000000000e+00 -1.943198885350318596e+04
1.764839556552980082e-02 4.435404794520547875e+04 0.000000000000000000e+00 4.184337328767123108e+04 0.000000000000000000e+00 1.946507020547944921e+04
2.256548662787912635e-02 3.627990548204159131e+04 0.000000000000000000e+00 1.918725519848771364e+04 0.000000000000000000e+00 -6.632399338374290892e+03
2.777643688250242340e-02 3.064724634146341486e+04 0.000000000000000000e+00 1.334824512195121861e+04 0.000000000000000000e+00 -2.054152134146341268e+03
3.269804980233311648e-02 2.860192200000000230e+04 0.000000000000000000e+00 1.580933600000000115e+04 0.000000000000000000e+00 -1.547877375000000029e+03
3.761648458559932462e-02 2.442897100472016245e+04 0.000000000000000000e+00 1.396303978422117325e+04 0.000000000000000000e+00 2.867211058664868688e+03
4.263843696389812976e-02 2.199987500000000000e+04 0.000000000000000000e+00 9.883579241071427532e+03 0.000000000000000000e+00 -4.295463448660713766e+03
4.756514582339458480e-02 1.923683907544701287e+04 0.000000000000000000e+00 1.097926122982991728e+04 0.000000000000000000e+00 -6.632829262974270250e+02
5.262096060748640974e-02 1.831590870786516825e+04 0.000000000000000000e+00 1.112081039325842721e+04 0.000000000000000000e+00 3.546990870786516552e+03
5.756031740041873956e-02 1.665764232673267179e+04 0.000000000000000000e+00 7.390589727722772295e+03 0.000000000000000000e+00 -7.068463799504950202e+02
6.254738279606215923e-02 1.627440470934510631e+04 0.000000000000000000e+00 9.241664949717929630e+03 0.000000000000000000e+00 1.440973877851361294e+03
6.757793472572401483e-02 1.548378031634446234e+04 0.000000000000000000e+00 7.809435852372583213e+03 0.000000000000000000e+00 -5.908078317223198610e+02
7.255917516659465827e-02 1.379771768644225449e+04 0.000000000000000000e+00 6.547093918541938365e+03 0.000000000000000000e+00 2.990916635670448045e+02
7.753384299139773339e-02 1.344242249748912036e+04 0.000000000000000000e+00 6.402458654168061912e+03 0.000000000000000000e+00 1.371798627385336431e+03
8.251793356505521260e-02 1.204580733944954227e+04 0.000000000000000000e+00 6.155644495412844662e+03 0.000000000000000000e+00 -3.932243764334862703e+02
8.752751931716111489e-02 1.119949721394324297e+04 0.000000000000000000e+00 5.015617467927952021e+03 0.000000000000000000e+00 1.170858235065440113e+03
9.254701955136974967e-02 1.022934001823153994e+04 0.000000000000000000e+00 4.863807201458523195e+03 0.000000000000000000e+00 5.313876267661805031e+01
9.754963178921903511e-02 9.492274259394955152e+03 0.000000000000000000e+00 4.607623992463100876e+03 0.000000000000000000e+00 -2.719663456505809904e+02
1.025319613041059119e-01 8.568734709193246090e+03 0.000000000000000000e+00 3.676637523452157438e+03 0.000000000000000000e+00 2.253875469043152009e+02
1.075116003998943526e-01 8.116069607167470167e+03 0.000000000000000000e+00 3.722364576154376209e+03 0.000000000000000000e+00 1.258703588042729109e+02
1.125102861506304813e-01 7.905817422895571326e+03 0.000000000000000000e+00 3.813361675813558122e+03 0.000000000000000000e+00 8.355183581974182516e+02
1.175500852175193622e-01 7.489151472052340068e+03 0.000000000000000000e+00 3.340283032285592526e+03 0.000000000000000000e+00 2.905746159863462026e+02
1.225369446564099490e-01 7.202480767957630633e+03 0.000000000000000000e+00 3.205140814299900740e+03 0.000000000000000000e+00 1.771312644819596187e+02
1.275260957852891452e-01 6.919225321367935976e+03 0.000000000000000000e+00 2.972635459616783919e+03 0.000000000000000000e+00 2.397254426388551849e+02
1.325302087090364789e-01 6.659196229167835554e+03 0.000000000000000000e+00 2.549048201559957306e+03 0.000000000000000000e+00 -3.281607092755737654e+02
1.375062694904859717e-01 6.425224498416050665e+03 0.000000000000000000e+00 2.880360506863780302e+03 0.000000000000000000e+00 3.372339229144667456e+02
1.425134422753508989e-01 6.025252831637550116e+03 0.000000000000000000e+00 2.220112113649453022e+03 0.000000000000000000e+00 -8.937794712276827980e+00
1.475259222195813014e-01 5.779535104104970742e+03 0.000000000000000000e+00 2.394271447446352795e+03 0.000000000000000000e+00 2.740180646043099841e+02
1.525299430011916868e-01 5.443400743997294740e+03 0.000000000000000000e+00 2.283564085221508321e+03 0.000000000000000000e+00 4.631131214068312261e+02
1.574945685492469272e-01 5.293813564120192495e+03 0.000000000000000000e+00 2.070603469891211716e+03 0.000000000000000000e+00 -5.054055789218263328e+01
1.625189323163163113e-01 4.967188321167883259e+03 0.000000000000000000e+00 2.000860437956204578e+03 0.000000000000000000e+00 3.116902919708029458e+02
1.675461007718098694e-01 4.779133257403188509e+03 0.000000000000000000e+00 1.904401765375854211e+03 0.000000000000000000e+00 1.667189813496582929e+02
1.725292014006662711e-01 4.625996242212479956e+03 0.000000000000000000e+00 1.714911823845469371e+03 0.000000000000000000e+00 2.210853907769390787e+02
1.775301965061671094e-01 4.469067137809187443e+03 0.000000000000000000e+00 1.683008960121150949e+03 0.000000000000000000e+00 1.494138850328117201e+02
1.825147654490652804e-01 4.352110608880617292e+03 0.000000000000000000e+00 1.668367514549912812e+03 0.000000000000000000e+00 2.521559573399509588e+02
1.875360723572403465e-01 4.251922234636871508e+03 0.000000000000000000e+00 1.521224134078212273e+03 0.000000000000000000e+00 2.821696368715083736e+02
1.925323683450522461e-01 4.157868694441469415e+03 0.000000000000000000e+00 1.484144907357823740e+03 0.000000000000000000e+00 1.669526614544286076e+02
1.975198663583639380e-01 3.983715492601492315e+03 0.000000000000000000e+00 1.312962590110028941e+03 0.000000000000000000e+00 1.840599974705956754e+02
2.025153694923672032e-01 3.879475827463089900e+03 0.000000000000000000e+00 1.332018913442053645e+03 0.000000000000000000e+00 -3.427263159799286285e+01
2.075088499274508613e-01 3.724721518697474494e+03 0.000000000000000000e+00 1.178472325906249353e+03 0.000000000000000000e+00 5.607019853900936823e+01
2.125178062418619784e-01 3.648496770815151194e+03 0.000000000000000000e+00 1.154793943096526391e+03 0.000000000000000000e+00 1.475032619130738283e+02
2.175004174234404231e-01 3.539045871559633269e+03 0.000000000000000000e+00 1.129404006396767954e+03 0.000000000000000000e+00 7.908806076929550954e+01
2.225093171556767890e-01 3.441652292114024476e+03 0.000000000000000000e+00 1.158521620929453775e+03 0.000000000000000000e+00 7.106331140048462203e+01
2.275289586476768322e-01 3.341658962191948831e+03 0.000000000000000000e+00 1.008270855655900846e+03 0.000000000000000000e+00 3.140406398285626821e+01
2.325285406108919262e-01 3.254864751787241403e+03 0.000000000000000000e+00 1.005446892110672593e+03 0.000000000000000000e+00 1.143839794080730599e+02
2.375276552426477672e-01 3.169126384250307638e+03 0.000000000000000000e+00 9.451437510986113466e+02 0.000000000000000000e+00 1.065734663385480729e+02
2.424991024241769377e-01 3.111549035166207887e+03 0.000000000000000000e+00 9.312130737933247246e+02 0.000000000000000000e+00 7.735220231965290338e+01
2.474998551644826128e-01 3.032383221261607559e+03 0.000000000000000000e+00 8.260224783861671085e+02 0.000000000000000000e+00 1.200932196605827755e+02
2.525200307756395035e-01 2.990822641509434106e+03 0.000000000000000000e+00 8.603648623569440588e+02 0.000000000000000000e+00 4.246693473553975196e+01
2.575182250600202005e-01 2.917045227628343582e+03 0.000000000000000000e+00 7.709983458758662209e+02 0.000000000000000000e+00 8.901345652335891145e+01
2.625255687975799335e-01 2.842371883379928022e+03 0.000000000000000000e+00 7.265784218634107674e+02 0.000000000000000000e+00 7.669042049409482331e+01
2.675305520911575030e-01 2.780600323110699719e+03 0.000000000000000000e+00 7.719182557545462942e+02 0.000000000000000000e+00 -1.402896518275085924e+01
2.725404586615198799e-01 2.720167980113185422e+03 0.000000000000000000e+00 7.088669275929549940e+02 0.000000000000000000e+00 9.774847278785634330e+01
2.775333197047151201e-01 2.660251970946312667e+03 0.000000000000000000e+00 6.711310259260216071e+02 0.000000000000000000e+00 -7.157574734406906281e+00
2.825123907298719983e-01 2.627029061940344491e+03 0.000000000000000000e+00 6.278310381028840084e+02 0.000000000000000000e+00 6.099258321496943580e+01
2.875104651677040102e-01 2.584427312775330392e+03 0.000000000000000000e+00 6.076995786247845217e+02 0.000000000000000000e+00 4.221106169795058349e+01
2.924971317655564174e-01 2.532243535354702999e+03 0.000000000000000000e+00 6.038163428082626751e+02 0.000000000000000000e+00 3.307405587857910234e+01
2.975058823671092867e-01 2.479782612556611184e+03 0.000000000000000000e+00 5.901823994316667950e+02 0.000000000000000000e+00 -1.321934802637421136e+01
3.025121359101998753e-01 2.432028014353032631e+03 0.000000000000000000e+00 5.397729886299771351e+02 0.000000000000000000e+00 -7.350265201461242404e-01
3.075010376196579687e-01 2.373900193342739385e+03 0.000000000000000000e+00 5.237269791503371152e+02 0.000000000000000000e+00 4.716348434968908521e+01
3.125134169243361515e-01 2.354580012065152005e+03 0.000000000000000000e+00 4.697630404182585835e+02 0.000000000000000000e+00 -2.747464118741202554e+00
3.175159688234982513e-01 2.318887288660097511e+03 0.000000000000000000e+00 4.988920435008989216e+02 0.000000000000000000e+00 2.059110702321423148e+01
3.225221380836135188e-01 2.277669020200113209e+03 0.000000000000000000e+00 4.484713233905984566e+02 0.000000000000000000e+00 1.244030229375118068e+01
3.275181733526948968e-01 2.232599333580155417e+03 0.000000000000000000e+00 4.294190299888929871e+02 0.000000000000000000e+00 -1.569209436319881590e+01
3.325123842131759710e-01 2.206123842479340510e+03 0.000000000000000000e+00 4.399529252693098442e+02 0.000000000000000000e+00 4.152432906055134509e+01
3.374959366892091861e-01 2.173097291805346231e+03 0.000000000000000000e+00 4.101285779350453709e+02 0.000000000000000000e+00 -8.215684997197211459e+00
3.424919221947719805e-01 2.139961763161623367e+03 0.000000000000000000e+00 3.989692721832834650e+02 0.000000000000000000e+00 -4.180137866804456870e+00
3.475179778446125245e-01 2.105246773613879213e+03 0.000000000000000000e+00 3.576536413238801515e+02 0.000000000000000000e+00 1.355173550985068687e+01
3.525052850529177828e-01 2.071208941401884204e+03 0.000000000000000000e+00 3.429010378412901332e+02 0.000000000000000000e+00 -2.386250399169727032e+01
3.575133254796376558e-01 2.049124541085758665e+03 0.000000000000000000e+00 3.158444405270136599e+02 0.000000000000000000e+00 3.134253972147067202e+01
3.625250227669692404e-01 2.031600060231892712e+03 0.000000000000000000e+00 3.362100286101490383e+02 0.000000000000000000e+00 7.643088390302664514e+00
3.675230446100045678e-01 2.005697497247920410e+03 0.000000000000000000e+00 3.141755061274777745e+02 0.000000000000000000e+00 5.105680766062302922e+00
3.725177060730277545e-01 1.990223797815770013e+03 0.000000000000000000e+00 2.995831093830407781e+02 0.000000000000000000e+00 1.641132104465664199e+01
3.775163034622419089e-01 1.959857620620461830e+03 0.000000000000000000e+00 2.974427151929720594e+02 0.000000000000000000e+00 1.451642348349549394e+01
3.825226892977953153e-01 1.942660324324324392e+03 0.000000000000000000e+00 2.860409189189189192e+02 0.000000000000000000e+00 5.226342567567567698e+01
3.875130067694269043e-01 1.907174499473129799e+03 0.000000000000000000e+00 2.702103793466807247e+02 0.000000000000000000e+00 3.183069349315068663e+01
3.924957861003909865e-01 1.894825321018247450e+03 0.000000000000000000e+00 2.618022849419110116e+02 0.000000000000000000e+00 5.842351237408683318e+01
3.975064703251052212e-01 1.873266042996096985e+03 0.000000000000000000e+00 2.542367139582430013e+02 0.000000000000000000e+00 5.321817111703116865e+01
