3.798113400606732779e-03 2.684208388157894660e+04 0.000000000000000000e+00 4.461492763157894660e+04 0.000000000000000000e+00 9.820649342105262622e+04
8.299341265228576958e-03 2.932478125000000000e+04 0.000000000000000000e+00 5.241897460937500000e+03 0.000000000000000000e+00 -5.544804687500000000e+03
1.293222767532251419e-02 3.450111464968152723e+04 0.000000000000000000e+00 1.347322611464968213e+04 0.000000000000000000e+00 -2.015180732484076361e+04
1.764839556552980082e-02 3.556031506849314610e+04 0.000000000000000000e+00 1.731970205479452125e+04 0.000000000000000000e+00 9.658851883561643263e+03
2.256548662787912635e-02 3.662199243856332760e+04 0.000000000000000000e+00 2.017842155009451744e+04 0.000000000000000000e+00 -4.777924858223062074e+03
2.777643688250242340e-02 3.015218048780487879e+04 0.000000000000000000e+00 1.999338292682926840e+04 0.000000000000000000e+00 1.041265243902439124e+03
3.269804980233311648e-02 2.809624799999999959e+04 0.000000000000000000e+00 1.628360800000000017e+04 0.000000000000000000e+00 1.066635375000000067e+03
3.761648458559932462e-02 2.520727174645987907e+04 0.000000000000000000e+00 1.578137289278489516e+04 0.000000000000000000e+00 2.946327376938637826e+03
4.263843696389812976e-02 2.213209375000000000e+04 0.000000000000000000e+00 1.286796651785714130e+04 0.000000000000000000e+00 -7.435765206473213311e+02
4.756514582339458480e-02 1.951813344962930569e+04 0.000000000000000000e+00 1.159099781945050199e+04 0.000000000000000000e+00 -2.836763410379415745e+03
5.262096060748640974e-02 1.816385393258426848e+04 0.000000000000000000e+00 9.049136235955056691e+03 0.000000000000000000e+00 3.000466994382022108e+02
5.756031740041873956e-02 1.680387995049505116e+04 0.000000000000000000e+00 8.364696163366335895e+03 0.000000000000000000e+00 -1.669873143564356496e+03
6.254738279606215923e-02 1.618056021584498376e+04 0.000000000000000000e+00 9.000475840078488545e+03 0.000000000000000000e+00 7.674519867549668106e+02
6.757793472572401483e-02 1.508174340949033285e+04 0.000000000000000000e+00 7.625120386643233360e+03 0.000000000000000000e+00 -3.273750549209138399e+02
7.255917516659465827e-02 1.427893323414543374e+04 0.000000000000000000e+00 7.161559977682723002e+03 0.000000000000000000e+00 3.884689650362655584e+02
7.753384299139773339e-02 1.296410043521928492e+04 0.000000000000000000e+00 5.540547371945095620e+03 0.000000000000000000e+00 6.199283352862403973e+01
8.251793356505521260e-02 1.209294495412844117e+04 0.000000000000000000e+00 6.146618692660550550e+03 0.000000000000000000e+00 1.183673218893348746e+02
8.752751931716111489e-02 1.105786808345212012e+04 0.000000000000000000e+00 5.124818971102760770e+03 0.000000000000000000e+00 8.178471556304264141e+02
9.254701955136974967e-02 1.009458158614402964e+04 0.000000000000000000e+00 4.740345031905196265e+03 0.000000000000000000e+00 6.494910551504101477e+02
9.754963178921903511e-02 9.506814613210510288e+03 0.000000000000000000e+00 4.412061551345127555e+03 0.000000000000000000e+00 6.997164241599497245e+02
1.025319613041059119e-01 8.854052532833020450e+03 0.000000000000000000e+00 4.340168105065666168e+03 0.000000000000000000e+00 2.310675656660412756e+02
1.075116003998943526e-01 8.282882839421088647e+03 0.000000000000000000e+00 3.926903170227429200e+03 0.000000000000000000e+00 3.935405754651964116e+02
1.125102861506304813e-01 7.841327046455901836e+03 0.000000000000000000e+00 3.475250521759295225e+03 0.000000000000000000e+00 -3.001685330834041920e+01
1.175500852175193622e-01 7.562468496657659671e+03 0.000000000000000000e+00 3.421652965438771389e+03 0.000000000000000000e+00 3.302003271227421806e+02
1.225369446564099490e-01 7.251018867924528422e+03 0.000000000000000000e+00 3.195504534922211406e+03 0.000000000000000000e+00 1.011407894736842223e+02
1.275260957852891452e-01 6.961467863206403308e+03 0.000000000000000000e+00 3.147924326946398196e+03 0.000000000000000000e+00 3.937417838952218858e+02
1.325302087090364789e-01 6.653932775938499617e+03 0.000000000000000000e+00 2.757992031872509870e+03 0.000000000000000000e+00 8.502544049155490313e+01
1.375062694904859717e-01 6.348251742344245031e+03 0.000000000000000000e+00 2.685793241816261798e+03 0.000000000000000000e+00 7.312031151003167224e+02
1.425134422753508989e-01 6.093871760414666824e+03 0.000000000000000000e+00 2.536724323286619438e+03 0.000000000000000000e+00 1.222654180264926111e+02
1.475259222195813014e-01 5.760966604401111908e+03 0.000000000000000000e+00 2.346402842954120842e+03 0.000000000000000000e+00 3.150944006560663411e+02
1.525299430011916868e-01 5.438735204599255667e+03 0.000000000000000000e+00 2.189427629354075179e+03 0.000000000000000000e+00 2.191137132228610085e+02
1.574945685492469272e-01 5.219610951591377670e+03 0.000000000000000000e+00 2.017161645165203936e+03 0.000000000000000000e+00 9.856240142354511136e+01
1.625189323163163113e-01 5.024562919708029767e+03 0.000000000000000000e+00 2.143920875912408974e+03 0.000000000000000000e+00 2.446745985401460075e+02
1.675461007718098694e-01 4.821342255125284282e+03 0.000000000000000000e+00 1.859428530751708422e+03 0.000000000000000000e+00 7.989647992596810866e+01
1.725292014006662711e-01 4.607248969904737351e+03 0.000000000000000000e+00 1.717881135247387874e+03 0.000000000000000000e+00 2.706521079869466462e+02
1.775301965061671094e-01 4.459772337203432471e+03 0.000000000000000000e+00 1.616703558808682374e+03 0.000000000000000000e+00 1.675788585310449150e+02
1.825147654490652804e-01 4.332002481609501046e+03 0.000000000000000000e+00 1.562190788501875886e+03 0.000000000000000000e+00 1.258235989246358884e+02
1.875360723572403465e-01 4.206503240223463763e+03 0.000000000000000000e+00 1.442397094972066952e+03 0.000000000000000000e+00 1.383337150837988929e+02
1.925323683450522461e-01 4.113892685016600808e+03 0.000000000000000000e+00 1.419578130020349136e+03 0.000000000000000000e+00 -5.062970908750133958e+01
1.975198663583639380e-01 4.015446363981282047e+03 0.000000000000000000e+00 1.354105374984191030e+03 0.000000000000000000e+00 2.845175414189957905e+02
2.025153694923672032e-01 3.865378751326836209e+03 0.000000000000000000e+00 1.323132104602914296e+03 0.000000000000000000e+00 2.062374071214899232e+02
2.075088499274508613e-01 3.746106024868900477e+03 0.000000000000000000e+00 1.327923240742861026e+03 0.000000000000000000e+00 1.789569374155579453e+02
2.125178062418619784e-01 3.629446674812358197e+03 0.000000000000000000e+00 1.263070256589282735e+03 0.000000000000000000e+00 1.671515425903299104e+02
2.175004174234404231e-01 3.535049911623601020e+03 0.000000000000000000e+00 1.146318407541452871e+03 0.000000000000000000e+00 7.547862132817103031e+01
2.225093171556767890e-01 3.432148933236146149e+03 0.000000000000000000e+00 1.107269990740923276e+03 0.000000000000000000e+00 8.127456610389866398e+01
2.275289586476768322e-01 3.328203275677330566e+03 0.000000000000000000e+00 1.052233966018674437e+03 0.000000000000000000e+00 3.524116983009337645e+01
2.325285406108919262e-01 3.280916231604606310e+03 0.000000000000000000e+00 1.039476397504229453e+03 0.000000000000000000e+00 6.431970239935968436e+01
2.375276552426477672e-01 3.186440639831253520e+03 0.000000000000000000e+00 9.308365617859026315e+02 0.000000000000000000e+00 1.229091580242573372e+02
2.424991024241769377e-01 3.107668495602113580e+03 0.000000000000000000e+00 9.054366991373052542e+02 0.000000000000000000e+00 3.422863522023196481e+01
2.474998551644826128e-01 3.014389753442203073e+03 0.000000000000000000e+00 9.005082933077169400e+02 0.000000000000000000e+00 1.196951488952929878e+02
2.525200307756395035e-01 2.990259696875966711e+03 0.000000000000000000e+00 8.659055985153108850e+02 0.000000000000000000e+00 2.475657864212805492e+01
2.575182250600202005e-01 2.922642664481037173e+03 0.000000000000000000e+00 7.890316965948885581e+02 0.000000000000000000e+00 5.699055957082184420e+01
2.625255687975799335e-01 2.849789924117076680e+03 0.000000000000000000e+00 7.514360130085011633e+02 0.000000000000000000e+00 6.350657556912192803e+01
2.675305520911575030e-01 2.805592190110603042e+03 0.000000000000000000e+00 6.663499261263997369e+02 0.000000000000000000e+00 -1.040697039705334032e-01
2.725404586615198799e-01 2.725318030359126169e+03 0.000000000000000000e+00 7.039867244935737745e+02 0.000000000000000000e+00 7.073212302321890377e+01
2.775333197047151201e-01 2.681159459249877273e+03 0.000000000000000000e+00 6.538578333807222407e+02 0.000000000000000000e+00 1.625990804404580459e+01
2.825123907298719983e-01 2.620178101648860775e+03 0.000000000000000000e+00 6.421957636015562230e+02 0.000000000000000000e+00 5.392231211017106673e+00
2.875104651677040102e-01 2.580769201302432521e+03 0.000000000000000000e+00 6.347590978739705179e+02 0.000000000000000000e+00 -1.623791389341122482e+01
2.924971317655564174e-01 2.520877134171010766e+03 0.000000000000000000e+00 6.012680761539261312e+02 0.000000000000000000e+00 -6.977752314788056687e+00
2.975058823671092867e-01 2.470928514341532718e+03 0.000000000000000000e+00 5.357652073528105348e+02 0.000000000000000000e+00 4.257336160198916275e+01
3.025121359101998753e-01 2.443897107777441306e+03 0.000000000000000000e+00 5.526787860447019511e+02 0.000000000000000000e+00 -1.964738878561238167e+01
3.075010376196579687e-01 2.387153848565606040e+03 0.000000000000000000e+00 5.454764696660919299e+02 0.000000000000000000e+00 6.334802215603281894e+01
3.125134169243361515e-01 2.354879066961592798e+03 0.000000000000000000e+00 4.606864267042026881e+02 0.000000000000000000e+00 -4.487253669817012280e+01
3.175159688234982513e-01 2.318355532414457230e+03 0.000000000000000000e+00 4.605674764959574077e+02 0.000000000000000000e+00 -1.323257336110265214e+01
3.225221380836135188e-01 2.269602114404379790e+03 0.000000000000000000e+00 4.549996601850104412e+02 0.000000000000000000e+00 -1.694328275438927989e+01
3.275181733526948968e-01 2.254699740836726960e+03 0.000000000000000000e+00 4.369025916327286154e+02 0.000000000000000000e+00 -3.964473805997778300e+01
3.325123842131759710e-01 2.198213864451106474e+03 0.000000000000000000e+00 4.345588300701851381e+02 0.000000000000000000e+00 -6.088156706725851741e+00
3.374959366892091861e-01 2.184912868303962568e+03 0.000000000000000000e+00 4.037809270223872886e+02 0.000000000000000000e+00 9.507703289773324684e+00
3.424919221947719805e-01 2.140663960863079410e+03 0.000000000000000000e+00 3.634190800823408836e+02 0.000000000000000000e+00 -2.054239138587703906e+01
3.475179778446125245e-01 2.112406312281504142e+03 0.000000000000000000e+00 3.993155814029470321e+02 0.000000000000000000e+00 2.353539427255202909e+01
3.525052850529177828e-01 2.079398626856139344e+03 0.000000000000000000e+00 3.410567779019639261e+02 0.000000000000000000e+00 -5.249971658949385045e+01
3.575133254796376558e-01 2.049359014646933247e+03 0.000000000000000000e+00 3.523042208613408661e+02 0.000000000000000000e+00 4.962056702255673635e+00
3.625250227669692404e-01 2.027343592832404738e+03 0.000000000000000000e+00 3.295790091853636454e+02 0.000000000000000000e+00 -2.347630957310645972e+00
3.675230446100045678e-01 1.999342941918363522e+03 0.000000000000000000e+00 3.183538554629690225e+02 0.000000000000000000e+00 1.462364856490898113e+01
3.725177060730277545e-01 1.982538738635714026e+03 0.000000000000000000e+00 3.165826519526559650e+02 0.000000000000000000e+00 9.332524193778947819e+00
3.775163034622419089e-01 1.957503423642093139e+03 0.000000000000000000e+00 3.168388854028037258e+02 0.000000000000000000e+00 4.544456061535915303e+00
3.825226892977953153e-01 1.935397621621621511e+03 0.000000000000000000e+00 2.814865405405405454e+02 0.000000000000000000e+00 5.752325675675675853e+01
3.875130067694269043e-01 1.905881770284510139e+03 0.000000000000000000e+00 2.801086406743941097e+02 0.000000000000000000e+00 1.968366866438356411e+01
3.924957861003909865e-01 1.888807595018183065e+03 0.000000000000000000e+00 2.615071605573971283e+02 0.000000000000000000e+00 7.068698870401956924e+01
3.975064703251052212e-01 1.886109460380397877e+03 0.000000000000000000e+00 2.694396877516882682e+02 0.000000000000000000e+00 4.499318815438944341e+01
