3.798113400606732779e-03 -3.951223273026315333e-04 -3.444784421052631456e+06 8.850097656250000000e-04 -4.769176842105262913e+06 -1.153644762541118250e-03
8.299341265228576958e-03 -6.103515625000000000e-05 -1.999758750000000000e+06 1.525878906250000000e-04 -1.143129375000000000e+05 -8.392333984375000000e-05
1.293222767532251419e-02 1.244028662420382228e-05 -1.625747159235668834e+06 -1.866042993630573512e-05 -1.954538598726114724e+05 7.775179140127388503e-06
1.764839556552980082e-02 -8.360980308219177618e-06 -1.082564383561643772e+06 -3.929660744863013142e-05 -2.906098356164383586e+05 8.381882758989724969e-05
2.256548662787912635e-02 4.684361708412098301e-05 -7.245049829867675435e+05 -8.572612683128544959e-05 -5.006144423440453829e+04 4.410338086306711211e-05
2.777643688250242340e-02 8.634241615853657735e-06 -5.254778536585365655e+05 -2.515839367378048643e-05 -4.655233170731707651e+04 1.871992902057926798e-05
3.269804980233311648e-02 1.782226562499999889e-05 -3.998958400000000256e+05 -6.311035156250000184e-05 -1.005366239999999962e+05 9.652709960937500781e-05
3.761648458559932462e-02 7.737430461901550620e-06 -2.950777397167902673e+05 -1.712112272420768583e-05 -5.277451112609574920e+04 6.338107931557653041e-06
4.263843696389812976e-02 1.062665666852678523e-05 -2.145081250000000000e+05 -3.583090645926339092e-05 -3.785577678571428260e+04 4.226820809500557842e-05
4.756514582339458480e-02 1.448021151330135190e-05 -1.650831713911905827e+05 -3.992705380505887742e-05 2.745778456170955337e+02 4.740672188453990370e-05
5.262096060748640974e-02 -3.921851683198735793e-06 -1.396383820224718947e+05 3.397866581263167112e-05 -2.513812078651685442e+04 -4.696846008300781250e-05
5.756031740041873956e-02 -1.366303698851330389e-05 -1.168286831683168275e+05 2.630158226088722160e-05 -1.519701856435643640e+04 -3.870997098412843999e-05
6.254738279606215923e-02 2.994120983566347661e-06 -1.018854491047338670e+05 -5.090005672062791193e-06 -1.052925288202109368e+04 6.991272496627421500e-06
6.757793472572401483e-02 -2.681685248242530462e-06 -8.216697363796133141e+04 6.489678300746924183e-06 -1.261520913884006950e+04 -1.702870132634007023e-06
7.255917516659465827e-02 1.543756974149153750e-06 -6.919700948484285618e+04 -8.944709526687745149e-06 -1.217231541751906298e+04 6.844745995676027968e-06
7.753384299139773339e-02 1.185148665048543798e-06 -5.863971074656846758e+04 -5.087965820639438224e-06 -7.530826247070639511e+03 6.901447614140442121e-06
8.251793356505521260e-02 -2.784466524736597098e-06 -5.051531651376147056e+04 1.007591912505823625e-05 -5.385596330275229775e+03 -6.589047405697883839e-06
8.752751931716111489e-02 -7.909181838797461181e-07 -4.284491071659971931e+04 2.293662733251263404e-06 -7.511518984061163792e+03 -4.361913784096799490e-06
9.254701955136974967e-02 9.041215032474930992e-07 -3.572287693710118765e+04 -2.941872275951458622e-06 -5.737702825888787629e+03 2.268997234111497197e-06
9.754963178921903511e-02 -1.239487104836177128e-06 -3.119910562127080630e+04 1.156428690594577688e-06 -6.782842667224955221e+03 3.151427909589919413e-06
1.025319613041059119e-01 5.260417430083255271e-07 -2.707298161350844384e+04 -8.117146160991733613e-06 -3.870015009380862921e+03 4.609574967432648569e-06
1.075116003998943526e-01 1.651019905453135783e-06 -2.311039421088904055e+04 -4.043421360807201741e-06 -3.329537215713301066e+03 3.321757405318530205e-06
1.125102861506304813e-01 2.028686495130246808e-07 -2.069895524464713890e+04 -2.847237906537450979e-06 -2.624514493313751245e+03 1.043240235431804236e-06
1.175500852175193622e-01 -3.819580251742284265e-07 -1.864548655952211629e+04 1.093788890271654212e-06 -3.098476745839852356e+03 -2.539152780987768737e-06
1.225369446564099490e-01 8.081450678583251070e-07 -1.600043323402846909e+04 -1.135443820340946744e-06 -2.865084938761999638e+03 1.433447314113704232e-06
1.275260957852891452e-01 -2.331563693760611238e-07 -1.385923453795779642e+04 2.307507877872604894e-06 -1.878814576764491903e+03 -1.784293882308467639e-06
1.325302087090364789e-01 1.822047198529824390e-06 -1.245738488300319841e+04 -5.548339213568261634e-07 -2.080546321755232384e+03 1.313449437286067029e-06
1.375062694904859717e-01 -2.171195170192053831e-07 -1.102760718057022132e+04 2.089624294131962762e-06 -2.111282365364308134e+03 -2.124921321365372664e-06
1.425134422753508989e-01 -4.306089445550969507e-07 -9.875233634094834997e+03 1.299150115035275511e-06 -1.552681320790938798e+03 -3.143518528065907562e-06
1.475259222195813014e-01 -2.780771618296961060e-08 -8.352773429313408997e+03 2.316382758041368552e-06 -1.432296232174586521e+03 -1.578783086288099706e-06
1.525299430011916868e-01 5.469839839786946244e-07 -7.741347987825498421e+03 -2.482068832959925434e-06 -1.564432532972607305e+03 1.528072002412178627e-06
1.574945685492469272e-01 1.036711514740971329e-07 -6.985532575726937466e+03 -6.810207307548428388e-06 -8.308822744368503663e+02 -2.017884912620819079e-07
1.625189323163163113e-01 -2.984930999087591365e-07 -6.232318832116789054e+03 -1.561519873403284865e-06 -1.181252992700729919e+03 2.959870944057938195e-06
1.675461007718098694e-01 -8.906753296732630021e-08 -5.593853644646924295e+03 -1.466355725681591544e-07 -7.456981064920272502e+02 2.414056000242472341e-07
1.725292014006662711e-01 -7.081904934568349172e-07 -4.915687114744371684e+03 2.011904810956917302e-06 -8.479792332794937693e+02 -2.490738155964663965e-06
1.775301965061671094e-01 -1.925642234035840327e-07 -4.311642099949520343e+03 -6.662722129764007924e-07 -7.776075214538111595e+02 -7.981787060078558953e-07
1.825147654490652804e-01 -7.212639221247304263e-09 -3.842141274483736652e+03 -6.779880867972465643e-07 -7.110207687080859387e+02 4.039077963898490520e-07
1.875360723572403465e-01 2.241933811976257107e-07 -3.374151284916201348e+03 -1.378831916681215006e-06 -4.917561452513966742e+02 7.975700847263443060e-07
1.925323683450522461e-01 3.627986689380957439e-07 -2.990570632965620462e+03 -3.677013536534754118e-07 -6.622154332226624547e+02 -1.180729902287271039e-07
1.975198663583639380e-01 -3.458169975970658694e-07 -2.692430504616162580e+03 1.284463133931958944e-06 -5.411919564942455736e+02 -4.693230681674465370e-07
2.025153694923672032e-01 4.211148964464923639e-07 -2.440865965454019261e+03 6.434517823325774946e-07 -4.502794075074785383e+02 -6.048005025013872140e-07
2.075088499274508613e-01 3.385872495720648665e-07 -2.098172891524880470e+03 5.316413830999965826e-07 -4.841167876525681777e+02 3.130927478208762177e-06
2.125178062418619784e-01 -3.622264465875371052e-07 -1.920744632571129387e+03 5.326859508640251430e-08 -5.278727090242625763e+02 -4.820807855319428070e-07
2.175004174234404231e-01 -3.140117772730620658e-07 -1.594713071290295375e+03 1.350122212099412974e-06 -4.201239373790085097e+02 -1.352610546735267911e-06
2.225093171556767890e-01 7.094175092590769110e-07 -1.459391580150115260e+03 -3.691375853263332170e-07 -3.601402651642008550e+02 1.910918265406759059e-06
2.275289586476768322e-01 6.496021288853226317e-08 -1.397602479718353152e+03 -6.227421756909631876e-07 -5.212023572631256911e+02 5.199736591212402215e-07
2.325285406108919262e-01 1.154686164116930152e-07 -1.149354410346897566e+03 -9.326311325559820612e-08 -2.039097556982518711e+02 4.030298822831208406e-07
2.375276552426477672e-01 -1.898966893346809616e-07 -1.089430690806820166e+03 3.116666002922306407e-07 -2.571535243452276518e+02 -2.611079478351863486e-07
2.424991024241769377e-01 -2.514236679722451940e-07 -9.294446676683605801e+02 6.161940715057484552e-07 -2.918236793679199081e+02 -1.053609428285330737e-06
2.474998551644826128e-01 -2.022778953530259379e-07 -7.380951649055394910e+02 -6.942920031320044387e-07 -9.508484630163304985e+01 1.022504989130543602e-06
2.525200307756395035e-01 4.763946863582102841e-07 -6.023502629137025224e+02 7.181318042966333915e-07 -1.698708165790287694e+02 -3.983942746304890820e-07
2.575182250600202005e-01 -2.901455158892779980e-07 -5.422204008643170710e+02 1.375689946026749057e-06 -8.514346173906564275e+01 -1.455161621421186993e-06
2.625255687975799335e-01 2.302704231774547879e-07 -4.158538255263308088e+02 -5.112525747106250627e-07 -1.317457208877731603e+02 5.042334620948661229e-07
2.675305520911575030e-01 5.646643195689095588e-08 -3.449153974675853647e+02 8.786008255978927849e-07 -2.199448088261691794e+02 8.458376533243982849e-07
2.725404586615198799e-01 8.272205420776696646e-08 -2.851945840165018353e+02 -6.637940447403739452e-08 -9.258853202517585146e+01 2.239043894074862950e-07
2.775333197047151201e-01 8.026374684567813298e-08 -2.674252591309742115e+02 -1.036329212958325734e-07 -1.751426965130405620e+02 -8.581269322619476488e-07
2.825123907298719983e-01 -2.374615478138701948e-08 -2.255453097017229709e+02 1.240076971916877585e-07 -1.899164824306799346e+02 -1.077057734727196999e-07
2.875104651677040102e-01 -2.808416513071460240e-08 -1.011250239417736054e+02 2.514103595563402176e-07 -1.345475962459298955e+02 -1.405561091319465604e-06
2.924971317655564174e-01 -5.190094304223404316e-08 -8.746894542764336222e+01 4.415989754430355252e-07 -1.827862881318706627e+02 -5.854344797640951507e-07
2.975058823671092867e-01 3.685632381671254827e-07 2.786854520024864357e+01 -9.742535597138352412e-07 -1.525773465944409963e+02 5.748638007073638524e-07
3.025121359101998753e-01 -3.585297590017184653e-07 -1.786663595391465975e+01 1.036174091907910327e-06 -1.229659439712939388e+02 -8.940567874830111065e-07
3.075010376196579687e-01 2.985259249098605025e-07 1.412376757067461028e+02 4.898886972879762065e-07 -1.343965093797355905e+02 6.506334260855934042e-07
3.125134169243361515e-01 -4.111557881309068950e-08 2.662710888799517406e+01 -7.394667532802132334e-08 -8.616440780213150674e+01 -1.706756769759828097e-07
3.175159688234982513e-01 9.234032539713726638e-08 1.287529545834111104e+02 -5.456473773467202645e-08 -1.342252998791641616e+01 -6.445834402722244383e-09
3.225221380836135188e-01 1.275406618354139099e-07 1.578555975080234077e+02 -2.174528675392616224e-07 -6.097105437039834186e+01 2.216451096494219932e-06
3.275181733526948968e-01 4.872530753945297982e-08 1.613488707885968267e+02 -5.263039378138305615e-07 -6.764379396519807131e+01 7.570606388457834304e-07
3.325123842131759710e-01 7.003865212779206351e-08 1.718402910591814532e+02 -2.782543350038250376e-07 -1.946251723493777774e+02 2.518541066339499382e-07
3.374959366892091861e-01 4.838035280651122869e-08 2.158896051571313706e+02 1.039108406272444263e-06 -7.802550537785096196e+01 -8.770609538473203125e-08
3.424919221947719805e-01 1.871916384001866816e-07 2.681114268807974099e+02 -8.505011396878047837e-07 -8.319678470526464764e+01 7.650440873746760536e-07
3.475179778446125245e-01 8.923851544377102670e-08 2.192568203352174123e+02 -9.048486342482928067e-08 -1.373730519162283201e+02 5.415381977698116020e-08
3.525052850529177828e-01 2.202450153680344914e-07 2.223392942679227247e+02 -7.825519793828835703e-07 -1.035916892862845344e+02 1.131679310159867534e-06
3.575133254796376558e-01 -1.511014360949942860e-07 2.215111250776034524e+02 2.458322125941780503e-07 -1.391015014830882137e+02 -2.922035124484080890e-07
3.625250227669692404e-01 1.362514969742884967e-07 2.464096371028459487e+02 2.415994082098893275e-07 -1.465683029664207027e+02 -4.115691297726716228e-08
3.675230446100045678e-01 1.957838050142525093e-08 2.678071575939169975e+02 -1.379385898964051675e-07 -1.290454111351690187e+02 1.595193047672943557e-07
3.725177060730277545e-01 -2.512740150952026970e-07 2.095546915203842673e+02 7.922111309251530432e-07 -1.732034993424438198e+02 -1.213400473936295842e-06
3.775163034622419089e-01 2.367400265521889866e-07 2.605342122864964267e+02 -4.717965684711179988e-07 -1.421027161583494944e+02 6.681855727198561195e-07
3.825226892977953153e-01 -1.653722814611486589e-07 2.926752432432432443e+02 3.177539722339526759e-07 -2.065465945945945805e+02 -6.397865914009712711e-07
3.875130067694269043e-01 -1.168728377218618409e-07 2.296492887249736725e+02 3.150943961108321530e-07 -1.970286090621707160e+02 -5.436772667067822813e-07
3.924957861003909865e-01 -3.339225875358028031e-08 2.239919415569787304e+02 1.966214765431403464e-07 -1.492911144723715324e+02 -1.527204775347568774e-08
3.975064703251052212e-01 -5.908396731344093118e-10 2.334520785577101947e+02 2.015117789192216480e-07 -1.834116597484666613e+02 -7.639261553791345551e-08
